injected_el measured_el potential
1 1 1.30526
1 2 1.30526
1 3 1.30526
1 4 1.30526
1 5 1.30526
1 6 1.11849
1 7 1.09727
1 8 1.08242
1 9 1.07563
2 1 1.30526
2 2 1.30526
2 3 1.30526
2 4 1.30526
2 5 1.30526
2 6 1.11849
2 7 1.09727
2 8 1.08242
2 9 1.07563
3 1 1.30526
3 2 1.30526
3 3 1.30526
3 4 1.30526
3 5 1.30526
3 6 1.11849
3 7 1.09727
3 8 1.08242
3 9 1.07563
4 1 1.30526
4 2 1.30526
4 3 1.30526
4 4 1.30526
4 5 1.30526
4 6 1.11849
4 7 1.09727
4 8 1.08242
4 9 1.07563
5 1 1.30526
5 2 1.30526
5 3 1.30526
5 4 1.30526
5 5 1.30526
5 6 1.11849
5 7 1.09727
5 8 1.08242
5 9 1.07563
6 1 1.11849
6 2 1.11849
6 3 1.11849
6 4 1.11849
6 5 1.11849
6 6 6.92114
6 7 2.14685
6 8 1.3959
6 9 1.20598
7 1 1.09727
7 2 1.09727
7 3 1.09727
7 4 1.09727
7 5 1.09727
7 6 2.14685
7 7 6.92827
7 8 2.00025
7 9 1.31412
8 1 1.08242
8 2 1.08242
8 3 1.08242
8 4 1.08242
8 5 1.08242
8 6 1.3959
8 7 2.00025
8 8 6.28533
8 9 1.54727
9 1 1.07563
9 2 1.07563
9 3 1.07563
9 4 1.07563
9 5 1.07563
9 6 1.20598
9 7 1.31412
9 8 1.54727
9 9 2.14938
