injected_el measured_el potential
1 1 1.30526
1 2 1.30526
1 3 1.30526
1 4 1.30526
1 5 1.30526
1 6 1.11849
1 7 1.09727
1 8 1.08242
1 9 1.07563
1 10 1.14701
1 11 1.14701
1 12 1.14701
1 13 1.14701
1 14 1.14701
1 15 1.10619
1 16 1.09168
1 17 1.07974
1 18 1.07393
1 19 1.11821
1 20 1.11821
1 21 1.11821
1 22 1.11821
1 23 1.11821
1 24 1.09502
1 25 1.0854
1 26 1.07627
1 27 1.07163
1 28 1.10063
1 29 1.10063
1 30 1.10063
1 31 1.10063
1 32 1.10063
1 33 1.08579
1 34 1.07872
1 35 1.07211
1 36 1.06878
1 37 1.1482
1 38 1.1482
1 39 1.1482
1 40 1.1482
1 41 1.1482
1 42 1.10786
1 43 1.09292
1 44 1.0808
1 45 1.07503
1 46 1.1295
1 47 1.1295
1 48 1.1295
1 49 1.1295
1 50 1.1295
1 51 1.10088
1 52 1.08877
1 53 1.07842
1 54 1.07339
1 55 1.11169
1 56 1.11169
1 57 1.11169
1 58 1.11169
1 59 1.11169
1 60 1.09227
1 61 1.08328
1 62 1.0752
1 63 1.0712
1 64 1.09761
1 65 1.09761
1 66 1.09761
1 67 1.09761
1 68 1.09761
1 69 1.08415
1 70 1.07761
1 71 1.07155
1 72 1.06852
2 1 1.30526
2 2 1.30526
2 3 1.30526
2 4 1.30526
2 5 1.30526
2 6 1.11849
2 7 1.09727
2 8 1.08242
2 9 1.07563
2 10 1.14701
2 11 1.14701
2 12 1.14701
2 13 1.14701
2 14 1.14701
2 15 1.10619
2 16 1.09168
2 17 1.07974
2 18 1.07393
2 19 1.11821
2 20 1.11821
2 21 1.11821
2 22 1.11821
2 23 1.11821
2 24 1.09502
2 25 1.0854
2 26 1.07627
2 27 1.07163
2 28 1.10063
2 29 1.10063
2 30 1.10063
2 31 1.10063
2 32 1.10063
2 33 1.08579
2 34 1.07872
2 35 1.07211
2 36 1.06878
2 37 1.1482
2 38 1.1482
2 39 1.1482
2 40 1.1482
2 41 1.1482
2 42 1.10786
2 43 1.09292
2 44 1.0808
2 45 1.07503
2 46 1.1295
2 47 1.1295
2 48 1.1295
2 49 1.1295
2 50 1.1295
2 51 1.10088
2 52 1.08877
2 53 1.07842
2 54 1.07339
2 55 1.11169
2 56 1.11169
2 57 1.11169
2 58 1.11169
2 59 1.11169
2 60 1.09227
2 61 1.08328
2 62 1.0752
2 63 1.0712
2 64 1.09761
2 65 1.09761
2 66 1.09761
2 67 1.09761
2 68 1.09761
2 69 1.08415
2 70 1.07761
2 71 1.07155
2 72 1.06852
3 1 1.30526
3 2 1.30526
3 3 1.30526
3 4 1.30526
3 5 1.30526
3 6 1.11849
3 7 1.09727
3 8 1.08242
3 9 1.07563
3 10 1.14701
3 11 1.14701
3 12 1.14701
3 13 1.14701
3 14 1.14701
3 15 1.10619
3 16 1.09168
3 17 1.07974
3 18 1.07393
3 19 1.11821
3 20 1.11821
3 21 1.11821
3 22 1.11821
3 23 1.11821
3 24 1.09502
3 25 1.0854
3 26 1.07627
3 27 1.07163
3 28 1.10063
3 29 1.10063
3 30 1.10063
3 31 1.10063
3 32 1.10063
3 33 1.08579
3 34 1.07872
3 35 1.07211
3 36 1.06878
3 37 1.1482
3 38 1.1482
3 39 1.1482
3 40 1.1482
3 41 1.1482
3 42 1.10786
3 43 1.09292
3 44 1.0808
3 45 1.07503
3 46 1.1295
3 47 1.1295
3 48 1.1295
3 49 1.1295
3 50 1.1295
3 51 1.10088
3 52 1.08877
3 53 1.07842
3 54 1.07339
3 55 1.11169
3 56 1.11169
3 57 1.11169
3 58 1.11169
3 59 1.11169
3 60 1.09227
3 61 1.08328
3 62 1.0752
3 63 1.0712
3 64 1.09761
3 65 1.09761
3 66 1.09761
3 67 1.09761
3 68 1.09761
3 69 1.08415
3 70 1.07761
3 71 1.07155
3 72 1.06852
4 1 1.30526
4 2 1.30526
4 3 1.30526
4 4 1.30526
4 5 1.30526
4 6 1.11849
4 7 1.09727
4 8 1.08242
4 9 1.07563
4 10 1.14701
4 11 1.14701
4 12 1.14701
4 13 1.14701
4 14 1.14701
4 15 1.10619
4 16 1.09168
4 17 1.07974
4 18 1.07393
4 19 1.11821
4 20 1.11821
4 21 1.11821
4 22 1.11821
4 23 1.11821
4 24 1.09502
4 25 1.0854
4 26 1.07627
4 27 1.07163
4 28 1.10063
4 29 1.10063
4 30 1.10063
4 31 1.10063
4 32 1.10063
4 33 1.08579
4 34 1.07872
4 35 1.07211
4 36 1.06878
4 37 1.1482
4 38 1.1482
4 39 1.1482
4 40 1.1482
4 41 1.1482
4 42 1.10786
4 43 1.09292
4 44 1.0808
4 45 1.07503
4 46 1.1295
4 47 1.1295
4 48 1.1295
4 49 1.1295
4 50 1.1295
4 51 1.10088
4 52 1.08877
4 53 1.07842
4 54 1.07339
4 55 1.11169
4 56 1.11169
4 57 1.11169
4 58 1.11169
4 59 1.11169
4 60 1.09227
4 61 1.08328
4 62 1.0752
4 63 1.0712
4 64 1.09761
4 65 1.09761
4 66 1.09761
4 67 1.09761
4 68 1.09761
4 69 1.08415
4 70 1.07761
4 71 1.07155
4 72 1.06852
5 1 1.30526
5 2 1.30526
5 3 1.30526
5 4 1.30526
5 5 1.30526
5 6 1.11849
5 7 1.09727
5 8 1.08242
5 9 1.07563
5 10 1.14701
5 11 1.14701
5 12 1.14701
5 13 1.14701
5 14 1.14701
5 15 1.10619
5 16 1.09168
5 17 1.07974
5 18 1.07393
5 19 1.11821
5 20 1.11821
5 21 1.11821
5 22 1.11821
5 23 1.11821
5 24 1.09502
5 25 1.0854
5 26 1.07627
5 27 1.07163
5 28 1.10063
5 29 1.10063
5 30 1.10063
5 31 1.10063
5 32 1.10063
5 33 1.08579
5 34 1.07872
5 35 1.07211
5 36 1.06878
5 37 1.1482
5 38 1.1482
5 39 1.1482
5 40 1.1482
5 41 1.1482
5 42 1.10786
5 43 1.09292
5 44 1.0808
5 45 1.07503
5 46 1.1295
5 47 1.1295
5 48 1.1295
5 49 1.1295
5 50 1.1295
5 51 1.10088
5 52 1.08877
5 53 1.07842
5 54 1.07339
5 55 1.11169
5 56 1.11169
5 57 1.11169
5 58 1.11169
5 59 1.11169
5 60 1.09227
5 61 1.08328
5 62 1.0752
5 63 1.0712
5 64 1.09761
5 65 1.09761
5 66 1.09761
5 67 1.09761
5 68 1.09761
5 69 1.08415
5 70 1.07761
5 71 1.07155
5 72 1.06852
6 1 1.11849
6 2 1.11849
6 3 1.11849
6 4 1.11849
6 5 1.11849
6 6 6.92114
6 7 2.14685
6 8 1.3959
6 9 1.20598
6 10 1.10666
6 11 1.10666
6 12 1.10666
6 13 1.10666
6 14 1.10666
6 15 1.44173
6 16 1.36341
6 17 1.24311
6 18 1.18035
6 19 1.09534
6 20 1.09534
6 21 1.09534
6 22 1.09534
6 23 1.09534
6 24 1.19486
6 25 1.19474
6 26 1.16903
6 27 1.15161
6 28 1.08579
6 29 1.08579
6 30 1.08579
6 31 1.08579
6 32 1.08579
6 33 1.12595
6 34 1.1325
6 35 1.13004
6 36 1.12707
6 37 1.10783
6 38 1.10783
6 39 1.10783
6 40 1.10783
6 41 1.10783
6 42 1.44794
6 43 1.36911
6 44 1.24529
6 45 1.18145
6 46 1.10089
6 47 1.10089
6 48 1.10089
6 49 1.10089
6 50 1.10089
6 51 1.2596
6 52 1.24669
6 53 1.19572
6 54 1.16466
6 55 1.09228
6 56 1.09228
6 57 1.09228
6 58 1.09228
6 59 1.09228
6 60 1.16011
6 61 1.16455
6 62 1.15204
6 63 1.14259
6 64 1.08415
6 65 1.08415
6 66 1.08415
6 67 1.08415
6 68 1.08415
6 69 1.11609
6 70 1.12279
6 71 1.12313
6 72 1.12206
7 1 1.09727
7 2 1.09727
7 3 1.09727
7 4 1.09727
7 5 1.09727
7 6 2.14685
7 7 6.92827
7 8 2.00025
7 9 1.31412
7 10 1.09177
7 11 1.09177
7 12 1.09177
7 13 1.09177
7 14 1.09177
7 15 1.36425
7 16 1.46387
7 17 1.34027
7 18 1.24998
7 19 1.08511
7 20 1.08511
7 21 1.08511
7 22 1.08511
7 23 1.08511
7 24 1.19569
7 25 1.22127
7 26 1.21056
7 27 1.19702
7 28 1.07866
7 29 1.07866
7 30 1.07866
7 31 1.07866
7 32 1.07866
7 33 1.13264
7 34 1.14947
7 35 1.15646
7 36 1.15794
7 37 1.0929
7 38 1.0929
7 39 1.0929
7 40 1.0929
7 41 1.0929
7 42 1.36908
7 43 1.47088
7 44 1.34323
7 45 1.2513
7 46 1.08878
7 47 1.08878
7 48 1.08878
7 49 1.08878
7 50 1.08878
7 51 1.24669
7 52 1.28626
7 53 1.25179
7 54 1.21945
7 55 1.08329
7 56 1.08329
7 57 1.08329
7 58 1.08329
7 59 1.08329
7 60 1.16457
7 61 1.1864
7 62 1.18673
7 63 1.18205
7 64 1.07762
7 65 1.07762
7 66 1.07762
7 67 1.07762
7 68 1.07762
7 69 1.12277
7 70 1.13838
7 71 1.14718
7 72 1.15021
8 1 1.08242
8 2 1.08242
8 3 1.08242
8 4 1.08242
8 5 1.08242
8 6 1.3959
8 7 2.00025
8 8 6.28533
8 9 1.54727
8 10 1.07969
8 11 1.07969
8 12 1.07969
8 13 1.07969
8 14 1.07969
8 15 1.24305
8 16 1.33855
8 17 1.399
8 18 1.33651
8 19 1.07607
8 20 1.07607
8 21 1.07607
8 22 1.07607
8 23 1.07607
8 24 1.17071
8 25 1.21023
8 26 1.23791
8 27 1.24489
8 28 1.07208
8 29 1.07208
8 30 1.07208
8 31 1.07208
8 32 1.07208
8 33 1.13038
8 34 1.1566
8 35 1.17837
8 36 1.18842
8 37 1.0808
8 38 1.0808
8 39 1.0808
8 40 1.0808
8 41 1.0808
8 42 1.24529
8 43 1.34328
8 44 1.40181
8 45 1.33802
8 46 1.07842
8 47 1.07842
8 48 1.07842
8 49 1.07842
8 50 1.07842
8 51 1.19572
8 52 1.25179
8 53 1.28367
8 54 1.28028
8 55 1.0752
8 56 1.0752
8 57 1.0752
8 58 1.0752
8 59 1.0752
8 60 1.15206
8 61 1.18673
8 62 1.21263
8 63 1.22244
8 64 1.07156
8 65 1.07156
8 66 1.07156
8 67 1.07156
8 68 1.07156
8 69 1.12309
8 70 1.14717
8 71 1.16794
8 72 1.17782
9 1 1.07563
9 2 1.07563
9 3 1.07563
9 4 1.07563
9 5 1.07563
9 6 1.20598
9 7 1.31412
9 8 1.54727
9 9 2.14938
9 10 1.07392
9 11 1.07392
9 12 1.07392
9 13 1.07392
9 14 1.07392
9 15 1.18057
9 16 1.24836
9 17 1.33563
9 18 1.39057
9 19 1.07161
9 20 1.07161
9 21 1.07161
9 22 1.07161
9 23 1.07161
9 24 1.15367
9 25 1.19649
9 26 1.2441
9 27 1.27064
9 28 1.06878
9 29 1.06878
9 30 1.06878
9 31 1.06878
9 32 1.06878
9 33 1.12749
9 34 1.1581
9 35 1.18841
9 36 1.20419
9 37 1.07504
9 38 1.07504
9 39 1.07504
9 40 1.07504
9 41 1.07504
9 42 1.18147
9 43 1.25138
9 44 1.33807
9 45 1.39214
9 46 1.07339
9 47 1.07339
9 48 1.07339
9 49 1.07339
9 50 1.07339
9 51 1.16467
9 52 1.21944
9 53 1.28028
9 54 1.31414
9 55 1.0712
9 56 1.0712
9 57 1.0712
9 58 1.0712
9 59 1.0712
9 60 1.14261
9 61 1.18204
9 62 1.22243
9 63 1.24373
9 64 1.06852
9 65 1.06852
9 66 1.06852
9 67 1.06852
9 68 1.06852
9 69 1.12201
9 70 1.15019
9 71 1.17782
9 72 1.19204
10 1 1.14701
10 2 1.14701
10 3 1.14701
10 4 1.14701
10 5 1.14701
10 6 1.10666
10 7 1.09177
10 8 1.07969
10 9 1.07392
10 10 1.30431
10 11 1.30431
10 12 1.30431
10 13 1.30431
10 14 1.30431
10 15 1.11703
10 16 1.09644
10 17 1.08169
10 18 1.07478
10 19 1.16173
10 20 1.16173
10 21 1.16173
10 22 1.16173
10 23 1.16173
10 24 1.10944
10 25 1.09368
10 26 1.08053
10 27 1.0741
10 28 1.12589
10 29 1.12589
10 30 1.12589
10 31 1.12589
10 32 1.12589
10 33 1.0988
10 34 1.08732
10 35 1.07729
10 36 1.07235
10 37 1.12949
10 38 1.12949
10 39 1.12949
10 40 1.12949
10 41 1.12949
10 42 1.10092
10 43 1.0888
10 44 1.07843
10 45 1.0734
10 46 1.14724
10 47 1.14724
10 48 1.14724
10 49 1.14724
10 50 1.14724
10 51 1.10687
10 52 1.09197
10 53 1.07988
10 54 1.07411
10 55 1.1353
10 56 1.1353
10 57 1.1353
10 58 1.1353
10 59 1.1353
10 60 1.10293
10 61 1.08981
10 62 1.07879
10 63 1.07345
10 64 1.11709
10 65 1.11709
10 66 1.11709
10 67 1.11709
10 68 1.11709
10 69 1.09506
10 70 1.08508
10 71 1.07624
10 72 1.07189
11 1 1.14701
11 2 1.14701
11 3 1.14701
11 4 1.14701
11 5 1.14701
11 6 1.10666
11 7 1.09177
11 8 1.07969
11 9 1.07392
11 10 1.30431
11 11 1.30431
11 12 1.30431
11 13 1.30431
11 14 1.30431
11 15 1.11703
11 16 1.09644
11 17 1.08169
11 18 1.07478
11 19 1.16173
11 20 1.16173
11 21 1.16173
11 22 1.16173
11 23 1.16173
11 24 1.10944
11 25 1.09368
11 26 1.08053
11 27 1.0741
11 28 1.12589
11 29 1.12589
11 30 1.12589
11 31 1.12589
11 32 1.12589
11 33 1.0988
11 34 1.08732
11 35 1.07729
11 36 1.07235
11 37 1.12949
11 38 1.12949
11 39 1.12949
11 40 1.12949
11 41 1.12949
11 42 1.10092
11 43 1.0888
11 44 1.07843
11 45 1.0734
11 46 1.14724
11 47 1.14724
11 48 1.14724
11 49 1.14724
11 50 1.14724
11 51 1.10687
11 52 1.09197
11 53 1.07988
11 54 1.07411
11 55 1.1353
11 56 1.1353
11 57 1.1353
11 58 1.1353
11 59 1.1353
11 60 1.10293
11 61 1.08981
11 62 1.07879
11 63 1.07345
11 64 1.11709
11 65 1.11709
11 66 1.11709
11 67 1.11709
11 68 1.11709
11 69 1.09506
11 70 1.08508
11 71 1.07624
11 72 1.07189
12 1 1.14701
12 2 1.14701
12 3 1.14701
12 4 1.14701
12 5 1.14701
12 6 1.10666
12 7 1.09177
12 8 1.07969
12 9 1.07392
12 10 1.30431
12 11 1.30431
12 12 1.30431
12 13 1.30431
12 14 1.30431
12 15 1.11703
12 16 1.09644
12 17 1.08169
12 18 1.07478
12 19 1.16173
12 20 1.16173
12 21 1.16173
12 22 1.16173
12 23 1.16173
12 24 1.10944
12 25 1.09368
12 26 1.08053
12 27 1.0741
12 28 1.12589
12 29 1.12589
12 30 1.12589
12 31 1.12589
12 32 1.12589
12 33 1.0988
12 34 1.08732
12 35 1.07729
12 36 1.07235
12 37 1.12949
12 38 1.12949
12 39 1.12949
12 40 1.12949
12 41 1.12949
12 42 1.10092
12 43 1.0888
12 44 1.07843
12 45 1.0734
12 46 1.14724
12 47 1.14724
12 48 1.14724
12 49 1.14724
12 50 1.14724
12 51 1.10687
12 52 1.09197
12 53 1.07988
12 54 1.07411
12 55 1.1353
12 56 1.1353
12 57 1.1353
12 58 1.1353
12 59 1.1353
12 60 1.10293
12 61 1.08981
12 62 1.07879
12 63 1.07345
12 64 1.11709
12 65 1.11709
12 66 1.11709
12 67 1.11709
12 68 1.11709
12 69 1.09506
12 70 1.08508
12 71 1.07624
12 72 1.07189
13 1 1.14701
13 2 1.14701
13 3 1.14701
13 4 1.14701
13 5 1.14701
13 6 1.10666
13 7 1.09177
13 8 1.07969
13 9 1.07392
13 10 1.30431
13 11 1.30431
13 12 1.30431
13 13 1.30431
13 14 1.30431
13 15 1.11703
13 16 1.09644
13 17 1.08169
13 18 1.07478
13 19 1.16173
13 20 1.16173
13 21 1.16173
13 22 1.16173
13 23 1.16173
13 24 1.10944
13 25 1.09368
13 26 1.08053
13 27 1.0741
13 28 1.12589
13 29 1.12589
13 30 1.12589
13 31 1.12589
13 32 1.12589
13 33 1.0988
13 34 1.08732
13 35 1.07729
13 36 1.07235
13 37 1.12949
13 38 1.12949
13 39 1.12949
13 40 1.12949
13 41 1.12949
13 42 1.10092
13 43 1.0888
13 44 1.07843
13 45 1.0734
13 46 1.14724
13 47 1.14724
13 48 1.14724
13 49 1.14724
13 50 1.14724
13 51 1.10687
13 52 1.09197
13 53 1.07988
13 54 1.07411
13 55 1.1353
13 56 1.1353
13 57 1.1353
13 58 1.1353
13 59 1.1353
13 60 1.10293
13 61 1.08981
13 62 1.07879
13 63 1.07345
13 64 1.11709
13 65 1.11709
13 66 1.11709
13 67 1.11709
13 68 1.11709
13 69 1.09506
13 70 1.08508
13 71 1.07624
13 72 1.07189
14 1 1.14701
14 2 1.14701
14 3 1.14701
14 4 1.14701
14 5 1.14701
14 6 1.10666
14 7 1.09177
14 8 1.07969
14 9 1.07392
14 10 1.30431
14 11 1.30431
14 12 1.30431
14 13 1.30431
14 14 1.30431
14 15 1.11703
14 16 1.09644
14 17 1.08169
14 18 1.07478
14 19 1.16173
14 20 1.16173
14 21 1.16173
14 22 1.16173
14 23 1.16173
14 24 1.10944
14 25 1.09368
14 26 1.08053
14 27 1.0741
14 28 1.12589
14 29 1.12589
14 30 1.12589
14 31 1.12589
14 32 1.12589
14 33 1.0988
14 34 1.08732
14 35 1.07729
14 36 1.07235
14 37 1.12949
14 38 1.12949
14 39 1.12949
14 40 1.12949
14 41 1.12949
14 42 1.10092
14 43 1.0888
14 44 1.07843
14 45 1.0734
14 46 1.14724
14 47 1.14724
14 48 1.14724
14 49 1.14724
14 50 1.14724
14 51 1.10687
14 52 1.09197
14 53 1.07988
14 54 1.07411
14 55 1.1353
14 56 1.1353
14 57 1.1353
14 58 1.1353
14 59 1.1353
14 60 1.10293
14 61 1.08981
14 62 1.07879
14 63 1.07345
14 64 1.11709
14 65 1.11709
14 66 1.11709
14 67 1.11709
14 68 1.11709
14 69 1.09506
14 70 1.08508
14 71 1.07624
14 72 1.07189
15 1 1.10619
15 2 1.10619
15 3 1.10619
15 4 1.10619
15 5 1.10619
15 6 1.44173
15 7 1.36425
15 8 1.24305
15 9 1.18057
15 10 1.11703
15 11 1.11703
15 12 1.11703
15 13 1.11703
15 14 1.11703
15 15 6.87873
15 16 2.1256
15 17 1.39246
15 18 1.20641
15 19 1.10973
15 20 1.10973
15 21 1.10973
15 22 1.10973
15 23 1.10973
15 24 1.66108
15 25 1.4835
15 26 1.28597
15 27 1.19165
15 28 1.09868
15 29 1.09868
15 30 1.09868
15 31 1.09868
15 32 1.09868
15 33 1.24402
15 34 1.23583
15 35 1.1909
15 36 1.16269
15 37 1.10045
15 38 1.10045
15 39 1.10045
15 40 1.10045
15 41 1.10045
15 42 1.25783
15 43 1.24529
15 44 1.19515
15 45 1.16461
15 46 1.10641
15 47 1.10641
15 48 1.10641
15 49 1.10641
15 50 1.10641
15 51 1.44179
15 52 1.3644
15 53 1.2433
15 54 1.18086
15 55 1.10257
15 56 1.10257
15 57 1.10257
15 58 1.10257
15 59 1.10257
15 60 1.30772
15 61 1.28211
15 62 1.21201
15 63 1.17137
15 64 1.09481
15 65 1.09481
15 66 1.09481
15 67 1.09481
15 68 1.09481
15 69 1.18423
15 70 1.18625
15 71 1.16533
15 72 1.15074
16 1 1.09168
16 2 1.09168
16 3 1.09168
16 4 1.09168
16 5 1.09168
16 6 1.36341
16 7 1.46387
16 8 1.33855
16 9 1.24836
16 10 1.09644
16 11 1.09644
16 12 1.09644
16 13 1.09644
16 14 1.09644
16 15 2.1256
16 16 6.88018
16 17 1.98591
16 18 1.31124
16 19 1.09354
16 20 1.09354
16 21 1.09354
16 22 1.09354
16 23 1.09354
16 24 1.4842
16 25 1.67872
16 26 1.42626
16 27 1.26917
16 28 1.0875
16 29 1.0875
16 30 1.0875
16 31 1.0875
16 32 1.0875
16 33 1.2355
16 34 1.27064
16 35 1.24109
16 36 1.21313
16 37 1.08865
16 38 1.08865
16 39 1.08865
16 40 1.08865
16 41 1.08865
16 42 1.24464
16 43 1.28387
16 44 1.24984
16 45 1.2179
16 46 1.09189
16 47 1.09189
16 48 1.09189
16 49 1.09189
16 50 1.09189
16 51 1.36358
16 52 1.46399
16 53 1.33879
16 54 1.24867
16 55 1.08982
16 56 1.08982
16 57 1.08982
16 58 1.08982
16 59 1.08982
16 60 1.28141
16 61 1.33286
16 62 1.27727
16 63 1.22965
16 64 1.08516
16 65 1.08516
16 66 1.08516
16 67 1.08516
16 68 1.08516
16 69 1.18567
16 70 1.21081
16 71 1.20403
16 72 1.19347
17 1 1.07974
17 2 1.07974
17 3 1.07974
17 4 1.07974
17 5 1.07974
17 6 1.24311
17 7 1.34027
17 8 1.399
17 9 1.33563
17 10 1.08169
17 11 1.08169
17 12 1.08169
17 13 1.08169
17 14 1.08169
17 15 1.39246
17 16 1.98591
17 17 6.27655
17 18 1.54443
17 19 1.08042
17 20 1.08042
17 21 1.08042
17 22 1.08042
17 23 1.08042
17 24 1.28655
17 25 1.42416
17 26 1.54952
17 27 1.37823
17 28 1.0774
17 29 1.0774
17 30 1.0774
17 31 1.0774
17 32 1.0774
17 33 1.19
17 34 1.24116
17 35 1.27106
17 36 1.26974
17 37 1.07846
17 38 1.07846
17 39 1.07846
17 40 1.07846
17 41 1.07846
17 42 1.19516
17 43 1.25106
17 44 1.28283
17 45 1.27942
17 46 1.07994
17 47 1.07994
17 48 1.07994
17 49 1.07994
17 50 1.07994
17 51 1.24337
17 52 1.34053
17 53 1.3993
17 54 1.33596
17 55 1.07887
17 56 1.07887
17 57 1.07887
17 58 1.07887
17 59 1.07887
17 60 1.21176
17 61 1.27851
17 62 1.31454
17 63 1.29914
17 64 1.07634
17 65 1.07634
17 66 1.07634
17 67 1.07634
17 68 1.07634
17 69 1.16469
17 70 1.2045
17 71 1.23181
17 72 1.23968
18 1 1.07393
18 2 1.07393
18 3 1.07393
18 4 1.07393
18 5 1.07393
18 6 1.18035
18 7 1.24998
18 8 1.33651
18 9 1.39057
18 10 1.07478
18 11 1.07478
18 12 1.07478
18 13 1.07478
18 14 1.07478
18 15 1.20641
18 16 1.31124
18 17 1.54443
18 18 2.14772
18 19 1.07409
18 20 1.07409
18 21 1.07409
18 22 1.07409
18 23 1.07409
18 24 1.19271
18 25 1.26822
18 26 1.37743
18 27 1.45713
18 28 1.07237
18 29 1.07237
18 30 1.07237
18 31 1.07237
18 32 1.07237
18 33 1.16155
18 34 1.21323
18 35 1.27011
18 36 1.30176
18 37 1.07341
18 38 1.07341
18 39 1.07341
18 40 1.07341
18 41 1.07341
18 42 1.1646
18 43 1.21942
18 44 1.28019
18 45 1.31398
18 46 1.07413
18 47 1.07413
18 48 1.07413
18 49 1.07413
18 50 1.07413
18 51 1.18063
18 52 1.25028
18 53 1.33684
18 54 1.39093
18 55 1.07347
18 56 1.07347
18 57 1.07347
18 58 1.07347
18 59 1.07347
18 60 1.17083
18 61 1.23082
18 62 1.29989
18 63 1.33955
18 64 1.0719
18 65 1.0719
18 66 1.0719
18 67 1.0719
18 68 1.0719
18 69 1.14992
18 70 1.19407
18 71 1.2402
18 72 1.26481
19 1 1.11821
19 2 1.11821
19 3 1.11821
19 4 1.11821
19 5 1.11821
19 6 1.09534
19 7 1.08511
19 8 1.07607
19 9 1.07161
19 10 1.16173
19 11 1.16173
19 12 1.16173
19 13 1.16173
19 14 1.16173
19 15 1.10973
19 16 1.09354
19 17 1.08042
19 18 1.07409
19 19 1.3043
19 20 1.3043
19 21 1.3043
19 22 1.3043
19 23 1.3043
19 24 1.11665
19 25 1.09666
19 26 1.08188
19 27 1.07483
19 28 1.16204
19 29 1.16204
19 30 1.16204
19 31 1.16204
19 32 1.16204
19 33 1.11024
19 34 1.0936
19 35 1.08054
19 36 1.07434
19 37 1.11168
19 38 1.11168
19 39 1.11168
19 40 1.11168
19 41 1.11168
19 42 1.09231
19 43 1.0833
19 44 1.07522
19 45 1.07121
19 46 1.1353
19 47 1.1353
19 48 1.1353
19 49 1.1353
19 50 1.1353
19 51 1.10294
19 52 1.08982
19 53 1.07879
19 54 1.07346
19 55 1.14724
19 56 1.14724
19 57 1.14724
19 58 1.14724
19 59 1.14724
19 60 1.10686
19 61 1.09198
19 62 1.0799
19 63 1.07413
19 64 1.13561
19 65 1.13561
19 66 1.13561
19 67 1.13561
19 68 1.13561
19 69 1.10326
19 70 1.09012
19 71 1.07908
19 72 1.07376
20 1 1.11821
20 2 1.11821
20 3 1.11821
20 4 1.11821
20 5 1.11821
20 6 1.09534
20 7 1.08511
20 8 1.07607
20 9 1.07161
20 10 1.16173
20 11 1.16173
20 12 1.16173
20 13 1.16173
20 14 1.16173
20 15 1.10973
20 16 1.09354
20 17 1.08042
20 18 1.07409
20 19 1.3043
20 20 1.3043
20 21 1.3043
20 22 1.3043
20 23 1.3043
20 24 1.11665
20 25 1.09666
20 26 1.08188
20 27 1.07483
20 28 1.16204
20 29 1.16204
20 30 1.16204
20 31 1.16204
20 32 1.16204
20 33 1.11024
20 34 1.0936
20 35 1.08054
20 36 1.07434
20 37 1.11168
20 38 1.11168
20 39 1.11168
20 40 1.11168
20 41 1.11168
20 42 1.09231
20 43 1.0833
20 44 1.07522
20 45 1.07121
20 46 1.1353
20 47 1.1353
20 48 1.1353
20 49 1.1353
20 50 1.1353
20 51 1.10294
20 52 1.08982
20 53 1.07879
20 54 1.07346
20 55 1.14724
20 56 1.14724
20 57 1.14724
20 58 1.14724
20 59 1.14724
20 60 1.10686
20 61 1.09198
20 62 1.0799
20 63 1.07413
20 64 1.13561
20 65 1.13561
20 66 1.13561
20 67 1.13561
20 68 1.13561
20 69 1.10326
20 70 1.09012
20 71 1.07908
20 72 1.07376
21 1 1.11821
21 2 1.11821
21 3 1.11821
21 4 1.11821
21 5 1.11821
21 6 1.09534
21 7 1.08511
21 8 1.07607
21 9 1.07161
21 10 1.16173
21 11 1.16173
21 12 1.16173
21 13 1.16173
21 14 1.16173
21 15 1.10973
21 16 1.09354
21 17 1.08042
21 18 1.07409
21 19 1.3043
21 20 1.3043
21 21 1.3043
21 22 1.3043
21 23 1.3043
21 24 1.11665
21 25 1.09666
21 26 1.08188
21 27 1.07483
21 28 1.16204
21 29 1.16204
21 30 1.16204
21 31 1.16204
21 32 1.16204
21 33 1.11024
21 34 1.0936
21 35 1.08054
21 36 1.07434
21 37 1.11168
21 38 1.11168
21 39 1.11168
21 40 1.11168
21 41 1.11168
21 42 1.09231
21 43 1.0833
21 44 1.07522
21 45 1.07121
21 46 1.1353
21 47 1.1353
21 48 1.1353
21 49 1.1353
21 50 1.1353
21 51 1.10294
21 52 1.08982
21 53 1.07879
21 54 1.07346
21 55 1.14724
21 56 1.14724
21 57 1.14724
21 58 1.14724
21 59 1.14724
21 60 1.10686
21 61 1.09198
21 62 1.0799
21 63 1.07413
21 64 1.13561
21 65 1.13561
21 66 1.13561
21 67 1.13561
21 68 1.13561
21 69 1.10326
21 70 1.09012
21 71 1.07908
21 72 1.07376
22 1 1.11821
22 2 1.11821
22 3 1.11821
22 4 1.11821
22 5 1.11821
22 6 1.09534
22 7 1.08511
22 8 1.07607
22 9 1.07161
22 10 1.16173
22 11 1.16173
22 12 1.16173
22 13 1.16173
22 14 1.16173
22 15 1.10973
22 16 1.09354
22 17 1.08042
22 18 1.07409
22 19 1.3043
22 20 1.3043
22 21 1.3043
22 22 1.3043
22 23 1.3043
22 24 1.11665
22 25 1.09666
22 26 1.08188
22 27 1.07483
22 28 1.16204
22 29 1.16204
22 30 1.16204
22 31 1.16204
22 32 1.16204
22 33 1.11024
22 34 1.0936
22 35 1.08054
22 36 1.07434
22 37 1.11168
22 38 1.11168
22 39 1.11168
22 40 1.11168
22 41 1.11168
22 42 1.09231
22 43 1.0833
22 44 1.07522
22 45 1.07121
22 46 1.1353
22 47 1.1353
22 48 1.1353
22 49 1.1353
22 50 1.1353
22 51 1.10294
22 52 1.08982
22 53 1.07879
22 54 1.07346
22 55 1.14724
22 56 1.14724
22 57 1.14724
22 58 1.14724
22 59 1.14724
22 60 1.10686
22 61 1.09198
22 62 1.0799
22 63 1.07413
22 64 1.13561
22 65 1.13561
22 66 1.13561
22 67 1.13561
22 68 1.13561
22 69 1.10326
22 70 1.09012
22 71 1.07908
22 72 1.07376
23 1 1.11821
23 2 1.11821
23 3 1.11821
23 4 1.11821
23 5 1.11821
23 6 1.09534
23 7 1.08511
23 8 1.07607
23 9 1.07161
23 10 1.16173
23 11 1.16173
23 12 1.16173
23 13 1.16173
23 14 1.16173
23 15 1.10973
23 16 1.09354
23 17 1.08042
23 18 1.07409
23 19 1.3043
23 20 1.3043
23 21 1.3043
23 22 1.3043
23 23 1.3043
23 24 1.11665
23 25 1.09666
23 26 1.08188
23 27 1.07483
23 28 1.16204
23 29 1.16204
23 30 1.16204
23 31 1.16204
23 32 1.16204
23 33 1.11024
23 34 1.0936
23 35 1.08054
23 36 1.07434
23 37 1.11168
23 38 1.11168
23 39 1.11168
23 40 1.11168
23 41 1.11168
23 42 1.09231
23 43 1.0833
23 44 1.07522
23 45 1.07121
23 46 1.1353
23 47 1.1353
23 48 1.1353
23 49 1.1353
23 50 1.1353
23 51 1.10294
23 52 1.08982
23 53 1.07879
23 54 1.07346
23 55 1.14724
23 56 1.14724
23 57 1.14724
23 58 1.14724
23 59 1.14724
23 60 1.10686
23 61 1.09198
23 62 1.0799
23 63 1.07413
23 64 1.13561
23 65 1.13561
23 66 1.13561
23 67 1.13561
23 68 1.13561
23 69 1.10326
23 70 1.09012
23 71 1.07908
23 72 1.07376
24 1 1.09502
24 2 1.09502
24 3 1.09502
24 4 1.09502
24 5 1.09502
24 6 1.19486
24 7 1.19569
24 8 1.17071
24 9 1.15367
24 10 1.10944
24 11 1.10944
24 12 1.10944
24 13 1.10944
24 14 1.10944
24 15 1.66108
24 16 1.4842
24 17 1.28655
24 18 1.19271
24 19 1.11665
24 20 1.11665
24 21 1.11665
24 22 1.11665
24 23 1.11665
24 24 6.77976
24 25 2.10614
24 26 1.3942
24 27 1.20812
24 28 1.10949
24 29 1.10949
24 30 1.10949
24 31 1.10949
24 32 1.10949
24 33 1.66233
24 34 1.4751
24 35 1.28064
24 36 1.19097
24 37 1.09185
24 38 1.09185
24 39 1.09185
24 40 1.09185
24 41 1.09185
24 42 1.15927
24 43 1.16432
24 44 1.15262
24 45 1.14359
24 46 1.10222
24 47 1.10222
24 48 1.10222
24 49 1.10222
24 50 1.10222
24 51 1.30477
24 52 1.2802
24 53 1.21155
24 54 1.17163
24 55 1.106
24 56 1.106
24 57 1.106
24 58 1.106
24 59 1.106
24 60 1.43568
24 61 1.3606
24 62 1.24233
24 63 1.18113
24 64 1.10241
24 65 1.10241
24 66 1.10241
24 67 1.10241
24 68 1.10241
24 69 1.30534
24 70 1.28001
24 71 1.21105
24 72 1.17119
25 1 1.0854
25 2 1.0854
25 3 1.0854
25 4 1.0854
25 5 1.0854
25 6 1.19474
25 7 1.22127
25 8 1.21023
25 9 1.19649
25 10 1.09368
25 11 1.09368
25 12 1.09368
25 13 1.09368
25 14 1.09368
25 15 1.4835
25 16 1.67872
25 17 1.42416
25 18 1.26822
25 19 1.09666
25 20 1.09666
25 21 1.09666
25 22 1.09666
25 23 1.09666
25 24 2.10614
25 25 6.77041
25 26 1.97003
25 27 1.30988
25 28 1.09363
25 29 1.09363
25 30 1.09363
25 31 1.09363
25 32 1.09363
25 33 1.47349
25 34 1.67929
25 35 1.42145
25 36 1.26675
25 37 1.08337
25 38 1.08337
25 39 1.08337
25 40 1.08337
25 41 1.08337
25 42 1.16336
25 43 1.18481
25 44 1.18524
25 45 1.18073
25 46 1.08981
25 47 1.08981
25 48 1.08981
25 49 1.08981
25 50 1.08981
25 51 1.27891
25 52 1.32944
25 53 1.27497
25 54 1.22828
25 55 1.09188
25 56 1.09188
25 57 1.09188
25 58 1.09188
25 59 1.09188
25 60 1.35908
25 61 1.45725
25 62 1.33502
25 63 1.24696
25 64 1.08995
25 65 1.08995
25 66 1.08995
25 67 1.08995
25 68 1.08995
25 69 1.27866
25 70 1.32983
25 71 1.27492
25 72 1.22799
26 1 1.07627
26 2 1.07627
26 3 1.07627
26 4 1.07627
26 5 1.07627
26 6 1.16903
26 7 1.21056
26 8 1.23791
26 9 1.2441
26 10 1.08053
26 11 1.08053
26 12 1.08053
26 13 1.08053
26 14 1.08053
26 15 1.28597
26 16 1.42626
26 17 1.54952
26 18 1.37743
26 19 1.08188
26 20 1.08188
26 21 1.08188
26 22 1.08188
26 23 1.08188
26 24 1.3942
26 25 1.97003
26 26 6.2645
26 27 1.54292
26 28 1.08069
26 29 1.08069
26 30 1.08069
26 31 1.08069
26 32 1.08069
26 33 1.28116
26 34 1.42675
26 35 1.55224
26 36 1.37772
26 37 1.07535
26 38 1.07535
26 39 1.07535
26 40 1.07535
26 41 1.07535
26 42 1.15173
26 43 1.18617
26 44 1.21179
26 45 1.22146
26 46 1.07893
26 47 1.07893
26 48 1.07893
26 49 1.07893
26 50 1.07893
26 51 1.21146
26 52 1.27792
26 53 1.31377
26 54 1.29843
26 55 1.08003
26 56 1.08003
26 57 1.08003
26 58 1.08003
26 59 1.08003
26 60 1.24293
26 61 1.33936
26 62 1.39809
26 63 1.33508
26 64 1.07918
26 65 1.07918
26 66 1.07918
26 67 1.07918
26 68 1.07918
26 69 1.21142
26 70 1.27823
26 71 1.31418
26 72 1.2987
27 1 1.07163
27 2 1.07163
27 3 1.07163
27 4 1.07163
27 5 1.07163
27 6 1.15161
27 7 1.19702
27 8 1.24489
27 9 1.27064
27 10 1.0741
27 11 1.0741
27 12 1.0741
27 13 1.0741
27 14 1.0741
27 15 1.19165
27 16 1.26917
27 17 1.37823
27 18 1.45713
27 19 1.07483
27 20 1.07483
27 21 1.07483
27 22 1.07483
27 23 1.07483
27 24 1.20812
27 25 1.30988
27 26 1.54292
27 27 2.14733
27 28 1.07436
27 29 1.07436
27 30 1.07436
27 31 1.07436
27 32 1.07436
27 33 1.19007
27 34 1.26967
27 35 1.37935
27 36 1.4577
27 37 1.07123
27 38 1.07123
27 39 1.07123
27 40 1.07123
27 41 1.07123
27 42 1.1425
27 43 1.18199
27 44 1.22232
27 45 1.24354
27 46 1.07348
27 47 1.07348
27 48 1.07348
27 49 1.07348
27 50 1.07348
27 51 1.17081
27 52 1.23081
27 53 1.29985
27 54 1.33948
27 55 1.07415
27 56 1.07415
27 57 1.07415
27 58 1.07415
27 59 1.07415
27 60 1.1807
27 61 1.25024
27 62 1.33672
27 63 1.39079
27 64 1.07377
27 65 1.07377
27 66 1.07377
27 67 1.07377
27 68 1.07377
27 69 1.17097
27 70 1.23108
27 71 1.30019
27 72 1.33981
28 1 1.10063
28 2 1.10063
28 3 1.10063
28 4 1.10063
28 5 1.10063
28 6 1.08579
28 7 1.07866
28 8 1.07208
28 9 1.06878
28 10 1.12589
28 11 1.12589
28 12 1.12589
28 13 1.12589
28 14 1.12589
28 15 1.09868
28 16 1.0875
28 17 1.0774
28 18 1.07237
28 19 1.16204
28 20 1.16204
28 21 1.16204
28 22 1.16204
28 23 1.16204
28 24 1.10949
28 25 1.09363
28 26 1.08069
28 27 1.07436
28 28 1.30492
28 29 1.30492
28 30 1.30492
28 31 1.30492
28 32 1.30492
28 33 1.11801
28 34 1.09692
28 35 1.08213
28 36 1.07533
28 37 1.0976
28 38 1.0976
28 39 1.0976
28 40 1.0976
28 41 1.0976
28 42 1.08416
28 43 1.07761
28 44 1.07156
28 45 1.06853
28 46 1.1171
28 47 1.1171
28 48 1.1171
28 49 1.1171
28 50 1.1171
28 51 1.09505
28 52 1.08508
28 53 1.07624
28 54 1.07188
28 55 1.13561
28 56 1.13561
28 57 1.13561
28 58 1.13561
28 59 1.13561
28 60 1.10323
28 61 1.0901
28 62 1.07907
28 63 1.07374
28 64 1.14785
28 65 1.14785
28 66 1.14785
28 67 1.14785
28 68 1.14785
28 69 1.1075
28 70 1.09257
28 71 1.08048
28 72 1.07471
29 1 1.10063
29 2 1.10063
29 3 1.10063
29 4 1.10063
29 5 1.10063
29 6 1.08579
29 7 1.07866
29 8 1.07208
29 9 1.06878
29 10 1.12589
29 11 1.12589
29 12 1.12589
29 13 1.12589
29 14 1.12589
29 15 1.09868
29 16 1.0875
29 17 1.0774
29 18 1.07237
29 19 1.16204
29 20 1.16204
29 21 1.16204
29 22 1.16204
29 23 1.16204
29 24 1.10949
29 25 1.09363
29 26 1.08069
29 27 1.07436
29 28 1.30492
29 29 1.30492
29 30 1.30492
29 31 1.30492
29 32 1.30492
29 33 1.11801
29 34 1.09692
29 35 1.08213
29 36 1.07533
29 37 1.0976
29 38 1.0976
29 39 1.0976
29 40 1.0976
29 41 1.0976
29 42 1.08416
29 43 1.07761
29 44 1.07156
29 45 1.06853
29 46 1.1171
29 47 1.1171
29 48 1.1171
29 49 1.1171
29 50 1.1171
29 51 1.09505
29 52 1.08508
29 53 1.07624
29 54 1.07188
29 55 1.13561
29 56 1.13561
29 57 1.13561
29 58 1.13561
29 59 1.13561
29 60 1.10323
29 61 1.0901
29 62 1.07907
29 63 1.07374
29 64 1.14785
29 65 1.14785
29 66 1.14785
29 67 1.14785
29 68 1.14785
29 69 1.1075
29 70 1.09257
29 71 1.08048
29 72 1.07471
30 1 1.10063
30 2 1.10063
30 3 1.10063
30 4 1.10063
30 5 1.10063
30 6 1.08579
30 7 1.07866
30 8 1.07208
30 9 1.06878
30 10 1.12589
30 11 1.12589
30 12 1.12589
30 13 1.12589
30 14 1.12589
30 15 1.09868
30 16 1.0875
30 17 1.0774
30 18 1.07237
30 19 1.16204
30 20 1.16204
30 21 1.16204
30 22 1.16204
30 23 1.16204
30 24 1.10949
30 25 1.09363
30 26 1.08069
30 27 1.07436
30 28 1.30492
30 29 1.30492
30 30 1.30492
30 31 1.30492
30 32 1.30492
30 33 1.11801
30 34 1.09692
30 35 1.08213
30 36 1.07533
30 37 1.0976
30 38 1.0976
30 39 1.0976
30 40 1.0976
30 41 1.0976
30 42 1.08416
30 43 1.07761
30 44 1.07156
30 45 1.06853
30 46 1.1171
30 47 1.1171
30 48 1.1171
30 49 1.1171
30 50 1.1171
30 51 1.09505
30 52 1.08508
30 53 1.07624
30 54 1.07188
30 55 1.13561
30 56 1.13561
30 57 1.13561
30 58 1.13561
30 59 1.13561
30 60 1.10323
30 61 1.0901
30 62 1.07907
30 63 1.07374
30 64 1.14785
30 65 1.14785
30 66 1.14785
30 67 1.14785
30 68 1.14785
30 69 1.1075
30 70 1.09257
30 71 1.08048
30 72 1.07471
31 1 1.10063
31 2 1.10063
31 3 1.10063
31 4 1.10063
31 5 1.10063
31 6 1.08579
31 7 1.07866
31 8 1.07208
31 9 1.06878
31 10 1.12589
31 11 1.12589
31 12 1.12589
31 13 1.12589
31 14 1.12589
31 15 1.09868
31 16 1.0875
31 17 1.0774
31 18 1.07237
31 19 1.16204
31 20 1.16204
31 21 1.16204
31 22 1.16204
31 23 1.16204
31 24 1.10949
31 25 1.09363
31 26 1.08069
31 27 1.07436
31 28 1.30492
31 29 1.30492
31 30 1.30492
31 31 1.30492
31 32 1.30492
31 33 1.11801
31 34 1.09692
31 35 1.08213
31 36 1.07533
31 37 1.0976
31 38 1.0976
31 39 1.0976
31 40 1.0976
31 41 1.0976
31 42 1.08416
31 43 1.07761
31 44 1.07156
31 45 1.06853
31 46 1.1171
31 47 1.1171
31 48 1.1171
31 49 1.1171
31 50 1.1171
31 51 1.09505
31 52 1.08508
31 53 1.07624
31 54 1.07188
31 55 1.13561
31 56 1.13561
31 57 1.13561
31 58 1.13561
31 59 1.13561
31 60 1.10323
31 61 1.0901
31 62 1.07907
31 63 1.07374
31 64 1.14785
31 65 1.14785
31 66 1.14785
31 67 1.14785
31 68 1.14785
31 69 1.1075
31 70 1.09257
31 71 1.08048
31 72 1.07471
32 1 1.10063
32 2 1.10063
32 3 1.10063
32 4 1.10063
32 5 1.10063
32 6 1.08579
32 7 1.07866
32 8 1.07208
32 9 1.06878
32 10 1.12589
32 11 1.12589
32 12 1.12589
32 13 1.12589
32 14 1.12589
32 15 1.09868
32 16 1.0875
32 17 1.0774
32 18 1.07237
32 19 1.16204
32 20 1.16204
32 21 1.16204
32 22 1.16204
32 23 1.16204
32 24 1.10949
32 25 1.09363
32 26 1.08069
32 27 1.07436
32 28 1.30492
32 29 1.30492
32 30 1.30492
32 31 1.30492
32 32 1.30492
32 33 1.11801
32 34 1.09692
32 35 1.08213
32 36 1.07533
32 37 1.0976
32 38 1.0976
32 39 1.0976
32 40 1.0976
32 41 1.0976
32 42 1.08416
32 43 1.07761
32 44 1.07156
32 45 1.06853
32 46 1.1171
32 47 1.1171
32 48 1.1171
32 49 1.1171
32 50 1.1171
32 51 1.09505
32 52 1.08508
32 53 1.07624
32 54 1.07188
32 55 1.13561
32 56 1.13561
32 57 1.13561
32 58 1.13561
32 59 1.13561
32 60 1.10323
32 61 1.0901
32 62 1.07907
32 63 1.07374
32 64 1.14785
32 65 1.14785
32 66 1.14785
32 67 1.14785
32 68 1.14785
32 69 1.1075
32 70 1.09257
32 71 1.08048
32 72 1.07471
33 1 1.08579
33 2 1.08579
33 3 1.08579
33 4 1.08579
33 5 1.08579
33 6 1.12595
33 7 1.13264
33 8 1.13038
33 9 1.12749
33 10 1.0988
33 11 1.0988
33 12 1.0988
33 13 1.0988
33 14 1.0988
33 15 1.24402
33 16 1.2355
33 17 1.19
33 18 1.16155
33 19 1.11024
33 20 1.11024
33 21 1.11024
33 22 1.11024
33 23 1.11024
33 24 1.66233
33 25 1.47349
33 26 1.28116
33 27 1.19007
33 28 1.11801
33 29 1.11801
33 30 1.11801
33 31 1.11801
33 32 1.11801
33 33 6.91552
33 34 2.14251
33 35 1.39446
33 36 1.20575
33 37 1.08414
33 38 1.08414
33 39 1.08414
33 40 1.08414
33 41 1.08414
33 42 1.11621
33 43 1.12299
33 44 1.12338
33 45 1.12233
33 46 1.09499
33 47 1.09499
33 48 1.09499
33 49 1.09499
33 50 1.09499
33 51 1.18465
33 52 1.18631
33 53 1.16498
33 54 1.15018
33 55 1.10315
33 56 1.10315
33 57 1.10315
33 58 1.10315
33 59 1.10315
33 60 1.31042
33 61 1.28375
33 62 1.21234
33 63 1.17112
33 64 1.10737
33 65 1.10737
33 66 1.10737
33 67 1.10737
33 68 1.10737
33 69 1.44651
33 70 1.36788
33 71 1.24464
33 72 1.18114
34 1 1.07872
34 2 1.07872
34 3 1.07872
34 4 1.07872
34 5 1.07872
34 6 1.1325
34 7 1.14947
34 8 1.1566
34 9 1.1581
34 10 1.08732
34 11 1.08732
34 12 1.08732
34 13 1.08732
34 14 1.08732
34 15 1.23583
34 16 1.27064
34 17 1.24116
34 18 1.21323
34 19 1.0936
34 20 1.0936
34 21 1.0936
34 22 1.0936
34 23 1.0936
34 24 1.4751
34 25 1.67929
34 26 1.42675
34 27 1.26967
34 28 1.09692
34 29 1.09692
34 30 1.09692
34 31 1.09692
34 32 1.09692
34 33 2.14251
34 34 6.92243
34 35 1.99761
34 36 1.31325
34 37 1.07765
34 38 1.07765
34 39 1.07765
34 40 1.07765
34 41 1.07765
34 42 1.12283
34 43 1.13845
34 44 1.14723
34 45 1.15025
34 46 1.08509
34 47 1.08509
34 48 1.08509
34 49 1.08509
34 50 1.08509
34 51 1.18617
34 52 1.21155
34 53 1.20468
34 54 1.194
34 55 1.09009
34 56 1.09009
34 57 1.09009
34 58 1.09009
34 59 1.09009
34 60 1.28362
34 61 1.33602
34 62 1.27934
34 63 1.23088
34 64 1.09252
34 65 1.09252
34 66 1.09252
34 67 1.09252
34 68 1.09252
34 69 1.36772
34 70 1.46936
34 71 1.34216
34 72 1.25058
35 1 1.07211
35 2 1.07211
35 3 1.07211
35 4 1.07211
35 5 1.07211
35 6 1.13004
35 7 1.15646
35 8 1.17837
35 9 1.18841
35 10 1.07729
35 11 1.07729
35 12 1.07729
35 13 1.07729
35 14 1.07729
35 15 1.1909
35 16 1.24109
35 17 1.27106
35 18 1.27011
35 19 1.08054
35 20 1.08054
35 21 1.08054
35 22 1.08054
35 23 1.08054
35 24 1.28064
35 25 1.42145
35 26 1.55224
35 27 1.37935
35 28 1.08213
35 29 1.08213
35 30 1.08213
35 31 1.08213
35 32 1.08213
35 33 1.39446
35 34 1.99761
35 35 6.28365
35 36 1.54643
35 37 1.07159
35 38 1.07159
35 39 1.07159
35 40 1.07159
35 41 1.07159
35 42 1.12308
35 43 1.14715
35 44 1.1679
35 45 1.17775
35 46 1.07626
35 47 1.07626
35 48 1.07626
35 49 1.07626
35 50 1.07626
35 51 1.16481
35 52 1.20475
35 53 1.23221
35 54 1.24015
35 55 1.07908
35 56 1.07908
35 57 1.07908
35 58 1.07908
35 59 1.07908
35 60 1.21227
35 61 1.27953
35 62 1.31566
35 63 1.30014
35 64 1.08048
35 65 1.08048
35 66 1.08048
35 67 1.08048
35 68 1.08048
35 69 1.24462
35 70 1.34244
35 71 1.40107
35 72 1.33739
36 1 1.06878
36 2 1.06878
36 3 1.06878
36 4 1.06878
36 5 1.06878
36 6 1.12707
36 7 1.15794
36 8 1.18842
36 9 1.20419
36 10 1.07235
36 11 1.07235
36 12 1.07235
36 13 1.07235
36 14 1.07235
36 15 1.16269
36 16 1.21313
36 17 1.26974
36 18 1.30176
36 19 1.07434
36 20 1.07434
36 21 1.07434
36 22 1.07434
36 23 1.07434
36 24 1.19097
36 25 1.26675
36 26 1.37772
36 27 1.4577
36 28 1.07533
36 29 1.07533
36 30 1.07533
36 31 1.07533
36 32 1.07533
36 33 1.20575
36 34 1.31325
36 35 1.54643
36 36 2.14879
36 37 1.06853
36 38 1.06853
36 39 1.06853
36 40 1.06853
36 41 1.06853
36 42 1.12196
36 43 1.15016
36 44 1.17779
36 45 1.192
36 46 1.07188
36 47 1.07188
36 48 1.07188
36 49 1.07188
36 50 1.07188
36 51 1.14997
36 52 1.19409
36 53 1.24025
36 54 1.26491
36 55 1.07375
36 56 1.07375
36 57 1.07375
36 58 1.07375
36 59 1.07375
36 60 1.17103
36 61 1.23111
36 62 1.30029
36 63 1.33999
36 64 1.07471
36 65 1.07471
36 66 1.07471
36 67 1.07471
36 68 1.07471
36 69 1.18113
36 70 1.25096
36 71 1.33761
36 72 1.39168
37 1 1.1482
37 2 1.1482
37 3 1.1482
37 4 1.1482
37 5 1.1482
37 6 1.10783
37 7 1.0929
37 8 1.0808
37 9 1.07504
37 10 1.12949
37 11 1.12949
37 12 1.12949
37 13 1.12949
37 14 1.12949
37 15 1.10045
37 16 1.08865
37 17 1.07846
37 18 1.07341
37 19 1.11168
37 20 1.11168
37 21 1.11168
37 22 1.11168
37 23 1.11168
37 24 1.09185
37 25 1.08337
37 26 1.07535
37 27 1.07123
37 28 1.0976
37 29 1.0976
37 30 1.0976
37 31 1.0976
37 32 1.0976
37 33 1.08414
37 34 1.07765
37 35 1.07159
37 36 1.06853
37 37 1.30636
37 38 1.30636
37 39 1.30636
37 40 1.30636
37 41 1.30636
37 42 1.11962
37 43 1.09835
37 44 1.08347
37 45 1.07666
37 46 1.14811
37 47 1.14811
37 48 1.14811
37 49 1.14811
37 50 1.14811
37 51 1.10771
37 52 1.09278
37 53 1.08068
37 54 1.07491
37 55 1.1193
37 56 1.1193
37 57 1.1193
37 58 1.1193
37 59 1.1193
37 60 1.09634
37 61 1.08606
37 62 1.07702
37 63 1.07257
37 64 1.1017
37 65 1.1017
37 66 1.1017
37 67 1.1017
37 68 1.1017
37 69 1.0868
37 70 1.07962
37 71 1.07304
37 72 1.06975
38 1 1.1482
38 2 1.1482
38 3 1.1482
38 4 1.1482
38 5 1.1482
38 6 1.10783
38 7 1.0929
38 8 1.0808
38 9 1.07504
38 10 1.12949
38 11 1.12949
38 12 1.12949
38 13 1.12949
38 14 1.12949
38 15 1.10045
38 16 1.08865
38 17 1.07846
38 18 1.07341
38 19 1.11168
38 20 1.11168
38 21 1.11168
38 22 1.11168
38 23 1.11168
38 24 1.09185
38 25 1.08337
38 26 1.07535
38 27 1.07123
38 28 1.0976
38 29 1.0976
38 30 1.0976
38 31 1.0976
38 32 1.0976
38 33 1.08414
38 34 1.07765
38 35 1.07159
38 36 1.06853
38 37 1.30636
38 38 1.30636
38 39 1.30636
38 40 1.30636
38 41 1.30636
38 42 1.11962
38 43 1.09835
38 44 1.08347
38 45 1.07666
38 46 1.14811
38 47 1.14811
38 48 1.14811
38 49 1.14811
38 50 1.14811
38 51 1.10771
38 52 1.09278
38 53 1.08068
38 54 1.07491
38 55 1.1193
38 56 1.1193
38 57 1.1193
38 58 1.1193
38 59 1.1193
38 60 1.09634
38 61 1.08606
38 62 1.07702
38 63 1.07257
38 64 1.1017
38 65 1.1017
38 66 1.1017
38 67 1.1017
38 68 1.1017
38 69 1.0868
38 70 1.07962
38 71 1.07304
38 72 1.06975
39 1 1.1482
39 2 1.1482
39 3 1.1482
39 4 1.1482
39 5 1.1482
39 6 1.10783
39 7 1.0929
39 8 1.0808
39 9 1.07504
39 10 1.12949
39 11 1.12949
39 12 1.12949
39 13 1.12949
39 14 1.12949
39 15 1.10045
39 16 1.08865
39 17 1.07846
39 18 1.07341
39 19 1.11168
39 20 1.11168
39 21 1.11168
39 22 1.11168
39 23 1.11168
39 24 1.09185
39 25 1.08337
39 26 1.07535
39 27 1.07123
39 28 1.0976
39 29 1.0976
39 30 1.0976
39 31 1.0976
39 32 1.0976
39 33 1.08414
39 34 1.07765
39 35 1.07159
39 36 1.06853
39 37 1.30636
39 38 1.30636
39 39 1.30636
39 40 1.30636
39 41 1.30636
39 42 1.11962
39 43 1.09835
39 44 1.08347
39 45 1.07666
39 46 1.14811
39 47 1.14811
39 48 1.14811
39 49 1.14811
39 50 1.14811
39 51 1.10771
39 52 1.09278
39 53 1.08068
39 54 1.07491
39 55 1.1193
39 56 1.1193
39 57 1.1193
39 58 1.1193
39 59 1.1193
39 60 1.09634
39 61 1.08606
39 62 1.07702
39 63 1.07257
39 64 1.1017
39 65 1.1017
39 66 1.1017
39 67 1.1017
39 68 1.1017
39 69 1.0868
39 70 1.07962
39 71 1.07304
39 72 1.06975
40 1 1.1482
40 2 1.1482
40 3 1.1482
40 4 1.1482
40 5 1.1482
40 6 1.10783
40 7 1.0929
40 8 1.0808
40 9 1.07504
40 10 1.12949
40 11 1.12949
40 12 1.12949
40 13 1.12949
40 14 1.12949
40 15 1.10045
40 16 1.08865
40 17 1.07846
40 18 1.07341
40 19 1.11168
40 20 1.11168
40 21 1.11168
40 22 1.11168
40 23 1.11168
40 24 1.09185
40 25 1.08337
40 26 1.07535
40 27 1.07123
40 28 1.0976
40 29 1.0976
40 30 1.0976
40 31 1.0976
40 32 1.0976
40 33 1.08414
40 34 1.07765
40 35 1.07159
40 36 1.06853
40 37 1.30636
40 38 1.30636
40 39 1.30636
40 40 1.30636
40 41 1.30636
40 42 1.11962
40 43 1.09835
40 44 1.08347
40 45 1.07666
40 46 1.14811
40 47 1.14811
40 48 1.14811
40 49 1.14811
40 50 1.14811
40 51 1.10771
40 52 1.09278
40 53 1.08068
40 54 1.07491
40 55 1.1193
40 56 1.1193
40 57 1.1193
40 58 1.1193
40 59 1.1193
40 60 1.09634
40 61 1.08606
40 62 1.07702
40 63 1.07257
40 64 1.1017
40 65 1.1017
40 66 1.1017
40 67 1.1017
40 68 1.1017
40 69 1.0868
40 70 1.07962
40 71 1.07304
40 72 1.06975
41 1 1.1482
41 2 1.1482
41 3 1.1482
41 4 1.1482
41 5 1.1482
41 6 1.10783
41 7 1.0929
41 8 1.0808
41 9 1.07504
41 10 1.12949
41 11 1.12949
41 12 1.12949
41 13 1.12949
41 14 1.12949
41 15 1.10045
41 16 1.08865
41 17 1.07846
41 18 1.07341
41 19 1.11168
41 20 1.11168
41 21 1.11168
41 22 1.11168
41 23 1.11168
41 24 1.09185
41 25 1.08337
41 26 1.07535
41 27 1.07123
41 28 1.0976
41 29 1.0976
41 30 1.0976
41 31 1.0976
41 32 1.0976
41 33 1.08414
41 34 1.07765
41 35 1.07159
41 36 1.06853
41 37 1.30636
41 38 1.30636
41 39 1.30636
41 40 1.30636
41 41 1.30636
41 42 1.11962
41 43 1.09835
41 44 1.08347
41 45 1.07666
41 46 1.14811
41 47 1.14811
41 48 1.14811
41 49 1.14811
41 50 1.14811
41 51 1.10771
41 52 1.09278
41 53 1.08068
41 54 1.07491
41 55 1.1193
41 56 1.1193
41 57 1.1193
41 58 1.1193
41 59 1.1193
41 60 1.09634
41 61 1.08606
41 62 1.07702
41 63 1.07257
41 64 1.1017
41 65 1.1017
41 66 1.1017
41 67 1.1017
41 68 1.1017
41 69 1.0868
41 70 1.07962
41 71 1.07304
41 72 1.06975
42 1 1.10786
42 2 1.10786
42 3 1.10786
42 4 1.10786
42 5 1.10786
42 6 1.44794
42 7 1.36908
42 8 1.24529
42 9 1.18147
42 10 1.10092
