injected_el measured_el potential
1 1 1.30523
1 2 1.30523
1 3 1.30523
1 4 1.30523
1 5 1.30523
1 6 1.1184
1 7 1.09724
1 8 1.08248
1 9 1.07572
1 10 1.14697
1 11 1.14697
1 12 1.14697
1 13 1.14697
1 14 1.14697
1 15 1.1055
1 16 1.09149
1 17 1.07991
1 18 1.07412
1 19 1.11817
1 20 1.11817
1 21 1.11817
1 22 1.11817
1 23 1.11817
1 24 1.09469
1 25 1.08581
1 26 1.0767
1 27 1.07187
1 28 1.1006
1 29 1.1006
1 30 1.1006
1 31 1.1006
1 32 1.1006
1 33 1.08585
1 34 1.0789
1 35 1.07231
1 36 1.06895
1 37 1.14817
1 38 1.14817
1 39 1.14817
1 40 1.14817
1 41 1.14817
1 42 1.10784
1 43 1.09293
1 44 1.08085
1 45 1.0751
1 46 1.12947
1 47 1.12947
1 48 1.12947
1 49 1.12947
1 50 1.12947
1 51 1.10082
1 52 1.08877
1 53 1.07849
1 54 1.07349
1 55 1.11166
1 56 1.11166
1 57 1.11166
1 58 1.11166
1 59 1.11166
1 60 1.09224
1 61 1.08332
1 62 1.0753
1 63 1.07131
1 64 1.09758
1 65 1.09758
1 66 1.09758
1 67 1.09758
1 68 1.09758
1 69 1.08417
1 70 1.07767
1 71 1.07165
1 72 1.06863
2 1 1.30523
2 2 1.30523
2 3 1.30523
2 4 1.30523
2 5 1.30523
2 6 1.1184
2 7 1.09724
2 8 1.08248
2 9 1.07572
2 10 1.14697
2 11 1.14697
2 12 1.14697
2 13 1.14697
2 14 1.14697
2 15 1.1055
2 16 1.09149
2 17 1.07991
2 18 1.07412
2 19 1.11817
2 20 1.11817
2 21 1.11817
2 22 1.11817
2 23 1.11817
2 24 1.09469
2 25 1.08581
2 26 1.0767
2 27 1.07187
2 28 1.1006
2 29 1.1006
2 30 1.1006
2 31 1.1006
2 32 1.1006
2 33 1.08585
2 34 1.0789
2 35 1.07231
2 36 1.06895
2 37 1.14817
2 38 1.14817
2 39 1.14817
2 40 1.14817
2 41 1.14817
2 42 1.10784
2 43 1.09293
2 44 1.08085
2 45 1.0751
2 46 1.12947
2 47 1.12947
2 48 1.12947
2 49 1.12947
2 50 1.12947
2 51 1.10082
2 52 1.08877
2 53 1.07849
2 54 1.07349
2 55 1.11166
2 56 1.11166
2 57 1.11166
2 58 1.11166
2 59 1.11166
2 60 1.09224
2 61 1.08332
2 62 1.0753
2 63 1.07131
2 64 1.09758
2 65 1.09758
2 66 1.09758
2 67 1.09758
2 68 1.09758
2 69 1.08417
2 70 1.07767
2 71 1.07165
2 72 1.06863
3 1 1.30523
3 2 1.30523
3 3 1.30523
3 4 1.30523
3 5 1.30523
3 6 1.1184
3 7 1.09724
3 8 1.08248
3 9 1.07572
3 10 1.14697
3 11 1.14697
3 12 1.14697
3 13 1.14697
3 14 1.14697
3 15 1.1055
3 16 1.09149
3 17 1.07991
3 18 1.07412
3 19 1.11817
3 20 1.11817
3 21 1.11817
3 22 1.11817
3 23 1.11817
3 24 1.09469
3 25 1.08581
3 26 1.0767
3 27 1.07187
3 28 1.1006
3 29 1.1006
3 30 1.1006
3 31 1.1006
3 32 1.1006
3 33 1.08585
3 34 1.0789
3 35 1.07231
3 36 1.06895
3 37 1.14817
3 38 1.14817
3 39 1.14817
3 40 1.14817
3 41 1.14817
3 42 1.10784
3 43 1.09293
3 44 1.08085
3 45 1.0751
3 46 1.12947
3 47 1.12947
3 48 1.12947
3 49 1.12947
3 50 1.12947
3 51 1.10082
3 52 1.08877
3 53 1.07849
3 54 1.07349
3 55 1.11166
3 56 1.11166
3 57 1.11166
3 58 1.11166
3 59 1.11166
3 60 1.09224
3 61 1.08332
3 62 1.0753
3 63 1.07131
3 64 1.09758
3 65 1.09758
3 66 1.09758
3 67 1.09758
3 68 1.09758
3 69 1.08417
3 70 1.07767
3 71 1.07165
3 72 1.06863
4 1 1.30523
4 2 1.30523
4 3 1.30523
4 4 1.30523
4 5 1.30523
4 6 1.1184
4 7 1.09724
4 8 1.08248
4 9 1.07572
4 10 1.14697
4 11 1.14697
4 12 1.14697
4 13 1.14697
4 14 1.14697
4 15 1.1055
4 16 1.09149
4 17 1.07991
4 18 1.07412
4 19 1.11817
4 20 1.11817
4 21 1.11817
4 22 1.11817
4 23 1.11817
4 24 1.09469
4 25 1.08581
4 26 1.0767
4 27 1.07187
4 28 1.1006
4 29 1.1006
4 30 1.1006
4 31 1.1006
4 32 1.1006
4 33 1.08585
4 34 1.0789
4 35 1.07231
4 36 1.06895
4 37 1.14817
4 38 1.14817
4 39 1.14817
4 40 1.14817
4 41 1.14817
4 42 1.10784
4 43 1.09293
4 44 1.08085
4 45 1.0751
4 46 1.12947
4 47 1.12947
4 48 1.12947
4 49 1.12947
4 50 1.12947
4 51 1.10082
4 52 1.08877
4 53 1.07849
4 54 1.07349
4 55 1.11166
4 56 1.11166
4 57 1.11166
4 58 1.11166
4 59 1.11166
4 60 1.09224
4 61 1.08332
4 62 1.0753
4 63 1.07131
4 64 1.09758
4 65 1.09758
4 66 1.09758
4 67 1.09758
4 68 1.09758
4 69 1.08417
4 70 1.07767
4 71 1.07165
4 72 1.06863
5 1 1.30523
5 2 1.30523
5 3 1.30523
5 4 1.30523
5 5 1.30523
5 6 1.1184
5 7 1.09724
5 8 1.08248
5 9 1.07572
5 10 1.14697
5 11 1.14697
5 12 1.14697
5 13 1.14697
5 14 1.14697
5 15 1.1055
5 16 1.09149
5 17 1.07991
5 18 1.07412
5 19 1.11817
5 20 1.11817
5 21 1.11817
5 22 1.11817
5 23 1.11817
5 24 1.09469
5 25 1.08581
5 26 1.0767
5 27 1.07187
5 28 1.1006
5 29 1.1006
5 30 1.1006
5 31 1.1006
5 32 1.1006
5 33 1.08585
5 34 1.0789
5 35 1.07231
5 36 1.06895
5 37 1.14817
5 38 1.14817
5 39 1.14817
5 40 1.14817
5 41 1.14817
5 42 1.10784
5 43 1.09293
5 44 1.08085
5 45 1.0751
5 46 1.12947
5 47 1.12947
5 48 1.12947
5 49 1.12947
5 50 1.12947
5 51 1.10082
5 52 1.08877
5 53 1.07849
5 54 1.07349
5 55 1.11166
5 56 1.11166
5 57 1.11166
5 58 1.11166
5 59 1.11166
5 60 1.09224
5 61 1.08332
5 62 1.0753
5 63 1.07131
5 64 1.09758
5 65 1.09758
5 66 1.09758
5 67 1.09758
5 68 1.09758
5 69 1.08417
5 70 1.07767
5 71 1.07165
5 72 1.06863
6 1 1.1184
6 2 1.1184
6 3 1.1184
6 4 1.1184
6 5 1.1184
6 6 6.91951
6 7 2.14529
6 8 1.39516
6 9 1.20574
6 10 1.1066
6 11 1.1066
6 12 1.1066
6 13 1.1066
6 14 1.1066
6 15 1.43324
6 16 1.35549
6 17 1.24128
6 18 1.18033
6 19 1.09537
6 20 1.09537
6 21 1.09537
6 22 1.09537
6 23 1.09537
6 24 1.1965
6 25 1.19673
6 26 1.17007
6 27 1.15206
6 28 1.08585
6 29 1.08585
6 30 1.08585
6 31 1.08585
6 32 1.08585
6 33 1.12735
6 34 1.13395
6 35 1.13088
6 36 1.12752
6 37 1.10775
6 38 1.10775
6 39 1.10775
6 40 1.10775
6 41 1.10775
6 42 1.44732
6 43 1.36851
6 44 1.24493
6 45 1.18126
6 46 1.10084
6 47 1.10084
6 48 1.10084
6 49 1.10084
6 50 1.10084
6 51 1.25861
6 52 1.24576
6 53 1.19532
6 54 1.16458
6 55 1.09227
6 56 1.09227
6 57 1.09227
6 58 1.09227
6 59 1.09227
6 60 1.15979
6 61 1.16431
6 62 1.15201
6 63 1.14268
6 64 1.08417
6 65 1.08417
6 66 1.08417
6 67 1.08417
6 68 1.08417
6 69 1.11626
6 70 1.12299
6 71 1.12334
6 72 1.12225
7 1 1.09724
7 2 1.09724
7 3 1.09724
7 4 1.09724
7 5 1.09724
7 6 2.14529
7 7 6.92642
7 8 1.99916
7 9 1.31355
7 10 1.0918
7 11 1.0918
7 12 1.0918
7 13 1.0918
7 14 1.0918
7 15 1.35797
7 16 1.4535
7 17 1.3371
7 18 1.24941
7 19 1.08523
7 20 1.08523
7 21 1.08523
7 22 1.08523
7 23 1.08523
7 24 1.19875
7 25 1.22271
7 26 1.21069
7 27 1.19697
7 28 1.07878
7 29 1.07878
7 30 1.07878
7 31 1.07878
7 32 1.07878
7 33 1.13426
7 34 1.15088
7 35 1.15704
7 36 1.15808
7 37 1.09287
7 38 1.09287
7 39 1.09287
7 40 1.09287
7 41 1.09287
7 42 1.36844
7 43 1.47014
7 44 1.34266
7 45 1.25087
7 46 1.08879
7 47 1.08879
7 48 1.08879
7 49 1.08879
7 50 1.08879
7 51 1.24578
7 52 1.28513
7 53 1.25109
7 54 1.21906
7 55 1.08334
7 56 1.08334
7 57 1.08334
7 58 1.08334
7 59 1.08334
7 60 1.16435
7 61 1.18601
7 62 1.18643
7 63 1.18185
7 64 1.07768
7 65 1.07768
7 66 1.07768
7 67 1.07768
7 68 1.07768
7 69 1.12296
7 70 1.13851
7 71 1.1472
7 72 1.15018
8 1 1.08248
8 2 1.08248
8 3 1.08248
8 4 1.08248
8 5 1.08248
8 6 1.39516
8 7 1.99916
8 8 6.28443
8 9 1.54658
8 10 1.07981
8 11 1.07981
8 12 1.07981
8 13 1.07981
8 14 1.07981
8 15 1.24105
8 16 1.33272
8 17 1.39604
8 18 1.33549
8 19 1.07624
8 20 1.07624
8 21 1.07624
8 22 1.07624
8 23 1.07624
8 24 1.17415
8 25 1.21095
8 26 1.23683
8 27 1.24413
8 28 1.07223
8 29 1.07223
8 30 1.07223
8 31 1.07223
8 32 1.07223
8 33 1.13168
8 34 1.15745
8 35 1.17839
8 36 1.18806
8 37 1.08084
8 38 1.08084
8 39 1.08084
8 40 1.08084
8 41 1.08084
8 42 1.24493
8 43 1.34277
8 44 1.40128
8 45 1.33751
8 46 1.0785
8 47 1.0785
8 48 1.0785
8 49 1.0785
8 50 1.0785
8 51 1.19533
8 52 1.25107
8 53 1.28297
8 54 1.27969
8 55 1.0753
8 56 1.0753
8 57 1.0753
8 58 1.0753
8 59 1.0753
8 60 1.15208
8 61 1.18643
8 62 1.21217
8 63 1.22196
8 64 1.07166
8 65 1.07166
8 66 1.07166
8 67 1.07166
8 68 1.07166
8 69 1.12325
8 70 1.14716
8 71 1.16773
8 72 1.1775
9 1 1.07572
9 2 1.07572
9 3 1.07572
9 4 1.07572
9 5 1.07572
9 6 1.20574
9 7 1.31355
9 8 1.54658
9 9 2.14871
9 10 1.07408
9 11 1.07408
9 12 1.07408
9 13 1.07408
9 14 1.07408
9 15 1.1808
9 16 1.24577
9 17 1.33341
9 18 1.3894
9 19 1.07181
9 20 1.07181
9 21 1.07181
9 22 1.07181
9 23 1.07181
9 24 1.15701
9 25 1.19686
9 26 1.24263
9 27 1.26951
9 28 1.06894
9 29 1.06894
9 30 1.06894
9 31 1.06894
9 32 1.06894
9 33 1.12852
9 34 1.15859
9 35 1.18812
9 36 1.20357
9 37 1.07511
9 38 1.07511
9 39 1.07511
9 40 1.07511
9 41 1.07511
9 42 1.1813
9 43 1.25105
9 44 1.33762
9 45 1.39165
9 46 1.07349
9 47 1.07349
9 48 1.07349
9 49 1.07349
9 50 1.07349
9 51 1.16459
9 52 1.21904
9 53 1.27968
9 54 1.3135
9 55 1.07132
9 56 1.07132
9 57 1.07132
9 58 1.07132
9 59 1.07132
9 60 1.14275
9 61 1.18184
9 62 1.22194
9 63 1.24313
9 64 1.06863
9 65 1.06863
9 66 1.06863
9 67 1.06863
9 68 1.06863
9 69 1.12213
9 70 1.15013
9 71 1.1775
9 72 1.19159
10 1 1.14697
10 2 1.14697
10 3 1.14697
10 4 1.14697
10 5 1.14697
10 6 1.1066
10 7 1.0918
10 8 1.07981
10 9 1.07408
10 10 1.30424
10 11 1.30424
10 12 1.30424
10 13 1.30424
10 14 1.30424
10 15 1.11629
10 16 1.09649
10 17 1.08205
10 18 1.07508
10 19 1.16166
10 20 1.16166
10 21 1.16166
10 22 1.16166
10 23 1.16166
10 24 1.10873
10 25 1.09417
10 26 1.08114
10 27 1.07445
10 28 1.12584
10 29 1.12584
10 30 1.12584
10 31 1.12584
10 32 1.12584
10 33 1.09879
10 34 1.08752
10 35 1.07755
10 36 1.0726
10 37 1.12946
10 38 1.12946
10 39 1.12946
10 40 1.12946
10 41 1.12946
10 42 1.10091
10 43 1.08884
10 44 1.07853
10 45 1.07352
10 46 1.1472
10 47 1.1472
10 48 1.1472
10 49 1.1472
10 50 1.1472
10 51 1.1068
10 52 1.092
10 53 1.08001
10 54 1.07428
10 55 1.13526
10 56 1.13526
10 57 1.13526
10 58 1.13526
10 59 1.13526
10 60 1.10287
10 61 1.08988
10 62 1.07894
10 63 1.07363
10 64 1.11706
10 65 1.11706
10 66 1.11706
10 67 1.11706
10 68 1.11706
10 69 1.09507
10 70 1.08516
10 71 1.07638
10 72 1.07204
11 1 1.14697
11 2 1.14697
11 3 1.14697
11 4 1.14697
11 5 1.14697
11 6 1.1066
11 7 1.0918
11 8 1.07981
11 9 1.07408
11 10 1.30424
11 11 1.30424
11 12 1.30424
11 13 1.30424
11 14 1.30424
11 15 1.11629
11 16 1.09649
11 17 1.08205
11 18 1.07508
11 19 1.16166
11 20 1.16166
11 21 1.16166
11 22 1.16166
11 23 1.16166
11 24 1.10873
11 25 1.09417
11 26 1.08114
11 27 1.07445
11 28 1.12584
11 29 1.12584
11 30 1.12584
11 31 1.12584
11 32 1.12584
11 33 1.09879
11 34 1.08752
11 35 1.07755
11 36 1.0726
11 37 1.12946
11 38 1.12946
11 39 1.12946
11 40 1.12946
11 41 1.12946
11 42 1.10091
11 43 1.08884
11 44 1.07853
11 45 1.07352
11 46 1.1472
11 47 1.1472
11 48 1.1472
11 49 1.1472
11 50 1.1472
11 51 1.1068
11 52 1.092
11 53 1.08001
11 54 1.07428
11 55 1.13526
11 56 1.13526
11 57 1.13526
11 58 1.13526
11 59 1.13526
11 60 1.10287
11 61 1.08988
11 62 1.07894
11 63 1.07363
11 64 1.11706
11 65 1.11706
11 66 1.11706
11 67 1.11706
11 68 1.11706
11 69 1.09507
11 70 1.08516
11 71 1.07638
11 72 1.07204
12 1 1.14697
12 2 1.14697
12 3 1.14697
12 4 1.14697
12 5 1.14697
12 6 1.1066
12 7 1.0918
12 8 1.07981
12 9 1.07408
12 10 1.30424
12 11 1.30424
12 12 1.30424
12 13 1.30424
12 14 1.30424
12 15 1.11629
12 16 1.09649
12 17 1.08205
12 18 1.07508
12 19 1.16166
12 20 1.16166
12 21 1.16166
12 22 1.16166
12 23 1.16166
12 24 1.10873
12 25 1.09417
12 26 1.08114
12 27 1.07445
12 28 1.12584
12 29 1.12584
12 30 1.12584
12 31 1.12584
12 32 1.12584
12 33 1.09879
12 34 1.08752
12 35 1.07755
12 36 1.0726
12 37 1.12946
12 38 1.12946
12 39 1.12946
12 40 1.12946
12 41 1.12946
12 42 1.10091
12 43 1.08884
12 44 1.07853
12 45 1.07352
12 46 1.1472
12 47 1.1472
12 48 1.1472
12 49 1.1472
12 50 1.1472
12 51 1.1068
12 52 1.092
12 53 1.08001
12 54 1.07428
12 55 1.13526
12 56 1.13526
12 57 1.13526
12 58 1.13526
12 59 1.13526
12 60 1.10287
12 61 1.08988
12 62 1.07894
12 63 1.07363
12 64 1.11706
12 65 1.11706
12 66 1.11706
12 67 1.11706
12 68 1.11706
12 69 1.09507
12 70 1.08516
12 71 1.07638
12 72 1.07204
13 1 1.14697
13 2 1.14697
13 3 1.14697
13 4 1.14697
13 5 1.14697
13 6 1.1066
13 7 1.0918
13 8 1.07981
13 9 1.07408
13 10 1.30424
13 11 1.30424
13 12 1.30424
13 13 1.30424
13 14 1.30424
13 15 1.11629
13 16 1.09649
13 17 1.08205
13 18 1.07508
13 19 1.16166
13 20 1.16166
13 21 1.16166
13 22 1.16166
13 23 1.16166
13 24 1.10873
13 25 1.09417
13 26 1.08114
13 27 1.07445
13 28 1.12584
13 29 1.12584
13 30 1.12584
13 31 1.12584
13 32 1.12584
13 33 1.09879
13 34 1.08752
13 35 1.07755
13 36 1.0726
13 37 1.12946
13 38 1.12946
13 39 1.12946
13 40 1.12946
13 41 1.12946
13 42 1.10091
13 43 1.08884
13 44 1.07853
13 45 1.07352
13 46 1.1472
13 47 1.1472
13 48 1.1472
13 49 1.1472
13 50 1.1472
13 51 1.1068
13 52 1.092
13 53 1.08001
13 54 1.07428
13 55 1.13526
13 56 1.13526
13 57 1.13526
13 58 1.13526
13 59 1.13526
13 60 1.10287
13 61 1.08988
13 62 1.07894
13 63 1.07363
13 64 1.11706
13 65 1.11706
13 66 1.11706
13 67 1.11706
13 68 1.11706
13 69 1.09507
13 70 1.08516
13 71 1.07638
13 72 1.07204
14 1 1.14697
14 2 1.14697
14 3 1.14697
14 4 1.14697
14 5 1.14697
14 6 1.1066
14 7 1.0918
14 8 1.07981
14 9 1.07408
14 10 1.30424
14 11 1.30424
14 12 1.30424
14 13 1.30424
14 14 1.30424
14 15 1.11629
14 16 1.09649
14 17 1.08205
14 18 1.07508
14 19 1.16166
14 20 1.16166
14 21 1.16166
14 22 1.16166
14 23 1.16166
14 24 1.10873
14 25 1.09417
14 26 1.08114
14 27 1.07445
14 28 1.12584
14 29 1.12584
14 30 1.12584
14 31 1.12584
14 32 1.12584
14 33 1.09879
14 34 1.08752
14 35 1.07755
14 36 1.0726
14 37 1.12946
14 38 1.12946
14 39 1.12946
14 40 1.12946
14 41 1.12946
14 42 1.10091
14 43 1.08884
14 44 1.07853
14 45 1.07352
14 46 1.1472
14 47 1.1472
14 48 1.1472
14 49 1.1472
14 50 1.1472
14 51 1.1068
14 52 1.092
14 53 1.08001
14 54 1.07428
14 55 1.13526
14 56 1.13526
14 57 1.13526
14 58 1.13526
14 59 1.13526
14 60 1.10287
14 61 1.08988
14 62 1.07894
14 63 1.07363
14 64 1.11706
14 65 1.11706
14 66 1.11706
14 67 1.11706
14 68 1.11706
14 69 1.09507
14 70 1.08516
14 71 1.07638
14 72 1.07204
15 1 1.1055
15 2 1.1055
15 3 1.1055
15 4 1.1055
15 5 1.1055
15 6 1.43324
15 7 1.35797
15 8 1.24105
15 9 1.1808
15 10 1.11629
15 11 1.11629
15 12 1.11629
15 13 1.11629
15 14 1.11629
15 15 6.79622
15 16 2.08975
15 17 1.38804
15 18 1.20829
15 19 1.10937
15 20 1.10937
15 21 1.10937
15 22 1.10937
15 23 1.10937
15 24 1.64745
15 25 1.48785
15 26 1.29247
15 27 1.19536
15 28 1.09855
15 29 1.09855
15 30 1.09855
15 31 1.09855
15 32 1.09855
15 33 1.24759
15 34 1.24103
15 35 1.19501
15 36 1.16567
15 37 1.09981
15 38 1.09981
15 39 1.09981
15 40 1.09981
15 41 1.09981
15 42 1.25402
15 43 1.24217
15 44 1.19388
15 45 1.16446
15 46 1.10575
15 47 1.10575
15 48 1.10575
15 49 1.10575
15 50 1.10575
15 51 1.43309
15 52 1.35815
15 53 1.24145
15 54 1.18124
15 55 1.10208
15 56 1.10208
15 57 1.10208
15 58 1.10208
15 59 1.10208
15 60 1.30263
15 61 1.27899
15 62 1.21172
15 63 1.17242
15 64 1.09453
15 65 1.09453
15 66 1.09453
15 67 1.09453
15 68 1.09453
15 69 1.18353
15 70 1.1863
15 71 1.16627
15 72 1.1521
16 1 1.09149
16 2 1.09149
16 3 1.09149
16 4 1.09149
16 5 1.09149
16 6 1.35549
16 7 1.4535
16 8 1.33272
16 9 1.24577
16 10 1.09649
16 11 1.09649
16 12 1.09649
16 13 1.09649
16 14 1.09649
16 15 2.08975
16 16 6.7669
16 17 1.96226
16 18 1.30881
16 19 1.0939
16 20 1.0939
16 21 1.0939
16 22 1.0939
16 23 1.0939
16 24 1.48971
16 25 1.66753
16 26 1.42396
16 27 1.26967
16 28 1.08789
16 29 1.08789
16 30 1.08789
16 31 1.08789
16 32 1.08789
16 33 1.24055
16 34 1.27466
16 35 1.24312
16 36 1.2141
16 37 1.08839
16 38 1.08839
16 39 1.08839
16 40 1.08839
16 41 1.08839
16 42 1.24033
16 43 1.27884
16 44 1.24627
16 45 1.21553
16 46 1.09175
16 47 1.09175
16 48 1.09175
16 49 1.09175
16 50 1.09175
16 51 1.35576
16 52 1.45349
16 53 1.33301
16 54 1.24621
16 55 1.08984
16 56 1.08984
16 57 1.08984
16 58 1.08984
16 59 1.08984
16 60 1.27729
16 61 1.32703
16 62 1.27394
16 63 1.22821
16 64 1.08529
16 65 1.08529
16 66 1.08529
16 67 1.08529
16 68 1.08529
16 69 1.18505
16 70 1.20978
16 71 1.20329
16 72 1.19303
17 1 1.07991
17 2 1.07991
17 3 1.07991
17 4 1.07991
17 5 1.07991
17 6 1.24128
17 7 1.3371
17 8 1.39604
17 9 1.33341
17 10 1.08205
17 11 1.08205
17 12 1.08205
17 13 1.08205
17 14 1.08205
17 15 1.38804
17 16 1.96226
17 17 6.25953
17 18 1.54087
17 19 1.08089
17 20 1.08089
17 21 1.08089
17 22 1.08089
17 23 1.08089
17 24 1.29418
17 25 1.42051
17 26 1.53864
17 27 1.37596
17 28 1.0778
17 29 1.0778
17 30 1.0778
17 31 1.0778
17 32 1.0778
17 33 1.19291
17 34 1.24262
17 35 1.2704
17 36 1.26868
17 37 1.07856
17 38 1.07856
17 39 1.07856
17 40 1.07856
17 41 1.07856
17 42 1.19393
17 43 1.24925
17 44 1.28093
17 45 1.27763
17 46 1.08013
17 47 1.08013
17 48 1.08013
17 49 1.08013
17 50 1.08013
17 51 1.24163
17 52 1.33731
17 53 1.39625
17 54 1.33373
17 55 1.07911
17 56 1.07911
17 57 1.07911
17 58 1.07911
17 59 1.07911
17 60 1.21105
17 61 1.27647
17 62 1.31217
17 63 1.29727
17 64 1.07659
17 65 1.07659
17 66 1.07659
17 67 1.07659
17 68 1.07659
17 69 1.16467
17 70 1.20389
17 71 1.23072
17 72 1.23849
18 1 1.07412
18 2 1.07412
18 3 1.07412
18 4 1.07412
18 5 1.07412
18 6 1.18033
18 7 1.24941
18 8 1.33549
18 9 1.3894
18 10 1.07508
18 11 1.07508
18 12 1.07508
18 13 1.07508
18 14 1.07508
18 15 1.20829
18 16 1.30881
18 17 1.54087
18 18 2.1455
18 19 1.07442
18 20 1.07442
18 21 1.07442
18 22 1.07442
18 23 1.07442
18 24 1.19795
18 25 1.26809
18 26 1.37409
18 27 1.45477
18 28 1.07263
18 29 1.07263
18 30 1.07263
18 31 1.07263
18 32 1.07263
18 33 1.16302
18 34 1.21373
18 35 1.26932
18 36 1.30046
18 37 1.07355
18 38 1.07355
18 39 1.07355
18 40 1.07355
18 41 1.07355
18 42 1.16443
18 43 1.21896
18 44 1.27944
18 45 1.3131
18 46 1.07432
18 47 1.07432
18 48 1.07432
18 49 1.07432
18 50 1.07432
18 51 1.18066
18 52 1.24972
18 53 1.33579
18 54 1.38973
18 55 1.07368
18 56 1.07368
18 57 1.07368
18 58 1.07368
18 59 1.07368
18 60 1.17109
18 61 1.23044
18 62 1.29891
18 63 1.33837
18 64 1.07209
18 65 1.07209
18 66 1.07209
18 67 1.07209
18 68 1.07209
18 69 1.15007
18 70 1.19384
18 71 1.23951
18 72 1.2639
19 1 1.11817
19 2 1.11817
19 3 1.11817
19 4 1.11817
19 5 1.11817
19 6 1.09537
19 7 1.08523
19 8 1.07624
19 9 1.07181
19 10 1.16166
19 11 1.16166
19 12 1.16166
19 13 1.16166
19 14 1.16166
19 15 1.10937
19 16 1.0939
19 17 1.08089
19 18 1.07442
19 19 1.30422
19 20 1.30422
19 21 1.30422
19 22 1.30422
19 23 1.30422
19 24 1.11543
19 25 1.09695
19 26 1.08248
19 27 1.0752
19 28 1.16198
19 29 1.16198
19 30 1.16198
19 31 1.16198
19 32 1.16198
19 33 1.11007
19 34 1.09369
19 35 1.08077
19 36 1.07459
19 37 1.11165
19 38 1.11165
19 39 1.11165
19 40 1.11165
19 41 1.11165
19 42 1.09233
19 43 1.08337
19 44 1.07534
19 45 1.07136
19 46 1.13525
19 47 1.13525
19 48 1.13525
19 49 1.13525
19 50 1.13525
19 51 1.1029
19 52 1.08989
19 53 1.07895
19 54 1.07365
19 55 1.14719
19 56 1.14719
19 57 1.14719
19 58 1.14719
19 59 1.14719
19 60 1.10679
19 61 1.09204
19 62 1.08006
19 63 1.07432
19 64 1.13556
19 65 1.13556
19 66 1.13556
19 67 1.13556
19 68 1.13556
19 69 1.10324
19 70 1.09017
19 71 1.07921
19 72 1.07392
20 1 1.11817
20 2 1.11817
20 3 1.11817
20 4 1.11817
20 5 1.11817
20 6 1.09537
20 7 1.08523
20 8 1.07624
20 9 1.07181
20 10 1.16166
20 11 1.16166
20 12 1.16166
20 13 1.16166
20 14 1.16166
20 15 1.10937
20 16 1.0939
20 17 1.08089
20 18 1.07442
20 19 1.30422
20 20 1.30422
20 21 1.30422
20 22 1.30422
20 23 1.30422
20 24 1.11543
20 25 1.09695
20 26 1.08248
20 27 1.0752
20 28 1.16198
20 29 1.16198
20 30 1.16198
20 31 1.16198
20 32 1.16198
20 33 1.11007
20 34 1.09369
20 35 1.08077
20 36 1.07459
20 37 1.11165
20 38 1.11165
20 39 1.11165
20 40 1.11165
20 41 1.11165
20 42 1.09233
20 43 1.08337
20 44 1.07534
20 45 1.07136
20 46 1.13525
20 47 1.13525
20 48 1.13525
20 49 1.13525
20 50 1.13525
20 51 1.1029
20 52 1.08989
20 53 1.07895
20 54 1.07365
20 55 1.14719
20 56 1.14719
20 57 1.14719
20 58 1.14719
20 59 1.14719
20 60 1.10679
20 61 1.09204
20 62 1.08006
20 63 1.07432
20 64 1.13556
20 65 1.13556
20 66 1.13556
20 67 1.13556
20 68 1.13556
20 69 1.10324
20 70 1.09017
20 71 1.07921
20 72 1.07392
21 1 1.11817
21 2 1.11817
21 3 1.11817
21 4 1.11817
21 5 1.11817
21 6 1.09537
21 7 1.08523
21 8 1.07624
21 9 1.07181
21 10 1.16166
21 11 1.16166
21 12 1.16166
21 13 1.16166
21 14 1.16166
21 15 1.10937
21 16 1.0939
21 17 1.08089
21 18 1.07442
21 19 1.30422
21 20 1.30422
21 21 1.30422
21 22 1.30422
21 23 1.30422
21 24 1.11543
21 25 1.09695
21 26 1.08248
21 27 1.0752
21 28 1.16198
21 29 1.16198
21 30 1.16198
21 31 1.16198
21 32 1.16198
21 33 1.11007
21 34 1.09369
21 35 1.08077
21 36 1.07459
21 37 1.11165
21 38 1.11165
21 39 1.11165
21 40 1.11165
21 41 1.11165
21 42 1.09233
21 43 1.08337
21 44 1.07534
21 45 1.07136
21 46 1.13525
21 47 1.13525
21 48 1.13525
21 49 1.13525
21 50 1.13525
21 51 1.1029
21 52 1.08989
21 53 1.07895
21 54 1.07365
21 55 1.14719
21 56 1.14719
21 57 1.14719
21 58 1.14719
21 59 1.14719
21 60 1.10679
21 61 1.09204
21 62 1.08006
21 63 1.07432
21 64 1.13556
21 65 1.13556
21 66 1.13556
21 67 1.13556
21 68 1.13556
21 69 1.10324
21 70 1.09017
21 71 1.07921
21 72 1.07392
22 1 1.11817
22 2 1.11817
22 3 1.11817
22 4 1.11817
22 5 1.11817
22 6 1.09537
22 7 1.08523
22 8 1.07624
22 9 1.07181
22 10 1.16166
22 11 1.16166
22 12 1.16166
22 13 1.16166
22 14 1.16166
22 15 1.10937
22 16 1.0939
22 17 1.08089
22 18 1.07442
22 19 1.30422
22 20 1.30422
22 21 1.30422
22 22 1.30422
22 23 1.30422
22 24 1.11543
22 25 1.09695
22 26 1.08248
22 27 1.0752
22 28 1.16198
22 29 1.16198
22 30 1.16198
22 31 1.16198
22 32 1.16198
22 33 1.11007
22 34 1.09369
22 35 1.08077
22 36 1.07459
22 37 1.11165
22 38 1.11165
22 39 1.11165
22 40 1.11165
22 41 1.11165
22 42 1.09233
22 43 1.08337
22 44 1.07534
22 45 1.07136
22 46 1.13525
22 47 1.13525
22 48 1.13525
22 49 1.13525
22 50 1.13525
22 51 1.1029
22 52 1.08989
22 53 1.07895
22 54 1.07365
22 55 1.14719
22 56 1.14719
22 57 1.14719
22 58 1.14719
22 59 1.14719
22 60 1.10679
22 61 1.09204
22 62 1.08006
22 63 1.07432
22 64 1.13556
22 65 1.13556
22 66 1.13556
22 67 1.13556
22 68 1.13556
22 69 1.10324
22 70 1.09017
22 71 1.07921
22 72 1.07392
23 1 1.11817
23 2 1.11817
23 3 1.11817
23 4 1.11817
23 5 1.11817
23 6 1.09537
23 7 1.08523
23 8 1.07624
23 9 1.07181
23 10 1.16166
23 11 1.16166
23 12 1.16166
23 13 1.16166
23 14 1.16166
23 15 1.10937
23 16 1.0939
23 17 1.08089
23 18 1.07442
23 19 1.30422
23 20 1.30422
23 21 1.30422
23 22 1.30422
23 23 1.30422
23 24 1.11543
23 25 1.09695
23 26 1.08248
23 27 1.0752
23 28 1.16198
23 29 1.16198
23 30 1.16198
23 31 1.16198
23 32 1.16198
23 33 1.11007
23 34 1.09369
23 35 1.08077
23 36 1.07459
23 37 1.11165
23 38 1.11165
23 39 1.11165
23 40 1.11165
23 41 1.11165
23 42 1.09233
23 43 1.08337
23 44 1.07534
23 45 1.07136
23 46 1.13525
23 47 1.13525
23 48 1.13525
23 49 1.13525
23 50 1.13525
23 51 1.1029
23 52 1.08989
23 53 1.07895
23 54 1.07365
23 55 1.14719
23 56 1.14719
23 57 1.14719
23 58 1.14719
23 59 1.14719
23 60 1.10679
23 61 1.09204
23 62 1.08006
23 63 1.07432
23 64 1.13556
23 65 1.13556
23 66 1.13556
23 67 1.13556
23 68 1.13556
23 69 1.10324
23 70 1.09017
23 71 1.07921
23 72 1.07392
24 1 1.09469
24 2 1.09469
24 3 1.09469
24 4 1.09469
24 5 1.09469
24 6 1.1965
24 7 1.19875
24 8 1.17415
24 9 1.15701
24 10 1.10873
24 11 1.10873
24 12 1.10873
24 13 1.10873
24 14 1.10873
24 15 1.64745
24 16 1.48971
24 17 1.29418
24 18 1.19795
24 19 1.11543
24 20 1.11543
24 21 1.11543
24 22 1.11543
24 23 1.11543
24 24 6.38346
24 25 2.03584
24 26 1.39372
24 27 1.21285
24 28 1.10828
24 29 1.10828
24 30 1.10828
24 31 1.10828
24 32 1.10828
24 33 1.62949
24 34 1.45852
24 35 1.2779
24 36 1.19311
24 37 1.09131
24 38 1.09131
24 39 1.09131
24 40 1.09131
24 41 1.09131
24 42 1.15837
24 43 1.16428
24 44 1.15372
24 45 1.14529
24 46 1.10125
24 47 1.10125
24 48 1.10125
24 49 1.10125
24 50 1.10125
24 51 1.29606
24 52 1.27499
24 53 1.21095
24 54 1.1732
24 55 1.10475
24 56 1.10475
24 57 1.10475
24 58 1.10475
24 59 1.10475
24 60 1.41693
24 61 1.34883
24 62 1.23928
24 63 1.18205
24 64 1.10119
24 65 1.10119
24 66 1.10119
24 67 1.10119
24 68 1.10119
24 69 1.29392
24 70 1.27175
24 71 1.2084
24 72 1.17152
25 1 1.08581
25 2 1.08581
25 3 1.08581
25 4 1.08581
25 5 1.08581
25 6 1.19673
25 7 1.22271
25 8 1.21095
25 9 1.19686
25 10 1.09417
25 11 1.09417
25 12 1.09417
25 13 1.09417
25 14 1.09417
25 15 1.48785
25 16 1.66753
25 17 1.42051
25 18 1.26809
25 19 1.09695
25 20 1.09695
25 21 1.09695
25 22 1.09695
25 23 1.09695
25 24 2.03584
25 25 6.30917
25 26 1.9179
25 27 1.30683
25 28 1.09361
25 29 1.09361
25 30 1.09361
25 31 1.09361
25 32 1.09361
25 33 1.45373
25 34 1.64203
25 35 1.40556
25 36 1.26272
25 37 1.08348
25 38 1.08348
25 39 1.08348
25 40 1.08348
25 41 1.08348
25 42 1.1622
25 43 1.18321
25 44 1.18388
25 45 1.17965
25 46 1.08978
25 47 1.08978
25 48 1.08978
25 49 1.08978
25 50 1.08978
25 51 1.27204
25 52 1.31981
25 53 1.2691
25 54 1.22542
25 55 1.09168
25 56 1.09168
25 57 1.09168
25 58 1.09168
25 59 1.09168
25 60 1.34483
25 61 1.43625
25 62 1.32386
25 63 1.24254
25 64 1.08964
25 65 1.08964
25 66 1.08964
25 67 1.08964
25 68 1.08964
25 69 1.26815
25 70 1.31639
25 71 1.26656
25 72 1.22359
26 1 1.0767
26 2 1.0767
26 3 1.0767
26 4 1.0767
26 5 1.0767
26 6 1.17007
26 7 1.21069
26 8 1.23683
26 9 1.24263
26 10 1.08114
26 11 1.08114
26 12 1.08114
26 13 1.08114
26 14 1.08114
26 15 1.29247
26 16 1.42396
26 17 1.53864
26 18 1.37409
26 19 1.08248
26 20 1.08248
26 21 1.08248
26 22 1.08248
26 23 1.08248
26 24 1.39372
26 25 1.9179
26 26 6.19675
26 27 1.53701
26 28 1.0811
26 29 1.0811
26 30 1.0811
26 31 1.0811
26 32 1.0811
26 33 1.27937
26 34 1.41921
26 35 1.54355
26 36 1.37356
26 37 1.07563
26 38 1.07563
26 39 1.07563
26 40 1.07563
26 41 1.07563
26 42 1.1514
26 43 1.18523
26 44 1.2103
26 45 1.21978
26 46 1.07926
26 47 1.07926
26 48 1.07926
26 49 1.07926
26 50 1.07926
26 51 1.21041
26 52 1.27504
26 53 1.31011
26 54 1.2954
26 55 1.08033
26 56 1.08033
26 57 1.08033
26 58 1.08033
26 59 1.08033
26 60 1.24072
26 61 1.3344
26 62 1.39263
26 63 1.33132
26 64 1.07941
26 65 1.07941
26 66 1.07941
26 67 1.07941
26 68 1.07941
26 69 1.20943
26 70 1.27472
26 71 1.31036
26 72 1.29544
27 1 1.07187
27 2 1.07187
27 3 1.07187
27 4 1.07187
27 5 1.07187
27 6 1.15206
27 7 1.19697
27 8 1.24413
27 9 1.26951
27 10 1.07445
27 11 1.07445
27 12 1.07445
27 13 1.07445
27 14 1.07445
27 15 1.19536
27 16 1.26967
27 17 1.37596
27 18 1.45477
27 19 1.0752
27 20 1.0752
27 21 1.0752
27 22 1.0752
27 23 1.0752
27 24 1.21285
27 25 1.30683
27 26 1.53701
27 27 2.14426
27 28 1.07464
27 29 1.07464
27 30 1.07464
27 31 1.07464
27 32 1.07464
27 33 1.19101
27 34 1.26921
27 35 1.37772
27 36 1.45587
27 37 1.07141
27 38 1.07141
27 39 1.07141
27 40 1.07141
27 41 1.07141
27 42 1.14249
27 43 1.18167
27 44 1.22163
27 45 1.24265
27 46 1.07371
27 47 1.07371
27 48 1.07371
27 49 1.07371
27 50 1.07371
27 51 1.17107
27 52 1.23044
27 53 1.29879
27 54 1.33815
27 55 1.07438
27 56 1.07438
27 57 1.07438
27 58 1.07438
27 59 1.07438
27 60 1.18093
27 61 1.24972
27 62 1.3355
27 63 1.38935
27 64 1.07397
27 65 1.07397
27 66 1.07397
27 67 1.07397
27 68 1.07397
27 69 1.17095
27 70 1.23059
27 71 1.29919
27 72 1.33861
28 1 1.1006
28 2 1.1006
28 3 1.1006
28 4 1.1006
28 5 1.1006
28 6 1.08585
28 7 1.07878
28 8 1.07223
28 9 1.06894
28 10 1.12584
28 11 1.12584
28 12 1.12584
28 13 1.12584
28 14 1.12584
28 15 1.09855
28 16 1.08789
28 17 1.0778
28 18 1.07263
28 19 1.16198
28 20 1.16198
28 21 1.16198
28 22 1.16198
28 23 1.16198
28 24 1.10828
28 25 1.09361
28 26 1.0811
28 27 1.07464
28 28 1.30487
28 29 1.30487
28 30 1.30487
28 31 1.30487
28 32 1.30487
28 33 1.11773
28 34 1.09686
28 35 1.08225
28 36 1.0755
28 37 1.09758
28 38 1.09758
28 39 1.09758
28 40 1.09758
28 41 1.09758
28 42 1.08419
28 43 1.07768
28 44 1.07166
28 45 1.06864
28 46 1.11706
28 47 1.11706
28 48 1.11706
28 49 1.11706
28 50 1.11706
28 51 1.09503
28 52 1.08514
28 53 1.07636
28 54 1.07202
28 55 1.13557
28 56 1.13557
28 57 1.13557
28 58 1.13557
28 59 1.13557
28 60 1.10315
28 61 1.09012
28 62 1.07918
28 63 1.07389
28 64 1.14782
28 65 1.14782
28 66 1.14782
28 67 1.14782
28 68 1.14782
28 69 1.10746
28 70 1.09259
28 71 1.08056
28 72 1.07482
29 1 1.1006
29 2 1.1006
29 3 1.1006
29 4 1.1006
29 5 1.1006
29 6 1.08585
29 7 1.07878
29 8 1.07223
29 9 1.06894
29 10 1.12584
29 11 1.12584
29 12 1.12584
29 13 1.12584
29 14 1.12584
29 15 1.09855
29 16 1.08789
29 17 1.0778
29 18 1.07263
29 19 1.16198
29 20 1.16198
29 21 1.16198
29 22 1.16198
29 23 1.16198
29 24 1.10828
29 25 1.09361
29 26 1.0811
29 27 1.07464
29 28 1.30487
29 29 1.30487
29 30 1.30487
29 31 1.30487
29 32 1.30487
29 33 1.11773
29 34 1.09686
29 35 1.08225
29 36 1.0755
29 37 1.09758
29 38 1.09758
29 39 1.09758
29 40 1.09758
29 41 1.09758
29 42 1.08419
29 43 1.07768
29 44 1.07166
29 45 1.06864
29 46 1.11706
29 47 1.11706
29 48 1.11706
29 49 1.11706
29 50 1.11706
29 51 1.09503
29 52 1.08514
29 53 1.07636
29 54 1.07202
29 55 1.13557
29 56 1.13557
29 57 1.13557
29 58 1.13557
29 59 1.13557
29 60 1.10315
29 61 1.09012
29 62 1.07918
29 63 1.07389
29 64 1.14782
29 65 1.14782
29 66 1.14782
29 67 1.14782
29 68 1.14782
29 69 1.10746
29 70 1.09259
29 71 1.08056
29 72 1.07482
30 1 1.1006
30 2 1.1006
30 3 1.1006
30 4 1.1006
30 5 1.1006
30 6 1.08585
30 7 1.07878
30 8 1.07223
30 9 1.06894
30 10 1.12584
30 11 1.12584
30 12 1.12584
30 13 1.12584
30 14 1.12584
30 15 1.09855
30 16 1.08789
30 17 1.0778
30 18 1.07263
30 19 1.16198
30 20 1.16198
30 21 1.16198
30 22 1.16198
30 23 1.16198
30 24 1.10828
30 25 1.09361
30 26 1.0811
30 27 1.07464
30 28 1.30487
30 29 1.30487
30 30 1.30487
30 31 1.30487
30 32 1.30487
30 33 1.11773
30 34 1.09686
30 35 1.08225
30 36 1.0755
30 37 1.09758
30 38 1.09758
30 39 1.09758
30 40 1.09758
30 41 1.09758
30 42 1.08419
30 43 1.07768
30 44 1.07166
30 45 1.06864
30 46 1.11706
30 47 1.11706
30 48 1.11706
30 49 1.11706
30 50 1.11706
30 51 1.09503
30 52 1.08514
30 53 1.07636
30 54 1.07202
30 55 1.13557
30 56 1.13557
30 57 1.13557
30 58 1.13557
30 59 1.13557
30 60 1.10315
30 61 1.09012
30 62 1.07918
30 63 1.07389
30 64 1.14782
30 65 1.14782
30 66 1.14782
30 67 1.14782
30 68 1.14782
30 69 1.10746
30 70 1.09259
30 71 1.08056
30 72 1.07482
31 1 1.1006
31 2 1.1006
31 3 1.1006
31 4 1.1006
31 5 1.1006
31 6 1.08585
31 7 1.07878
31 8 1.07223
31 9 1.06894
31 10 1.12584
31 11 1.12584
31 12 1.12584
31 13 1.12584
31 14 1.12584
31 15 1.09855
31 16 1.08789
31 17 1.0778
31 18 1.07263
31 19 1.16198
31 20 1.16198
31 21 1.16198
31 22 1.16198
31 23 1.16198
31 24 1.10828
31 25 1.09361
31 26 1.0811
31 27 1.07464
31 28 1.30487
31 29 1.30487
31 30 1.30487
31 31 1.30487
31 32 1.30487
31 33 1.11773
31 34 1.09686
31 35 1.08225
31 36 1.0755
31 37 1.09758
31 38 1.09758
31 39 1.09758
31 40 1.09758
31 41 1.09758
31 42 1.08419
31 43 1.07768
31 44 1.07166
31 45 1.06864
31 46 1.11706
31 47 1.11706
31 48 1.11706
31 49 1.11706
31 50 1.11706
31 51 1.09503
31 52 1.08514
31 53 1.07636
31 54 1.07202
31 55 1.13557
31 56 1.13557
31 57 1.13557
31 58 1.13557
31 59 1.13557
31 60 1.10315
31 61 1.09012
31 62 1.07918
31 63 1.07389
31 64 1.14782
31 65 1.14782
31 66 1.14782
31 67 1.14782
31 68 1.14782
31 69 1.10746
31 70 1.09259
31 71 1.08056
31 72 1.07482
32 1 1.1006
32 2 1.1006
32 3 1.1006
32 4 1.1006
32 5 1.1006
32 6 1.08585
32 7 1.07878
32 8 1.07223
32 9 1.06894
32 10 1.12584
32 11 1.12584
32 12 1.12584
32 13 1.12584
32 14 1.12584
32 15 1.09855
32 16 1.08789
32 17 1.0778
32 18 1.07263
32 19 1.16198
32 20 1.16198
32 21 1.16198
32 22 1.16198
32 23 1.16198
32 24 1.10828
32 25 1.09361
32 26 1.0811
32 27 1.07464
32 28 1.30487
32 29 1.30487
32 30 1.30487
32 31 1.30487
32 32 1.30487
32 33 1.11773
32 34 1.09686
32 35 1.08225
32 36 1.0755
32 37 1.09758
32 38 1.09758
32 39 1.09758
32 40 1.09758
32 41 1.09758
32 42 1.08419
32 43 1.07768
32 44 1.07166
32 45 1.06864
32 46 1.11706
32 47 1.11706
32 48 1.11706
32 49 1.11706
32 50 1.11706
32 51 1.09503
32 52 1.08514
32 53 1.07636
32 54 1.07202
32 55 1.13557
32 56 1.13557
32 57 1.13557
32 58 1.13557
32 59 1.13557
32 60 1.10315
32 61 1.09012
32 62 1.07918
32 63 1.07389
32 64 1.14782
32 65 1.14782
32 66 1.14782
32 67 1.14782
32 68 1.14782
32 69 1.10746
32 70 1.09259
32 71 1.08056
32 72 1.07482
33 1 1.08585
33 2 1.08585
33 3 1.08585
33 4 1.08585
33 5 1.08585
33 6 1.12735
33 7 1.13426
33 8 1.13168
33 9 1.12852
33 10 1.09879
33 11 1.09879
33 12 1.09879
33 13 1.09879
33 14 1.09879
33 15 1.24759
33 16 1.24055
33 17 1.19291
33 18 1.16302
33 19 1.11007
33 20 1.11007
33 21 1.11007
33 22 1.11007
33 23 1.11007
33 24 1.62949
33 25 1.45373
33 26 1.27937
33 27 1.19101
33 28 1.11773
33 29 1.11773
33 30 1.11773
33 31 1.11773
33 32 1.11773
33 33 6.90491
33 34 2.13436
33 35 1.39196
33 36 1.20573
33 37 1.08413
33 38 1.08413
33 39 1.08413
33 40 1.08413
33 41 1.08413
33 42 1.11658
33 43 1.1235
33 44 1.12396
33 45 1.12293
33 46 1.0949
33 47 1.0949
33 48 1.0949
33 49 1.0949
33 50 1.0949
33 51 1.18415
33 52 1.18615
33 53 1.16528
33 54 1.1507
33 55 1.10297
33 56 1.10297
33 57 1.10297
33 58 1.10297
33 59 1.10297
33 60 1.3079
33 61 1.28178
33 62 1.21178
33 63 1.17131
33 64 1.10714
33 65 1.10714
33 66 1.10714
33 67 1.10714
33 68 1.10714
33 69 1.44413
33 70 1.36584
33 71 1.24379
33 72 1.18101
34 1 1.0789
34 2 1.0789
34 3 1.0789
34 4 1.0789
34 5 1.0789
34 6 1.13395
34 7 1.15088
34 8 1.15745
34 9 1.15859
34 10 1.08752
34 11 1.08752
34 12 1.08752
34 13 1.08752
34 14 1.08752
34 15 1.24103
34 16 1.27466
34 17 1.24262
34 18 1.21373
34 19 1.09369
34 20 1.09369
34 21 1.09369
34 22 1.09369
34 23 1.09369
34 24 1.45852
34 25 1.64203
34 26 1.41921
34 27 1.26921
34 28 1.09686
34 29 1.09686
34 30 1.09686
34 31 1.09686
34 32 1.09686
34 33 2.13436
34 34 6.9108
34 35 1.99276
34 36 1.31204
34 37 1.07776
34 38 1.07776
34 39 1.07776
34 40 1.07776
34 41 1.07776
34 42 1.12315
34 43 1.13874
34 44 1.14743
34 45 1.15039
34 46 1.08516
34 47 1.08516
34 48 1.08516
34 49 1.08516
34 50 1.08516
34 51 1.18583
34 52 1.21095
34 53 1.2043
34 54 1.19381
34 55 1.09008
34 56 1.09008
34 57 1.09008
34 58 1.09008
34 59 1.09008
34 60 1.28146
34 61 1.33325
34 62 1.27782
34 63 1.23023
34 64 1.09245
34 65 1.09245
34 66 1.09245
34 67 1.09245
34 68 1.09245
34 69 1.36543
34 70 1.4667
34 71 1.3405
34 72 1.24967
35 1 1.07231
35 2 1.07231
35 3 1.07231
35 4 1.07231
35 5 1.07231
35 6 1.13088
35 7 1.15704
35 8 1.17839
35 9 1.18812
35 10 1.07755
35 11 1.07755
35 12 1.07755
35 13 1.07755
35 14 1.07755
35 15 1.19501
35 16 1.24312
35 17 1.2704
35 18 1.26932
35 19 1.08077
35 20 1.08077
35 21 1.08077
35 22 1.08077
35 23 1.08077
35 24 1.2779
35 25 1.40556
35 26 1.54355
35 27 1.37772
35 28 1.08225
35 29 1.08225
35 30 1.08225
35 31 1.08225
35 32 1.08225
35 33 1.39196
35 34 1.99276
35 35 6.28039
35 36 1.54494
35 37 1.07173
35 38 1.07173
35 39 1.07173
35 40 1.07173
35 41 1.07173
35 42 1.12323
35 43 1.14714
35 44 1.16767
35 45 1.17741
35 46 1.07641
35 47 1.07641
35 48 1.07641
35 49 1.07641
35 50 1.07641
35 51 1.16485
35 52 1.20436
35 53 1.23155
35 54 1.23946
35 55 1.07921
35 56 1.07921
35 57 1.07921
35 58 1.07921
35 59 1.07921
35 60 1.21161
35 61 1.27818
35 62 1.3144
35 63 1.29916
35 64 1.08056
35 65 1.08056
35 66 1.08056
35 67 1.08056
35 68 1.08056
35 69 1.24375
35 70 1.34114
35 71 1.39986
35 72 1.33639
36 1 1.06895
36 2 1.06895
36 3 1.06895
36 4 1.06895
36 5 1.06895
36 6 1.12752
36 7 1.15808
36 8 1.18806
36 9 1.20357
36 10 1.0726
36 11 1.0726
36 12 1.0726
36 13 1.0726
36 14 1.0726
36 15 1.16567
36 16 1.2141
36 17 1.26868
36 18 1.30046
36 19 1.07459
36 20 1.07459
36 21 1.07459
36 22 1.07459
36 23 1.07459
36 24 1.19311
36 25 1.26272
36 26 1.37356
36 27 1.45587
36 28 1.0755
36 29 1.0755
36 30 1.0755
36 31 1.0755
36 32 1.0755
36 33 1.20573
36 34 1.31204
36 35 1.54494
36 36 2.14754
36 37 1.06866
36 38 1.06866
36 39 1.06866
36 40 1.06866
36 41 1.06866
36 42 1.12202
36 43 1.15004
36 44 1.17742
36 45 1.1915
36 46 1.07204
36 47 1.07204
36 48 1.07204
36 49 1.07204
36 50 1.07204
36 51 1.15018
36 52 1.1939
36 53 1.23965
36 54 1.26413
36 55 1.0739
36 56 1.0739
36 57 1.0739
36 58 1.0739
36 59 1.0739
36 60 1.17108
36 61 1.23065
36 62 1.29948
36 63 1.3391
36 64 1.07484
36 65 1.07484
36 66 1.07484
36 67 1.07484
36 68 1.07484
36 69 1.18098
36 70 1.25048
36 71 1.33689
36 72 1.39089
37 1 1.14817
37 2 1.14817
37 3 1.14817
37 4 1.14817
37 5 1.14817
37 6 1.10775
37 7 1.09287
37 8 1.08084
37 9 1.07511
37 10 1.12946
37 11 1.12946
37 12 1.12946
37 13 1.12946
37 14 1.12946
37 15 1.09981
37 16 1.08839
37 17 1.07856
37 18 1.07355
37 19 1.11165
37 20 1.11165
37 21 1.11165
37 22 1.11165
37 23 1.11165
37 24 1.09131
37 25 1.08348
37 26 1.07563
37 27 1.07141
37 28 1.09758
37 29 1.09758
37 30 1.09758
37 31 1.09758
37 32 1.09758
37 33 1.08413
37 34 1.07776
37 35 1.07173
37 36 1.06866
37 37 1.30634
37 38 1.30634
37 39 1.30634
37 40 1.30634
37 41 1.30634
37 42 1.11959
37 43 1.09835
37 44 1.0835
37 45 1.07671
37 46 1.14808
37 47 1.14808
37 48 1.14808
37 49 1.14808
37 50 1.14808
37 51 1.10762
37 52 1.09274
37 53 1.08071
37 54 1.07498
37 55 1.11928
37 56 1.11928
37 57 1.11928
37 58 1.11928
37 59 1.11928
37 60 1.09626
37 61 1.08605
37 62 1.07707
37 63 1.07266
37 64 1.10168
37 65 1.10168
37 66 1.10168
37 67 1.10168
37 68 1.10168
37 69 1.08679
37 70 1.07965
37 71 1.0731
37 72 1.06983
38 1 1.14817
38 2 1.14817
38 3 1.14817
38 4 1.14817
38 5 1.14817
38 6 1.10775
38 7 1.09287
38 8 1.08084
38 9 1.07511
38 10 1.12946
38 11 1.12946
38 12 1.12946
38 13 1.12946
38 14 1.12946
38 15 1.09981
38 16 1.08839
38 17 1.07856
38 18 1.07355
38 19 1.11165
38 20 1.11165
38 21 1.11165
38 22 1.11165
38 23 1.11165
38 24 1.09131
38 25 1.08348
38 26 1.07563
38 27 1.07141
38 28 1.09758
38 29 1.09758
38 30 1.09758
38 31 1.09758
38 32 1.09758
38 33 1.08413
38 34 1.07776
38 35 1.07173
38 36 1.06866
38 37 1.30634
38 38 1.30634
38 39 1.30634
38 40 1.30634
38 41 1.30634
38 42 1.11959
38 43 1.09835
38 44 1.0835
38 45 1.07671
38 46 1.14808
38 47 1.14808
38 48 1.14808
38 49 1.14808
38 50 1.14808
38 51 1.10762
38 52 1.09274
38 53 1.08071
38 54 1.07498
38 55 1.11928
38 56 1.11928
38 57 1.11928
38 58 1.11928
38 59 1.11928
38 60 1.09626
38 61 1.08605
38 62 1.07707
38 63 1.07266
38 64 1.10168
38 65 1.10168
38 66 1.10168
38 67 1.10168
38 68 1.10168
38 69 1.08679
38 70 1.07965
38 71 1.0731
38 72 1.06983
39 1 1.14817
39 2 1.14817
39 3 1.14817
39 4 1.14817
39 5 1.14817
39 6 1.10775
39 7 1.09287
39 8 1.08084
39 9 1.07511
39 10 1.12946
39 11 1.12946
39 12 1.12946
39 13 1.12946
39 14 1.12946
39 15 1.09981
39 16 1.08839
39 17 1.07856
39 18 1.07355
39 19 1.11165
39 20 1.11165
39 21 1.11165
39 22 1.11165
39 23 1.11165
39 24 1.09131
39 25 1.08348
39 26 1.07563
39 27 1.07141
39 28 1.09758
39 29 1.09758
39 30 1.09758
39 31 1.09758
39 32 1.09758
39 33 1.08413
39 34 1.07776
39 35 1.07173
39 36 1.06866
39 37 1.30634
39 38 1.30634
39 39 1.30634
39 40 1.30634
39 41 1.30634
39 42 1.11959
39 43 1.09835
39 44 1.0835
39 45 1.07671
39 46 1.14808
39 47 1.14808
39 48 1.14808
39 49 1.14808
39 50 1.14808
39 51 1.10762
39 52 1.09274
39 53 1.08071
39 54 1.07498
39 55 1.11928
39 56 1.11928
39 57 1.11928
39 58 1.11928
39 59 1.11928
39 60 1.09626
39 61 1.08605
39 62 1.07707
39 63 1.07266
39 64 1.10168
39 65 1.10168
39 66 1.10168
39 67 1.10168
39 68 1.10168
39 69 1.08679
39 70 1.07965
39 71 1.0731
39 72 1.06983
40 1 1.14817
40 2 1.14817
40 3 1.14817
40 4 1.14817
40 5 1.14817
40 6 1.10775
40 7 1.09287
40 8 1.08084
40 9 1.07511
40 10 1.12946
40 11 1.12946
40 12 1.12946
40 13 1.12946
40 14 1.12946
40 15 1.09981
40 16 1.08839
40 17 1.07856
40 18 1.07355
40 19 1.11165
40 20 1.11165
40 21 1.11165
40 22 1.11165
40 23 1.11165
40 24 1.09131
40 25 1.08348
40 26 1.07563
40 27 1.07141
40 28 1.09758
40 29 1.09758
40 30 1.09758
40 31 1.09758
40 32 1.09758
40 33 1.08413
40 34 1.07776
40 35 1.07173
40 36 1.06866
40 37 1.30634
40 38 1.30634
40 39 1.30634
40 40 1.30634
40 41 1.30634
40 42 1.11959
40 43 1.09835
40 44 1.0835
40 45 1.07671
40 46 1.14808
40 47 1.14808
40 48 1.14808
40 49 1.14808
40 50 1.14808
40 51 1.10762
40 52 1.09274
40 53 1.08071
40 54 1.07498
40 55 1.11928
40 56 1.11928
40 57 1.11928
40 58 1.11928
40 59 1.11928
40 60 1.09626
40 61 1.08605
40 62 1.07707
40 63 1.07266
40 64 1.10168
40 65 1.10168
40 66 1.10168
40 67 1.10168
40 68 1.10168
40 69 1.08679
40 70 1.07965
40 71 1.0731
40 72 1.06983
41 1 1.14817
41 2 1.14817
41 3 1.14817
41 4 1.14817
41 5 1.14817
41 6 1.10775
41 7 1.09287
41 8 1.08084
41 9 1.07511
41 10 1.12946
41 11 1.12946
41 12 1.12946
41 13 1.12946
41 14 1.12946
41 15 1.09981
41 16 1.08839
41 17 1.07856
41 18 1.07355
41 19 1.11165
41 20 1.11165
41 21 1.11165
41 22 1.11165
41 23 1.11165
41 24 1.09131
41 25 1.08348
41 26 1.07563
41 27 1.07141
41 28 1.09758
41 29 1.09758
41 30 1.09758
41 31 1.09758
41 32 1.09758
41 33 1.08413
41 34 1.07776
41 35 1.07173
41 36 1.06866
41 37 1.30634
41 38 1.30634
41 39 1.30634
41 40 1.30634
41 41 1.30634
41 42 1.11959
41 43 1.09835
41 44 1.0835
41 45 1.07671
41 46 1.14808
41 47 1.14808
41 48 1.14808
41 49 1.14808
41 50 1.14808
41 51 1.10762
41 52 1.09274
41 53 1.08071
41 54 1.07498
41 55 1.11928
41 56 1.11928
41 57 1.11928
41 58 1.11928
41 59 1.11928
41 60 1.09626
41 61 1.08605
41 62 1.07707
41 63 1.07266
41 64 1.10168
41 65 1.10168
41 66 1.10168
41 67 1.10168
41 68 1.10168
41 69 1.08679
