injected_el measured_el potential
1 1 1.30509
1 2 1.30509
1 3 1.30509
1 4 1.30509
1 5 1.30509
1 6 1.1184
1 7 1.09718
1 8 1.08243
1 9 1.07574
1 10 1.14687
1 11 1.14687
1 12 1.14687
1 13 1.14687
1 14 1.14687
1 15 1.10662
1 16 1.09172
1 17 1.07967
1 18 1.07395
1 19 1.11809
1 20 1.11809
1 21 1.11809
1 22 1.11809
1 23 1.11809
1 24 1.09528
1 25 1.08503
1 26 1.07601
1 27 1.07159
1 28 1.10052
1 29 1.10052
1 30 1.10052
1 31 1.10052
1 32 1.10052
1 33 1.08572
1 34 1.07858
1 35 1.07203
1 36 1.06876
1 37 1.14794
1 38 1.14794
1 39 1.14794
1 40 1.14794
1 41 1.14794
1 42 1.10752
1 43 1.09273
1 44 1.08084
1 45 1.07532
1 46 1.12929
1 47 1.12929
1 48 1.12929
1 49 1.12929
1 50 1.12929
1 51 1.10082
1 52 1.08875
1 53 1.07851
1 54 1.07356
1 55 1.11152
1 56 1.11152
1 57 1.11152
1 58 1.11152
1 59 1.11152
1 60 1.09225
1 61 1.08329
1 62 1.07527
1 63 1.07131
1 64 1.09747
1 65 1.09747
1 66 1.09747
1 67 1.09747
1 68 1.09747
1 69 1.08412
1 70 1.07761
1 71 1.0716
1 72 1.0686
1 73 1.11942
1 74 1.11942
1 75 1.11942
1 76 1.11942
1 77 1.11942
1 78 1.09653
1 79 1.08646
1 80 1.07757
1 81 1.07343
1 82 1.11177
1 83 1.11177
1 84 1.11177
1 85 1.11177
1 86 1.11177
1 87 1.09257
1 88 1.0836
1 89 1.07565
1 90 1.07178
1 91 1.10157
1 92 1.10157
1 93 1.10157
1 94 1.10157
1 95 1.10157
1 96 1.08671
1 97 1.07954
1 98 1.07298
1 99 1.06972
1 100 1.09158
1 101 1.09158
1 102 1.09158
1 103 1.09158
1 104 1.09158
1 105 1.08044
1 106 1.07493
1 107 1.06981
1 108 1.06724
1 109 1.10165
1 110 1.10165
1 111 1.10165
1 112 1.10165
1 113 1.10165
1 114 1.08707
1 115 1.08
1 116 1.07347
1 117 1.0706
1 118 1.09752
1 119 1.09752
1 120 1.09752
1 121 1.09752
1 122 1.09752
1 123 1.08438
1 124 1.07782
1 125 1.07192
1 126 1.06906
1 127 1.09138
1 128 1.09138
1 129 1.09138
1 130 1.09138
1 131 1.09138
1 132 1.08031
1 133 1.07482
1 134 1.06975
1 135 1.06723
1 136 1.08452
1 137 1.08452
1 138 1.08452
1 139 1.08452
1 140 1.08452
1 141 1.07567
1 142 1.07124
1 143 1.0671
1 144 1.06501
2 1 1.30509
2 2 1.30509
2 3 1.30509
2 4 1.30509
2 5 1.30509
2 6 1.1184
2 7 1.09718
2 8 1.08243
2 9 1.07574
2 10 1.14687
2 11 1.14687
2 12 1.14687
2 13 1.14687
2 14 1.14687
2 15 1.10662
2 16 1.09172
2 17 1.07967
2 18 1.07395
2 19 1.11809
2 20 1.11809
2 21 1.11809
2 22 1.11809
2 23 1.11809
2 24 1.09528
2 25 1.08503
2 26 1.07601
2 27 1.07159
2 28 1.10052
2 29 1.10052
2 30 1.10052
2 31 1.10052
2 32 1.10052
2 33 1.08572
2 34 1.07858
2 35 1.07203
2 36 1.06876
2 37 1.14794
2 38 1.14794
2 39 1.14794
2 40 1.14794
2 41 1.14794
2 42 1.10752
2 43 1.09273
2 44 1.08084
2 45 1.07532
2 46 1.12929
2 47 1.12929
2 48 1.12929
2 49 1.12929
2 50 1.12929
2 51 1.10082
2 52 1.08875
2 53 1.07851
2 54 1.07356
2 55 1.11152
2 56 1.11152
2 57 1.11152
2 58 1.11152
2 59 1.11152
2 60 1.09225
2 61 1.08329
2 62 1.07527
2 63 1.07131
2 64 1.09747
2 65 1.09747
2 66 1.09747
2 67 1.09747
2 68 1.09747
2 69 1.08412
2 70 1.07761
2 71 1.0716
2 72 1.0686
2 73 1.11942
2 74 1.11942
2 75 1.11942
2 76 1.11942
2 77 1.11942
2 78 1.09653
2 79 1.08646
2 80 1.07757
2 81 1.07343
2 82 1.11177
2 83 1.11177
2 84 1.11177
2 85 1.11177
2 86 1.11177
2 87 1.09257
2 88 1.0836
2 89 1.07565
2 90 1.07178
2 91 1.10157
2 92 1.10157
2 93 1.10157
2 94 1.10157
2 95 1.10157
2 96 1.08671
2 97 1.07954
2 98 1.07298
2 99 1.06972
2 100 1.09158
2 101 1.09158
2 102 1.09158
2 103 1.09158
2 104 1.09158
2 105 1.08044
2 106 1.07493
2 107 1.06981
2 108 1.06724
2 109 1.10165
2 110 1.10165
2 111 1.10165
2 112 1.10165
2 113 1.10165
2 114 1.08707
2 115 1.08
2 116 1.07347
2 117 1.0706
2 118 1.09752
2 119 1.09752
2 120 1.09752
2 121 1.09752
2 122 1.09752
2 123 1.08438
2 124 1.07782
2 125 1.07192
2 126 1.06906
2 127 1.09138
2 128 1.09138
2 129 1.09138
2 130 1.09138
2 131 1.09138
2 132 1.08031
2 133 1.07482
2 134 1.06975
2 135 1.06723
2 136 1.08452
2 137 1.08452
2 138 1.08452
2 139 1.08452
2 140 1.08452
2 141 1.07567
2 142 1.07124
2 143 1.0671
2 144 1.06501
3 1 1.30509
3 2 1.30509
3 3 1.30509
3 4 1.30509
3 5 1.30509
3 6 1.1184
3 7 1.09718
3 8 1.08243
3 9 1.07574
3 10 1.14687
3 11 1.14687
3 12 1.14687
3 13 1.14687
3 14 1.14687
3 15 1.10662
3 16 1.09172
3 17 1.07967
3 18 1.07395
3 19 1.11809
3 20 1.11809
3 21 1.11809
3 22 1.11809
3 23 1.11809
3 24 1.09528
3 25 1.08503
3 26 1.07601
3 27 1.07159
3 28 1.10052
3 29 1.10052
3 30 1.10052
3 31 1.10052
3 32 1.10052
3 33 1.08572
3 34 1.07858
3 35 1.07203
3 36 1.06876
3 37 1.14794
3 38 1.14794
3 39 1.14794
3 40 1.14794
3 41 1.14794
3 42 1.10752
3 43 1.09273
3 44 1.08084
3 45 1.07532
3 46 1.12929
3 47 1.12929
3 48 1.12929
3 49 1.12929
3 50 1.12929
3 51 1.10082
3 52 1.08875
3 53 1.07851
3 54 1.07356
3 55 1.11152
3 56 1.11152
3 57 1.11152
3 58 1.11152
3 59 1.11152
3 60 1.09225
3 61 1.08329
3 62 1.07527
3 63 1.07131
3 64 1.09747
3 65 1.09747
3 66 1.09747
3 67 1.09747
3 68 1.09747
3 69 1.08412
3 70 1.07761
3 71 1.0716
3 72 1.0686
3 73 1.11942
3 74 1.11942
3 75 1.11942
3 76 1.11942
3 77 1.11942
3 78 1.09653
3 79 1.08646
3 80 1.07757
3 81 1.07343
3 82 1.11177
3 83 1.11177
3 84 1.11177
3 85 1.11177
3 86 1.11177
3 87 1.09257
3 88 1.0836
3 89 1.07565
3 90 1.07178
3 91 1.10157
3 92 1.10157
3 93 1.10157
3 94 1.10157
3 95 1.10157
3 96 1.08671
3 97 1.07954
3 98 1.07298
3 99 1.06972
3 100 1.09158
3 101 1.09158
3 102 1.09158
3 103 1.09158
3 104 1.09158
3 105 1.08044
3 106 1.07493
3 107 1.06981
3 108 1.06724
3 109 1.10165
3 110 1.10165
3 111 1.10165
3 112 1.10165
3 113 1.10165
3 114 1.08707
3 115 1.08
3 116 1.07347
3 117 1.0706
3 118 1.09752
3 119 1.09752
3 120 1.09752
3 121 1.09752
3 122 1.09752
3 123 1.08438
3 124 1.07782
3 125 1.07192
3 126 1.06906
3 127 1.09138
3 128 1.09138
3 129 1.09138
3 130 1.09138
3 131 1.09138
3 132 1.08031
3 133 1.07482
3 134 1.06975
3 135 1.06723
3 136 1.08452
3 137 1.08452
3 138 1.08452
3 139 1.08452
3 140 1.08452
3 141 1.07567
3 142 1.07124
3 143 1.0671
3 144 1.06501
4 1 1.30509
4 2 1.30509
4 3 1.30509
4 4 1.30509
4 5 1.30509
4 6 1.1184
4 7 1.09718
4 8 1.08243
4 9 1.07574
4 10 1.14687
4 11 1.14687
4 12 1.14687
4 13 1.14687
4 14 1.14687
4 15 1.10662
4 16 1.09172
4 17 1.07967
4 18 1.07395
4 19 1.11809
4 20 1.11809
4 21 1.11809
4 22 1.11809
4 23 1.11809
4 24 1.09528
4 25 1.08503
4 26 1.07601
4 27 1.07159
4 28 1.10052
4 29 1.10052
4 30 1.10052
4 31 1.10052
4 32 1.10052
4 33 1.08572
4 34 1.07858
4 35 1.07203
4 36 1.06876
4 37 1.14794
4 38 1.14794
4 39 1.14794
4 40 1.14794
4 41 1.14794
4 42 1.10752
4 43 1.09273
4 44 1.08084
4 45 1.07532
4 46 1.12929
4 47 1.12929
4 48 1.12929
4 49 1.12929
4 50 1.12929
4 51 1.10082
4 52 1.08875
4 53 1.07851
4 54 1.07356
4 55 1.11152
4 56 1.11152
4 57 1.11152
4 58 1.11152
4 59 1.11152
4 60 1.09225
4 61 1.08329
4 62 1.07527
4 63 1.07131
4 64 1.09747
4 65 1.09747
4 66 1.09747
4 67 1.09747
4 68 1.09747
4 69 1.08412
4 70 1.07761
4 71 1.0716
4 72 1.0686
4 73 1.11942
4 74 1.11942
4 75 1.11942
4 76 1.11942
4 77 1.11942
4 78 1.09653
4 79 1.08646
4 80 1.07757
4 81 1.07343
4 82 1.11177
4 83 1.11177
4 84 1.11177
4 85 1.11177
4 86 1.11177
4 87 1.09257
4 88 1.0836
4 89 1.07565
4 90 1.07178
4 91 1.10157
4 92 1.10157
4 93 1.10157
4 94 1.10157
4 95 1.10157
4 96 1.08671
4 97 1.07954
4 98 1.07298
4 99 1.06972
4 100 1.09158
4 101 1.09158
4 102 1.09158
4 103 1.09158
4 104 1.09158
4 105 1.08044
4 106 1.07493
4 107 1.06981
4 108 1.06724
4 109 1.10165
4 110 1.10165
4 111 1.10165
4 112 1.10165
4 113 1.10165
4 114 1.08707
4 115 1.08
4 116 1.07347
4 117 1.0706
4 118 1.09752
4 119 1.09752
4 120 1.09752
4 121 1.09752
4 122 1.09752
4 123 1.08438
4 124 1.07782
4 125 1.07192
4 126 1.06906
4 127 1.09138
4 128 1.09138
4 129 1.09138
4 130 1.09138
4 131 1.09138
4 132 1.08031
4 133 1.07482
4 134 1.06975
4 135 1.06723
4 136 1.08452
4 137 1.08452
4 138 1.08452
4 139 1.08452
4 140 1.08452
4 141 1.07567
4 142 1.07124
4 143 1.0671
4 144 1.06501
5 1 1.30509
5 2 1.30509
5 3 1.30509
5 4 1.30509
5 5 1.30509
5 6 1.1184
5 7 1.09718
5 8 1.08243
5 9 1.07574
5 10 1.14687
5 11 1.14687
5 12 1.14687
5 13 1.14687
5 14 1.14687
5 15 1.10662
5 16 1.09172
5 17 1.07967
5 18 1.07395
5 19 1.11809
5 20 1.11809
5 21 1.11809
5 22 1.11809
5 23 1.11809
5 24 1.09528
5 25 1.08503
5 26 1.07601
5 27 1.07159
5 28 1.10052
5 29 1.10052
5 30 1.10052
5 31 1.10052
5 32 1.10052
5 33 1.08572
5 34 1.07858
5 35 1.07203
5 36 1.06876
5 37 1.14794
5 38 1.14794
5 39 1.14794
5 40 1.14794
5 41 1.14794
5 42 1.10752
5 43 1.09273
5 44 1.08084
5 45 1.07532
5 46 1.12929
5 47 1.12929
5 48 1.12929
5 49 1.12929
5 50 1.12929
5 51 1.10082
5 52 1.08875
5 53 1.07851
5 54 1.07356
5 55 1.11152
5 56 1.11152
5 57 1.11152
5 58 1.11152
5 59 1.11152
5 60 1.09225
5 61 1.08329
5 62 1.07527
5 63 1.07131
5 64 1.09747
5 65 1.09747
5 66 1.09747
5 67 1.09747
5 68 1.09747
5 69 1.08412
5 70 1.07761
5 71 1.0716
5 72 1.0686
5 73 1.11942
5 74 1.11942
5 75 1.11942
5 76 1.11942
5 77 1.11942
5 78 1.09653
5 79 1.08646
5 80 1.07757
5 81 1.07343
5 82 1.11177
5 83 1.11177
5 84 1.11177
5 85 1.11177
5 86 1.11177
5 87 1.09257
5 88 1.0836
5 89 1.07565
5 90 1.07178
5 91 1.10157
5 92 1.10157
5 93 1.10157
5 94 1.10157
5 95 1.10157
5 96 1.08671
5 97 1.07954
5 98 1.07298
5 99 1.06972
5 100 1.09158
5 101 1.09158
5 102 1.09158
5 103 1.09158
5 104 1.09158
5 105 1.08044
5 106 1.07493
5 107 1.06981
5 108 1.06724
5 109 1.10165
5 110 1.10165
5 111 1.10165
5 112 1.10165
5 113 1.10165
5 114 1.08707
5 115 1.08
5 116 1.07347
5 117 1.0706
5 118 1.09752
5 119 1.09752
5 120 1.09752
5 121 1.09752
5 122 1.09752
5 123 1.08438
5 124 1.07782
5 125 1.07192
5 126 1.06906
5 127 1.09138
5 128 1.09138
5 129 1.09138
5 130 1.09138
5 131 1.09138
5 132 1.08031
5 133 1.07482
5 134 1.06975
5 135 1.06723
5 136 1.08452
5 137 1.08452
5 138 1.08452
5 139 1.08452
5 140 1.08452
5 141 1.07567
5 142 1.07124
5 143 1.0671
5 144 1.06501
6 1 1.1184
6 2 1.1184
6 3 1.1184
6 4 1.1184
6 5 1.1184
6 6 6.91782
6 7 2.14277
6 8 1.39325
6 9 1.20543
6 10 1.10656
6 11 1.10656
6 12 1.10656
6 13 1.10656
6 14 1.10656
6 15 1.44552
6 16 1.3665
6 17 1.24314
6 18 1.17964
6 19 1.09521
6 20 1.09521
6 21 1.09521
6 22 1.09521
6 23 1.09521
6 24 1.19355
6 25 1.19301
6 26 1.16762
6 27 1.15065
6 28 1.08565
6 29 1.08565
6 30 1.08565
6 31 1.08565
6 32 1.08565
6 33 1.1244
6 34 1.13083
6 35 1.12883
6 36 1.12618
6 37 1.10786
6 38 1.10786
6 39 1.10786
6 40 1.10786
6 41 1.10786
6 42 1.43877
6 43 1.36202
6 44 1.24152
6 45 1.18076
6 46 1.10086
6 47 1.10086
6 48 1.10086
6 49 1.10086
6 50 1.10086
6 51 1.25778
6 52 1.24476
6 53 1.19436
6 54 1.16378
6 55 1.09223
6 56 1.09223
6 57 1.09223
6 58 1.09223
6 59 1.09223
6 60 1.15928
6 61 1.16359
6 62 1.1511
6 63 1.1417
6 64 1.08408
6 65 1.08408
6 66 1.08408
6 67 1.08408
6 68 1.08408
6 69 1.11543
6 70 1.12198
6 71 1.12231
6 72 1.12125
6 73 1.09698
6 74 1.09698
6 75 1.09698
6 76 1.09698
6 77 1.09698
6 78 1.18912
6 79 1.19004
6 80 1.16665
6 81 1.15175
6 82 1.09266
6 83 1.09266
6 84 1.09266
6 85 1.09266
6 86 1.09266
6 87 1.15805
6 88 1.16265
6 89 1.15074
6 90 1.14179
6 91 1.08673
6 92 1.08673
6 93 1.08673
6 94 1.08673
6 95 1.08673
6 96 1.12512
6 97 1.13165
6 98 1.12981
6 99 1.12724
6 100 1.08043
6 101 1.08043
6 102 1.08043
6 103 1.08043
6 104 1.08043
6 105 1.10266
6 106 1.1089
6 107 1.11153
6 108 1.11216
6 109 1.08738
6 110 1.08738
6 111 1.08738
6 112 1.08738
6 113 1.08738
6 114 1.12171
6 115 1.1289
6 116 1.1281
6 117 1.12687
6 118 1.08447
6 119 1.08447
6 120 1.08447
6 121 1.08447
6 122 1.08447
6 123 1.11382
6 124 1.1207
6 125 1.12161
6 126 1.12096
6 127 1.08038
6 128 1.08038
6 129 1.08038
6 130 1.08038
6 131 1.08038
6 132 1.10198
6 133 1.10825
6 134 1.11105
6 135 1.11179
6 136 1.07569
6 137 1.07569
6 138 1.07569
6 139 1.07569
6 140 1.07569
6 141 1.09076
6 142 1.09619
6 143 1.09984
6 144 1.10136
7 1 1.09718
7 2 1.09718
7 3 1.09718
7 4 1.09718
7 5 1.09718
7 6 2.14277
7 7 6.91659
7 8 1.99299
7 9 1.31373
7 10 1.09164
7 11 1.09164
7 12 1.09164
7 13 1.09164
7 14 1.09164
7 15 1.36626
7 16 1.46764
7 17 1.34081
7 18 1.24944
7 19 1.08493
7 20 1.08493
7 21 1.08493
7 22 1.08493
7 23 1.08493
7 24 1.19292
7 25 1.22022
7 26 1.20974
7 27 1.19621
7 28 1.07849
7 29 1.07849
7 30 1.07849
7 31 1.07849
7 32 1.07849
7 33 1.13081
7 34 1.14776
7 35 1.15531
7 36 1.15709
7 37 1.09299
7 38 1.09299
7 39 1.09299
7 40 1.09299
7 41 1.09299
7 42 1.36088
7 43 1.46174
7 44 1.33815
7 45 1.25043
7 46 1.08879
7 47 1.08879
7 48 1.08879
7 49 1.08879
7 50 1.08879
7 51 1.24455
7 52 1.28395
7 53 1.25022
7 54 1.2184
7 55 1.08325
7 56 1.08325
7 57 1.08325
7 58 1.08325
7 59 1.08325
7 60 1.16349
7 61 1.18526
7 62 1.18567
7 63 1.18103
7 64 1.07755
7 65 1.07755
7 66 1.07755
7 67 1.07755
7 68 1.07755
7 69 1.12197
7 70 1.13745
7 71 1.14624
7 72 1.14928
7 73 1.08681
7 74 1.08681
7 75 1.08681
7 76 1.08681
7 77 1.08681
7 78 1.18834
7 79 1.2165
7 80 1.20808
7 81 1.1968
7 82 1.08373
7 83 1.08373
7 84 1.08373
7 85 1.08373
7 86 1.08373
7 87 1.16211
7 88 1.18416
7 89 1.18512
7 90 1.18089
7 91 1.07955
7 92 1.07955
7 93 1.07955
7 94 1.07955
7 95 1.07955
7 96 1.13151
7 97 1.14852
7 98 1.1563
7 99 1.15821
7 100 1.07491
7 101 1.07491
7 102 1.07491
7 103 1.07491
7 104 1.07491
7 105 1.10888
7 106 1.12215
7 107 1.13164
7 108 1.13572
7 109 1.08039
7 110 1.08039
7 111 1.08039
7 112 1.08039
7 113 1.08039
7 114 1.12729
7 115 1.14502
7 116 1.15384
7 117 1.15698
7 118 1.07805
7 119 1.07805
7 120 1.07805
7 121 1.07805
7 122 1.07805
7 123 1.11991
7 124 1.13583
7 125 1.14518
7 126 1.14854
7 127 1.07491
7 128 1.07491
7 129 1.07491
7 130 1.07491
7 131 1.07491
7 132 1.10804
7 133 1.12133
7 134 1.13098
7 135 1.13515
7 136 1.07126
7 137 1.07126
7 138 1.07126
7 139 1.07126
7 140 1.07126
7 141 1.09615
7 142 1.107
7 143 1.11596
7 144 1.12019
8 1 1.08243
8 2 1.08243
8 3 1.08243
8 4 1.08243
8 5 1.08243
8 6 1.39325
8 7 1.99299
8 8 6.20793
8 9 1.54582
8 10 1.07963
8 11 1.07963
8 12 1.07963
8 13 1.07963
8 14 1.07963
8 15 1.24282
8 16 1.34029
8 17 1.39877
8 18 1.33552
8 19 1.07596
8 20 1.07596
8 21 1.07596
8 22 1.07596
8 23 1.07596
8 24 1.16752
8 25 1.20957
8 26 1.23762
8 27 1.24404
8 28 1.07197
8 29 1.07197
8 30 1.07197
8 31 1.07197
8 32 1.07197
8 33 1.12882
8 34 1.15524
8 35 1.17738
8 36 1.18754
8 37 1.08103
8 38 1.08103
8 39 1.08103
8 40 1.08103
8 41 1.08103
8 42 1.24113
8 43 1.33889
8 44 1.39755
8 45 1.33631
8 46 1.07855
8 47 1.07855
8 48 1.07855
8 49 1.07855
8 50 1.07855
8 51 1.19415
8 52 1.25013
8 53 1.28209
8 54 1.27869
8 55 1.07526
8 56 1.07526
8 57 1.07526
8 58 1.07526
8 59 1.07526
8 60 1.15101
8 61 1.18557
8 62 1.21138
8 63 1.22109
8 64 1.07158
8 65 1.07158
8 66 1.07158
8 67 1.07158
8 68 1.07158
8 69 1.1223
8 70 1.14619
8 71 1.16685
8 72 1.17668
8 73 1.07792
8 74 1.07792
8 75 1.07792
8 76 1.07792
8 77 1.07792
8 78 1.16489
8 79 1.20766
8 80 1.23648
8 81 1.24397
8 82 1.07579
8 83 1.07579
8 84 1.07579
8 85 1.07579
8 86 1.07579
8 87 1.15003
8 88 1.18489
8 89 1.21091
8 90 1.22069
8 91 1.07302
8 92 1.07302
8 93 1.07302
8 94 1.07302
8 95 1.07302
8 96 1.12959
8 97 1.15615
8 98 1.17849
8 99 1.18877
8 100 1.06982
8 101 1.06982
8 102 1.06982
8 103 1.06982
8 104 1.06982
8 105 1.11149
8 106 1.13158
8 107 1.14963
8 108 1.15848
8 109 1.074
8 110 1.074
8 111 1.074
8 112 1.074
8 113 1.074
8 114 1.12561
8 115 1.15285
8 116 1.1757
8 117 1.18653
8 118 1.07215
8 119 1.07215
8 120 1.07215
8 121 1.07215
8 122 1.07215
8 123 1.12028
8 124 1.14466
8 125 1.16561
8 126 1.17545
8 127 1.06985
8 128 1.06985
8 129 1.06985
8 130 1.06985
8 131 1.06985
8 132 1.11061
8 133 1.1307
8 134 1.14883
8 135 1.1577
8 136 1.06713
8 137 1.06713
8 138 1.06713
8 139 1.06713
8 140 1.06713
8 141 1.09974
8 142 1.11586
8 143 1.13076
8 144 1.1382
9 1 1.07574
9 2 1.07574
9 3 1.07574
9 4 1.07574
9 5 1.07574
9 6 1.20543
9 7 1.31373
9 8 1.54582
9 9 2.14691
9 10 1.07395
9 11 1.07395
9 12 1.07395
9 13 1.07395
9 14 1.07395
9 15 1.17972
9 16 1.24939
9 17 1.33564
9 18 1.3892
9 19 1.07158
9 20 1.07158
9 21 1.07158
9 22 1.07158
9 23 1.07158
9 24 1.1507
9 25 1.19613
9 26 1.24401
9 27 1.26968
9 28 1.06875
9 29 1.06875
9 30 1.06875
9 31 1.06875
9 32 1.06875
9 33 1.12622
9 34 1.15702
9 35 1.1875
9 36 1.20325
9 37 1.07536
9 38 1.07536
9 39 1.07536
9 40 1.07536
9 41 1.07536
9 42 1.17949
9 43 1.24956
9 44 1.3354
9 45 1.38859
9 46 1.0736
9 47 1.0736
9 48 1.0736
9 49 1.0736
9 50 1.0736
9 51 1.16351
9 52 1.21813
9 53 1.27845
9 54 1.31169
9 55 1.07133
9 56 1.07133
9 57 1.07133
9 58 1.07133
9 59 1.07133
9 60 1.14161
9 61 1.18082
9 62 1.22089
9 63 1.24192
9 64 1.06861
9 65 1.06861
9 66 1.06861
9 67 1.06861
9 68 1.06861
9 69 1.12123
9 70 1.14915
9 71 1.17654
9 72 1.19063
9 73 1.07355
9 74 1.07355
9 75 1.07355
9 76 1.07355
9 77 1.07355
9 78 1.14902
9 79 1.19498
9 80 1.24278
9 81 1.26848
9 82 1.07186
9 83 1.07186
9 84 1.07186
9 85 1.07186
9 86 1.07186
9 87 1.1408
9 88 1.18027
9 89 1.22031
9 90 1.24115
9 91 1.06977
9 92 1.06977
9 93 1.06977
9 94 1.06977
9 95 1.06977
9 96 1.1269
9 97 1.15783
9 98 1.18848
9 99 1.20428
9 100 1.06726
9 101 1.06726
9 102 1.06726
9 103 1.06726
9 104 1.06726
9 105 1.11205
9 106 1.13552
9 107 1.1583
9 108 1.16995
9 109 1.07079
9 110 1.07079
9 111 1.07079
9 112 1.07079
9 113 1.07079
9 114 1.12316
9 115 1.1547
9 116 1.18542
9 117 1.20127
9 118 1.0692
9 119 1.0692
9 120 1.0692
9 121 1.0692
9 122 1.0692
9 123 1.11919
9 124 1.14758
9 125 1.17503
9 126 1.18891
9 127 1.06731
9 128 1.06731
9 129 1.06731
9 130 1.06731
9 131 1.06731
9 132 1.11113
9 133 1.13457
9 134 1.15736
9 135 1.16897
9 136 1.06505
9 137 1.06505
9 138 1.06505
9 139 1.06505
9 140 1.06505
9 141 1.10116
9 142 1.11991
9 143 1.13798
9 144 1.14719
10 1 1.14687
10 2 1.14687
10 3 1.14687
10 4 1.14687
10 5 1.14687
10 6 1.10656
10 7 1.09164
10 8 1.07963
10 9 1.07395
10 10 1.3042
10 11 1.3042
10 12 1.3042
10 13 1.3042
10 14 1.3042
10 15 1.1175
10 16 1.09627
10 17 1.08144
10 18 1.07468
10 19 1.16164
10 20 1.16164
10 21 1.16164
10 22 1.16164
10 23 1.16164
10 24 1.11001
10 25 1.09319
10 26 1.08009
10 27 1.07393
10 28 1.12579
10 29 1.12579
10 30 1.12579
10 31 1.12579
10 32 1.12579
10 33 1.09877
10 34 1.08713
10 35 1.07712
10 36 1.07224
10 37 1.12927
10 38 1.12927
10 39 1.12927
10 40 1.12927
10 41 1.12927
10 42 1.10055
10 43 1.08855
10 44 1.07838
10 45 1.07359
10 46 1.14706
10 47 1.14706
10 48 1.14706
10 49 1.14706
10 50 1.14706
10 51 1.10675
10 52 1.09185
10 53 1.07985
10 54 1.07419
10 55 1.13515
10 56 1.13515
10 57 1.13515
10 58 1.13515
10 59 1.13515
10 60 1.10288
10 61 1.08976
10 62 1.07876
10 63 1.07347
10 64 1.11697
10 65 1.11697
10 66 1.11697
10 67 1.11697
10 68 1.11697
10 69 1.095
10 70 1.08503
10 71 1.07622
10 72 1.07188
10 73 1.11173
10 74 1.11173
10 75 1.11173
10 76 1.11173
10 77 1.11173
10 78 1.09216
10 79 1.0834
10 80 1.07551
10 81 1.07183
10 82 1.11854
10 83 1.11854
10 84 1.11854
10 85 1.11854
10 86 1.11854
10 87 1.09569
10 88 1.08545
10 89 1.07655
10 90 1.07226
10 91 1.11424
10 92 1.11424
10 93 1.11424
10 94 1.11424
10 95 1.11424
10 96 1.09358
10 97 1.08412
10 98 1.07572
10 99 1.0716
10 100 1.10497
10 101 1.10497
10 102 1.10497
10 103 1.10497
10 104 1.10497
10 105 1.08861
10 106 1.08081
10 107 1.07372
10 108 1.07019
10 109 1.09747
10 110 1.09747
10 111 1.09747
10 112 1.09747
10 113 1.09747
10 114 1.08406
10 115 1.07767
10 116 1.07173
10 117 1.06914
10 118 1.10076
10 119 1.10076
10 120 1.10076
10 121 1.10076
10 122 1.10076
10 123 1.08601
10 124 1.07886
10 125 1.07245
10 126 1.06939
10 127 1.09866
10 128 1.09866
10 129 1.09866
10 130 1.09866
10 131 1.09866
10 132 1.08471
10 133 1.07798
10 134 1.07183
10 135 1.06879
10 136 1.09351
10 137 1.09351
10 138 1.09351
10 139 1.09351
10 140 1.09351
10 141 1.08157
10 142 1.07571
10 143 1.07029
10 144 1.06758
11 1 1.14687
11 2 1.14687
11 3 1.14687
11 4 1.14687
11 5 1.14687
11 6 1.10656
11 7 1.09164
11 8 1.07963
11 9 1.07395
11 10 1.3042
11 11 1.3042
11 12 1.3042
11 13 1.3042
11 14 1.3042
11 15 1.1175
11 16 1.09627
11 17 1.08144
11 18 1.07468
11 19 1.16164
11 20 1.16164
11 21 1.16164
11 22 1.16164
11 23 1.16164
11 24 1.11001
11 25 1.09319
11 26 1.08009
11 27 1.07393
11 28 1.12579
11 29 1.12579
11 30 1.12579
11 31 1.12579
11 32 1.12579
11 33 1.09877
11 34 1.08713
11 35 1.07712
11 36 1.07224
11 37 1.12927
11 38 1.12927
11 39 1.12927
11 40 1.12927
11 41 1.12927
11 42 1.10055
11 43 1.08855
11 44 1.07838
11 45 1.07359
11 46 1.14706
11 47 1.14706
11 48 1.14706
11 49 1.14706
11 50 1.14706
11 51 1.10675
11 52 1.09185
11 53 1.07985
11 54 1.07419
11 55 1.13515
11 56 1.13515
11 57 1.13515
11 58 1.13515
11 59 1.13515
11 60 1.10288
11 61 1.08976
11 62 1.07876
11 63 1.07347
11 64 1.11697
11 65 1.11697
11 66 1.11697
11 67 1.11697
11 68 1.11697
11 69 1.095
11 70 1.08503
11 71 1.07622
11 72 1.07188
11 73 1.11173
11 74 1.11173
11 75 1.11173
11 76 1.11173
11 77 1.11173
11 78 1.09216
11 79 1.0834
11 80 1.07551
11 81 1.07183
11 82 1.11854
11 83 1.11854
11 84 1.11854
11 85 1.11854
11 86 1.11854
11 87 1.09569
11 88 1.08545
11 89 1.07655
11 90 1.07226
11 91 1.11424
11 92 1.11424
11 93 1.11424
11 94 1.11424
11 95 1.11424
11 96 1.09358
11 97 1.08412
11 98 1.07572
11 99 1.0716
11 100 1.10497
11 101 1.10497
11 102 1.10497
11 103 1.10497
11 104 1.10497
11 105 1.08861
11 106 1.08081
11 107 1.07372
11 108 1.07019
11 109 1.09747
11 110 1.09747
11 111 1.09747
11 112 1.09747
11 113 1.09747
11 114 1.08406
11 115 1.07767
11 116 1.07173
11 117 1.06914
11 118 1.10076
11 119 1.10076
11 120 1.10076
11 121 1.10076
11 122 1.10076
11 123 1.08601
11 124 1.07886
11 125 1.07245
11 126 1.06939
11 127 1.09866
11 128 1.09866
11 129 1.09866
11 130 1.09866
11 131 1.09866
11 132 1.08471
11 133 1.07798
11 134 1.07183
11 135 1.06879
11 136 1.09351
11 137 1.09351
11 138 1.09351
11 139 1.09351
11 140 1.09351
11 141 1.08157
11 142 1.07571
11 143 1.07029
11 144 1.06758
12 1 1.14687
12 2 1.14687
12 3 1.14687
12 4 1.14687
12 5 1.14687
12 6 1.10656
12 7 1.09164
12 8 1.07963
12 9 1.07395
12 10 1.3042
12 11 1.3042
12 12 1.3042
12 13 1.3042
12 14 1.3042
12 15 1.1175
12 16 1.09627
12 17 1.08144
12 18 1.07468
12 19 1.16164
12 20 1.16164
12 21 1.16164
12 22 1.16164
12 23 1.16164
12 24 1.11001
12 25 1.09319
12 26 1.08009
12 27 1.07393
12 28 1.12579
12 29 1.12579
12 30 1.12579
12 31 1.12579
12 32 1.12579
12 33 1.09877
12 34 1.08713
12 35 1.07712
12 36 1.07224
12 37 1.12927
12 38 1.12927
12 39 1.12927
12 40 1.12927
12 41 1.12927
12 42 1.10055
12 43 1.08855
12 44 1.07838
12 45 1.07359
12 46 1.14706
12 47 1.14706
12 48 1.14706
12 49 1.14706
12 50 1.14706
12 51 1.10675
12 52 1.09185
12 53 1.07985
12 54 1.07419
12 55 1.13515
12 56 1.13515
12 57 1.13515
12 58 1.13515
12 59 1.13515
12 60 1.10288
12 61 1.08976
12 62 1.07876
12 63 1.07347
12 64 1.11697
12 65 1.11697
12 66 1.11697
12 67 1.11697
12 68 1.11697
12 69 1.095
12 70 1.08503
12 71 1.07622
12 72 1.07188
12 73 1.11173
12 74 1.11173
12 75 1.11173
12 76 1.11173
12 77 1.11173
12 78 1.09216
12 79 1.0834
12 80 1.07551
12 81 1.07183
12 82 1.11854
12 83 1.11854
12 84 1.11854
12 85 1.11854
12 86 1.11854
12 87 1.09569
12 88 1.08545
12 89 1.07655
12 90 1.07226
12 91 1.11424
12 92 1.11424
12 93 1.11424
12 94 1.11424
12 95 1.11424
12 96 1.09358
12 97 1.08412
12 98 1.07572
12 99 1.0716
12 100 1.10497
12 101 1.10497
12 102 1.10497
12 103 1.10497
12 104 1.10497
12 105 1.08861
12 106 1.08081
12 107 1.07372
12 108 1.07019
12 109 1.09747
12 110 1.09747
12 111 1.09747
12 112 1.09747
12 113 1.09747
12 114 1.08406
12 115 1.07767
12 116 1.07173
12 117 1.06914
12 118 1.10076
12 119 1.10076
12 120 1.10076
12 121 1.10076
12 122 1.10076
12 123 1.08601
12 124 1.07886
12 125 1.07245
12 126 1.06939
12 127 1.09866
12 128 1.09866
12 129 1.09866
12 130 1.09866
12 131 1.09866
12 132 1.08471
12 133 1.07798
12 134 1.07183
12 135 1.06879
12 136 1.09351
12 137 1.09351
12 138 1.09351
12 139 1.09351
12 140 1.09351
12 141 1.08157
12 142 1.07571
12 143 1.07029
12 144 1.06758
13 1 1.14687
13 2 1.14687
13 3 1.14687
13 4 1.14687
13 5 1.14687
13 6 1.10656
13 7 1.09164
13 8 1.07963
13 9 1.07395
13 10 1.3042
13 11 1.3042
13 12 1.3042
13 13 1.3042
13 14 1.3042
13 15 1.1175
13 16 1.09627
13 17 1.08144
13 18 1.07468
13 19 1.16164
13 20 1.16164
13 21 1.16164
13 22 1.16164
13 23 1.16164
13 24 1.11001
13 25 1.09319
13 26 1.08009
13 27 1.07393
13 28 1.12579
13 29 1.12579
13 30 1.12579
13 31 1.12579
13 32 1.12579
13 33 1.09877
13 34 1.08713
13 35 1.07712
13 36 1.07224
13 37 1.12927
13 38 1.12927
13 39 1.12927
13 40 1.12927
13 41 1.12927
13 42 1.10055
13 43 1.08855
13 44 1.07838
13 45 1.07359
13 46 1.14706
13 47 1.14706
13 48 1.14706
13 49 1.14706
13 50 1.14706
13 51 1.10675
13 52 1.09185
13 53 1.07985
13 54 1.07419
13 55 1.13515
13 56 1.13515
13 57 1.13515
13 58 1.13515
13 59 1.13515
13 60 1.10288
13 61 1.08976
13 62 1.07876
13 63 1.07347
13 64 1.11697
13 65 1.11697
13 66 1.11697
13 67 1.11697
13 68 1.11697
13 69 1.095
13 70 1.08503
13 71 1.07622
13 72 1.07188
13 73 1.11173
13 74 1.11173
13 75 1.11173
13 76 1.11173
13 77 1.11173
13 78 1.09216
13 79 1.0834
13 80 1.07551
13 81 1.07183
13 82 1.11854
13 83 1.11854
13 84 1.11854
13 85 1.11854
13 86 1.11854
13 87 1.09569
13 88 1.08545
13 89 1.07655
13 90 1.07226
13 91 1.11424
13 92 1.11424
13 93 1.11424
13 94 1.11424
13 95 1.11424
13 96 1.09358
13 97 1.08412
13 98 1.07572
13 99 1.0716
13 100 1.10497
13 101 1.10497
13 102 1.10497
13 103 1.10497
13 104 1.10497
13 105 1.08861
13 106 1.08081
13 107 1.07372
13 108 1.07019
13 109 1.09747
13 110 1.09747
13 111 1.09747
13 112 1.09747
13 113 1.09747
13 114 1.08406
13 115 1.07767
13 116 1.07173
13 117 1.06914
13 118 1.10076
13 119 1.10076
13 120 1.10076
13 121 1.10076
13 122 1.10076
13 123 1.08601
13 124 1.07886
13 125 1.07245
13 126 1.06939
13 127 1.09866
13 128 1.09866
13 129 1.09866
13 130 1.09866
13 131 1.09866
13 132 1.08471
13 133 1.07798
13 134 1.07183
13 135 1.06879
13 136 1.09351
13 137 1.09351
13 138 1.09351
13 139 1.09351
13 140 1.09351
13 141 1.08157
13 142 1.07571
13 143 1.07029
13 144 1.06758
14 1 1.14687
14 2 1.14687
14 3 1.14687
14 4 1.14687
14 5 1.14687
14 6 1.10656
14 7 1.09164
14 8 1.07963
14 9 1.07395
14 10 1.3042
14 11 1.3042
14 12 1.3042
14 13 1.3042
14 14 1.3042
14 15 1.1175
14 16 1.09627
14 17 1.08144
14 18 1.07468
14 19 1.16164
14 20 1.16164
14 21 1.16164
14 22 1.16164
14 23 1.16164
14 24 1.11001
14 25 1.09319
14 26 1.08009
14 27 1.07393
14 28 1.12579
14 29 1.12579
14 30 1.12579
14 31 1.12579
14 32 1.12579
14 33 1.09877
14 34 1.08713
14 35 1.07712
14 36 1.07224
14 37 1.12927
14 38 1.12927
14 39 1.12927
14 40 1.12927
14 41 1.12927
14 42 1.10055
14 43 1.08855
14 44 1.07838
14 45 1.07359
14 46 1.14706
14 47 1.14706
14 48 1.14706
14 49 1.14706
14 50 1.14706
14 51 1.10675
14 52 1.09185
14 53 1.07985
14 54 1.07419
14 55 1.13515
14 56 1.13515
14 57 1.13515
14 58 1.13515
14 59 1.13515
14 60 1.10288
14 61 1.08976
14 62 1.07876
14 63 1.07347
14 64 1.11697
14 65 1.11697
14 66 1.11697
14 67 1.11697
14 68 1.11697
14 69 1.095
14 70 1.08503
14 71 1.07622
14 72 1.07188
14 73 1.11173
14 74 1.11173
14 75 1.11173
14 76 1.11173
14 77 1.11173
14 78 1.09216
14 79 1.0834
14 80 1.07551
14 81 1.07183
14 82 1.11854
14 83 1.11854
14 84 1.11854
14 85 1.11854
14 86 1.11854
14 87 1.09569
14 88 1.08545
14 89 1.07655
14 90 1.07226
14 91 1.11424
14 92 1.11424
14 93 1.11424
14 94 1.11424
14 95 1.11424
14 96 1.09358
14 97 1.08412
14 98 1.07572
14 99 1.0716
14 100 1.10497
14 101 1.10497
14 102 1.10497
14 103 1.10497
14 104 1.10497
14 105 1.08861
14 106 1.08081
14 107 1.07372
14 108 1.07019
14 109 1.09747
14 110 1.09747
14 111 1.09747
14 112 1.09747
14 113 1.09747
14 114 1.08406
14 115 1.07767
14 116 1.07173
14 117 1.06914
14 118 1.10076
14 119 1.10076
14 120 1.10076
14 121 1.10076
14 122 1.10076
14 123 1.08601
14 124 1.07886
14 125 1.07245
14 126 1.06939
14 127 1.09866
14 128 1.09866
14 129 1.09866
14 130 1.09866
14 131 1.09866
14 132 1.08471
14 133 1.07798
14 134 1.07183
14 135 1.06879
14 136 1.09351
14 137 1.09351
14 138 1.09351
14 139 1.09351
14 140 1.09351
14 141 1.08157
14 142 1.07571
14 143 1.07029
14 144 1.06758
15 1 1.10662
15 2 1.10662
15 3 1.10662
15 4 1.10662
15 5 1.10662
15 6 1.44552
15 7 1.36626
15 8 1.24282
15 9 1.17972
15 10 1.1175
15 11 1.1175
15 12 1.1175
15 13 1.1175
15 14 1.1175
15 15 6.92012
15 16 2.14542
15 17 1.39423
15 18 1.20455
15 19 1.10998
15 20 1.10998
15 21 1.10998
15 22 1.10998
15 23 1.10998
15 24 1.68153
15 25 1.48502
15 26 1.28153
15 27 1.18865
15 28 1.09873
15 29 1.09873
15 30 1.09873
15 31 1.09873
15 32 1.09873
15 33 1.24193
15 34 1.23189
15 35 1.18745
15 36 1.16004
15 37 1.10092
15 38 1.10092
15 39 1.10092
15 40 1.10092
15 41 1.10092
15 42 1.25522
15 43 1.24297
15 44 1.19317
15 45 1.16377
15 46 1.10686
15 47 1.10686
15 48 1.10686
15 49 1.10686
15 50 1.10686
15 51 1.44519
15 52 1.36622
15 53 1.24282
15 54 1.17968
15 55 1.1029
15 56 1.1029
15 57 1.1029
15 58 1.1029
15 59 1.1029
15 60 1.31076
15 61 1.28364
15 62 1.21144
15 63 1.16987
15 64 1.09499
15 65 1.09499
15 66 1.09499
15 67 1.09499
15 68 1.09499
15 69 1.18455
15 70 1.18585
15 71 1.16412
15 72 1.14915
15 73 1.09272
15 74 1.09272
15 75 1.09272
15 76 1.09272
15 77 1.09272
15 78 1.15506
15 79 1.1607
15 80 1.14952
15 81 1.14162
15 82 1.09587
15 83 1.09587
15 84 1.09587
15 85 1.09587
15 86 1.09587
15 87 1.19205
15 88 1.19191
15 89 1.16701
15 90 1.15072
15 91 1.09365
15 92 1.09365
15 93 1.09365
15 94 1.09365
15 95 1.09365
15 96 1.17147
15 97 1.17436
15 98 1.15737
15 99 1.14529
15 100 1.08862
15 101 1.08862
15 102 1.08862
15 103 1.08862
15 104 1.08862
15 105 1.13576
15 106 1.14186
15 107 1.13696
15 108 1.13237
15 109 1.08452
15 110 1.08452
15 111 1.08452
15 112 1.08452
15 113 1.08452
15 114 1.1116
15 115 1.11909
15 116 1.12051
15 117 1.12068
15 118 1.08623
15 119 1.08623
15 120 1.08623
15 121 1.08623
15 122 1.08623
15 123 1.12245
15 124 1.12931
15 125 1.12788
15 126 1.12585
15 127 1.08484
15 128 1.08484
15 129 1.08484
15 130 1.08484
15 131 1.08484
15 132 1.11811
15 133 1.12469
15 134 1.12434
15 135 1.12287
15 136 1.08161
15 137 1.08161
15 138 1.08161
15 139 1.08161
15 140 1.08161
15 141 1.10662
15 142 1.11301
15 143 1.11499
15 144 1.11514
16 1 1.09172
16 2 1.09172
16 3 1.09172
16 4 1.09172
16 5 1.09172
16 6 1.3665
16 7 1.46764
16 8 1.34029
16 9 1.24939
16 10 1.09627
16 11 1.09627
16 12 1.09627
16 13 1.09627
16 14 1.09627
16 15 2.14542
16 16 6.92584
16 17 1.99762
16 18 1.31265
16 19 1.09315
16 20 1.09315
16 21 1.09315
16 22 1.09315
16 23 1.09315
16 24 1.48493
16 25 1.70007
16 26 1.43062
16 27 1.26913
16 28 1.08708
16 29 1.08708
16 30 1.08708
16 31 1.08708
16 32 1.08708
16 33 1.23186
16 34 1.26853
16 35 1.23991
16 36 1.21237
16 37 1.08887
16 38 1.08887
16 39 1.08887
16 40 1.08887
16 41 1.08887
16 42 1.24237
16 43 1.28205
16 44 1.24861
16 45 1.21815
16 46 1.09197
16 47 1.09197
16 48 1.09197
16 49 1.09197
16 50 1.09197
16 51 1.36615
16 52 1.46756
16 53 1.34023
16 54 1.24923
16 55 1.08977
16 56 1.08977
16 57 1.08977
16 58 1.08977
16 59 1.08977
16 60 1.28354
16 61 1.3361
16 62 1.27875
16 63 1.22988
16 64 1.08501
16 65 1.08501
16 66 1.08501
16 67 1.08501
16 68 1.08501
16 69 1.18582
16 70 1.21123
16 71 1.20408
16 72 1.1932
16 73 1.08383
16 74 1.08383
16 75 1.08383
16 76 1.08383
16 77 1.08383
16 78 1.1591
16 79 1.18193
16 80 1.18353
16 81 1.18044
16 82 1.08567
16 83 1.08567
16 84 1.08567
16 85 1.08567
16 86 1.08567
16 87 1.19133
16 88 1.21893
16 89 1.20874
16 90 1.19587
16 91 1.08419
16 92 1.08419
16 93 1.08419
16 94 1.08419
16 95 1.08419
16 96 1.17419
16 97 1.19779
16 98 1.19452
16 99 1.18688
16 100 1.08082
16 101 1.08082
16 102 1.08082
16 103 1.08082
16 104 1.08082
16 105 1.14183
16 106 1.16023
16 107 1.16603
16 108 1.16616
16 109 1.07815
16 110 1.07815
16 111 1.07815
16 112 1.07815
16 113 1.07815
16 114 1.11738
16 115 1.13385
16 116 1.14375
16 117 1.14798
16 118 1.07919
16 119 1.07919
16 120 1.07919
16 121 1.07919
16 122 1.07919
16 123 1.1284
16 124 1.14582
16 125 1.15382
16 126 1.15617
16 127 1.07812
16 128 1.07812
16 129 1.07812
16 130 1.07812
16 131 1.07812
16 132 1.12442
16 133 1.14049
16 134 1.14898
16 135 1.15173
16 136 1.07576
16 137 1.07576
16 138 1.07576
16 139 1.07576
16 140 1.07576
16 141 1.11296
16 142 1.12696
16 143 1.13633
16 144 1.14015
17 1 1.07967
17 2 1.07967
17 3 1.07967
17 4 1.07967
17 5 1.07967
17 6 1.24314
17 7 1.34081
17 8 1.39877
17 9 1.33564
17 10 1.08144
17 11 1.08144
17 12 1.08144
17 13 1.08144
17 14 1.08144
17 15 1.39423
17 16 1.99762
17 17 6.27204
17 18 1.54531
17 19 1.08006
17 20 1.08006
17 21 1.08006
17 22 1.08006
17 23 1.08006
17 24 1.28138
17 25 1.43036
17 26 1.5551
17 27 1.37886
17 28 1.07708
17 29 1.07708
17 30 1.07708
17 31 1.07708
17 32 1.07708
17 33 1.18739
17 34 1.23982
17 35 1.27084
17 36 1.26963
17 37 1.07861
17 38 1.07861
17 39 1.07861
17 40 1.07861
17 41 1.07861
17 42 1.19276
17 43 1.24892
17 44 1.28065
17 45 1.27824
17 46 1.07994
17 47 1.07994
17 48 1.07994
17 49 1.07994
17 50 1.07994
17 51 1.24276
17 52 1.34041
17 53 1.39851
17 54 1.33537
17 55 1.07878
17 56 1.07878
17 57 1.07878
17 58 1.07878
17 59 1.07878
17 60 1.21128
17 61 1.2786
17 62 1.31444
17 63 1.29873
17 64 1.07621
17 65 1.07621
17 66 1.07621
17 67 1.07621
17 68 1.07621
17 69 1.16406
17 70 1.20401
17 71 1.23136
17 72 1.23919
17 73 1.07587
17 74 1.07587
17 75 1.07587
17 76 1.07587
17 77 1.07587
17 78 1.14758
17 79 1.18292
17 80 1.20928
17 81 1.21997
17 82 1.07673
17 83 1.07673
17 84 1.07673
17 85 1.07673
17 86 1.07673
17 87 1.16629
17 88 1.20862
17 89 1.23666
17 90 1.24342
17 91 1.07578
17 92 1.07578
17 93 1.07578
17 94 1.07578
17 95 1.07578
17 96 1.15707
17 97 1.19433
17 98 1.22097
17 99 1.22985
17 100 1.07373
17 101 1.07373
17 102 1.07373
17 103 1.07373
17 104 1.07373
17 105 1.13688
17 106 1.16594
17 107 1.1895
17 108 1.1999
17 109 1.07227
17 110 1.07227
17 111 1.07227
17 112 1.07227
17 113 1.07227
17 114 1.11778
17 115 1.14263
17 116 1.16404
17 117 1.17461
17 118 1.07274
17 119 1.07274
17 120 1.07274
17 121 1.07274
17 122 1.07274
17 123 1.12643
17 124 1.15334
17 125 1.17565
17 126 1.18612
17 127 1.07195
17 128 1.07195
17 129 1.07195
17 130 1.07195
17 131 1.07195
17 132 1.12381
17 133 1.14867
17 134 1.17001
17 135 1.18011
17 136 1.07033
17 137 1.07033
17 138 1.07033
17 139 1.07033
17 140 1.07033
17 141 1.11484
17 142 1.1362
17 143 1.15521
17 144 1.16447
18 1 1.07395
18 2 1.07395
18 3 1.07395
18 4 1.07395
18 5 1.07395
18 6 1.17964
18 7 1.24944
18 8 1.33552
18 9 1.3892
18 10 1.07468
18 11 1.07468
18 12 1.07468
18 13 1.07468
18 14 1.07468
18 15 1.20455
18 16 1.31265
18 17 1.54531
18 18 2.14716
18 19 1.07393
18 20 1.07393
18 21 1.07393
18 22 1.07393
18 23 1.07393
18 24 1.18867
18 25 1.26912
18 26 1.37895
18 27 1.45702
18 28 1.07223
18 29 1.07223
18 30 1.07223
18 31 1.07223
18 32 1.07223
18 33 1.16007
18 34 1.21237
18 35 1.26969
18 36 1.30134
18 37 1.07363
18 38 1.07363
18 39 1.07363
18 40 1.07363
18 41 1.07363
18 42 1.16255
18 43 1.21745
18 44 1.27761
18 45 1.31134
18 46 1.07422
18 47 1.07422
18 48 1.07422
18 49 1.07422
18 50 1.07422
18 51 1.17932
18 52 1.24901
18 53 1.33516
18 54 1.38901
18 55 1.07349
18 56 1.07349
18 57 1.07349
18 58 1.07349
18 59 1.07349
18 60 1.16976
18 61 1.22975
18 62 1.2987
18 63 1.33819
18 64 1.07189
18 65 1.07189
18 66 1.07189
18 67 1.07189
18 68 1.07189
18 69 1.14914
18 70 1.19316
18 71 1.2392
18 72 1.26375
18 73 1.07194
18 74 1.07194
18 75 1.07194
18 76 1.07194
18 77 1.07194
18 78 1.13885
18 79 1.17874
18 80 1.21903
18 81 1.24056
18 82 1.07234
18 83 1.07234
18 84 1.07234
18 85 1.07234
18 86 1.07234
18 87 1.1496
18 88 1.19527
18 89 1.24304
18 90 1.26884
18 91 1.07165
18 92 1.07165
18 93 1.07165
18 94 1.07165
18 95 1.07165
18 96 1.14492
18 97 1.18656
18 98 1.22971
18 99 1.25258
18 100 1.07022
18 101 1.07022
18 102 1.07022
18 103 1.07022
18 104 1.07022
18 105 1.13227
18 106 1.16604
18 107 1.19986
18 108 1.21743
18 109 1.06932
18 110 1.06932
18 111 1.06932
18 112 1.06932
18 113 1.06932
18 114 1.1169
18 115 1.14576
18 116 1.17366
18 117 1.18816
18 118 1.06953
18 119 1.06953
18 120 1.06953
18 121 1.06953
18 122 1.06953
18 123 1.12387
18 124 1.15516
18 125 1.18565
18 126 1.20151
18 127 1.06887
18 128 1.06887
18 129 1.06887
18 130 1.06887
18 131 1.06887
18 132 1.12213
18 133 1.15117
18 134 1.17986
18 135 1.1947
18 136 1.06762
18 137 1.06762
18 138 1.06762
18 139 1.06762
18 140 1.06762
18 141 1.11492
18 142 1.13994
18 143 1.16437
18 144 1.17691
19 1 1.11809
19 2 1.11809
19 3 1.11809
19 4 1.11809
19 5 1.11809
19 6 1.09521
19 7 1.08493
19 8 1.07596
19 9 1.07158
19 10 1.16164
19 11 1.16164
19 12 1.16164
19 13 1.16164
19 14 1.16164
19 15 1.10998
19 16 1.09315
19 17 1.08006
19 18 1.07393
19 19 1.30422
19 20 1.30422
19 21 1.30422
19 22 1.30422
19 23 1.30422
19 24 1.11753
19 25 1.09628
19 26 1.08142
19 27 1.07462
19 28 1.16196
19 29 1.16196
19 30 1.16196
19 31 1.16196
19 32 1.16196
19 33 1.11032
19 34 1.09349
19 35 1.08037
19 36 1.0742
19 37 1.11149
19 38 1.11149
19 39 1.11149
19 40 1.11149
19 41 1.11149
19 42 1.09196
19 43 1.08304
19 44 1.07513
19 45 1.07133
19 46 1.13514
19 47 1.13514
19 48 1.13514
19 49 1.13514
19 50 1.13514
19 51 1.10279
19 52 1.08966
19 53 1.0787
19 54 1.07347
19 55 1.1471
19 56 1.1471
19 57 1.1471
19 58 1.1471
19 59 1.1471
19 60 1.10681
19 61 1.0919
19 62 1.07983
19 63 1.07409
19 64 1.13549
19 65 1.13549
19 66 1.13549
19 67 1.13549
19 68 1.13549
19 69 1.10321
19 70 1.09006
19 71 1.07903
19 72 1.07371
19 73 1.10151
19 74 1.10151
19 75 1.10151
19 76 1.10151
19 77 1.10151
19 78 1.08625
19 79 1.07924
19 80 1.07279
19 81 1.06977
19 82 1.11421
19 83 1.11421
19 84 1.11421
19 85 1.11421
19 86 1.11421
19 87 1.09345
19 88 1.08398
19 89 1.07563
19 90 1.0716
19 91 1.1186
19 92 1.1186
19 93 1.1186
19 94 1.1186
19 95 1.1186
19 96 1.09573
19 97 1.0855
19 98 1.07652
19 99 1.07213
19 100 1.11459
19 101 1.11459
19 102 1.11459
19 103 1.11459
19 104 1.11459
19 105 1.0939
19 106 1.08441
19 107 1.07597
19 108 1.07181
19 109 1.0913
19 110 1.0913
19 111 1.0913
19 112 1.0913
19 113 1.0913
19 114 1.07994
19 115 1.07456
19 116 1.06951
19 117 1.06732
19 118 1.09861
19 119 1.09861
19 120 1.09861
19 121 1.09861
19 122 1.09861
19 123 1.08458
19 124 1.07781
19 125 1.0717
19 126 1.0688
19 127 1.10083
19 128 1.10083
19 129 1.10083
19 130 1.10083
19 131 1.10083
19 132 1.08596
19 133 1.07887
19 134 1.07241
19 135 1.06922
19 136 1.09902
19 137 1.09902
19 138 1.09902
19 139 1.09902
19 140 1.09902
19 141 1.08503
19 142 1.07827
19 143 1.07206
19 144 1.06897
20 1 1.11809
20 2 1.11809
20 3 1.11809
20 4 1.11809
20 5 1.11809
20 6 1.09521
20 7 1.08493
20 8 1.07596
20 9 1.07158
20 10 1.16164
20 11 1.16164
20 12 1.16164
20 13 1.16164
20 14 1.16164
20 15 1.10998
20 16 1.09315
20 17 1.08006
20 18 1.07393
20 19 1.30422
20 20 1.30422
20 21 1.30422
20 22 1.30422
20 23 1.30422
20 24 1.11753
20 25 1.09628
20 26 1.08142
20 27 1.07462
20 28 1.16196
20 29 1.16196
20 30 1.16196
20 31 1.16196
20 32 1.16196
20 33 1.11032
20 34 1.09349
20 35 1.08037
20 36 1.0742
20 37 1.11149
20 38 1.11149
20 39 1.11149
20 40 1.11149
20 41 1.11149
20 42 1.09196
20 43 1.08304
20 44 1.07513
20 45 1.07133
20 46 1.13514
20 47 1.13514
20 48 1.13514
20 49 1.13514
20 50 1.13514
20 51 1.10279
20 52 1.08966
20 53 1.0787
20 54 1.07347
20 55 1.1471
20 56 1.1471
20 57 1.1471
20 58 1.1471
20 59 1.1471
20 60 1.10681
20 61 1.0919
20 62 1.07983
20 63 1.07409
20 64 1.13549
20 65 1.13549
20 66 1.13549
20 67 1.13549
20 68 1.13549
20 69 1.10321
20 70 1.09006
20 71 1.07903
20 72 1.07371
20 73 1.10151
20 74 1.10151
20 75 1.10151
20 76 1.10151
20 77 1.10151
20 78 1.08625
20 79 1.07924
20 80 1.07279
20 81 1.06977
20 82 1.11421
20 83 1.11421
20 84 1.11421
20 85 1.11421
20 86 1.11421
20 87 1.09345
20 88 1.08398
20 89 1.07563
20 90 1.0716
20 91 1.1186
20 92 1.1186
20 93 1.1186
20 94 1.1186
20 95 1.1186
20 96 1.09573
20 97 1.0855
20 98 1.07652
20 99 1.07213
20 100 1.11459
20 101 1.11459
20 102 1.11459
20 103 1.11459
20 104 1.11459
20 105 1.0939
20 106 1.08441
20 107 1.07597
20 108 1.07181
20 109 1.0913
20 110 1.0913
20 111 1.0913
20 112 1.0913
20 113 1.0913
20 114 1.07994
20 115 1.07456
20 116 1.06951
20 117 1.06732
20 118 1.09861
20 119 1.09861
20 120 1.09861
20 121 1.09861
20 122 1.09861
20 123 1.08458
20 124 1.07781
20 125 1.0717
20 126 1.0688
20 127 1.10083
20 128 1.10083
20 129 1.10083
20 130 1.10083
20 131 1.10083
20 132 1.08596
20 133 1.07887
20 134 1.07241
20 135 1.06922
20 136 1.09902
20 137 1.09902
20 138 1.09902
20 139 1.09902
20 140 1.09902
20 141 1.08503
20 142 1.07827
20 143 1.07206
20 144 1.06897
21 1 1.11809
21 2 1.11809
21 3 1.11809
21 4 1.11809
21 5 1.11809
21 6 1.09521
21 7 1.08493
21 8 1.07596
21 9 1.07158
21 10 1.16164
21 11 1.16164
21 12 1.16164
21 13 1.16164
21 14 1.16164
21 15 1.10998
21 16 1.09315
21 17 1.08006
21 18 1.07393
21 19 1.30422
21 20 1.30422
21 21 1.30422
21 22 1.30422
21 23 1.30422
21 24 1.11753
21 25 1.09628
21 26 1.08142
21 27 1.07462
21 28 1.16196
21 29 1.16196
21 30 1.16196
21 31 1.16196
21 32 1.16196
