injected_el measured_el potential
1 1 1.30516
1 2 1.30516
1 3 1.30516
1 4 1.30516
1 5 1.30516
1 6 1.11846
1 7 1.09722
1 8 1.08238
1 9 1.07562
1 10 1.14693
1 11 1.14693
1 12 1.14693
1 13 1.14693
1 14 1.14693
1 15 1.10664
1 16 1.0917
1 17 1.07961
1 18 1.07385
1 19 1.11815
1 20 1.11815
1 21 1.11815
1 22 1.11815
1 23 1.11815
1 24 1.09528
1 25 1.085
1 26 1.07595
1 27 1.0715
1 28 1.10056
1 29 1.10056
1 30 1.10056
1 31 1.10056
1 32 1.10056
1 33 1.08572
1 34 1.07855
1 35 1.07197
1 36 1.06869
1 37 1.14805
1 38 1.14805
1 39 1.14805
1 40 1.14805
1 41 1.14805
1 42 1.10769
1 43 1.09278
1 44 1.08078
1 45 1.07512
1 46 1.12937
1 47 1.12937
1 48 1.12937
1 49 1.12937
1 50 1.12937
1 51 1.10085
1 52 1.08874
1 53 1.07841
1 54 1.07341
1 55 1.11158
1 56 1.11158
1 57 1.11158
1 58 1.11158
1 59 1.11158
1 60 1.09224
1 61 1.08324
1 62 1.07518
1 63 1.07119
1 64 1.09752
1 65 1.09752
1 66 1.09752
1 67 1.09752
1 68 1.09752
1 69 1.0841
1 70 1.07756
1 71 1.07152
1 72 1.0685
1 73 1.11955
1 74 1.11955
1 75 1.11955
1 76 1.11955
1 77 1.11955
1 78 1.0966
1 79 1.08641
1 80 1.07747
1 81 1.07316
1 82 1.11187
1 83 1.11187
1 84 1.11187
1 85 1.11187
1 86 1.11187
1 87 1.09254
1 88 1.08355
1 89 1.07553
1 90 1.07157
1 91 1.10164
1 92 1.10164
1 93 1.10164
1 94 1.10164
1 95 1.10164
1 96 1.08667
1 97 1.07946
1 98 1.07286
1 99 1.06956
1 100 1.09163
1 101 1.09163
1 102 1.09163
1 103 1.09163
1 104 1.09163
1 105 1.08041
1 106 1.07487
1 107 1.06971
1 108 1.06712
1 109 1.10178
1 110 1.10178
1 111 1.10178
1 112 1.10178
1 113 1.10178
1 114 1.08693
1 115 1.07982
1 116 1.07331
1 117 1.07026
1 118 1.09762
1 119 1.09762
1 120 1.09762
1 121 1.09762
1 122 1.09762
1 123 1.08424
1 124 1.07771
1 125 1.07175
1 126 1.06881
1 127 1.09146
1 128 1.09146
1 129 1.09146
1 130 1.09146
1 131 1.09146
1 132 1.08024
1 133 1.07472
1 134 1.0696
1 135 1.06703
1 136 1.08457
1 137 1.08457
1 138 1.08457
1 139 1.08457
1 140 1.08457
1 141 1.07562
1 142 1.07115
1 143 1.06697
1 144 1.06487
2 1 1.30516
2 2 1.30516
2 3 1.30516
2 4 1.30516
2 5 1.30516
2 6 1.11846
2 7 1.09722
2 8 1.08238
2 9 1.07562
2 10 1.14693
2 11 1.14693
2 12 1.14693
2 13 1.14693
2 14 1.14693
2 15 1.10664
2 16 1.0917
2 17 1.07961
2 18 1.07385
2 19 1.11815
2 20 1.11815
2 21 1.11815
2 22 1.11815
2 23 1.11815
2 24 1.09528
2 25 1.085
2 26 1.07595
2 27 1.0715
2 28 1.10056
2 29 1.10056
2 30 1.10056
2 31 1.10056
2 32 1.10056
2 33 1.08572
2 34 1.07855
2 35 1.07197
2 36 1.06869
2 37 1.14805
2 38 1.14805
2 39 1.14805
2 40 1.14805
2 41 1.14805
2 42 1.10769
2 43 1.09278
2 44 1.08078
2 45 1.07512
2 46 1.12937
2 47 1.12937
2 48 1.12937
2 49 1.12937
2 50 1.12937
2 51 1.10085
2 52 1.08874
2 53 1.07841
2 54 1.07341
2 55 1.11158
2 56 1.11158
2 57 1.11158
2 58 1.11158
2 59 1.11158
2 60 1.09224
2 61 1.08324
2 62 1.07518
2 63 1.07119
2 64 1.09752
2 65 1.09752
2 66 1.09752
2 67 1.09752
2 68 1.09752
2 69 1.0841
2 70 1.07756
2 71 1.07152
2 72 1.0685
2 73 1.11955
2 74 1.11955
2 75 1.11955
2 76 1.11955
2 77 1.11955
2 78 1.0966
2 79 1.08641
2 80 1.07747
2 81 1.07316
2 82 1.11187
2 83 1.11187
2 84 1.11187
2 85 1.11187
2 86 1.11187
2 87 1.09254
2 88 1.08355
2 89 1.07553
2 90 1.07157
2 91 1.10164
2 92 1.10164
2 93 1.10164
2 94 1.10164
2 95 1.10164
2 96 1.08667
2 97 1.07946
2 98 1.07286
2 99 1.06956
2 100 1.09163
2 101 1.09163
2 102 1.09163
2 103 1.09163
2 104 1.09163
2 105 1.08041
2 106 1.07487
2 107 1.06971
2 108 1.06712
2 109 1.10178
2 110 1.10178
2 111 1.10178
2 112 1.10178
2 113 1.10178
2 114 1.08693
2 115 1.07982
2 116 1.07331
2 117 1.07026
2 118 1.09762
2 119 1.09762
2 120 1.09762
2 121 1.09762
2 122 1.09762
2 123 1.08424
2 124 1.07771
2 125 1.07175
2 126 1.06881
2 127 1.09146
2 128 1.09146
2 129 1.09146
2 130 1.09146
2 131 1.09146
2 132 1.08024
2 133 1.07472
2 134 1.0696
2 135 1.06703
2 136 1.08457
2 137 1.08457
2 138 1.08457
2 139 1.08457
2 140 1.08457
2 141 1.07562
2 142 1.07115
2 143 1.06697
2 144 1.06487
3 1 1.30516
3 2 1.30516
3 3 1.30516
3 4 1.30516
3 5 1.30516
3 6 1.11846
3 7 1.09722
3 8 1.08238
3 9 1.07562
3 10 1.14693
3 11 1.14693
3 12 1.14693
3 13 1.14693
3 14 1.14693
3 15 1.10664
3 16 1.0917
3 17 1.07961
3 18 1.07385
3 19 1.11815
3 20 1.11815
3 21 1.11815
3 22 1.11815
3 23 1.11815
3 24 1.09528
3 25 1.085
3 26 1.07595
3 27 1.0715
3 28 1.10056
3 29 1.10056
3 30 1.10056
3 31 1.10056
3 32 1.10056
3 33 1.08572
3 34 1.07855
3 35 1.07197
3 36 1.06869
3 37 1.14805
3 38 1.14805
3 39 1.14805
3 40 1.14805
3 41 1.14805
3 42 1.10769
3 43 1.09278
3 44 1.08078
3 45 1.07512
3 46 1.12937
3 47 1.12937
3 48 1.12937
3 49 1.12937
3 50 1.12937
3 51 1.10085
3 52 1.08874
3 53 1.07841
3 54 1.07341
3 55 1.11158
3 56 1.11158
3 57 1.11158
3 58 1.11158
3 59 1.11158
3 60 1.09224
3 61 1.08324
3 62 1.07518
3 63 1.07119
3 64 1.09752
3 65 1.09752
3 66 1.09752
3 67 1.09752
3 68 1.09752
3 69 1.0841
3 70 1.07756
3 71 1.07152
3 72 1.0685
3 73 1.11955
3 74 1.11955
3 75 1.11955
3 76 1.11955
3 77 1.11955
3 78 1.0966
3 79 1.08641
3 80 1.07747
3 81 1.07316
3 82 1.11187
3 83 1.11187
3 84 1.11187
3 85 1.11187
3 86 1.11187
3 87 1.09254
3 88 1.08355
3 89 1.07553
3 90 1.07157
3 91 1.10164
3 92 1.10164
3 93 1.10164
3 94 1.10164
3 95 1.10164
3 96 1.08667
3 97 1.07946
3 98 1.07286
3 99 1.06956
3 100 1.09163
3 101 1.09163
3 102 1.09163
3 103 1.09163
3 104 1.09163
3 105 1.08041
3 106 1.07487
3 107 1.06971
3 108 1.06712
3 109 1.10178
3 110 1.10178
3 111 1.10178
3 112 1.10178
3 113 1.10178
3 114 1.08693
3 115 1.07982
3 116 1.07331
3 117 1.07026
3 118 1.09762
3 119 1.09762
3 120 1.09762
3 121 1.09762
3 122 1.09762
3 123 1.08424
3 124 1.07771
3 125 1.07175
3 126 1.06881
3 127 1.09146
3 128 1.09146
3 129 1.09146
3 130 1.09146
3 131 1.09146
3 132 1.08024
3 133 1.07472
3 134 1.0696
3 135 1.06703
3 136 1.08457
3 137 1.08457
3 138 1.08457
3 139 1.08457
3 140 1.08457
3 141 1.07562
3 142 1.07115
3 143 1.06697
3 144 1.06487
4 1 1.30516
4 2 1.30516
4 3 1.30516
4 4 1.30516
4 5 1.30516
4 6 1.11846
4 7 1.09722
4 8 1.08238
4 9 1.07562
4 10 1.14693
4 11 1.14693
4 12 1.14693
4 13 1.14693
4 14 1.14693
4 15 1.10664
4 16 1.0917
4 17 1.07961
4 18 1.07385
4 19 1.11815
4 20 1.11815
4 21 1.11815
4 22 1.11815
4 23 1.11815
4 24 1.09528
4 25 1.085
4 26 1.07595
4 27 1.0715
4 28 1.10056
4 29 1.10056
4 30 1.10056
4 31 1.10056
4 32 1.10056
4 33 1.08572
4 34 1.07855
4 35 1.07197
4 36 1.06869
4 37 1.14805
4 38 1.14805
4 39 1.14805
4 40 1.14805
4 41 1.14805
4 42 1.10769
4 43 1.09278
4 44 1.08078
4 45 1.07512
4 46 1.12937
4 47 1.12937
4 48 1.12937
4 49 1.12937
4 50 1.12937
4 51 1.10085
4 52 1.08874
4 53 1.07841
4 54 1.07341
4 55 1.11158
4 56 1.11158
4 57 1.11158
4 58 1.11158
4 59 1.11158
4 60 1.09224
4 61 1.08324
4 62 1.07518
4 63 1.07119
4 64 1.09752
4 65 1.09752
4 66 1.09752
4 67 1.09752
4 68 1.09752
4 69 1.0841
4 70 1.07756
4 71 1.07152
4 72 1.0685
4 73 1.11955
4 74 1.11955
4 75 1.11955
4 76 1.11955
4 77 1.11955
4 78 1.0966
4 79 1.08641
4 80 1.07747
4 81 1.07316
4 82 1.11187
4 83 1.11187
4 84 1.11187
4 85 1.11187
4 86 1.11187
4 87 1.09254
4 88 1.08355
4 89 1.07553
4 90 1.07157
4 91 1.10164
4 92 1.10164
4 93 1.10164
4 94 1.10164
4 95 1.10164
4 96 1.08667
4 97 1.07946
4 98 1.07286
4 99 1.06956
4 100 1.09163
4 101 1.09163
4 102 1.09163
4 103 1.09163
4 104 1.09163
4 105 1.08041
4 106 1.07487
4 107 1.06971
4 108 1.06712
4 109 1.10178
4 110 1.10178
4 111 1.10178
4 112 1.10178
4 113 1.10178
4 114 1.08693
4 115 1.07982
4 116 1.07331
4 117 1.07026
4 118 1.09762
4 119 1.09762
4 120 1.09762
4 121 1.09762
4 122 1.09762
4 123 1.08424
4 124 1.07771
4 125 1.07175
4 126 1.06881
4 127 1.09146
4 128 1.09146
4 129 1.09146
4 130 1.09146
4 131 1.09146
4 132 1.08024
4 133 1.07472
4 134 1.0696
4 135 1.06703
4 136 1.08457
4 137 1.08457
4 138 1.08457
4 139 1.08457
4 140 1.08457
4 141 1.07562
4 142 1.07115
4 143 1.06697
4 144 1.06487
5 1 1.30516
5 2 1.30516
5 3 1.30516
5 4 1.30516
5 5 1.30516
5 6 1.11846
5 7 1.09722
5 8 1.08238
5 9 1.07562
5 10 1.14693
5 11 1.14693
5 12 1.14693
5 13 1.14693
5 14 1.14693
5 15 1.10664
5 16 1.0917
5 17 1.07961
5 18 1.07385
5 19 1.11815
5 20 1.11815
5 21 1.11815
5 22 1.11815
5 23 1.11815
5 24 1.09528
5 25 1.085
5 26 1.07595
5 27 1.0715
5 28 1.10056
5 29 1.10056
5 30 1.10056
5 31 1.10056
5 32 1.10056
5 33 1.08572
5 34 1.07855
5 35 1.07197
5 36 1.06869
5 37 1.14805
5 38 1.14805
5 39 1.14805
5 40 1.14805
5 41 1.14805
5 42 1.10769
5 43 1.09278
5 44 1.08078
5 45 1.07512
5 46 1.12937
5 47 1.12937
5 48 1.12937
5 49 1.12937
5 50 1.12937
5 51 1.10085
5 52 1.08874
5 53 1.07841
5 54 1.07341
5 55 1.11158
5 56 1.11158
5 57 1.11158
5 58 1.11158
5 59 1.11158
5 60 1.09224
5 61 1.08324
5 62 1.07518
5 63 1.07119
5 64 1.09752
5 65 1.09752
5 66 1.09752
5 67 1.09752
5 68 1.09752
5 69 1.0841
5 70 1.07756
5 71 1.07152
5 72 1.0685
5 73 1.11955
5 74 1.11955
5 75 1.11955
5 76 1.11955
5 77 1.11955
5 78 1.0966
5 79 1.08641
5 80 1.07747
5 81 1.07316
5 82 1.11187
5 83 1.11187
5 84 1.11187
5 85 1.11187
5 86 1.11187
5 87 1.09254
5 88 1.08355
5 89 1.07553
5 90 1.07157
5 91 1.10164
5 92 1.10164
5 93 1.10164
5 94 1.10164
5 95 1.10164
5 96 1.08667
5 97 1.07946
5 98 1.07286
5 99 1.06956
5 100 1.09163
5 101 1.09163
5 102 1.09163
5 103 1.09163
5 104 1.09163
5 105 1.08041
5 106 1.07487
5 107 1.06971
5 108 1.06712
5 109 1.10178
5 110 1.10178
5 111 1.10178
5 112 1.10178
5 113 1.10178
5 114 1.08693
5 115 1.07982
5 116 1.07331
5 117 1.07026
5 118 1.09762
5 119 1.09762
5 120 1.09762
5 121 1.09762
5 122 1.09762
5 123 1.08424
5 124 1.07771
5 125 1.07175
5 126 1.06881
5 127 1.09146
5 128 1.09146
5 129 1.09146
5 130 1.09146
5 131 1.09146
5 132 1.08024
5 133 1.07472
5 134 1.0696
5 135 1.06703
5 136 1.08457
5 137 1.08457
5 138 1.08457
5 139 1.08457
5 140 1.08457
5 141 1.07562
5 142 1.07115
5 143 1.06697
5 144 1.06487
6 1 1.11846
6 2 1.11846
6 3 1.11846
6 4 1.11846
6 5 1.11846
6 6 6.92092
6 7 2.14602
6 8 1.39508
6 9 1.20575
6 10 1.10662
6 11 1.10662
6 12 1.10662
6 13 1.10662
6 14 1.10662
6 15 1.4466
6 16 1.36766
6 17 1.24382
6 18 1.17999
6 19 1.09525
6 20 1.09525
6 21 1.09525
6 22 1.09525
6 23 1.09525
6 24 1.19402
6 25 1.19351
6 26 1.16801
6 27 1.15096
6 28 1.08569
6 29 1.08569
6 30 1.08569
6 31 1.08569
6 32 1.08569
6 33 1.12463
6 34 1.1311
6 35 1.12909
6 36 1.12643
6 37 1.10782
6 38 1.10782
6 39 1.10782
6 40 1.10782
6 41 1.10782
6 42 1.44531
6 43 1.36667
6 44 1.24382
6 45 1.18105
6 46 1.10086
6 47 1.10086
6 48 1.10086
6 49 1.10086
6 50 1.10086
6 51 1.25935
6 52 1.24631
6 53 1.19523
6 54 1.16416
6 55 1.09224
6 56 1.09224
6 57 1.09224
6 58 1.09224
6 59 1.09224
6 60 1.15989
6 61 1.16421
6 62 1.15155
6 63 1.14204
6 64 1.08409
6 65 1.08409
6 66 1.08409
6 67 1.08409
6 68 1.08409
6 69 1.11569
6 70 1.12229
6 71 1.12259
6 72 1.12151
6 73 1.09684
6 74 1.09684
6 75 1.09684
6 76 1.09684
6 77 1.09684
6 78 1.19292
6 79 1.19295
6 80 1.16829
6 81 1.1521
6 82 1.0926
6 83 1.0926
6 84 1.0926
6 85 1.0926
6 86 1.0926
6 87 1.15961
6 88 1.16399
6 89 1.15153
6 90 1.14218
6 91 1.08669
6 92 1.08669
6 93 1.08669
6 94 1.08669
6 95 1.08669
6 96 1.12572
6 97 1.13225
6 98 1.13025
6 99 1.12757
6 100 1.08041
6 101 1.08041
6 102 1.08041
6 103 1.08041
6 104 1.08041
6 105 1.10291
6 106 1.10919
6 107 1.11181
6 108 1.11242
6 109 1.08718
6 110 1.08718
6 111 1.08718
6 112 1.08718
6 113 1.08718
6 114 1.12357
6 115 1.1305
6 116 1.12906
6 117 1.12722
6 118 1.08434
6 119 1.08434
6 120 1.08434
6 121 1.08434
6 122 1.08434
6 123 1.115
6 124 1.12168
6 125 1.12222
6 126 1.12133
6 127 1.0803
6 128 1.0803
6 129 1.0803
6 130 1.0803
6 131 1.0803
6 132 1.10248
6 133 1.10875
6 134 1.11143
6 135 1.11209
6 136 1.07564
6 137 1.07564
6 138 1.07564
6 139 1.07564
6 140 1.07564
6 141 1.09096
6 142 1.09643
6 143 1.10008
6 144 1.10159
7 1 1.09722
7 2 1.09722
7 3 1.09722
7 4 1.09722
7 5 1.09722
7 6 2.14602
7 7 6.925
7 8 1.99769
7 9 1.31404
7 10 1.09167
7 11 1.09167
7 12 1.09167
7 13 1.09167
7 14 1.09167
7 15 1.36754
7 16 1.4692
7 17 1.34168
7 18 1.24986
7 19 1.08496
7 20 1.08496
7 21 1.08496
7 22 1.08496
7 23 1.08496
7 24 1.19347
7 25 1.22085
7 26 1.21023
7 27 1.19661
7 28 1.07851
7 29 1.07851
7 30 1.07851
7 31 1.07851
7 32 1.07851
7 33 1.13108
7 34 1.14809
7 35 1.15565
7 36 1.15742
7 37 1.09291
7 38 1.09291
7 39 1.09291
7 40 1.09291
7 41 1.09291
7 42 1.3665
7 43 1.46777
7 44 1.34132
7 45 1.25085
7 46 1.08875
7 47 1.08875
7 48 1.08875
7 49 1.08875
7 50 1.08875
7 51 1.24622
7 52 1.28574
7 53 1.25126
7 54 1.21892
7 55 1.08323
7 56 1.08323
7 57 1.08323
7 58 1.08323
7 59 1.08323
7 60 1.16418
7 61 1.18601
7 62 1.18625
7 63 1.1815
7 64 1.07754
7 65 1.07754
7 66 1.07754
7 67 1.07754
7 68 1.07754
7 69 1.12228
7 70 1.13784
7 71 1.14663
7 72 1.14966
7 73 1.08661
7 74 1.08661
7 75 1.08661
7 76 1.08661
7 77 1.08661
7 78 1.19229
7 79 1.21998
7 80 1.21019
7 81 1.19747
7 82 1.08362
7 83 1.08362
7 84 1.08362
7 85 1.08362
7 86 1.08362
7 87 1.16384
7 88 1.18569
7 89 1.18612
7 90 1.18151
7 91 1.07947
7 92 1.07947
7 93 1.07947
7 94 1.07947
7 95 1.07947
7 96 1.1322
7 97 1.14926
7 98 1.1569
7 99 1.15873
7 100 1.07486
7 101 1.07486
7 102 1.07486
7 103 1.07486
7 104 1.07486
7 105 1.10918
7 106 1.12254
7 107 1.13204
7 108 1.13611
7 109 1.0801
7 110 1.0801
7 111 1.0801
7 112 1.0801
7 113 1.0801
7 114 1.12959
7 115 1.14706
7 116 1.15515
7 117 1.15775
7 118 1.07785
7 119 1.07785
7 120 1.07785
7 121 1.07785
7 122 1.07785
7 123 1.1214
7 124 1.13703
7 125 1.14602
7 126 1.14921
7 127 1.07478
7 128 1.07478
7 129 1.07478
7 130 1.07478
7 131 1.07478
7 132 1.10867
7 133 1.122
7 134 1.13156
7 135 1.13567
7 136 1.07117
7 137 1.07117
7 138 1.07117
7 139 1.07117
7 140 1.07117
7 141 1.09641
7 142 1.10735
7 143 1.11634
7 144 1.12057
8 1 1.08238
8 2 1.08238
8 3 1.08238
8 4 1.08238
8 5 1.08238
8 6 1.39508
8 7 1.99769
8 8 6.25504
8 9 1.54668
8 10 1.07958
8 11 1.07958
8 12 1.07958
8 13 1.07958
8 14 1.07958
8 15 1.24364
8 16 1.34141
8 17 1.39984
8 18 1.33626
8 19 1.07592
8 20 1.07592
8 21 1.07592
8 22 1.07592
8 23 1.07592
8 24 1.16794
8 25 1.21014
8 26 1.23822
8 27 1.24464
8 28 1.07194
8 29 1.07194
8 30 1.07194
8 31 1.07194
8 32 1.07194
8 33 1.12907
8 34 1.1556
8 35 1.17781
8 36 1.18801
8 37 1.08087
8 38 1.08087
8 39 1.08087
8 40 1.08087
8 41 1.08087
8 42 1.24384
8 43 1.34175
8 44 1.40018
8 45 1.33715
8 46 1.07843
8 47 1.07843
8 48 1.07843
8 49 1.07843
8 50 1.07843
8 51 1.19513
8 52 1.25118
8 53 1.28296
8 54 1.27949
8 55 1.07517
8 56 1.07517
8 57 1.07517
8 58 1.07517
8 59 1.07517
8 60 1.15151
8 61 1.18619
8 62 1.21202
8 63 1.22176
8 64 1.07151
8 65 1.07151
8 66 1.07151
8 67 1.07151
8 68 1.07151
8 69 1.12258
8 70 1.14659
8 71 1.16734
8 72 1.1772
8 73 1.07763
8 74 1.07763
8 75 1.07763
8 76 1.07763
8 77 1.07763
8 78 1.16758
8 79 1.21001
8 80 1.23838
8 81 1.24519
8 82 1.07559
8 83 1.07559
8 84 1.07559
8 85 1.07559
8 86 1.07559
8 87 1.1513
8 88 1.186
8 89 1.21189
8 90 1.22166
8 91 1.07288
8 92 1.07288
8 93 1.07288
8 94 1.07288
8 95 1.07288
8 96 1.13017
8 97 1.15683
8 98 1.1792
8 99 1.18951
8 100 1.06971
8 101 1.06971
8 102 1.06971
8 103 1.06971
8 104 1.06971
8 105 1.11178
8 106 1.13201
8 107 1.15014
8 108 1.15904
8 109 1.07362
8 110 1.07362
8 111 1.07362
8 112 1.07362
8 113 1.07362
8 114 1.12774
8 115 1.15471
8 116 1.17715
8 117 1.18787
8 118 1.07188
8 119 1.07188
8 120 1.07188
8 121 1.07188
8 122 1.07188
8 123 1.1217
8 124 1.14577
8 125 1.16659
8 126 1.1765
8 127 1.06966
8 128 1.06966
8 129 1.06966
8 130 1.06966
8 131 1.06966
8 132 1.11125
8 133 1.13142
8 134 1.14957
8 135 1.15848
8 136 1.067
8 137 1.067
8 138 1.067
8 139 1.067
8 140 1.067
8 141 1.10003
8 142 1.11629
8 143 1.13128
8 144 1.13876
9 1 1.07562
9 2 1.07562
9 3 1.07562
9 4 1.07562
9 5 1.07562
9 6 1.20575
9 7 1.31404
9 8 1.54668
9 9 2.14833
9 10 1.07385
9 11 1.07385
9 12 1.07385
9 13 1.07385
9 14 1.07385
9 15 1.18
9 16 1.24982
9 17 1.33631
9 18 1.3902
9 19 1.0715
9 20 1.0715
9 21 1.0715
9 22 1.0715
9 23 1.0715
9 24 1.15096
9 25 1.19657
9 26 1.24464
9 27 1.27044
9 28 1.06868
9 29 1.06868
9 30 1.06868
9 31 1.06868
9 32 1.06868
9 33 1.12643
9 34 1.15738
9 35 1.18801
9 36 1.20384
9 37 1.07514
9 38 1.07514
9 39 1.07514
9 40 1.07514
9 41 1.07514
9 42 1.18064
9 43 1.25063
9 44 1.33687
9 45 1.39042
9 46 1.07343
9 47 1.07343
9 48 1.07343
9 49 1.07343
9 50 1.07343
9 51 1.16406
9 52 1.21878
9 53 1.27938
9 54 1.31299
9 55 1.0712
9 56 1.0712
9 57 1.0712
9 58 1.0712
9 59 1.0712
9 60 1.142
9 61 1.1814
9 62 1.22169
9 63 1.24287
9 64 1.0685
9 65 1.0685
9 66 1.0685
9 67 1.0685
9 68 1.0685
9 69 1.1215
9 70 1.1496
9 71 1.17716
9 72 1.19133
9 73 1.07323
9 74 1.07323
9 75 1.07323
9 76 1.07323
9 77 1.07323
9 78 1.15097
9 79 1.1967
9 80 1.24468
9 81 1.27046
9 82 1.07162
9 83 1.07162
9 84 1.07162
9 85 1.07162
9 86 1.07162
9 87 1.14183
9 88 1.18122
9 89 1.22146
9 90 1.24259
9 91 1.06959
9 92 1.06959
9 93 1.06959
9 94 1.06959
9 95 1.06959
9 96 1.12744
9 97 1.15856
9 98 1.18939
9 99 1.20532
9 100 1.06713
9 101 1.06713
9 102 1.06713
9 103 1.06713
9 104 1.06713
9 105 1.11237
9 106 1.13603
9 107 1.15897
9 108 1.1707
9 109 1.07039
9 110 1.07039
9 111 1.07039
9 112 1.07039
9 113 1.07039
9 114 1.12519
9 115 1.15652
9 116 1.18712
9 117 1.20321
9 118 1.06889
9 119 1.06889
9 120 1.06889
9 121 1.06889
9 122 1.06889
9 123 1.1206
9 124 1.14871
9 125 1.17625
9 126 1.19039
9 127 1.06708
9 128 1.06708
9 129 1.06708
9 130 1.06708
9 131 1.06708
9 132 1.11181
9 133 1.1354
9 134 1.15832
9 135 1.17005
9 136 1.06489
9 137 1.06489
9 138 1.06489
9 139 1.06489
9 140 1.06489
9 141 1.10149
9 142 1.12044
9 143 1.13867
9 144 1.14796
10 1 1.14693
10 2 1.14693
10 3 1.14693
10 4 1.14693
10 5 1.14693
10 6 1.10662
10 7 1.09167
10 8 1.07958
10 9 1.07385
10 10 1.30426
10 11 1.30426
10 12 1.30426
10 13 1.30426
10 14 1.30426
10 15 1.11753
10 16 1.09627
10 17 1.0814
10 18 1.0746
10 19 1.16169
10 20 1.16169
10 21 1.16169
10 22 1.16169
10 23 1.16169
10 24 1.11002
10 25 1.09317
10 26 1.08004
10 27 1.07387
10 28 1.12583
10 29 1.12583
10 30 1.12583
10 31 1.12583
10 32 1.12583
10 33 1.09877
10 34 1.08712
10 35 1.07707
10 36 1.07219
10 37 1.12937
10 38 1.12937
10 39 1.12937
10 40 1.12937
10 41 1.12937
10 42 1.10073
10 43 1.08863
10 44 1.07835
10 45 1.07342
10 46 1.14714
10 47 1.14714
10 48 1.14714
10 49 1.14714
10 50 1.14714
10 51 1.10682
10 52 1.09188
10 53 1.0798
10 54 1.07406
10 55 1.13522
10 56 1.13522
10 57 1.13522
10 58 1.13522
10 59 1.13522
10 60 1.1029
10 61 1.08974
10 62 1.07869
10 63 1.07337
10 64 1.11702
10 65 1.11702
10 66 1.11702
10 67 1.11702
10 68 1.11702
10 69 1.09501
10 70 1.08501
10 71 1.07616
10 72 1.07181
10 73 1.11185
10 74 1.11185
10 75 1.11185
10 76 1.11185
10 77 1.11185
10 78 1.09233
10 79 1.08343
10 80 1.07545
10 81 1.07159
10 82 1.11864
10 83 1.11864
10 84 1.11864
10 85 1.11864
10 86 1.11864
10 87 1.09573
10 88 1.08547
10 89 1.07648
10 90 1.07208
10 91 1.11431
10 92 1.11431
10 93 1.11431
10 94 1.11431
10 95 1.11431
10 96 1.09359
10 97 1.08409
10 98 1.07563
10 99 1.07147
10 100 1.10503
10 101 1.10503
10 102 1.10503
10 103 1.10503
10 104 1.10503
10 105 1.08861
10 106 1.08077
10 107 1.07364
10 108 1.07009
10 109 1.09759
10 110 1.09759
10 111 1.09759
10 112 1.09759
10 113 1.09759
10 114 1.08402
10 115 1.07758
10 116 1.07162
10 117 1.06884
10 118 1.10087
10 119 1.10087
10 120 1.10087
10 121 1.10087
10 122 1.10087
10 123 1.08598
10 124 1.07884
10 125 1.07236
10 126 1.06917
10 127 1.09873
10 128 1.09873
10 129 1.09873
10 130 1.09873
10 131 1.09873
10 132 1.0847
10 133 1.07793
10 134 1.07172
10 135 1.06862
10 136 1.09357
10 137 1.09357
10 138 1.09357
10 139 1.09357
10 140 1.09357
10 141 1.08155
10 142 1.07566
10 143 1.07019
10 144 1.06746
11 1 1.14693
11 2 1.14693
11 3 1.14693
11 4 1.14693
11 5 1.14693
11 6 1.10662
11 7 1.09167
11 8 1.07958
11 9 1.07385
11 10 1.30426
11 11 1.30426
11 12 1.30426
11 13 1.30426
11 14 1.30426
11 15 1.11753
11 16 1.09627
11 17 1.0814
11 18 1.0746
11 19 1.16169
11 20 1.16169
11 21 1.16169
11 22 1.16169
11 23 1.16169
11 24 1.11002
11 25 1.09317
11 26 1.08004
11 27 1.07387
11 28 1.12583
11 29 1.12583
11 30 1.12583
11 31 1.12583
11 32 1.12583
11 33 1.09877
11 34 1.08712
11 35 1.07707
11 36 1.07219
11 37 1.12937
11 38 1.12937
11 39 1.12937
11 40 1.12937
11 41 1.12937
11 42 1.10073
11 43 1.08863
11 44 1.07835
11 45 1.07342
11 46 1.14714
11 47 1.14714
11 48 1.14714
11 49 1.14714
11 50 1.14714
11 51 1.10682
11 52 1.09188
11 53 1.0798
11 54 1.07406
11 55 1.13522
11 56 1.13522
11 57 1.13522
11 58 1.13522
11 59 1.13522
11 60 1.1029
11 61 1.08974
11 62 1.07869
11 63 1.07337
11 64 1.11702
11 65 1.11702
11 66 1.11702
11 67 1.11702
11 68 1.11702
11 69 1.09501
11 70 1.08501
11 71 1.07616
11 72 1.07181
11 73 1.11185
11 74 1.11185
11 75 1.11185
11 76 1.11185
11 77 1.11185
11 78 1.09233
11 79 1.08343
11 80 1.07545
11 81 1.07159
11 82 1.11864
11 83 1.11864
11 84 1.11864
11 85 1.11864
11 86 1.11864
11 87 1.09573
11 88 1.08547
11 89 1.07648
11 90 1.07208
11 91 1.11431
11 92 1.11431
11 93 1.11431
11 94 1.11431
11 95 1.11431
11 96 1.09359
11 97 1.08409
11 98 1.07563
11 99 1.07147
11 100 1.10503
11 101 1.10503
11 102 1.10503
11 103 1.10503
11 104 1.10503
11 105 1.08861
11 106 1.08077
11 107 1.07364
11 108 1.07009
11 109 1.09759
11 110 1.09759
11 111 1.09759
11 112 1.09759
11 113 1.09759
11 114 1.08402
11 115 1.07758
11 116 1.07162
11 117 1.06884
11 118 1.10087
11 119 1.10087
11 120 1.10087
11 121 1.10087
11 122 1.10087
11 123 1.08598
11 124 1.07884
11 125 1.07236
11 126 1.06917
11 127 1.09873
11 128 1.09873
11 129 1.09873
11 130 1.09873
11 131 1.09873
11 132 1.0847
11 133 1.07793
11 134 1.07172
11 135 1.06862
11 136 1.09357
11 137 1.09357
11 138 1.09357
11 139 1.09357
11 140 1.09357
11 141 1.08155
11 142 1.07566
11 143 1.07019
11 144 1.06746
12 1 1.14693
12 2 1.14693
12 3 1.14693
12 4 1.14693
12 5 1.14693
12 6 1.10662
12 7 1.09167
12 8 1.07958
12 9 1.07385
12 10 1.30426
12 11 1.30426
12 12 1.30426
12 13 1.30426
12 14 1.30426
12 15 1.11753
12 16 1.09627
12 17 1.0814
12 18 1.0746
12 19 1.16169
12 20 1.16169
12 21 1.16169
12 22 1.16169
12 23 1.16169
12 24 1.11002
12 25 1.09317
12 26 1.08004
12 27 1.07387
12 28 1.12583
12 29 1.12583
12 30 1.12583
12 31 1.12583
12 32 1.12583
12 33 1.09877
12 34 1.08712
12 35 1.07707
12 36 1.07219
12 37 1.12937
12 38 1.12937
12 39 1.12937
12 40 1.12937
12 41 1.12937
12 42 1.10073
12 43 1.08863
12 44 1.07835
12 45 1.07342
12 46 1.14714
12 47 1.14714
12 48 1.14714
12 49 1.14714
12 50 1.14714
12 51 1.10682
12 52 1.09188
12 53 1.0798
12 54 1.07406
12 55 1.13522
12 56 1.13522
12 57 1.13522
12 58 1.13522
12 59 1.13522
12 60 1.1029
12 61 1.08974
12 62 1.07869
12 63 1.07337
12 64 1.11702
12 65 1.11702
12 66 1.11702
12 67 1.11702
12 68 1.11702
12 69 1.09501
12 70 1.08501
12 71 1.07616
12 72 1.07181
12 73 1.11185
12 74 1.11185
12 75 1.11185
12 76 1.11185
12 77 1.11185
12 78 1.09233
12 79 1.08343
12 80 1.07545
12 81 1.07159
12 82 1.11864
12 83 1.11864
12 84 1.11864
12 85 1.11864
12 86 1.11864
12 87 1.09573
12 88 1.08547
12 89 1.07648
12 90 1.07208
12 91 1.11431
12 92 1.11431
12 93 1.11431
12 94 1.11431
12 95 1.11431
12 96 1.09359
12 97 1.08409
12 98 1.07563
12 99 1.07147
12 100 1.10503
12 101 1.10503
12 102 1.10503
12 103 1.10503
12 104 1.10503
12 105 1.08861
12 106 1.08077
12 107 1.07364
12 108 1.07009
12 109 1.09759
12 110 1.09759
12 111 1.09759
12 112 1.09759
12 113 1.09759
12 114 1.08402
12 115 1.07758
12 116 1.07162
12 117 1.06884
12 118 1.10087
12 119 1.10087
12 120 1.10087
12 121 1.10087
12 122 1.10087
12 123 1.08598
12 124 1.07884
12 125 1.07236
12 126 1.06917
12 127 1.09873
12 128 1.09873
12 129 1.09873
12 130 1.09873
12 131 1.09873
12 132 1.0847
12 133 1.07793
12 134 1.07172
12 135 1.06862
12 136 1.09357
12 137 1.09357
12 138 1.09357
12 139 1.09357
12 140 1.09357
12 141 1.08155
12 142 1.07566
12 143 1.07019
12 144 1.06746
13 1 1.14693
13 2 1.14693
13 3 1.14693
13 4 1.14693
13 5 1.14693
13 6 1.10662
13 7 1.09167
13 8 1.07958
13 9 1.07385
13 10 1.30426
13 11 1.30426
13 12 1.30426
13 13 1.30426
13 14 1.30426
13 15 1.11753
13 16 1.09627
13 17 1.0814
13 18 1.0746
13 19 1.16169
13 20 1.16169
13 21 1.16169
13 22 1.16169
13 23 1.16169
13 24 1.11002
13 25 1.09317
13 26 1.08004
13 27 1.07387
13 28 1.12583
13 29 1.12583
13 30 1.12583
13 31 1.12583
13 32 1.12583
13 33 1.09877
13 34 1.08712
13 35 1.07707
13 36 1.07219
13 37 1.12937
13 38 1.12937
13 39 1.12937
13 40 1.12937
13 41 1.12937
13 42 1.10073
13 43 1.08863
13 44 1.07835
13 45 1.07342
13 46 1.14714
13 47 1.14714
13 48 1.14714
13 49 1.14714
13 50 1.14714
13 51 1.10682
13 52 1.09188
13 53 1.0798
13 54 1.07406
13 55 1.13522
13 56 1.13522
13 57 1.13522
13 58 1.13522
13 59 1.13522
13 60 1.1029
13 61 1.08974
13 62 1.07869
13 63 1.07337
13 64 1.11702
13 65 1.11702
13 66 1.11702
13 67 1.11702
13 68 1.11702
13 69 1.09501
13 70 1.08501
13 71 1.07616
13 72 1.07181
13 73 1.11185
13 74 1.11185
13 75 1.11185
13 76 1.11185
13 77 1.11185
13 78 1.09233
13 79 1.08343
13 80 1.07545
13 81 1.07159
13 82 1.11864
13 83 1.11864
13 84 1.11864
13 85 1.11864
13 86 1.11864
13 87 1.09573
13 88 1.08547
13 89 1.07648
13 90 1.07208
13 91 1.11431
13 92 1.11431
13 93 1.11431
13 94 1.11431
13 95 1.11431
13 96 1.09359
13 97 1.08409
13 98 1.07563
13 99 1.07147
13 100 1.10503
13 101 1.10503
13 102 1.10503
13 103 1.10503
13 104 1.10503
13 105 1.08861
13 106 1.08077
13 107 1.07364
13 108 1.07009
13 109 1.09759
13 110 1.09759
13 111 1.09759
13 112 1.09759
13 113 1.09759
13 114 1.08402
13 115 1.07758
13 116 1.07162
13 117 1.06884
13 118 1.10087
13 119 1.10087
13 120 1.10087
13 121 1.10087
13 122 1.10087
13 123 1.08598
13 124 1.07884
13 125 1.07236
13 126 1.06917
13 127 1.09873
13 128 1.09873
13 129 1.09873
13 130 1.09873
13 131 1.09873
13 132 1.0847
13 133 1.07793
13 134 1.07172
13 135 1.06862
13 136 1.09357
13 137 1.09357
13 138 1.09357
13 139 1.09357
13 140 1.09357
13 141 1.08155
13 142 1.07566
13 143 1.07019
13 144 1.06746
14 1 1.14693
14 2 1.14693
14 3 1.14693
14 4 1.14693
14 5 1.14693
14 6 1.10662
14 7 1.09167
14 8 1.07958
14 9 1.07385
14 10 1.30426
14 11 1.30426
14 12 1.30426
14 13 1.30426
14 14 1.30426
14 15 1.11753
14 16 1.09627
14 17 1.0814
14 18 1.0746
14 19 1.16169
14 20 1.16169
14 21 1.16169
14 22 1.16169
14 23 1.16169
14 24 1.11002
14 25 1.09317
14 26 1.08004
14 27 1.07387
14 28 1.12583
14 29 1.12583
14 30 1.12583
14 31 1.12583
14 32 1.12583
14 33 1.09877
14 34 1.08712
14 35 1.07707
14 36 1.07219
14 37 1.12937
14 38 1.12937
14 39 1.12937
14 40 1.12937
14 41 1.12937
14 42 1.10073
14 43 1.08863
14 44 1.07835
14 45 1.07342
14 46 1.14714
14 47 1.14714
14 48 1.14714
14 49 1.14714
14 50 1.14714
14 51 1.10682
14 52 1.09188
14 53 1.0798
14 54 1.07406
14 55 1.13522
14 56 1.13522
14 57 1.13522
14 58 1.13522
14 59 1.13522
14 60 1.1029
14 61 1.08974
14 62 1.07869
14 63 1.07337
14 64 1.11702
14 65 1.11702
14 66 1.11702
14 67 1.11702
14 68 1.11702
14 69 1.09501
14 70 1.08501
14 71 1.07616
14 72 1.07181
14 73 1.11185
14 74 1.11185
14 75 1.11185
14 76 1.11185
14 77 1.11185
14 78 1.09233
14 79 1.08343
14 80 1.07545
14 81 1.07159
14 82 1.11864
14 83 1.11864
14 84 1.11864
14 85 1.11864
14 86 1.11864
14 87 1.09573
14 88 1.08547
14 89 1.07648
14 90 1.07208
14 91 1.11431
14 92 1.11431
14 93 1.11431
14 94 1.11431
14 95 1.11431
14 96 1.09359
14 97 1.08409
14 98 1.07563
14 99 1.07147
14 100 1.10503
14 101 1.10503
14 102 1.10503
14 103 1.10503
14 104 1.10503
14 105 1.08861
14 106 1.08077
14 107 1.07364
14 108 1.07009
14 109 1.09759
14 110 1.09759
14 111 1.09759
14 112 1.09759
14 113 1.09759
14 114 1.08402
14 115 1.07758
14 116 1.07162
14 117 1.06884
14 118 1.10087
14 119 1.10087
14 120 1.10087
14 121 1.10087
14 122 1.10087
14 123 1.08598
14 124 1.07884
14 125 1.07236
14 126 1.06917
14 127 1.09873
14 128 1.09873
14 129 1.09873
14 130 1.09873
14 131 1.09873
14 132 1.0847
14 133 1.07793
14 134 1.07172
14 135 1.06862
14 136 1.09357
14 137 1.09357
14 138 1.09357
14 139 1.09357
14 140 1.09357
14 141 1.08155
14 142 1.07566
14 143 1.07019
14 144 1.06746
15 1 1.10664
15 2 1.10664
15 3 1.10664
15 4 1.10664
15 5 1.10664
15 6 1.4466
15 7 1.36754
15 8 1.24364
15 9 1.18
15 10 1.11753
15 11 1.11753
15 12 1.11753
15 13 1.11753
15 14 1.11753
15 15 6.92092
15 16 2.14646
15 17 1.395
15 18 1.20487
15 19 1.11001
15 20 1.11001
15 21 1.11001
15 22 1.11001
15 23 1.11001
15 24 1.68196
15 25 1.4855
15 26 1.28193
15 27 1.18895
15 28 1.09875
15 29 1.09875
15 30 1.09875
15 31 1.09875
15 32 1.09875
15 33 1.24215
15 34 1.23216
15 35 1.18771
15 36 1.1603
15 37 1.10089
15 38 1.10089
15 39 1.10089
15 40 1.10089
15 41 1.10089
15 42 1.25862
15 43 1.24568
15 44 1.1947
15 45 1.16413
15 46 1.10686
15 47 1.10686
15 48 1.10686
15 49 1.10686
15 50 1.10686
15 51 1.44669
15 52 1.36775
15 53 1.24386
15 54 1.1801
15 55 1.10291
15 56 1.10291
15 57 1.10291
15 58 1.10291
15 59 1.10291
15 60 1.31143
15 61 1.28433
15 62 1.21196
15 63 1.17025
15 64 1.095
15 65 1.095
15 66 1.095
15 67 1.095
15 68 1.095
15 69 1.18484
15 70 1.1862
15 71 1.16444
15 72 1.14945
15 73 1.09262
15 74 1.09262
15 75 1.09262
15 76 1.09262
15 77 1.09262
15 78 1.15835
15 79 1.16316
15 80 1.15097
15 81 1.14207
15 82 1.09583
15 83 1.09583
15 84 1.09583
15 85 1.09583
15 86 1.09583
15 87 1.19388
15 88 1.19343
15 89 1.16806
15 90 1.1512
15 91 1.09363
15 92 1.09363
15 93 1.09363
15 94 1.09363
15 95 1.09363
15 96 1.17223
15 97 1.1751
15 98 1.15793
15 99 1.1457
15 100 1.08862
15 101 1.08862
15 102 1.08862
15 103 1.08862
15 104 1.08862
15 105 1.13608
15 106 1.14223
15 107 1.13731
15 108 1.13268
15 109 1.08437
15 110 1.08437
15 111 1.08437
15 112 1.08437
15 113 1.08437
15 114 1.1136
15 115 1.12075
15 116 1.12151
15 117 1.12115
15 118 1.08614
15 119 1.08614
15 120 1.08614
15 121 1.08614
15 122 1.08614
15 123 1.12401
15 124 1.13056
15 125 1.12877
15 126 1.12634
15 127 1.0848
15 128 1.0848
15 129 1.0848
15 130 1.0848
15 131 1.0848
15 132 1.11882
15 133 1.12538
15 134 1.12489
15 135 1.12328
15 136 1.08159
15 137 1.08159
15 138 1.08159
15 139 1.08159
15 140 1.08159
15 141 1.10692
15 142 1.11336
15 143 1.11533
15 144 1.11545
16 1 1.0917
16 2 1.0917
16 3 1.0917
16 4 1.0917
16 5 1.0917
16 6 1.36766
16 7 1.4692
16 8 1.34141
16 9 1.24982
16 10 1.09627
16 11 1.09627
16 12 1.09627
16 13 1.09627
16 14 1.09627
16 15 2.14646
16 16 6.92776
16 17 1.99927
16 18 1.31311
16 19 1.09316
16 20 1.09316
16 21 1.09316
16 22 1.09316
16 23 1.09316
16 24 1.48548
16 25 1.70078
16 26 1.43121
16 27 1.26957
16 28 1.0871
16 29 1.0871
16 30 1.0871
16 31 1.0871
16 32 1.0871
16 33 1.23215
16 34 1.2689
16 35 1.24029
16 36 1.21274
16 37 1.08879
16 38 1.08879
16 39 1.08879
16 40 1.08879
16 41 1.08879
16 42 1.24561
16 43 1.28514
16 44 1.25056
16 45 1.21878
16 46 1.09193
16 47 1.09193
16 48 1.09193
16 49 1.09193
16 50 1.09193
16 51 1.36773
16 52 1.46939
16 53 1.34166
16 54 1.24986
16 55 1.08975
16 56 1.08975
16 57 1.08975
16 58 1.08975
16 59 1.08975
16 60 1.28431
16 61 1.33697
16 62 1.27946
16 63 1.23044
16 64 1.085
16 65 1.085
16 66 1.085
16 67 1.085
16 68 1.085
16 69 1.18619
16 70 1.21168
16 71 1.20455
16 72 1.19365
16 73 1.08366
16 74 1.08366
16 75 1.08366
16 76 1.08366
16 77 1.08366
16 78 1.16255
16 79 1.18476
16 80 1.18538
16 81 1.18127
16 82 1.08558
16 83 1.08558
16 84 1.08558
16 85 1.08558
16 86 1.08558
16 87 1.19328
16 88 1.22066
16 89 1.2101
16 90 1.19664
16 91 1.08413
16 92 1.08413
16 93 1.08413
16 94 1.08413
16 95 1.08413
16 96 1.17505
16 97 1.1987
16 98 1.19529
16 99 1.18751
16 100 1.08078
16 101 1.08078
16 102 1.08078
16 103 1.08078
16 104 1.08078
16 105 1.14222
16 106 1.16072
16 107 1.16653
16 108 1.16664
16 109 1.07791
16 110 1.07791
16 111 1.07791
16 112 1.07791
16 113 1.07791
16 114 1.11977
16 115 1.1359
16 116 1.1451
16 117 1.14887
16 118 1.07903
16 119 1.07903
16 120 1.07903
16 121 1.07903
16 122 1.07903
16 123 1.13025
16 124 1.14732
16 125 1.15502
16 126 1.157
16 127 1.07802
16 128 1.07802
16 129 1.07802
16 130 1.07802
16 131 1.07802
16 132 1.12529
16 133 1.14138
16 134 1.14977
16 135 1.1524
16 136 1.0757
16 137 1.0757
16 138 1.0757
16 139 1.0757
16 140 1.0757
16 141 1.11334
16 142 1.12744
16 143 1.13683
16 144 1.14065
17 1 1.07961
17 2 1.07961
17 3 1.07961
17 4 1.07961
17 5 1.07961
17 6 1.24382
17 7 1.34168
17 8 1.39984
17 9 1.33631
17 10 1.0814
17 11 1.0814
17 12 1.0814
17 13 1.0814
17 14 1.0814
17 15 1.395
17 16 1.99927
17 17 6.28214
17 18 1.54611
17 19 1.08003
17 20 1.08003
17 21 1.08003
17 22 1.08003
17 23 1.08003
17 24 1.28189
17 25 1.43115
17 26 1.55608
17 27 1.37956
17 28 1.07706
17 29 1.07706
17 30 1.07706
17 31 1.07706
17 32 1.07706
17 33 1.1877
17 34 1.24027
17 35 1.27137
17 36 1.27018
17 37 1.07845
17 38 1.07845
17 39 1.07845
17 40 1.07845
17 41 1.07845
17 42 1.19472
17 43 1.25085
17 44 1.28237
17 45 1.27928
17 46 1.07984
17 47 1.07984
17 48 1.07984
17 49 1.07984
17 50 1.07984
17 51 1.24383
17 52 1.34167
17 53 1.40002
17 54 1.33633
17 55 1.0787
17 56 1.0787
17 57 1.0787
17 58 1.0787
17 59 1.0787
17 60 1.21191
17 61 1.27942
17 62 1.31531
17 63 1.29954
17 64 1.07616
17 65 1.07616
17 66 1.07616
17 67 1.07616
17 68 1.07616
17 69 1.16443
17 70 1.20453
17 71 1.23197
17 72 1.23983
17 73 1.07563
17 74 1.07563
17 75 1.07563
17 76 1.07563
17 77 1.07563
17 78 1.15021
17 79 1.18516
17 80 1.21113
17 81 1.22129
17 82 1.07656
17 83 1.07656
17 84 1.07656
17 85 1.07656
17 86 1.07656
17 87 1.16782
17 88 1.21
17 89 1.23806
17 90 1.24456
17 91 1.07567
17 92 1.07567
17 93 1.07567
17 94 1.07567
17 95 1.07567
17 96 1.15783
17 97 1.19522
17 98 1.22189
17 99 1.23075
17 100 1.07365
17 101 1.07365
17 102 1.07365
17 103 1.07365
17 104 1.07365
17 105 1.13728
17 106 1.1665
17 107 1.19015
17 108 1.20058
17 109 1.07194
17 110 1.07194
17 111 1.07194
17 112 1.07194
17 113 1.07194
17 114 1.12008
17 115 1.14462
17 116 1.16557
17 117 1.17601
17 118 1.07251
17 119 1.07251
17 120 1.07251
17 121 1.07251
17 122 1.07251
17 123 1.1282
17 124 1.15476
17 125 1.17701
17 126 1.18734
17 127 1.07179
17 128 1.07179
17 129 1.07179
17 130 1.07179
17 131 1.07179
17 132 1.12467
17 133 1.14962
17 134 1.17099
17 135 1.18106
17 136 1.07023
17 137 1.07023
17 138 1.07023
17 139 1.07023
17 140 1.07023
17 141 1.11526
17 142 1.13677
17 143 1.15587
17 144 1.16516
18 1 1.07385
18 2 1.07385
18 3 1.07385
18 4 1.07385
18 5 1.07385
18 6 1.17999
18 7 1.24986
18 8 1.33626
18 9 1.3902
18 10 1.0746
18 11 1.0746
18 12 1.0746
18 13 1.0746
18 14 1.0746
18 15 1.20487
18 16 1.31311
18 17 1.54611
18 18 2.1481
18 19 1.07386
18 20 1.07386
18 21 1.07386
18 22 1.07386
18 23 1.07386
18 24 1.18896
18 25 1.26957
18 26 1.37958
18 27 1.45775
18 28 1.07218
18 29 1.07218
18 30 1.07218
18 31 1.07218
18 32 1.07218
18 33 1.1603
18 34 1.21274
18 35 1.2702
18 36 1.30192
18 37 1.07344
18 38 1.07344
18 39 1.07344
18 40 1.07344
18 41 1.07344
18 42 1.16376
18 43 1.21863
18 44 1.27905
18 45 1.31283
18 46 1.07408
18 47 1.07408
18 48 1.07408
18 49 1.07408
18 50 1.07408
18 51 1.17998
18 52 1.24978
18 53 1.33627
18 54 1.39026
18 55 1.07338
18 56 1.07338
18 57 1.07338
18 58 1.07338
18 59 1.07338
18 60 1.17021
18 61 1.2304
18 62 1.29953
18 63 1.33914
18 64 1.07181
18 65 1.07181
18 66 1.07181
18 67 1.07181
18 68 1.07181
18 69 1.14944
18 70 1.19364
18 71 1.23983
18 72 1.26446
18 73 1.07166
18 74 1.07166
18 75 1.07166
18 76 1.07166
18 77 1.07166
18 78 1.14094
18 79 1.18057
18 80 1.22086
18 81 1.24229
18 82 1.07213
18 83 1.07213
18 84 1.07213
18 85 1.07213
18 86 1.07213
18 87 1.15083
18 88 1.19639
18 89 1.24442
18 90 1.27026
18 91 1.0715
18 92 1.0715
18 93 1.0715
18 94 1.0715
18 95 1.0715
18 96 1.14557
18 97 1.1874
18 98 1.2307
18 99 1.25364
18 100 1.07011
18 101 1.07011
18 102 1.07011
18 103 1.07011
18 104 1.07011
18 105 1.13265
18 106 1.1666
18 107 1.20057
18 108 1.21821
18 109 1.06896
18 110 1.06896
18 111 1.06896
18 112 1.06896
18 113 1.06896
18 114 1.11907
18 115 1.14767
18 116 1.17531
18 117 1.18994
18 118 1.06925
18 119 1.06925
18 120 1.06925
18 121 1.06925
18 122 1.06925
18 123 1.12555
18 124 1.1565
18 125 1.1871
18 126 1.20301
18 127 1.06868
18 128 1.06868
18 129 1.06868
18 130 1.06868
18 131 1.06868
18 132 1.12297
18 133 1.15214
18 134 1.18094
18 135 1.19582
18 136 1.06749
18 137 1.06749
18 138 1.06749
18 139 1.06749
18 140 1.06749
18 141 1.11535
18 142 1.14055
18 143 1.16512
18 144 1.17772
19 1 1.11815
19 2 1.11815
19 3 1.11815
19 4 1.11815
19 5 1.11815
19 6 1.09525
19 7 1.08496
19 8 1.07592
19 9 1.0715
19 10 1.16169
19 11 1.16169
19 12 1.16169
19 13 1.16169
19 14 1.16169
19 15 1.11001
19 16 1.09316
19 17 1.08003
19 18 1.07386
19 19 1.30427
19 20 1.30427
19 21 1.30427
19 22 1.30427
19 23 1.30427
19 24 1.11754
19 25 1.09628
19 26 1.08138
19 27 1.07457
19 28 1.162
19 29 1.162
19 30 1.162
19 31 1.162
19 32 1.162
19 33 1.11033
19 34 1.09348
19 35 1.08034
19 36 1.07416
19 37 1.11157
19 38 1.11157
19 39 1.11157
19 40 1.11157
19 41 1.11157
19 42 1.09212
19 43 1.08313
19 44 1.0751
19 45 1.07119
19 46 1.13521
19 47 1.13521
19 48 1.13521
19 49 1.13521
19 50 1.13521
19 51 1.10287
19 52 1.0897
19 53 1.07867
19 54 1.07336
19 55 1.14716
19 56 1.14716
19 57 1.14716
19 58 1.14716
19 59 1.14716
19 60 1.10684
19 61 1.09189
19 62 1.07978
19 63 1.07402
19 64 1.13554
19 65 1.13554
19 66 1.13554
19 67 1.13554
19 68 1.13554
19 69 1.10322
19 70 1.09004
19 71 1.07899
19 72 1.07365
19 73 1.10161
19 74 1.10161
19 75 1.10161
19 76 1.10161
19 77 1.10161
19 78 1.08643
19 79 1.0793
19 80 1.07275
19 81 1.06957
19 82 1.1143
19 83 1.1143
19 84 1.1143
19 85 1.1143
19 86 1.1143
19 87 1.09353
19 88 1.08402
19 89 1.07559
19 90 1.07146
19 91 1.11867
19 92 1.11867
19 93 1.11867
19 94 1.11867
19 95 1.11867
19 96 1.09577
19 97 1.08549
19 98 1.07646
19 99 1.07203
19 100 1.11464
19 101 1.11464
19 102 1.11464
19 103 1.11464
19 104 1.11464
19 105 1.09392
19 106 1.08439
19 107 1.07592
19 108 1.07174
19 109 1.09141
19 110 1.09141
19 111 1.09141
19 112 1.09141
19 113 1.09141
19 114 1.07995
19 115 1.07451
19 116 1.06943
19 117 1.06706
19 118 1.09871
19 119 1.09871
19 120 1.09871
19 121 1.09871
19 122 1.09871
19 123 1.08461
19 124 1.07784
19 125 1.07166
19 126 1.06862
19 127 1.10091
19 128 1.10091
19 129 1.10091
19 130 1.10091
19 131 1.10091
19 132 1.086
19 133 1.07886
19 134 1.07233
19 135 1.06909
19 136 1.09907
19 137 1.09907
19 138 1.09907
19 139 1.09907
19 140 1.09907
19 141 1.08504
19 142 1.07824
19 143 1.07199
19 144 1.06887
20 1 1.11815
20 2 1.11815
20 3 1.11815
20 4 1.11815
20 5 1.11815
20 6 1.09525
20 7 1.08496
20 8 1.07592
20 9 1.0715
20 10 1.16169
20 11 1.16169
20 12 1.16169
20 13 1.16169
20 14 1.16169
20 15 1.11001
20 16 1.09316
20 17 1.08003
20 18 1.07386
20 19 1.30427
20 20 1.30427
20 21 1.30427
20 22 1.30427
20 23 1.30427
20 24 1.11754
20 25 1.09628
20 26 1.08138
20 27 1.07457
20 28 1.162
20 29 1.162
20 30 1.162
20 31 1.162
20 32 1.162
20 33 1.11033
20 34 1.09348
20 35 1.08034
20 36 1.07416
20 37 1.11157
20 38 1.11157
20 39 1.11157
20 40 1.11157
20 41 1.11157
20 42 1.09212
20 43 1.08313
20 44 1.0751
20 45 1.07119
20 46 1.13521
20 47 1.13521
20 48 1.13521
20 49 1.13521
20 50 1.13521
20 51 1.10287
20 52 1.0897
20 53 1.07867
20 54 1.07336
20 55 1.14716
20 56 1.14716
20 57 1.14716
20 58 1.14716
20 59 1.14716
20 60 1.10684
20 61 1.09189
20 62 1.07978
20 63 1.07402
20 64 1.13554
20 65 1.13554
20 66 1.13554
20 67 1.13554
20 68 1.13554
20 69 1.10322
20 70 1.09004
20 71 1.07899
20 72 1.07365
20 73 1.10161
20 74 1.10161
20 75 1.10161
20 76 1.10161
20 77 1.10161
20 78 1.08643
20 79 1.0793
20 80 1.07275
20 81 1.06957
20 82 1.1143
20 83 1.1143
20 84 1.1143
20 85 1.1143
20 86 1.1143
20 87 1.09353
20 88 1.08402
20 89 1.07559
20 90 1.07146
20 91 1.11867
20 92 1.11867
20 93 1.11867
20 94 1.11867
20 95 1.11867
20 96 1.09577
20 97 1.08549
20 98 1.07646
20 99 1.07203
20 100 1.11464
20 101 1.11464
20 102 1.11464
20 103 1.11464
20 104 1.11464
20 105 1.09392
20 106 1.08439
20 107 1.07592
20 108 1.07174
20 109 1.09141
20 110 1.09141
20 111 1.09141
20 112 1.09141
20 113 1.09141
20 114 1.07995
20 115 1.07451
20 116 1.06943
20 117 1.06706
20 118 1.09871
20 119 1.09871
20 120 1.09871
20 121 1.09871
20 122 1.09871
20 123 1.08461
20 124 1.07784
20 125 1.07166
20 126 1.06862
20 127 1.10091
20 128 1.10091
20 129 1.10091
20 130 1.10091
20 131 1.10091
20 132 1.086
20 133 1.07886
20 134 1.07233
20 135 1.06909
20 136 1.09907
20 137 1.09907
20 138 1.09907
20 139 1.09907
20 140 1.09907
20 141 1.08504
20 142 1.07824
20 143 1.07199
20 144 1.06887
21 1 1.11815
21 2 1.11815
21 3 1.11815
21 4 1.11815
21 5 1.11815
21 6 1.09525
21 7 1.08496
21 8 1.07592
21 9 1.0715
21 10 1.16169
21 11 1.16169
21 12 1.16169
21 13 1.16169
21 14 1.16169
21 15 1.11001
21 16 1.09316
21 17 1.08003
21 18 1.07386
21 19 1.30427
21 20 1.30427
21 21 1.30427
21 22 1.30427
21 23 1.30427
21 24 1.11754
21 25 1.09628
21 26 1.08138
21 27 1.07457
21 28 1.162
21 29 1.162
21 30 1.162
21 31 1.162
21 32 1.162
21 33 1.11033
21 34 1.09348
21 35 1.08034
21 36 1.07416
21 37 1.11157
