injected_el measured_el potential
1 1 1.30529
1 2 1.30529
1 3 1.30529
1 4 1.30529
1 5 1.30529
1 6 1.11855
1 7 1.09728
1 8 1.08237
1 9 1.07555
1 10 1.14705
1 11 1.14705
1 12 1.14705
1 13 1.14705
1 14 1.14705
1 15 1.1067
1 16 1.09173
1 17 1.07958
1 18 1.07379
1 19 1.11825
1 20 1.11825
1 21 1.11825
1 22 1.11825
1 23 1.11825
1 24 1.09533
1 25 1.08501
1 26 1.07592
1 27 1.07146
1 28 1.10065
1 29 1.10065
1 30 1.10065
1 31 1.10065
1 32 1.10065
1 33 1.08575
1 34 1.07856
1 35 1.07195
1 36 1.06865
1 37 1.14821
1 38 1.14821
1 39 1.14821
1 40 1.14821
1 41 1.14821
1 42 1.10788
1 43 1.09291
1 44 1.08077
1 45 1.07498
1 46 1.12952
1 47 1.12952
1 48 1.12952
1 49 1.12952
1 50 1.12952
1 51 1.10093
1 52 1.08876
1 53 1.07836
1 54 1.07331
1 55 1.11171
1 56 1.11171
1 57 1.11171
1 58 1.11171
1 59 1.11171
1 60 1.09229
1 61 1.08325
1 62 1.07512
1 63 1.07111
1 64 1.09762
1 65 1.09762
1 66 1.09762
1 67 1.09762
1 68 1.09762
1 69 1.08414
1 70 1.07756
1 71 1.07148
1 72 1.06844
1 73 1.11975
1 74 1.11975
1 75 1.11975
1 76 1.11975
1 77 1.11975
1 78 1.09683
1 79 1.08651
1 80 1.07742
1 81 1.07296
1 82 1.11204
1 83 1.11204
1 84 1.11204
1 85 1.11204
1 86 1.11204
1 87 1.09262
1 88 1.08357
1 89 1.07545
1 90 1.07143
1 91 1.10178
1 92 1.10178
1 93 1.10178
1 94 1.10178
1 95 1.10178
1 96 1.08673
1 97 1.07945
1 98 1.07278
1 99 1.06945
1 100 1.09175
1 101 1.09175
1 102 1.09175
1 103 1.09175
1 104 1.09175
1 105 1.08045
1 106 1.07485
1 107 1.06964
1 108 1.06702
1 109 1.10202
1 110 1.10202
1 111 1.10202
1 112 1.10202
1 113 1.10202
1 114 1.0871
1 115 1.07989
1 116 1.07328
1 117 1.06998
1 118 1.09781
1 119 1.09781
1 120 1.09781
1 121 1.09781
1 122 1.09781
1 123 1.08432
1 124 1.07773
1 125 1.07164
1 126 1.0686
1 127 1.09161
1 128 1.09161
1 129 1.09161
1 130 1.09161
1 131 1.09161
1 132 1.0803
1 133 1.0747
1 134 1.06949
1 135 1.06687
1 136 1.0847
1 137 1.0847
1 138 1.0847
1 139 1.0847
1 140 1.0847
1 141 1.07565
1 142 1.07112
1 143 1.06688
1 144 1.06474
2 1 1.30529
2 2 1.30529
2 3 1.30529
2 4 1.30529
2 5 1.30529
2 6 1.11855
2 7 1.09728
2 8 1.08237
2 9 1.07555
2 10 1.14705
2 11 1.14705
2 12 1.14705
2 13 1.14705
2 14 1.14705
2 15 1.1067
2 16 1.09173
2 17 1.07958
2 18 1.07379
2 19 1.11825
2 20 1.11825
2 21 1.11825
2 22 1.11825
2 23 1.11825
2 24 1.09533
2 25 1.08501
2 26 1.07592
2 27 1.07146
2 28 1.10065
2 29 1.10065
2 30 1.10065
2 31 1.10065
2 32 1.10065
2 33 1.08575
2 34 1.07856
2 35 1.07195
2 36 1.06865
2 37 1.14821
2 38 1.14821
2 39 1.14821
2 40 1.14821
2 41 1.14821
2 42 1.10788
2 43 1.09291
2 44 1.08077
2 45 1.07498
2 46 1.12952
2 47 1.12952
2 48 1.12952
2 49 1.12952
2 50 1.12952
2 51 1.10093
2 52 1.08876
2 53 1.07836
2 54 1.07331
2 55 1.11171
2 56 1.11171
2 57 1.11171
2 58 1.11171
2 59 1.11171
2 60 1.09229
2 61 1.08325
2 62 1.07512
2 63 1.07111
2 64 1.09762
2 65 1.09762
2 66 1.09762
2 67 1.09762
2 68 1.09762
2 69 1.08414
2 70 1.07756
2 71 1.07148
2 72 1.06844
2 73 1.11975
2 74 1.11975
2 75 1.11975
2 76 1.11975
2 77 1.11975
2 78 1.09683
2 79 1.08651
2 80 1.07742
2 81 1.07296
2 82 1.11204
2 83 1.11204
2 84 1.11204
2 85 1.11204
2 86 1.11204
2 87 1.09262
2 88 1.08357
2 89 1.07545
2 90 1.07143
2 91 1.10178
2 92 1.10178
2 93 1.10178
2 94 1.10178
2 95 1.10178
2 96 1.08673
2 97 1.07945
2 98 1.07278
2 99 1.06945
2 100 1.09175
2 101 1.09175
2 102 1.09175
2 103 1.09175
2 104 1.09175
2 105 1.08045
2 106 1.07485
2 107 1.06964
2 108 1.06702
2 109 1.10202
2 110 1.10202
2 111 1.10202
2 112 1.10202
2 113 1.10202
2 114 1.0871
2 115 1.07989
2 116 1.07328
2 117 1.06998
2 118 1.09781
2 119 1.09781
2 120 1.09781
2 121 1.09781
2 122 1.09781
2 123 1.08432
2 124 1.07773
2 125 1.07164
2 126 1.0686
2 127 1.09161
2 128 1.09161
2 129 1.09161
2 130 1.09161
2 131 1.09161
2 132 1.0803
2 133 1.0747
2 134 1.06949
2 135 1.06687
2 136 1.0847
2 137 1.0847
2 138 1.0847
2 139 1.0847
2 140 1.0847
2 141 1.07565
2 142 1.07112
2 143 1.06688
2 144 1.06474
3 1 1.30529
3 2 1.30529
3 3 1.30529
3 4 1.30529
3 5 1.30529
3 6 1.11855
3 7 1.09728
3 8 1.08237
3 9 1.07555
3 10 1.14705
3 11 1.14705
3 12 1.14705
3 13 1.14705
3 14 1.14705
3 15 1.1067
3 16 1.09173
3 17 1.07958
3 18 1.07379
3 19 1.11825
3 20 1.11825
3 21 1.11825
3 22 1.11825
3 23 1.11825
3 24 1.09533
3 25 1.08501
3 26 1.07592
3 27 1.07146
3 28 1.10065
3 29 1.10065
3 30 1.10065
3 31 1.10065
3 32 1.10065
3 33 1.08575
3 34 1.07856
3 35 1.07195
3 36 1.06865
3 37 1.14821
3 38 1.14821
3 39 1.14821
3 40 1.14821
3 41 1.14821
3 42 1.10788
3 43 1.09291
3 44 1.08077
3 45 1.07498
3 46 1.12952
3 47 1.12952
3 48 1.12952
3 49 1.12952
3 50 1.12952
3 51 1.10093
3 52 1.08876
3 53 1.07836
3 54 1.07331
3 55 1.11171
3 56 1.11171
3 57 1.11171
3 58 1.11171
3 59 1.11171
3 60 1.09229
3 61 1.08325
3 62 1.07512
3 63 1.07111
3 64 1.09762
3 65 1.09762
3 66 1.09762
3 67 1.09762
3 68 1.09762
3 69 1.08414
3 70 1.07756
3 71 1.07148
3 72 1.06844
3 73 1.11975
3 74 1.11975
3 75 1.11975
3 76 1.11975
3 77 1.11975
3 78 1.09683
3 79 1.08651
3 80 1.07742
3 81 1.07296
3 82 1.11204
3 83 1.11204
3 84 1.11204
3 85 1.11204
3 86 1.11204
3 87 1.09262
3 88 1.08357
3 89 1.07545
3 90 1.07143
3 91 1.10178
3 92 1.10178
3 93 1.10178
3 94 1.10178
3 95 1.10178
3 96 1.08673
3 97 1.07945
3 98 1.07278
3 99 1.06945
3 100 1.09175
3 101 1.09175
3 102 1.09175
3 103 1.09175
3 104 1.09175
3 105 1.08045
3 106 1.07485
3 107 1.06964
3 108 1.06702
3 109 1.10202
3 110 1.10202
3 111 1.10202
3 112 1.10202
3 113 1.10202
3 114 1.0871
3 115 1.07989
3 116 1.07328
3 117 1.06998
3 118 1.09781
3 119 1.09781
3 120 1.09781
3 121 1.09781
3 122 1.09781
3 123 1.08432
3 124 1.07773
3 125 1.07164
3 126 1.0686
3 127 1.09161
3 128 1.09161
3 129 1.09161
3 130 1.09161
3 131 1.09161
3 132 1.0803
3 133 1.0747
3 134 1.06949
3 135 1.06687
3 136 1.0847
3 137 1.0847
3 138 1.0847
3 139 1.0847
3 140 1.0847
3 141 1.07565
3 142 1.07112
3 143 1.06688
3 144 1.06474
4 1 1.30529
4 2 1.30529
4 3 1.30529
4 4 1.30529
4 5 1.30529
4 6 1.11855
4 7 1.09728
4 8 1.08237
4 9 1.07555
4 10 1.14705
4 11 1.14705
4 12 1.14705
4 13 1.14705
4 14 1.14705
4 15 1.1067
4 16 1.09173
4 17 1.07958
4 18 1.07379
4 19 1.11825
4 20 1.11825
4 21 1.11825
4 22 1.11825
4 23 1.11825
4 24 1.09533
4 25 1.08501
4 26 1.07592
4 27 1.07146
4 28 1.10065
4 29 1.10065
4 30 1.10065
4 31 1.10065
4 32 1.10065
4 33 1.08575
4 34 1.07856
4 35 1.07195
4 36 1.06865
4 37 1.14821
4 38 1.14821
4 39 1.14821
4 40 1.14821
4 41 1.14821
4 42 1.10788
4 43 1.09291
4 44 1.08077
4 45 1.07498
4 46 1.12952
4 47 1.12952
4 48 1.12952
4 49 1.12952
4 50 1.12952
4 51 1.10093
4 52 1.08876
4 53 1.07836
4 54 1.07331
4 55 1.11171
4 56 1.11171
4 57 1.11171
4 58 1.11171
4 59 1.11171
4 60 1.09229
4 61 1.08325
4 62 1.07512
4 63 1.07111
4 64 1.09762
4 65 1.09762
4 66 1.09762
4 67 1.09762
4 68 1.09762
4 69 1.08414
4 70 1.07756
4 71 1.07148
4 72 1.06844
4 73 1.11975
4 74 1.11975
4 75 1.11975
4 76 1.11975
4 77 1.11975
4 78 1.09683
4 79 1.08651
4 80 1.07742
4 81 1.07296
4 82 1.11204
4 83 1.11204
4 84 1.11204
4 85 1.11204
4 86 1.11204
4 87 1.09262
4 88 1.08357
4 89 1.07545
4 90 1.07143
4 91 1.10178
4 92 1.10178
4 93 1.10178
4 94 1.10178
4 95 1.10178
4 96 1.08673
4 97 1.07945
4 98 1.07278
4 99 1.06945
4 100 1.09175
4 101 1.09175
4 102 1.09175
4 103 1.09175
4 104 1.09175
4 105 1.08045
4 106 1.07485
4 107 1.06964
4 108 1.06702
4 109 1.10202
4 110 1.10202
4 111 1.10202
4 112 1.10202
4 113 1.10202
4 114 1.0871
4 115 1.07989
4 116 1.07328
4 117 1.06998
4 118 1.09781
4 119 1.09781
4 120 1.09781
4 121 1.09781
4 122 1.09781
4 123 1.08432
4 124 1.07773
4 125 1.07164
4 126 1.0686
4 127 1.09161
4 128 1.09161
4 129 1.09161
4 130 1.09161
4 131 1.09161
4 132 1.0803
4 133 1.0747
4 134 1.06949
4 135 1.06687
4 136 1.0847
4 137 1.0847
4 138 1.0847
4 139 1.0847
4 140 1.0847
4 141 1.07565
4 142 1.07112
4 143 1.06688
4 144 1.06474
5 1 1.30529
5 2 1.30529
5 3 1.30529
5 4 1.30529
5 5 1.30529
5 6 1.11855
5 7 1.09728
5 8 1.08237
5 9 1.07555
5 10 1.14705
5 11 1.14705
5 12 1.14705
5 13 1.14705
5 14 1.14705
5 15 1.1067
5 16 1.09173
5 17 1.07958
5 18 1.07379
5 19 1.11825
5 20 1.11825
5 21 1.11825
5 22 1.11825
5 23 1.11825
5 24 1.09533
5 25 1.08501
5 26 1.07592
5 27 1.07146
5 28 1.10065
5 29 1.10065
5 30 1.10065
5 31 1.10065
5 32 1.10065
5 33 1.08575
5 34 1.07856
5 35 1.07195
5 36 1.06865
5 37 1.14821
5 38 1.14821
5 39 1.14821
5 40 1.14821
5 41 1.14821
5 42 1.10788
5 43 1.09291
5 44 1.08077
5 45 1.07498
5 46 1.12952
5 47 1.12952
5 48 1.12952
5 49 1.12952
5 50 1.12952
5 51 1.10093
5 52 1.08876
5 53 1.07836
5 54 1.07331
5 55 1.11171
5 56 1.11171
5 57 1.11171
5 58 1.11171
5 59 1.11171
5 60 1.09229
5 61 1.08325
5 62 1.07512
5 63 1.07111
5 64 1.09762
5 65 1.09762
5 66 1.09762
5 67 1.09762
5 68 1.09762
5 69 1.08414
5 70 1.07756
5 71 1.07148
5 72 1.06844
5 73 1.11975
5 74 1.11975
5 75 1.11975
5 76 1.11975
5 77 1.11975
5 78 1.09683
5 79 1.08651
5 80 1.07742
5 81 1.07296
5 82 1.11204
5 83 1.11204
5 84 1.11204
5 85 1.11204
5 86 1.11204
5 87 1.09262
5 88 1.08357
5 89 1.07545
5 90 1.07143
5 91 1.10178
5 92 1.10178
5 93 1.10178
5 94 1.10178
5 95 1.10178
5 96 1.08673
5 97 1.07945
5 98 1.07278
5 99 1.06945
5 100 1.09175
5 101 1.09175
5 102 1.09175
5 103 1.09175
5 104 1.09175
5 105 1.08045
5 106 1.07485
5 107 1.06964
5 108 1.06702
5 109 1.10202
5 110 1.10202
5 111 1.10202
5 112 1.10202
5 113 1.10202
5 114 1.0871
5 115 1.07989
5 116 1.07328
5 117 1.06998
5 118 1.09781
5 119 1.09781
5 120 1.09781
5 121 1.09781
5 122 1.09781
5 123 1.08432
5 124 1.07773
5 125 1.07164
5 126 1.0686
5 127 1.09161
5 128 1.09161
5 129 1.09161
5 130 1.09161
5 131 1.09161
5 132 1.0803
5 133 1.0747
5 134 1.06949
5 135 1.06687
5 136 1.0847
5 137 1.0847
5 138 1.0847
5 139 1.0847
5 140 1.0847
5 141 1.07565
5 142 1.07112
5 143 1.06688
5 144 1.06474
6 1 1.11855
6 2 1.11855
6 3 1.11855
6 4 1.11855
6 5 1.11855
6 6 6.92226
6 7 2.14793
6 8 1.39644
6 9 1.20618
6 10 1.1067
6 11 1.1067
6 12 1.1067
6 13 1.1067
6 14 1.1067
6 15 1.44722
6 16 1.36839
6 17 1.2444
6 18 1.18045
6 19 1.09533
6 20 1.09533
6 21 1.09533
6 22 1.09533
6 23 1.09533
6 24 1.19438
6 25 1.19394
6 26 1.16844
6 27 1.15138
6 28 1.08575
6 29 1.08575
6 30 1.08575
6 31 1.08575
6 32 1.08575
6 33 1.12487
6 34 1.1314
6 35 1.12944
6 36 1.12679
6 37 1.10788
6 38 1.10788
6 39 1.10788
6 40 1.10788
6 41 1.10788
6 42 1.44837
6 43 1.36954
6 44 1.24555
6 45 1.18161
6 46 1.10093
6 47 1.10093
6 48 1.10093
6 49 1.10093
6 50 1.10093
6 51 1.26029
6 52 1.24734
6 53 1.19602
6 54 1.16476
6 55 1.09229
6 56 1.09229
6 57 1.09229
6 58 1.09229
6 59 1.09229
6 60 1.16037
6 61 1.16478
6 62 1.15211
6 63 1.14256
6 64 1.08414
6 65 1.08414
6 66 1.08414
6 67 1.08414
6 68 1.08414
6 69 1.11598
6 70 1.12266
6 71 1.12301
6 72 1.12195
6 73 1.09683
6 74 1.09683
6 75 1.09683
6 76 1.09683
6 77 1.09683
6 78 1.19586
6 79 1.19544
6 80 1.16994
6 81 1.15289
6 82 1.09262
6 83 1.09262
6 84 1.09262
6 85 1.09262
6 86 1.09262
6 87 1.1607
6 88 1.16511
6 89 1.15244
6 90 1.1429
6 91 1.08673
6 92 1.08673
6 93 1.08673
6 94 1.08673
6 95 1.08673
6 96 1.12627
6 97 1.13289
6 98 1.13088
6 99 1.12818
6 100 1.08045
6 101 1.08045
6 102 1.08045
6 103 1.08045
6 104 1.08045
6 105 1.10323
6 106 1.10961
6 107 1.11228
6 108 1.11291
6 109 1.0871
6 110 1.0871
6 111 1.0871
6 112 1.0871
6 113 1.0871
6 114 1.12623
6 115 1.13278
6 116 1.13083
6 117 1.1282
6 118 1.08432
6 119 1.08432
6 120 1.08432
6 121 1.08432
6 122 1.08432
6 123 1.11618
6 124 1.12286
6 125 1.12323
6 126 1.12217
6 127 1.0803
6 128 1.0803
6 129 1.0803
6 130 1.0803
6 131 1.0803
6 132 1.1031
6 133 1.10948
6 134 1.11215
6 135 1.11278
6 136 1.07565
6 137 1.07565
6 138 1.07565
6 139 1.07565
6 140 1.07565
6 141 1.09132
6 142 1.09689
6 143 1.1006
6 144 1.10213
7 1 1.09728
7 2 1.09728
7 3 1.09728
7 4 1.09728
7 5 1.09728
7 6 2.14793
7 7 6.92953
7 8 2.00106
7 9 1.31459
7 10 1.09173
7 11 1.09173
7 12 1.09173
7 13 1.09173
7 14 1.09173
7 15 1.36839
7 16 1.47027
7 17 1.34252
7 18 1.25051
7 19 1.08501
7 20 1.08501
7 21 1.08501
7 22 1.08501
7 23 1.08501
7 24 1.19394
7 25 1.22144
7 26 1.21084
7 27 1.19721
7 28 1.07856
7 29 1.07856
7 30 1.07856
7 31 1.07856
7 32 1.07856
7 33 1.1314
7 34 1.14851
7 35 1.15613
7 36 1.15793
7 37 1.09291
7 38 1.09291
7 39 1.09291
7 40 1.09291
7 41 1.09291
7 42 1.36954
7 43 1.47141
7 44 1.34366
7 45 1.25165
7 46 1.08876
7 47 1.08876
7 48 1.08876
7 49 1.08876
7 50 1.08876
7 51 1.24734
7 52 1.28706
7 53 1.25234
7 54 1.21979
7 55 1.08325
7 56 1.08325
7 57 1.08325
7 58 1.08325
7 59 1.08325
7 60 1.16478
7 61 1.18676
7 62 1.18703
7 63 1.18227
7 64 1.07756
7 65 1.07756
7 66 1.07756
7 67 1.07756
7 68 1.07756
7 69 1.12266
7 70 1.13835
7 71 1.14723
7 72 1.1503
7 73 1.08651
7 74 1.08651
7 75 1.08651
7 76 1.08651
7 77 1.08651
7 78 1.19544
7 79 1.22294
7 80 1.21235
7 81 1.19872
7 82 1.08357
7 83 1.08357
7 84 1.08357
7 85 1.08357
7 86 1.08357
7 87 1.16511
7 88 1.1871
7 89 1.18737
7 90 1.18262
7 91 1.07945
7 92 1.07945
7 93 1.07945
7 94 1.07945
7 95 1.07945
7 96 1.13289
7 97 1.15013
7 98 1.15782
7 99 1.15965
7 100 1.07485
7 101 1.07485
7 102 1.07485
7 103 1.07485
7 104 1.07485
7 105 1.10961
7 106 1.12312
7 107 1.13274
7 108 1.13686
7 109 1.07989
7 110 1.07989
7 111 1.07989
7 112 1.07989
7 113 1.07989
7 114 1.13278
7 115 1.14991
7 116 1.15756
7 117 1.15938
7 118 1.07773
7 119 1.07773
7 120 1.07773
7 121 1.07773
7 122 1.07773
7 123 1.12286
7 124 1.13857
7 125 1.14747
7 126 1.15055
7 127 1.0747
7 128 1.0747
7 129 1.0747
7 130 1.0747
7 131 1.0747
7 132 1.10948
7 133 1.123
7 134 1.13263
7 135 1.13675
7 136 1.07112
7 137 1.07112
7 138 1.07112
7 139 1.07112
7 140 1.07112
7 141 1.09689
7 142 1.10802
7 143 1.11713
7 144 1.12141
8 1 1.08237
8 2 1.08237
8 3 1.08237
8 4 1.08237
8 5 1.08237
8 6 1.39644
8 7 2.00106
8 8 6.28602
8 9 1.5478
8 10 1.07958
8 11 1.07958
8 12 1.07958
8 13 1.07958
8 14 1.07958
8 15 1.2444
8 16 1.34252
8 17 1.40109
8 18 1.33729
8 19 1.07592
8 20 1.07592
8 21 1.07592
8 22 1.07592
8 23 1.07592
8 24 1.16844
8 25 1.21084
8 26 1.23906
8 27 1.24552
8 28 1.07195
8 29 1.07195
8 30 1.07195
8 31 1.07195
8 32 1.07195
8 33 1.12944
8 34 1.15613
8 35 1.17848
8 36 1.18874
8 37 1.08077
8 38 1.08077
8 39 1.08077
8 40 1.08077
8 41 1.08077
8 42 1.24555
8 43 1.34366
8 44 1.40222
8 45 1.33841
8 46 1.07836
8 47 1.07836
8 48 1.07836
8 49 1.07836
8 50 1.07836
8 51 1.19602
8 52 1.25234
8 53 1.2842
8 54 1.28074
8 55 1.07512
8 56 1.07512
8 57 1.07512
8 58 1.07512
8 59 1.07512
8 60 1.15211
8 61 1.18703
8 62 1.21303
8 63 1.22284
8 64 1.07148
8 65 1.07148
8 66 1.07148
8 67 1.07148
8 68 1.07148
8 69 1.12301
8 70 1.14723
8 71 1.16815
8 72 1.17809
8 73 1.07742
8 74 1.07742
8 75 1.07742
8 76 1.07742
8 77 1.07742
8 78 1.16994
8 79 1.21235
8 80 1.24057
8 81 1.24704
8 82 1.07545
8 83 1.07545
8 84 1.07545
8 85 1.07545
8 86 1.07545
8 87 1.15244
8 88 1.18737
8 89 1.21338
8 90 1.2232
8 91 1.07278
8 92 1.07278
8 93 1.07278
8 94 1.07278
8 95 1.07278
8 96 1.13088
8 97 1.15782
8 98 1.18039
8 99 1.19079
8 100 1.06964
8 101 1.06964
8 102 1.06964
8 103 1.06964
8 104 1.06964
8 105 1.11228
8 106 1.13274
8 107 1.15107
8 108 1.16006
8 109 1.07328
8 110 1.07328
8 111 1.07328
8 112 1.07328
8 113 1.07328
8 114 1.13083
8 115 1.15756
8 116 1.17995
8 117 1.19023
8 118 1.07164
8 119 1.07164
8 120 1.07164
8 121 1.07164
8 122 1.07164
8 123 1.12323
8 124 1.14747
8 125 1.16841
8 126 1.17836
8 127 1.06949
8 128 1.06949
8 129 1.06949
8 130 1.06949
8 131 1.06949
8 132 1.11215
8 133 1.13263
8 134 1.15097
8 135 1.15996
8 136 1.06688
8 137 1.06688
8 138 1.06688
8 139 1.06688
8 140 1.06688
8 141 1.1006
8 142 1.11713
8 143 1.13233
8 144 1.13991
9 1 1.07555
9 2 1.07555
9 3 1.07555
9 4 1.07555
9 5 1.07555
9 6 1.20618
9 7 1.31459
9 8 1.5478
9 9 2.14989
9 10 1.07379
9 11 1.07379
9 12 1.07379
9 13 1.07379
9 14 1.07379
9 15 1.18045
9 16 1.25051
9 17 1.33729
9 18 1.39141
9 19 1.07146
9 20 1.07146
9 21 1.07146
9 22 1.07146
9 23 1.07146
9 24 1.15138
9 25 1.19721
9 26 1.24552
9 27 1.27144
9 28 1.06865
9 29 1.06865
9 30 1.06865
9 31 1.06865
9 32 1.06865
9 33 1.12679
9 34 1.15793
9 35 1.18874
9 36 1.20466
9 37 1.07498
9 38 1.07498
9 39 1.07498
9 40 1.07498
9 41 1.07498
9 42 1.18161
9 43 1.25165
9 44 1.33841
9 45 1.39252
9 46 1.07331
9 47 1.07331
9 48 1.07331
9 49 1.07331
9 50 1.07331
9 51 1.16476
9 52 1.21979
9 53 1.28074
9 54 1.31461
9 55 1.07111
9 56 1.07111
9 57 1.07111
9 58 1.07111
9 59 1.07111
9 60 1.14256
9 61 1.18227
9 62 1.22284
9 63 1.24417
9 64 1.06844
9 65 1.06844
9 66 1.06844
9 67 1.06844
9 68 1.06844
9 69 1.12195
9 70 1.1503
9 71 1.17809
9 72 1.19238
9 73 1.07296
9 74 1.07296
9 75 1.07296
9 76 1.07296
9 77 1.07296
9 78 1.15289
9 79 1.19872
9 80 1.24704
9 81 1.27296
9 82 1.07143
9 83 1.07143
9 84 1.07143
9 85 1.07143
9 86 1.07143
9 87 1.1429
9 88 1.18262
9 89 1.2232
9 90 1.24454
9 91 1.06945
9 92 1.06945
9 93 1.06945
9 94 1.06945
9 95 1.06945
9 96 1.12818
9 97 1.15965
9 98 1.19079
9 99 1.20687
9 100 1.06702
9 101 1.06702
9 102 1.06702
9 103 1.06702
9 104 1.06702
9 105 1.11291
9 106 1.13686
9 107 1.16006
9 108 1.17192
9 109 1.06998
9 110 1.06998
9 111 1.06998
9 112 1.06998
9 113 1.06998
9 114 1.1282
9 115 1.15938
9 116 1.19023
9 117 1.20617
9 118 1.0686
9 119 1.0686
9 120 1.0686
9 121 1.0686
9 122 1.0686
9 123 1.12217
9 124 1.15055
9 125 1.17836
9 126 1.19267
9 127 1.06687
9 128 1.06687
9 129 1.06687
9 130 1.06687
9 131 1.06687
9 132 1.11278
9 133 1.13675
9 134 1.15996
9 135 1.17183
9 136 1.06474
9 137 1.06474
9 138 1.06474
9 139 1.06474
9 140 1.06474
9 141 1.10213
9 142 1.12141
9 143 1.13991
9 144 1.14933
10 1 1.14705
10 2 1.14705
10 3 1.14705
10 4 1.14705
10 5 1.14705
10 6 1.1067
10 7 1.09173
10 8 1.07958
10 9 1.07379
10 10 1.30436
10 11 1.30436
10 12 1.30436
10 13 1.30436
10 14 1.30436
10 15 1.1176
10 16 1.09631
10 17 1.08139
10 18 1.07456
10 19 1.16179
10 20 1.16179
10 21 1.16179
10 22 1.16179
10 23 1.16179
10 24 1.11007
10 25 1.0932
10 26 1.08003
10 27 1.07384
10 28 1.12593
10 29 1.12593
10 30 1.12593
10 31 1.12593
10 32 1.12593
10 33 1.09882
10 34 1.08714
10 35 1.07707
10 36 1.07217
10 37 1.12952
10 38 1.12952
10 39 1.12952
10 40 1.12952
10 41 1.12952
10 42 1.10093
10 43 1.08876
10 44 1.07836
10 45 1.07331
10 46 1.14728
10 47 1.14728
10 48 1.14728
10 49 1.14728
10 50 1.14728
10 51 1.10692
10 52 1.09193
10 53 1.07978
10 54 1.07398
10 55 1.13534
10 56 1.13534
10 57 1.13534
10 58 1.13534
10 59 1.13534
10 60 1.10297
10 61 1.08976
10 62 1.07867
10 63 1.07332
10 64 1.11712
10 65 1.11712
10 66 1.11712
10 67 1.11712
10 68 1.11712
10 69 1.09506
10 70 1.08502
10 71 1.07614
10 72 1.07177
10 73 1.11204
10 74 1.11204
10 75 1.11204
10 76 1.11204
10 77 1.11204
10 78 1.09262
10 79 1.08357
10 80 1.07545
10 81 1.07143
10 82 1.1188
10 83 1.1188
10 84 1.1188
10 85 1.1188
10 86 1.1188
10 87 1.09586
10 88 1.08554
10 89 1.07644
10 90 1.07197
10 91 1.11445
10 92 1.11445
10 93 1.11445
10 94 1.11445
10 95 1.11445
10 96 1.09367
10 97 1.08411
10 98 1.07559
10 99 1.07138
10 100 1.10515
10 101 1.10515
10 102 1.10515
10 103 1.10515
10 104 1.10515
10 105 1.08866
10 106 1.08078
10 107 1.0736
10 108 1.07003
10 109 1.09781
10 110 1.09781
10 111 1.09781
10 112 1.09781
10 113 1.09781
10 114 1.08432
10 115 1.07773
10 116 1.07164
10 117 1.0686
10 118 1.10106
10 119 1.10106
10 120 1.10106
10 121 1.10106
10 122 1.10106
10 123 1.08614
10 124 1.07893
10 125 1.07231
10 126 1.06901
10 127 1.09889
10 128 1.09889
10 129 1.09889
10 130 1.09889
10 131 1.09889
10 132 1.08481
10 133 1.07797
10 134 1.07166
10 135 1.0685
10 136 1.0937
10 137 1.0937
10 138 1.0937
10 139 1.0937
10 140 1.0937
10 141 1.08162
10 142 1.07567
10 143 1.07014
10 144 1.06736
11 1 1.14705
11 2 1.14705
11 3 1.14705
11 4 1.14705
11 5 1.14705
11 6 1.1067
11 7 1.09173
11 8 1.07958
11 9 1.07379
11 10 1.30436
11 11 1.30436
11 12 1.30436
11 13 1.30436
11 14 1.30436
11 15 1.1176
11 16 1.09631
11 17 1.08139
11 18 1.07456
11 19 1.16179
11 20 1.16179
11 21 1.16179
11 22 1.16179
11 23 1.16179
11 24 1.11007
11 25 1.0932
11 26 1.08003
11 27 1.07384
11 28 1.12593
11 29 1.12593
11 30 1.12593
11 31 1.12593
11 32 1.12593
11 33 1.09882
11 34 1.08714
11 35 1.07707
11 36 1.07217
11 37 1.12952
11 38 1.12952
11 39 1.12952
11 40 1.12952
11 41 1.12952
11 42 1.10093
11 43 1.08876
11 44 1.07836
11 45 1.07331
11 46 1.14728
11 47 1.14728
11 48 1.14728
11 49 1.14728
11 50 1.14728
11 51 1.10692
11 52 1.09193
11 53 1.07978
11 54 1.07398
11 55 1.13534
11 56 1.13534
11 57 1.13534
11 58 1.13534
11 59 1.13534
11 60 1.10297
11 61 1.08976
11 62 1.07867
11 63 1.07332
11 64 1.11712
11 65 1.11712
11 66 1.11712
11 67 1.11712
11 68 1.11712
11 69 1.09506
11 70 1.08502
11 71 1.07614
11 72 1.07177
11 73 1.11204
11 74 1.11204
11 75 1.11204
11 76 1.11204
11 77 1.11204
11 78 1.09262
11 79 1.08357
11 80 1.07545
11 81 1.07143
11 82 1.1188
11 83 1.1188
11 84 1.1188
11 85 1.1188
11 86 1.1188
11 87 1.09586
11 88 1.08554
11 89 1.07644
11 90 1.07197
11 91 1.11445
11 92 1.11445
11 93 1.11445
11 94 1.11445
11 95 1.11445
11 96 1.09367
11 97 1.08411
11 98 1.07559
11 99 1.07138
11 100 1.10515
11 101 1.10515
11 102 1.10515
11 103 1.10515
11 104 1.10515
11 105 1.08866
11 106 1.08078
11 107 1.0736
11 108 1.07003
11 109 1.09781
11 110 1.09781
11 111 1.09781
11 112 1.09781
11 113 1.09781
11 114 1.08432
11 115 1.07773
11 116 1.07164
11 117 1.0686
11 118 1.10106
11 119 1.10106
11 120 1.10106
11 121 1.10106
11 122 1.10106
11 123 1.08614
11 124 1.07893
11 125 1.07231
11 126 1.06901
11 127 1.09889
11 128 1.09889
11 129 1.09889
11 130 1.09889
11 131 1.09889
11 132 1.08481
11 133 1.07797
11 134 1.07166
11 135 1.0685
11 136 1.0937
11 137 1.0937
11 138 1.0937
11 139 1.0937
11 140 1.0937
11 141 1.08162
11 142 1.07567
11 143 1.07014
11 144 1.06736
12 1 1.14705
12 2 1.14705
12 3 1.14705
12 4 1.14705
12 5 1.14705
12 6 1.1067
12 7 1.09173
12 8 1.07958
12 9 1.07379
12 10 1.30436
12 11 1.30436
12 12 1.30436
12 13 1.30436
12 14 1.30436
12 15 1.1176
12 16 1.09631
12 17 1.08139
12 18 1.07456
12 19 1.16179
12 20 1.16179
12 21 1.16179
12 22 1.16179
12 23 1.16179
12 24 1.11007
12 25 1.0932
12 26 1.08003
12 27 1.07384
12 28 1.12593
12 29 1.12593
12 30 1.12593
12 31 1.12593
12 32 1.12593
12 33 1.09882
12 34 1.08714
12 35 1.07707
12 36 1.07217
12 37 1.12952
12 38 1.12952
12 39 1.12952
12 40 1.12952
12 41 1.12952
12 42 1.10093
12 43 1.08876
12 44 1.07836
12 45 1.07331
12 46 1.14728
12 47 1.14728
12 48 1.14728
12 49 1.14728
12 50 1.14728
12 51 1.10692
12 52 1.09193
12 53 1.07978
12 54 1.07398
12 55 1.13534
12 56 1.13534
12 57 1.13534
12 58 1.13534
12 59 1.13534
12 60 1.10297
12 61 1.08976
12 62 1.07867
12 63 1.07332
12 64 1.11712
12 65 1.11712
12 66 1.11712
12 67 1.11712
12 68 1.11712
12 69 1.09506
12 70 1.08502
12 71 1.07614
12 72 1.07177
12 73 1.11204
12 74 1.11204
12 75 1.11204
12 76 1.11204
12 77 1.11204
12 78 1.09262
12 79 1.08357
12 80 1.07545
12 81 1.07143
12 82 1.1188
12 83 1.1188
12 84 1.1188
12 85 1.1188
12 86 1.1188
12 87 1.09586
12 88 1.08554
12 89 1.07644
12 90 1.07197
12 91 1.11445
12 92 1.11445
12 93 1.11445
12 94 1.11445
12 95 1.11445
12 96 1.09367
12 97 1.08411
12 98 1.07559
12 99 1.07138
12 100 1.10515
12 101 1.10515
12 102 1.10515
12 103 1.10515
12 104 1.10515
12 105 1.08866
12 106 1.08078
12 107 1.0736
12 108 1.07003
12 109 1.09781
12 110 1.09781
12 111 1.09781
12 112 1.09781
12 113 1.09781
12 114 1.08432
12 115 1.07773
12 116 1.07164
12 117 1.0686
12 118 1.10106
12 119 1.10106
12 120 1.10106
12 121 1.10106
12 122 1.10106
12 123 1.08614
12 124 1.07893
12 125 1.07231
12 126 1.06901
12 127 1.09889
12 128 1.09889
12 129 1.09889
12 130 1.09889
12 131 1.09889
12 132 1.08481
12 133 1.07797
12 134 1.07166
12 135 1.0685
12 136 1.0937
12 137 1.0937
12 138 1.0937
12 139 1.0937
12 140 1.0937
12 141 1.08162
12 142 1.07567
12 143 1.07014
12 144 1.06736
13 1 1.14705
13 2 1.14705
13 3 1.14705
13 4 1.14705
13 5 1.14705
13 6 1.1067
13 7 1.09173
13 8 1.07958
13 9 1.07379
13 10 1.30436
13 11 1.30436
13 12 1.30436
13 13 1.30436
13 14 1.30436
13 15 1.1176
13 16 1.09631
13 17 1.08139
13 18 1.07456
13 19 1.16179
13 20 1.16179
13 21 1.16179
13 22 1.16179
13 23 1.16179
13 24 1.11007
13 25 1.0932
13 26 1.08003
13 27 1.07384
13 28 1.12593
13 29 1.12593
13 30 1.12593
13 31 1.12593
13 32 1.12593
13 33 1.09882
13 34 1.08714
13 35 1.07707
13 36 1.07217
13 37 1.12952
13 38 1.12952
13 39 1.12952
13 40 1.12952
13 41 1.12952
13 42 1.10093
13 43 1.08876
13 44 1.07836
13 45 1.07331
13 46 1.14728
13 47 1.14728
13 48 1.14728
13 49 1.14728
13 50 1.14728
13 51 1.10692
13 52 1.09193
13 53 1.07978
13 54 1.07398
13 55 1.13534
13 56 1.13534
13 57 1.13534
13 58 1.13534
13 59 1.13534
13 60 1.10297
13 61 1.08976
13 62 1.07867
13 63 1.07332
13 64 1.11712
13 65 1.11712
13 66 1.11712
13 67 1.11712
13 68 1.11712
13 69 1.09506
13 70 1.08502
13 71 1.07614
13 72 1.07177
13 73 1.11204
13 74 1.11204
13 75 1.11204
13 76 1.11204
13 77 1.11204
13 78 1.09262
13 79 1.08357
13 80 1.07545
13 81 1.07143
13 82 1.1188
13 83 1.1188
13 84 1.1188
13 85 1.1188
13 86 1.1188
13 87 1.09586
13 88 1.08554
13 89 1.07644
13 90 1.07197
13 91 1.11445
13 92 1.11445
13 93 1.11445
13 94 1.11445
13 95 1.11445
13 96 1.09367
13 97 1.08411
13 98 1.07559
13 99 1.07138
13 100 1.10515
13 101 1.10515
13 102 1.10515
13 103 1.10515
13 104 1.10515
13 105 1.08866
13 106 1.08078
13 107 1.0736
13 108 1.07003
13 109 1.09781
13 110 1.09781
13 111 1.09781
13 112 1.09781
13 113 1.09781
13 114 1.08432
13 115 1.07773
13 116 1.07164
13 117 1.0686
13 118 1.10106
13 119 1.10106
13 120 1.10106
13 121 1.10106
13 122 1.10106
13 123 1.08614
13 124 1.07893
13 125 1.07231
13 126 1.06901
13 127 1.09889
13 128 1.09889
13 129 1.09889
13 130 1.09889
13 131 1.09889
13 132 1.08481
13 133 1.07797
13 134 1.07166
13 135 1.0685
13 136 1.0937
13 137 1.0937
13 138 1.0937
13 139 1.0937
13 140 1.0937
13 141 1.08162
13 142 1.07567
13 143 1.07014
13 144 1.06736
14 1 1.14705
14 2 1.14705
14 3 1.14705
14 4 1.14705
14 5 1.14705
14 6 1.1067
14 7 1.09173
14 8 1.07958
14 9 1.07379
14 10 1.30436
14 11 1.30436
14 12 1.30436
14 13 1.30436
14 14 1.30436
14 15 1.1176
14 16 1.09631
14 17 1.08139
14 18 1.07456
14 19 1.16179
14 20 1.16179
14 21 1.16179
14 22 1.16179
14 23 1.16179
14 24 1.11007
14 25 1.0932
14 26 1.08003
14 27 1.07384
14 28 1.12593
14 29 1.12593
14 30 1.12593
14 31 1.12593
14 32 1.12593
14 33 1.09882
14 34 1.08714
14 35 1.07707
14 36 1.07217
14 37 1.12952
14 38 1.12952
14 39 1.12952
14 40 1.12952
14 41 1.12952
14 42 1.10093
14 43 1.08876
14 44 1.07836
14 45 1.07331
14 46 1.14728
14 47 1.14728
14 48 1.14728
14 49 1.14728
14 50 1.14728
14 51 1.10692
14 52 1.09193
14 53 1.07978
14 54 1.07398
14 55 1.13534
14 56 1.13534
14 57 1.13534
14 58 1.13534
14 59 1.13534
14 60 1.10297
14 61 1.08976
14 62 1.07867
14 63 1.07332
14 64 1.11712
14 65 1.11712
14 66 1.11712
14 67 1.11712
14 68 1.11712
14 69 1.09506
14 70 1.08502
14 71 1.07614
14 72 1.07177
14 73 1.11204
14 74 1.11204
14 75 1.11204
14 76 1.11204
14 77 1.11204
14 78 1.09262
14 79 1.08357
14 80 1.07545
14 81 1.07143
14 82 1.1188
14 83 1.1188
14 84 1.1188
14 85 1.1188
14 86 1.1188
14 87 1.09586
14 88 1.08554
14 89 1.07644
14 90 1.07197
14 91 1.11445
14 92 1.11445
14 93 1.11445
14 94 1.11445
14 95 1.11445
14 96 1.09367
14 97 1.08411
14 98 1.07559
14 99 1.07138
14 100 1.10515
14 101 1.10515
14 102 1.10515
14 103 1.10515
14 104 1.10515
14 105 1.08866
14 106 1.08078
14 107 1.0736
14 108 1.07003
14 109 1.09781
14 110 1.09781
14 111 1.09781
14 112 1.09781
14 113 1.09781
14 114 1.08432
14 115 1.07773
14 116 1.07164
14 117 1.0686
14 118 1.10106
14 119 1.10106
14 120 1.10106
14 121 1.10106
14 122 1.10106
14 123 1.08614
14 124 1.07893
14 125 1.07231
14 126 1.06901
14 127 1.09889
14 128 1.09889
14 129 1.09889
14 130 1.09889
14 131 1.09889
14 132 1.08481
14 133 1.07797
14 134 1.07166
14 135 1.0685
14 136 1.0937
14 137 1.0937
14 138 1.0937
14 139 1.0937
14 140 1.0937
14 141 1.08162
14 142 1.07567
14 143 1.07014
14 144 1.06736
15 1 1.1067
15 2 1.1067
15 3 1.1067
15 4 1.1067
15 5 1.1067
15 6 1.44722
15 7 1.36839
15 8 1.2444
15 9 1.18045
15 10 1.1176
15 11 1.1176
15 12 1.1176
15 13 1.1176
15 14 1.1176
15 15 6.92138
15 16 2.14706
15 17 1.39558
15 18 1.20532
15 19 1.11007
15 20 1.11007
15 21 1.11007
15 22 1.11007
15 23 1.11007
15 24 1.68228
15 25 1.4859
15 26 1.28235
15 27 1.18937
15 28 1.09882
15 29 1.09882
15 30 1.09882
15 31 1.09882
15 32 1.09882
15 33 1.24238
15 34 1.23246
15 35 1.18805
15 36 1.16066
15 37 1.10093
15 38 1.10093
15 39 1.10093
15 40 1.10093
15 41 1.10093
15 42 1.26029
15 43 1.24734
15 44 1.19602
15 45 1.16476
15 46 1.10692
15 47 1.10692
15 48 1.10692
15 49 1.10692
15 50 1.10692
15 51 1.44747
15 52 1.36865
15 53 1.24467
15 54 1.18072
15 55 1.10297
15 56 1.10297
15 57 1.10297
15 58 1.10297
15 59 1.10297
15 60 1.31189
15 61 1.28488
15 62 1.21252
15 63 1.17079
15 64 1.09506
15 65 1.09506
15 66 1.09506
15 67 1.09506
15 68 1.09506
15 69 1.18514
15 70 1.18658
15 71 1.16488
15 72 1.14991
15 73 1.09262
15 74 1.09262
15 75 1.09262
15 76 1.09262
15 77 1.09262
15 78 1.1607
15 79 1.16511
15 80 1.15244
15 81 1.1429
15 82 1.09586
15 83 1.09586
15 84 1.09586
15 85 1.09586
15 86 1.09586
15 87 1.19494
15 88 1.19452
15 89 1.16902
15 90 1.15197
15 91 1.09367
15 92 1.09367
15 93 1.09367
15 94 1.09367
15 95 1.09367
15 96 1.1728
15 97 1.17577
15 98 1.15861
15 99 1.14635
15 100 1.08866
15 101 1.08866
15 102 1.08866
15 103 1.08866
15 104 1.08866
15 105 1.13643
15 106 1.14268
15 107 1.13781
15 108 1.13321
15 109 1.08432
15 110 1.08432
15 111 1.08432
15 112 1.08432
15 113 1.08432
15 114 1.11618
15 115 1.12286
15 116 1.12323
15 117 1.12217
15 118 1.08614
15 119 1.08614
15 120 1.08614
15 121 1.08614
15 122 1.08614
15 123 1.12529
15 124 1.13183
15 125 1.12988
15 126 1.12724
15 127 1.08481
15 128 1.08481
15 129 1.08481
15 130 1.08481
15 131 1.08481
15 132 1.11952
15 133 1.12619
15 134 1.12569
15 135 1.12403
15 136 1.08162
15 137 1.08162
15 138 1.08162
15 139 1.08162
15 140 1.08162
15 141 1.10733
15 142 1.11388
15 143 1.1159
15 144 1.11604
16 1 1.09173
16 2 1.09173
16 3 1.09173
16 4 1.09173
16 5 1.09173
16 6 1.36839
16 7 1.47027
16 8 1.34252
16 9 1.25051
16 10 1.09631
16 11 1.09631
16 12 1.09631
16 13 1.09631
16 14 1.09631
16 15 2.14706
16 16 6.92871
16 17 2.00026
16 18 1.3138
16 19 1.0932
16 20 1.0932
16 21 1.0932
16 22 1.0932
16 23 1.0932
16 24 1.4859
16 25 1.70134
16 26 1.43183
16 27 1.2702
16 28 1.08714
16 29 1.08714
16 30 1.08714
16 31 1.08714
16 32 1.08714
16 33 1.23246
16 34 1.26932
16 35 1.24079
16 36 1.21328
16 37 1.08876
16 38 1.08876
16 39 1.08876
16 40 1.08876
16 41 1.08876
16 42 1.24734
16 43 1.28706
16 44 1.25234
16 45 1.21979
16 46 1.09193
16 47 1.09193
16 48 1.09193
16 49 1.09193
16 50 1.09193
16 51 1.36865
16 52 1.47055
16 53 1.34282
16 54 1.25082
16 55 1.08976
16 56 1.08976
16 57 1.08976
16 58 1.08976
16 59 1.08976
16 60 1.28488
16 61 1.33772
16 62 1.28029
16 63 1.23127
16 64 1.08502
16 65 1.08502
16 66 1.08502
16 67 1.08502
16 68 1.08502
16 69 1.18658
16 70 1.21222
16 71 1.20519
16 72 1.19434
16 73 1.08357
16 74 1.08357
16 75 1.08357
16 76 1.08357
16 77 1.08357
16 78 1.16511
16 79 1.1871
16 80 1.18737
16 81 1.18262
16 82 1.08554
16 83 1.08554
16 84 1.08554
16 85 1.08554
16 86 1.08554
16 87 1.19452
16 88 1.22204
16 89 1.21146
16 90 1.19784
16 91 1.08411
16 92 1.08411
16 93 1.08411
16 94 1.08411
16 95 1.08411
16 96 1.17577
16 97 1.19961
16 98 1.19628
16 99 1.18851
16 100 1.08078
16 101 1.08078
16 102 1.08078
16 103 1.08078
16 104 1.08078
16 105 1.14268
16 106 1.16135
16 107 1.16728
16 108 1.16745
16 109 1.07773
16 110 1.07773
16 111 1.07773
16 112 1.07773
16 113 1.07773
16 114 1.12286
16 115 1.13857
16 116 1.14747
16 117 1.15055
16 118 1.07893
16 119 1.07893
16 120 1.07893
16 121 1.07893
16 122 1.07893
16 123 1.13183
16 124 1.14897
16 125 1.15662
16 126 1.15843
16 127 1.07797
16 128 1.07797
16 129 1.07797
16 130 1.07797
16 131 1.07797
16 132 1.12619
16 133 1.14248
16 134 1.15095
16 135 1.15357
16 136 1.07567
16 137 1.07567
16 138 1.07567
16 139 1.07567
16 140 1.07567
16 141 1.11388
16 142 1.12818
16 143 1.1377
16 144 1.14157
17 1 1.07958
17 2 1.07958
17 3 1.07958
17 4 1.07958
17 5 1.07958
17 6 1.2444
17 7 1.34252
17 8 1.40109
17 9 1.33729
17 10 1.08139
17 11 1.08139
17 12 1.08139
17 13 1.08139
17 14 1.08139
17 15 1.39558
17 16 2.00026
17 17 6.28527
17 18 1.54708
17 19 1.08003
17 20 1.08003
17 21 1.08003
17 22 1.08003
17 23 1.08003
17 24 1.28235
17 25 1.43183
17 26 1.55694
17 27 1.38041
17 28 1.07707
17 29 1.07707
17 30 1.07707
17 31 1.07707
17 32 1.07707
17 33 1.18805
17 34 1.24079
17 35 1.27203
17 36 1.2709
17 37 1.07836
17 38 1.07836
17 39 1.07836
17 40 1.07836
17 41 1.07836
17 42 1.19602
17 43 1.25234
17 44 1.2842
17 45 1.28074
17 46 1.07978
17 47 1.07978
17 48 1.07978
17 49 1.07978
17 50 1.07978
17 51 1.24467
17 52 1.34282
17 53 1.40142
17 54 1.33764
17 55 1.07867
17 56 1.07867
17 57 1.07867
17 58 1.07867
17 59 1.07867
17 60 1.21252
17 61 1.28029
17 62 1.31636
17 63 1.30065
17 64 1.07614
17 65 1.07614
17 66 1.07614
17 67 1.07614
17 68 1.07614
17 69 1.16488
17 70 1.20519
17 71 1.23281
17 72 1.24075
17 73 1.07545
17 74 1.07545
17 75 1.07545
17 76 1.07545
17 77 1.07545
17 78 1.15244
17 79 1.18737
17 80 1.21338
17 81 1.2232
17 82 1.07644
17 83 1.07644
17 84 1.07644
17 85 1.07644
17 86 1.07644
17 87 1.16902
17 88 1.21146
17 89 1.23971
17 90 1.24618
17 91 1.07559
17 92 1.07559
17 93 1.07559
17 94 1.07559
17 95 1.07559
17 96 1.15861
17 97 1.19628
17 98 1.22316
17 99 1.23209
17 100 1.0736
17 101 1.0736
17 102 1.0736
17 103 1.0736
17 104 1.0736
17 105 1.13781
17 106 1.16728
17 107 1.19113
17 108 1.20166
17 109 1.07164
17 110 1.07164
17 111 1.07164
17 112 1.07164
17 113 1.07164
17 114 1.12323
17 115 1.14747
17 116 1.16841
17 117 1.17836
17 118 1.07231
17 119 1.07231
17 120 1.07231
17 121 1.07231
17 122 1.07231
17 123 1.12988
17 124 1.15662
17 125 1.17901
17 126 1.18929
17 127 1.07166
17 128 1.07166
17 129 1.07166
17 130 1.07166
17 131 1.07166
17 132 1.12569
17 133 1.15095
17 134 1.17251
17 135 1.18263
17 136 1.07014
17 137 1.07014
17 138 1.07014
17 139 1.07014
17 140 1.07014
17 141 1.1159
17 142 1.1377
17 143 1.15701
17 144 1.16639
18 1 1.07379
18 2 1.07379
18 3 1.07379
18 4 1.07379
18 5 1.07379
18 6 1.18045
18 7 1.25051
18 8 1.33729
18 9 1.39141
18 10 1.07456
18 11 1.07456
18 12 1.07456
18 13 1.07456
18 14 1.07456
18 15 1.20532
18 16 1.3138
18 17 1.54708
18 18 2.1492
18 19 1.07384
18 20 1.07384
18 21 1.07384
18 22 1.07384
18 23 1.07384
18 24 1.18937
18 25 1.2702
18 26 1.38041
18 27 1.45868
18 28 1.07217
18 29 1.07217
18 30 1.07217
18 31 1.07217
18 32 1.07217
18 33 1.16066
18 34 1.21328
18 35 1.2709
18 36 1.3027
18 37 1.07331
18 38 1.07331
18 39 1.07331
18 40 1.07331
18 41 1.07331
18 42 1.16476
18 43 1.21979
18 44 1.28074
18 45 1.31461
18 46 1.07398
18 47 1.07398
18 48 1.07398
18 49 1.07398
18 50 1.07398
18 51 1.18072
18 52 1.25082
18 53 1.33764
18 54 1.39177
18 55 1.07332
18 56 1.07332
18 57 1.07332
18 58 1.07332
18 59 1.07332
18 60 1.17079
18 61 1.23127
18 62 1.30065
18 63 1.34039
18 64 1.07177
18 65 1.07177
18 66 1.07177
18 67 1.07177
18 68 1.07177
18 69 1.14991
18 70 1.19434
18 71 1.24075
18 72 1.26548
18 73 1.07143
18 74 1.07143
18 75 1.07143
18 76 1.07143
18 77 1.07143
18 78 1.1429
18 79 1.18262
18 80 1.2232
18 81 1.24454
18 82 1.07197
18 83 1.07197
18 84 1.07197
18 85 1.07197
18 86 1.07197
18 87 1.15197
18 88 1.19784
18 89 1.24618
18 90 1.27212
18 91 1.07138
18 92 1.07138
18 93 1.07138
18 94 1.07138
18 95 1.07138
18 96 1.14635
18 97 1.18851
18 98 1.23209
18 99 1.25516
18 100 1.07003
18 101 1.07003
18 102 1.07003
18 103 1.07003
18 104 1.07003
18 105 1.13321
18 106 1.16745
18 107 1.20166
18 108 1.21942
18 109 1.0686
18 110 1.0686
18 111 1.0686
18 112 1.0686
18 113 1.0686
18 114 1.12217
18 115 1.15055
18 116 1.17836
18 117 1.19267
18 118 1.06901
18 119 1.06901
18 120 1.06901
18 121 1.06901
18 122 1.06901
18 123 1.12724
18 124 1.15843
18 125 1.18929
18 126 1.20523
18 127 1.0685
18 128 1.0685
18 129 1.0685
18 130 1.0685
18 131 1.0685
18 132 1.12403
18 133 1.15357
18 134 1.18263
18 135 1.1976
18 136 1.06736
18 137 1.06736
18 138 1.06736
18 139 1.06736
18 140 1.06736
18 141 1.11604
18 142 1.14157
18 143 1.16639
18 144 1.17911
19 1 1.11825
19 2 1.11825
19 3 1.11825
19 4 1.11825
19 5 1.11825
19 6 1.09533
19 7 1.08501
19 8 1.07592
19 9 1.07146
19 10 1.16179
19 11 1.16179
19 12 1.16179
19 13 1.16179
19 14 1.16179
19 15 1.11007
19 16 1.0932
19 17 1.08003
19 18 1.07384
19 19 1.30436
19 20 1.30436
19 21 1.30436
19 22 1.30436
19 23 1.30436
19 24 1.1176
19 25 1.09631
19 26 1.08139
19 27 1.07456
19 28 1.16208
19 29 1.16208
19 30 1.16208
19 31 1.16208
19 32 1.16208
19 33 1.11038
19 34 1.09351
19 35 1.08035
19 36 1.07416
19 37 1.11171
19 38 1.11171
19 39 1.11171
19 40 1.11171
19 41 1.11171
19 42 1.09229
19 43 1.08325
19 44 1.07512
19 45 1.07111
19 46 1.13534
19 47 1.13534
19 48 1.13534
19 49 1.13534
19 50 1.13534
19 51 1.10297
19 52 1.08976
19 53 1.07867
19 54 1.07332
19 55 1.14728
19 56 1.14728
19 57 1.14728
19 58 1.14728
19 59 1.14728
19 60 1.10692
19 61 1.09193
19 62 1.07978
19 63 1.07398
19 64 1.13564
19 65 1.13564
19 66 1.13564
19 67 1.13564
19 68 1.13564
19 69 1.10328
19 70 1.09007
19 71 1.07898
19 72 1.07363
19 73 1.10178
19 74 1.10178
19 75 1.10178
19 76 1.10178
19 77 1.10178
19 78 1.08673
19 79 1.07945
19 80 1.07278
19 81 1.06945
19 82 1.11445
19 83 1.11445
19 84 1.11445
19 85 1.11445
19 86 1.11445
19 87 1.09367
19 88 1.08411
19 89 1.07559
19 90 1.07138
19 91 1.1188
19 92 1.1188
19 93 1.1188
19 94 1.1188
19 95 1.1188
19 96 1.09586
19 97 1.08554
19 98 1.07644
19 99 1.07197
19 100 1.11476
19 101 1.11476
19 102 1.11476
19 103 1.11476
19 104 1.11476
19 105 1.09398
19 106 1.08442
19 107 1.0759
19 108 1.0717
19 109 1.09161
19 110 1.09161
19 111 1.09161
19 112 1.09161
19 113 1.09161
19 114 1.0803
19 115 1.0747
19 116 1.06949
19 117 1.06687
19 118 1.09889
19 119 1.09889
19 120 1.09889
19 121 1.09889
19 122 1.09889
19 123 1.08481
19 124 1.07797
19 125 1.07166
19 126 1.0685
19 127 1.10106
19 128 1.10106
19 129 1.10106
19 130 1.10106
19 131 1.10106
19 132 1.08614
19 133 1.07893
19 134 1.07231
19 135 1.06901
19 136 1.0992
19 137 1.0992
19 138 1.0992
19 139 1.0992
19 140 1.0992
19 141 1.08512
19 142 1.07827
19 143 1.07197
19 144 1.06881
20 1 1.11825
20 2 1.11825
20 3 1.11825
20 4 1.11825
20 5 1.11825
20 6 1.09533
20 7 1.08501
20 8 1.07592
20 9 1.07146
20 10 1.16179
20 11 1.16179
20 12 1.16179
20 13 1.16179
20 14 1.16179
20 15 1.11007
20 16 1.0932
20 17 1.08003
20 18 1.07384
20 19 1.30436
20 20 1.30436
20 21 1.30436
20 22 1.30436
20 23 1.30436
20 24 1.1176
20 25 1.09631
20 26 1.08139
20 27 1.07456
20 28 1.16208
20 29 1.16208
20 30 1.16208
20 31 1.16208
20 32 1.16208
20 33 1.11038
20 34 1.09351
20 35 1.08035
20 36 1.07416
20 37 1.11171
20 38 1.11171
20 39 1.11171
20 40 1.11171
20 41 1.11171
20 42 1.09229
20 43 1.08325
20 44 1.07512
20 45 1.07111
20 46 1.13534
20 47 1.13534
20 48 1.13534
20 49 1.13534
20 50 1.13534
20 51 1.10297
20 52 1.08976
20 53 1.07867
20 54 1.07332
20 55 1.14728
20 56 1.14728
20 57 1.14728
20 58 1.14728
20 59 1.14728
20 60 1.10692
20 61 1.09193
20 62 1.07978
20 63 1.07398
20 64 1.13564
20 65 1.13564
20 66 1.13564
20 67 1.13564
20 68 1.13564
20 69 1.10328
20 70 1.09007
20 71 1.07898
20 72 1.07363
20 73 1.10178
20 74 1.10178
20 75 1.10178
20 76 1.10178
20 77 1.10178
20 78 1.08673
20 79 1.07945
20 80 1.07278
20 81 1.06945
20 82 1.11445
20 83 1.11445
20 84 1.11445
20 85 1.11445
20 86 1.11445
20 87 1.09367
20 88 1.08411
20 89 1.07559
20 90 1.07138
20 91 1.1188
20 92 1.1188
20 93 1.1188
20 94 1.1188
20 95 1.1188
20 96 1.09586
20 97 1.08554
20 98 1.07644
20 99 1.07197
20 100 1.11476
20 101 1.11476
20 102 1.11476
20 103 1.11476
20 104 1.11476
20 105 1.09398
20 106 1.08442
20 107 1.0759
20 108 1.0717
20 109 1.09161
20 110 1.09161
20 111 1.09161
20 112 1.09161
20 113 1.09161
20 114 1.0803
20 115 1.0747
20 116 1.06949
20 117 1.06687
20 118 1.09889
20 119 1.09889
20 120 1.09889
20 121 1.09889
20 122 1.09889
20 123 1.08481
20 124 1.07797
20 125 1.07166
20 126 1.0685
20 127 1.10106
20 128 1.10106
20 129 1.10106
20 130 1.10106
20 131 1.10106
20 132 1.08614
20 133 1.07893
20 134 1.07231
20 135 1.06901
20 136 1.0992
20 137 1.0992
20 138 1.0992
20 139 1.0992
20 140 1.0992
20 141 1.08512
20 142 1.07827
20 143 1.07197
20 144 1.06881
21 1 1.11825
21 2 1.11825
21 3 1.11825
21 4 1.11825
21 5 1.11825
21 6 1.09533
21 7 1.08501
21 8 1.07592
21 9 1.07146
21 10 1.16179
21 11 1.16179
21 12 1.16179
21 13 1.16179
21 14 1.16179
21 15 1.11007
21 16 1.0932
21 17 1.08003
21 18 1.07384
21 19 1.30436
21 20 1.30436
21 21 1.30436
21 22 1.30436
21 23 1.30436
21 24 1.1176
21 25 1.09631
21 26 1.08139
21 27 1.07456
21 28 1.16208
21 29 1.16208
21 30 1.16208
21 31 1.16208
21 32 1.16208
21 33 1.11038
21 34 1.09351
21 35 1.08035
