injected_el measured_el potential
1 1 1.30459
1 2 1.30459
1 3 1.30459
1 4 1.30459
1 5 1.30459
1 6 1.1182
1 7 1.09754
1 8 1.08332
1 9 1.07687
1 10 1.14646
1 11 1.14646
1 12 1.14646
1 13 1.14646
1 14 1.14646
1 15 1.10683
1 16 1.09188
1 17 1.08034
1 18 1.07507
1 19 1.1178
1 20 1.1178
1 21 1.1178
1 22 1.1178
1 23 1.1178
1 24 1.09548
1 25 1.08545
1 26 1.07676
1 27 1.0725
1 28 1.10031
1 29 1.10031
1 30 1.10031
1 31 1.10031
1 32 1.10031
1 33 1.08597
1 34 1.07902
1 35 1.07265
1 36 1.06948
1 37 1.14732
1 38 1.14732
1 39 1.14732
1 40 1.14732
1 41 1.14732
1 42 1.10695
1 43 1.09355
1 44 1.08224
1 45 1.07702
1 46 1.12875
1 47 1.12875
1 48 1.12875
1 49 1.12875
1 50 1.12875
1 51 1.10152
1 52 1.08919
1 53 1.0794
1 54 1.07517
1 55 1.11116
1 56 1.11116
1 57 1.11116
1 58 1.11116
1 59 1.11116
1 60 1.0927
1 61 1.08408
1 62 1.07636
1 63 1.07255
1 64 1.09724
1 65 1.09724
1 66 1.09724
1 67 1.09724
1 68 1.09724
1 69 1.08461
1 70 1.07831
1 71 1.07246
1 72 1.06953
1 73 1.11891
1 74 1.11891
1 75 1.11891
1 76 1.11891
1 77 1.11891
1 78 1.0964
1 79 1.08757
1 80 1.07918
1 81 1.07533
1 82 1.11125
1 83 1.11125
1 84 1.11125
1 85 1.11125
1 86 1.11125
1 87 1.09361
1 88 1.08487
1 89 1.07693
1 90 1.07359
1 91 1.10123
1 92 1.10123
1 93 1.10123
1 94 1.10123
1 95 1.10123
1 96 1.08783
1 97 1.08089
1 98 1.07433
1 99 1.07113
1 100 1.09137
1 101 1.09137
1 102 1.09137
1 103 1.09137
1 104 1.09137
1 105 1.08118
1 106 1.07585
1 107 1.07082
1 108 1.06829
1 109 1.10134
1 110 1.10134
1 111 1.10134
1 112 1.10134
1 113 1.10134
1 114 1.08718
1 115 1.08107
1 116 1.07535
1 117 1.07238
1 118 1.09715
1 119 1.09715
1 120 1.09715
1 121 1.09715
1 122 1.09715
1 123 1.08585
1 124 1.07937
1 125 1.07345
1 126 1.07089
1 127 1.09113
1 128 1.09113
1 129 1.09113
1 130 1.09113
1 131 1.09113
1 132 1.08172
1 133 1.07632
1 134 1.07125
1 135 1.0687
1 136 1.08436
1 137 1.08436
1 138 1.08436
1 139 1.08436
1 140 1.08436
1 141 1.07649
1 142 1.07226
1 143 1.06819
1 144 1.06611
2 1 1.30459
2 2 1.30459
2 3 1.30459
2 4 1.30459
2 5 1.30459
2 6 1.1182
2 7 1.09754
2 8 1.08332
2 9 1.07687
2 10 1.14646
2 11 1.14646
2 12 1.14646
2 13 1.14646
2 14 1.14646
2 15 1.10683
2 16 1.09188
2 17 1.08034
2 18 1.07507
2 19 1.1178
2 20 1.1178
2 21 1.1178
2 22 1.1178
2 23 1.1178
2 24 1.09548
2 25 1.08545
2 26 1.07676
2 27 1.0725
2 28 1.10031
2 29 1.10031
2 30 1.10031
2 31 1.10031
2 32 1.10031
2 33 1.08597
2 34 1.07902
2 35 1.07265
2 36 1.06948
2 37 1.14732
2 38 1.14732
2 39 1.14732
2 40 1.14732
2 41 1.14732
2 42 1.10695
2 43 1.09355
2 44 1.08224
2 45 1.07702
2 46 1.12875
2 47 1.12875
2 48 1.12875
2 49 1.12875
2 50 1.12875
2 51 1.10152
2 52 1.08919
2 53 1.0794
2 54 1.07517
2 55 1.11116
2 56 1.11116
2 57 1.11116
2 58 1.11116
2 59 1.11116
2 60 1.0927
2 61 1.08408
2 62 1.07636
2 63 1.07255
2 64 1.09724
2 65 1.09724
2 66 1.09724
2 67 1.09724
2 68 1.09724
2 69 1.08461
2 70 1.07831
2 71 1.07246
2 72 1.06953
2 73 1.11891
2 74 1.11891
2 75 1.11891
2 76 1.11891
2 77 1.11891
2 78 1.0964
2 79 1.08757
2 80 1.07918
2 81 1.07533
2 82 1.11125
2 83 1.11125
2 84 1.11125
2 85 1.11125
2 86 1.11125
2 87 1.09361
2 88 1.08487
2 89 1.07693
2 90 1.07359
2 91 1.10123
2 92 1.10123
2 93 1.10123
2 94 1.10123
2 95 1.10123
2 96 1.08783
2 97 1.08089
2 98 1.07433
2 99 1.07113
2 100 1.09137
2 101 1.09137
2 102 1.09137
2 103 1.09137
2 104 1.09137
2 105 1.08118
2 106 1.07585
2 107 1.07082
2 108 1.06829
2 109 1.10134
2 110 1.10134
2 111 1.10134
2 112 1.10134
2 113 1.10134
2 114 1.08718
2 115 1.08107
2 116 1.07535
2 117 1.07238
2 118 1.09715
2 119 1.09715
2 120 1.09715
2 121 1.09715
2 122 1.09715
2 123 1.08585
2 124 1.07937
2 125 1.07345
2 126 1.07089
2 127 1.09113
2 128 1.09113
2 129 1.09113
2 130 1.09113
2 131 1.09113
2 132 1.08172
2 133 1.07632
2 134 1.07125
2 135 1.0687
2 136 1.08436
2 137 1.08436
2 138 1.08436
2 139 1.08436
2 140 1.08436
2 141 1.07649
2 142 1.07226
2 143 1.06819
2 144 1.06611
3 1 1.30459
3 2 1.30459
3 3 1.30459
3 4 1.30459
3 5 1.30459
3 6 1.1182
3 7 1.09754
3 8 1.08332
3 9 1.07687
3 10 1.14646
3 11 1.14646
3 12 1.14646
3 13 1.14646
3 14 1.14646
3 15 1.10683
3 16 1.09188
3 17 1.08034
3 18 1.07507
3 19 1.1178
3 20 1.1178
3 21 1.1178
3 22 1.1178
3 23 1.1178
3 24 1.09548
3 25 1.08545
3 26 1.07676
3 27 1.0725
3 28 1.10031
3 29 1.10031
3 30 1.10031
3 31 1.10031
3 32 1.10031
3 33 1.08597
3 34 1.07902
3 35 1.07265
3 36 1.06948
3 37 1.14732
3 38 1.14732
3 39 1.14732
3 40 1.14732
3 41 1.14732
3 42 1.10695
3 43 1.09355
3 44 1.08224
3 45 1.07702
3 46 1.12875
3 47 1.12875
3 48 1.12875
3 49 1.12875
3 50 1.12875
3 51 1.10152
3 52 1.08919
3 53 1.0794
3 54 1.07517
3 55 1.11116
3 56 1.11116
3 57 1.11116
3 58 1.11116
3 59 1.11116
3 60 1.0927
3 61 1.08408
3 62 1.07636
3 63 1.07255
3 64 1.09724
3 65 1.09724
3 66 1.09724
3 67 1.09724
3 68 1.09724
3 69 1.08461
3 70 1.07831
3 71 1.07246
3 72 1.06953
3 73 1.11891
3 74 1.11891
3 75 1.11891
3 76 1.11891
3 77 1.11891
3 78 1.0964
3 79 1.08757
3 80 1.07918
3 81 1.07533
3 82 1.11125
3 83 1.11125
3 84 1.11125
3 85 1.11125
3 86 1.11125
3 87 1.09361
3 88 1.08487
3 89 1.07693
3 90 1.07359
3 91 1.10123
3 92 1.10123
3 93 1.10123
3 94 1.10123
3 95 1.10123
3 96 1.08783
3 97 1.08089
3 98 1.07433
3 99 1.07113
3 100 1.09137
3 101 1.09137
3 102 1.09137
3 103 1.09137
3 104 1.09137
3 105 1.08118
3 106 1.07585
3 107 1.07082
3 108 1.06829
3 109 1.10134
3 110 1.10134
3 111 1.10134
3 112 1.10134
3 113 1.10134
3 114 1.08718
3 115 1.08107
3 116 1.07535
3 117 1.07238
3 118 1.09715
3 119 1.09715
3 120 1.09715
3 121 1.09715
3 122 1.09715
3 123 1.08585
3 124 1.07937
3 125 1.07345
3 126 1.07089
3 127 1.09113
3 128 1.09113
3 129 1.09113
3 130 1.09113
3 131 1.09113
3 132 1.08172
3 133 1.07632
3 134 1.07125
3 135 1.0687
3 136 1.08436
3 137 1.08436
3 138 1.08436
3 139 1.08436
3 140 1.08436
3 141 1.07649
3 142 1.07226
3 143 1.06819
3 144 1.06611
4 1 1.30459
4 2 1.30459
4 3 1.30459
4 4 1.30459
4 5 1.30459
4 6 1.1182
4 7 1.09754
4 8 1.08332
4 9 1.07687
4 10 1.14646
4 11 1.14646
4 12 1.14646
4 13 1.14646
4 14 1.14646
4 15 1.10683
4 16 1.09188
4 17 1.08034
4 18 1.07507
4 19 1.1178
4 20 1.1178
4 21 1.1178
4 22 1.1178
4 23 1.1178
4 24 1.09548
4 25 1.08545
4 26 1.07676
4 27 1.0725
4 28 1.10031
4 29 1.10031
4 30 1.10031
4 31 1.10031
4 32 1.10031
4 33 1.08597
4 34 1.07902
4 35 1.07265
4 36 1.06948
4 37 1.14732
4 38 1.14732
4 39 1.14732
4 40 1.14732
4 41 1.14732
4 42 1.10695
4 43 1.09355
4 44 1.08224
4 45 1.07702
4 46 1.12875
4 47 1.12875
4 48 1.12875
4 49 1.12875
4 50 1.12875
4 51 1.10152
4 52 1.08919
4 53 1.0794
4 54 1.07517
4 55 1.11116
4 56 1.11116
4 57 1.11116
4 58 1.11116
4 59 1.11116
4 60 1.0927
4 61 1.08408
4 62 1.07636
4 63 1.07255
4 64 1.09724
4 65 1.09724
4 66 1.09724
4 67 1.09724
4 68 1.09724
4 69 1.08461
4 70 1.07831
4 71 1.07246
4 72 1.06953
4 73 1.11891
4 74 1.11891
4 75 1.11891
4 76 1.11891
4 77 1.11891
4 78 1.0964
4 79 1.08757
4 80 1.07918
4 81 1.07533
4 82 1.11125
4 83 1.11125
4 84 1.11125
4 85 1.11125
4 86 1.11125
4 87 1.09361
4 88 1.08487
4 89 1.07693
4 90 1.07359
4 91 1.10123
4 92 1.10123
4 93 1.10123
4 94 1.10123
4 95 1.10123
4 96 1.08783
4 97 1.08089
4 98 1.07433
4 99 1.07113
4 100 1.09137
4 101 1.09137
4 102 1.09137
4 103 1.09137
4 104 1.09137
4 105 1.08118
4 106 1.07585
4 107 1.07082
4 108 1.06829
4 109 1.10134
4 110 1.10134
4 111 1.10134
4 112 1.10134
4 113 1.10134
4 114 1.08718
4 115 1.08107
4 116 1.07535
4 117 1.07238
4 118 1.09715
4 119 1.09715
4 120 1.09715
4 121 1.09715
4 122 1.09715
4 123 1.08585
4 124 1.07937
4 125 1.07345
4 126 1.07089
4 127 1.09113
4 128 1.09113
4 129 1.09113
4 130 1.09113
4 131 1.09113
4 132 1.08172
4 133 1.07632
4 134 1.07125
4 135 1.0687
4 136 1.08436
4 137 1.08436
4 138 1.08436
4 139 1.08436
4 140 1.08436
4 141 1.07649
4 142 1.07226
4 143 1.06819
4 144 1.06611
5 1 1.30459
5 2 1.30459
5 3 1.30459
5 4 1.30459
5 5 1.30459
5 6 1.1182
5 7 1.09754
5 8 1.08332
5 9 1.07687
5 10 1.14646
5 11 1.14646
5 12 1.14646
5 13 1.14646
5 14 1.14646
5 15 1.10683
5 16 1.09188
5 17 1.08034
5 18 1.07507
5 19 1.1178
5 20 1.1178
5 21 1.1178
5 22 1.1178
5 23 1.1178
5 24 1.09548
5 25 1.08545
5 26 1.07676
5 27 1.0725
5 28 1.10031
5 29 1.10031
5 30 1.10031
5 31 1.10031
5 32 1.10031
5 33 1.08597
5 34 1.07902
5 35 1.07265
5 36 1.06948
5 37 1.14732
5 38 1.14732
5 39 1.14732
5 40 1.14732
5 41 1.14732
5 42 1.10695
5 43 1.09355
5 44 1.08224
5 45 1.07702
5 46 1.12875
5 47 1.12875
5 48 1.12875
5 49 1.12875
5 50 1.12875
5 51 1.10152
5 52 1.08919
5 53 1.0794
5 54 1.07517
5 55 1.11116
5 56 1.11116
5 57 1.11116
5 58 1.11116
5 59 1.11116
5 60 1.0927
5 61 1.08408
5 62 1.07636
5 63 1.07255
5 64 1.09724
5 65 1.09724
5 66 1.09724
5 67 1.09724
5 68 1.09724
5 69 1.08461
5 70 1.07831
5 71 1.07246
5 72 1.06953
5 73 1.11891
5 74 1.11891
5 75 1.11891
5 76 1.11891
5 77 1.11891
5 78 1.0964
5 79 1.08757
5 80 1.07918
5 81 1.07533
5 82 1.11125
5 83 1.11125
5 84 1.11125
5 85 1.11125
5 86 1.11125
5 87 1.09361
5 88 1.08487
5 89 1.07693
5 90 1.07359
5 91 1.10123
5 92 1.10123
5 93 1.10123
5 94 1.10123
5 95 1.10123
5 96 1.08783
5 97 1.08089
5 98 1.07433
5 99 1.07113
5 100 1.09137
5 101 1.09137
5 102 1.09137
5 103 1.09137
5 104 1.09137
5 105 1.08118
5 106 1.07585
5 107 1.07082
5 108 1.06829
5 109 1.10134
5 110 1.10134
5 111 1.10134
5 112 1.10134
5 113 1.10134
5 114 1.08718
5 115 1.08107
5 116 1.07535
5 117 1.07238
5 118 1.09715
5 119 1.09715
5 120 1.09715
5 121 1.09715
5 122 1.09715
5 123 1.08585
5 124 1.07937
5 125 1.07345
5 126 1.07089
5 127 1.09113
5 128 1.09113
5 129 1.09113
5 130 1.09113
5 131 1.09113
5 132 1.08172
5 133 1.07632
5 134 1.07125
5 135 1.0687
5 136 1.08436
5 137 1.08436
5 138 1.08436
5 139 1.08436
5 140 1.08436
5 141 1.07649
5 142 1.07226
5 143 1.06819
5 144 1.06611
6 1 1.1182
6 2 1.1182
6 3 1.1182
6 4 1.1182
6 5 1.1182
6 6 6.61094
6 7 2.06422
6 8 1.37303
6 9 1.2025
6 10 1.10644
6 11 1.10644
6 12 1.10644
6 13 1.10644
6 14 1.10644
6 15 1.41791
6 16 1.34289
6 17 1.23241
6 18 1.17761
6 19 1.09514
6 20 1.09514
6 21 1.09514
6 22 1.09514
6 23 1.09514
6 24 1.18506
6 25 1.1851
6 26 1.16366
6 27 1.14876
6 28 1.08565
6 29 1.08565
6 30 1.08565
6 31 1.08565
6 32 1.08565
6 33 1.12175
6 34 1.12804
6 35 1.12682
6 36 1.12472
6 37 1.10923
6 38 1.10923
6 39 1.10923
6 40 1.10923
6 41 1.10923
6 42 1.39021
6 43 1.32931
6 44 1.23058
6 45 1.18105
6 46 1.10197
6 47 1.10197
6 48 1.10197
6 49 1.10197
6 50 1.10197
6 51 1.23633
6 52 1.22677
6 53 1.1868
6 54 1.16361
6 55 1.09286
6 56 1.09286
6 57 1.09286
6 58 1.09286
6 59 1.09286
6 60 1.15193
6 61 1.1572
6 62 1.14873
6 63 1.14094
6 64 1.0845
6 65 1.0845
6 66 1.0845
6 67 1.0845
6 68 1.0845
6 69 1.11376
6 70 1.12007
6 71 1.12107
6 72 1.12048
6 73 1.09859
6 74 1.09859
6 75 1.09859
6 76 1.09859
6 77 1.09859
6 78 1.18432
6 79 1.18497
6 80 1.16531
6 81 1.15311
6 82 1.0943
6 83 1.0943
6 84 1.0943
6 85 1.0943
6 86 1.0943
6 87 1.14771
6 88 1.15505
6 89 1.14841
6 90 1.14231
6 91 1.08781
6 92 1.08781
6 93 1.08781
6 94 1.08781
6 95 1.08781
6 96 1.12236
6 97 1.12874
6 98 1.12903
6 99 1.12722
6 100 1.08114
6 101 1.08114
6 102 1.08114
6 103 1.08114
6 104 1.08114
6 105 1.10247
6 106 1.10829
6 107 1.11116
6 108 1.11198
6 109 1.08882
6 110 1.08882
6 111 1.08882
6 112 1.08882
6 113 1.08882
6 114 1.12675
6 115 1.13081
6 116 1.13059
6 117 1.12845
6 118 1.0861
6 119 1.0861
6 120 1.0861
6 121 1.0861
6 122 1.0861
6 123 1.11455
6 124 1.11984
6 125 1.12229
6 126 1.12191
6 127 1.08162
6 128 1.08162
6 129 1.08162
6 130 1.08162
6 131 1.08162
6 132 1.10324
6 133 1.10832
6 134 1.11177
6 135 1.11237
6 136 1.07656
6 137 1.07656
6 138 1.07656
6 139 1.07656
6 140 1.07656
6 141 1.09172
6 142 1.09676
6 143 1.10026
6 144 1.1017
7 1 1.09754
7 2 1.09754
7 3 1.09754
7 4 1.09754
7 5 1.09754
7 6 2.06422
7 7 6.52069
7 8 1.93455
7 9 1.30772
7 10 1.09194
7 11 1.09194
7 12 1.09194
7 13 1.09194
7 14 1.09194
7 15 1.34411
7 16 1.43958
7 17 1.32636
7 18 1.2459
7 19 1.08519
7 20 1.08519
7 21 1.08519
7 22 1.08519
7 23 1.08519
7 24 1.18505
7 25 1.21176
7 26 1.20495
7 27 1.19319
7 28 1.07872
7 29 1.07872
7 30 1.07872
7 31 1.07872
7 32 1.07872
7 33 1.12811
7 34 1.14458
7 35 1.15261
7 36 1.15478
7 37 1.09459
7 38 1.09459
7 39 1.09459
7 40 1.09459
7 41 1.09459
7 42 1.32581
7 43 1.40935
7 44 1.31585
7 45 1.24799
7 46 1.09014
7 47 1.09014
7 48 1.09014
7 49 1.09014
7 50 1.09014
7 51 1.22374
7 52 1.26307
7 53 1.24047
7 54 1.21639
7 55 1.08414
7 56 1.08414
7 57 1.08414
7 58 1.08414
7 59 1.08414
7 60 1.15595
7 61 1.17791
7 62 1.18245
7 63 1.17895
7 64 1.07818
7 65 1.07818
7 66 1.07818
7 67 1.07818
7 68 1.07818
7 69 1.12002
7 70 1.13494
7 71 1.14418
7 72 1.14755
7 73 1.08866
7 74 1.08866
7 75 1.08866
7 76 1.08866
7 77 1.08866
7 78 1.18359
7 79 1.20778
7 80 1.20332
7 81 1.19554
7 82 1.08564
7 83 1.08564
7 84 1.08564
7 85 1.08564
7 86 1.08564
7 87 1.1501
7 88 1.17415
7 89 1.18122
7 90 1.17929
7 91 1.08087
7 92 1.08087
7 93 1.08087
7 94 1.08087
7 95 1.08087
7 96 1.12773
7 97 1.14417
7 98 1.15435
7 99 1.15673
7 100 1.0758
7 101 1.0758
7 102 1.0758
7 103 1.0758
7 104 1.0758
7 105 1.10826
7 106 1.12081
7 107 1.13037
7 108 1.13453
7 109 1.08204
7 110 1.08204
7 111 1.08204
7 112 1.08204
7 113 1.08204
7 114 1.13261
7 115 1.14559
7 116 1.15459
7 117 1.15652
7 118 1.07995
7 119 1.07995
7 120 1.07995
7 121 1.07995
7 122 1.07995
7 123 1.11928
7 124 1.13317
7 125 1.14449
7 126 1.14756
7 127 1.07637
7 128 1.07637
7 129 1.07637
7 130 1.07637
7 131 1.07637
7 132 1.10849
7 133 1.12016
7 134 1.13057
7 135 1.13433
7 136 1.07229
7 137 1.07229
7 138 1.07229
7 139 1.07229
7 140 1.07229
7 141 1.09672
7 142 1.10691
7 143 1.11553
7 144 1.11957
8 1 1.08332
8 2 1.08332
8 3 1.08332
8 4 1.08332
8 5 1.08332
8 6 1.37303
8 7 1.93455
8 8 5.91175
8 9 1.53511
8 10 1.08048
8 11 1.08048
8 12 1.08048
8 13 1.08048
8 14 1.08048
8 15 1.235
8 16 1.33106
8 17 1.38984
8 18 1.33071
8 19 1.07669
8 20 1.07669
8 21 1.07669
8 22 1.07669
8 23 1.07669
8 24 1.1644
8 25 1.20597
8 26 1.23475
8 27 1.24053
8 28 1.07259
8 29 1.07259
8 30 1.07259
8 31 1.07259
8 32 1.07259
8 33 1.12757
8 34 1.15333
8 35 1.17506
8 36 1.18497
8 37 1.08278
8 38 1.08278
8 39 1.08278
8 40 1.08278
8 41 1.08278
8 42 1.22714
8 43 1.31158
8 44 1.37025
8 45 1.329
8 46 1.08019
8 47 1.08019
8 48 1.08019
8 49 1.08019
8 50 1.08019
8 51 1.18405
8 52 1.24211
8 53 1.27707
8 54 1.27402
8 55 1.0765
8 56 1.0765
8 57 1.0765
8 58 1.0765
8 59 1.0765
8 60 1.14732
8 61 1.18189
8 62 1.20933
8 63 1.21781
8 64 1.07251
8 65 1.07251
8 66 1.07251
8 67 1.07251
8 68 1.07251
8 69 1.12139
8 70 1.14449
8 71 1.16476
8 72 1.17429
8 73 1.07985
8 74 1.07985
8 75 1.07985
8 76 1.07985
8 77 1.07985
8 78 1.16311
8 79 1.20074
8 80 1.22915
8 81 1.23807
8 82 1.07788
8 83 1.07788
8 84 1.07788
8 85 1.07788
8 86 1.07788
8 87 1.14138
8 88 1.17816
8 89 1.20744
8 90 1.21602
8 91 1.07459
8 92 1.07459
8 93 1.07459
8 94 1.07459
8 95 1.07459
8 96 1.12688
8 97 1.15257
8 98 1.17616
8 99 1.18563
8 100 1.07094
8 101 1.07094
8 102 1.07094
8 103 1.07094
8 104 1.07094
8 105 1.11117
8 106 1.13028
8 107 1.14782
8 108 1.15635
8 109 1.0757
8 110 1.0757
8 111 1.0757
8 112 1.0757
8 113 1.0757
8 114 1.13073
8 115 1.15204
8 116 1.17373
8 117 1.18264
8 118 1.0742
8 119 1.0742
8 120 1.0742
8 121 1.0742
8 122 1.0742
8 123 1.11907
8 124 1.14135
8 125 1.16355
8 126 1.1717
8 127 1.07148
8 128 1.07148
8 129 1.07148
8 130 1.07148
8 131 1.07148
8 132 1.11071
8 133 1.12887
8 134 1.14729
8 135 1.15511
8 136 1.06833
8 137 1.06833
8 138 1.06833
8 139 1.06833
8 140 1.06833
8 141 1.10017
8 142 1.11533
8 143 1.12951
8 144 1.1365
9 1 1.07687
9 2 1.07687
9 3 1.07687
9 4 1.07687
9 5 1.07687
9 6 1.2025
9 7 1.30772
9 8 1.53511
9 9 2.13632
9 10 1.07503
9 11 1.07503
9 12 1.07503
9 13 1.07503
9 14 1.07503
9 15 1.17828
9 16 1.24887
9 17 1.33267
9 18 1.38093
9 19 1.07249
9 20 1.07249
9 21 1.07249
9 22 1.07249
9 23 1.07249
9 24 1.14951
9 25 1.19422
9 26 1.24078
9 27 1.26427
9 28 1.06947
9 29 1.06947
9 30 1.06947
9 31 1.06947
9 32 1.06947
9 33 1.12529
9 34 1.15511
9 35 1.18447
9 36 1.19949
9 37 1.07712
9 38 1.07712
9 39 1.07712
9 40 1.07712
9 41 1.07712
9 42 1.1758
9 43 1.23936
9 44 1.32105
9 45 1.37621
9 46 1.07529
9 47 1.07529
9 48 1.07529
9 49 1.07529
9 50 1.07529
9 51 1.15868
9 52 1.21612
9 53 1.27468
9 54 1.30197
9 55 1.07264
9 56 1.07264
9 57 1.07264
9 58 1.07264
9 59 1.07264
9 60 1.13934
9 61 1.17799
9 62 1.21752
9 63 1.2358
9 64 1.06958
9 65 1.06958
9 66 1.06958
9 67 1.06958
9 68 1.06958
9 69 1.12029
9 70 1.14702
9 71 1.17325
9 72 1.18655
9 73 1.07545
9 74 1.07545
9 75 1.07545
9 76 1.07545
9 77 1.07545
9 78 1.14884
9 79 1.18956
9 80 1.23411
9 81 1.25829
9 82 1.07392
9 83 1.07392
9 84 1.07392
9 85 1.07392
9 86 1.07392
9 87 1.1339
9 88 1.17484
9 89 1.21553
9 90 1.23251
9 91 1.07133
9 92 1.07133
9 93 1.07133
9 94 1.07133
9 95 1.07133
9 96 1.12426
9 97 1.15381
9 98 1.18448
9 99 1.1985
9 100 1.06837
9 101 1.06837
9 102 1.06837
9 103 1.06837
9 104 1.06837
9 105 1.11134
9 106 1.13345
9 107 1.15513
9 108 1.16608
9 109 1.07243
9 110 1.07243
9 111 1.07243
9 112 1.07243
9 113 1.07243
9 114 1.1277
9 115 1.15268
9 116 1.18107
9 117 1.19443
9 118 1.07118
9 119 1.07118
9 120 1.07118
9 121 1.07118
9 122 1.07118
9 123 1.1173
9 124 1.14332
9 125 1.17109
9 126 1.18226
9 127 1.06888
9 128 1.06888
9 129 1.06888
9 130 1.06888
9 131 1.06888
9 132 1.11054
9 133 1.13166
9 134 1.15414
9 135 1.16419
9 136 1.06619
9 137 1.06619
9 138 1.06619
9 139 1.06619
9 140 1.06619
9 141 1.10102
9 142 1.11848
9 143 1.13541
9 144 1.14393
10 1 1.14646
10 2 1.14646
10 3 1.14646
10 4 1.14646
10 5 1.14646
10 6 1.10644
10 7 1.09194
10 8 1.08048
10 9 1.07503
10 10 1.30376
10 11 1.30376
10 12 1.30376
10 13 1.30376
10 14 1.30376
10 15 1.11735
10 16 1.09609
10 17 1.08186
10 18 1.07572
10 19 1.16129
10 20 1.16129
10 21 1.16129
10 22 1.16129
10 23 1.16129
10 24 1.10996
10 25 1.09338
10 26 1.08066
10 27 1.07475
10 28 1.12554
10 29 1.12554
10 30 1.12554
10 31 1.12554
10 32 1.12554
10 33 1.09888
10 34 1.08745
10 35 1.07764
10 36 1.07288
10 37 1.12874
10 38 1.12874
10 39 1.12874
10 40 1.12874
10 41 1.12874
10 42 1.10044
10 43 1.08929
10 44 1.07975
10 45 1.07522
10 46 1.14647
10 47 1.14647
10 48 1.14647
10 49 1.14647
10 50 1.14647
10 51 1.10667
10 52 1.09173
10 53 1.08039
10 54 1.07569
10 55 1.13472
10 56 1.13472
10 57 1.13472
10 58 1.13472
10 59 1.13472
10 60 1.1028
10 61 1.0902
10 62 1.0796
10 63 1.0746
10 64 1.11667
10 65 1.11667
10 66 1.11667
10 67 1.11667
10 68 1.11667
10 69 1.09526
10 70 1.08555
10 71 1.07694
10 72 1.07272
10 73 1.11127
10 74 1.11127
10 75 1.11127
10 76 1.11127
10 77 1.11127
10 78 1.09273
10 79 1.08462
10 80 1.07717
10 81 1.07369
10 82 1.11795
10 83 1.11795
10 84 1.11795
10 85 1.11795
10 86 1.11795
10 87 1.09614
10 88 1.08635
10 89 1.07754
10 90 1.07398
10 91 1.11382
10 92 1.11382
10 93 1.11382
10 94 1.11382
10 95 1.11382
10 96 1.0941
10 97 1.08515
10 98 1.07683
10 99 1.07291
10 100 1.1047
10 101 1.1047
10 102 1.1047
10 103 1.1047
10 104 1.1047
10 105 1.08907
10 106 1.08152
10 107 1.07459
10 108 1.07115
10 109 1.09719
10 110 1.09719
10 111 1.09719
10 112 1.09719
10 113 1.09719
10 114 1.08494
10 115 1.07903
10 116 1.07375
10 117 1.07094
10 118 1.10035
10 119 1.10035
10 120 1.10035
10 121 1.10035
10 122 1.10035
10 123 1.08723
10 124 1.08022
10 125 1.07384
10 126 1.07117
10 127 1.09834
10 128 1.09834
10 129 1.09834
10 130 1.09834
10 131 1.09834
10 132 1.08566
10 133 1.07919
10 134 1.07312
10 135 1.07019
10 136 1.09329
10 137 1.09329
10 138 1.09329
10 139 1.09329
10 140 1.09329
10 141 1.08214
10 142 1.07653
10 143 1.07125
10 144 1.06859
11 1 1.14646
11 2 1.14646
11 3 1.14646
11 4 1.14646
11 5 1.14646
11 6 1.10644
11 7 1.09194
11 8 1.08048
11 9 1.07503
11 10 1.30376
11 11 1.30376
11 12 1.30376
11 13 1.30376
11 14 1.30376
11 15 1.11735
11 16 1.09609
11 17 1.08186
11 18 1.07572
11 19 1.16129
11 20 1.16129
11 21 1.16129
11 22 1.16129
11 23 1.16129
11 24 1.10996
11 25 1.09338
11 26 1.08066
11 27 1.07475
11 28 1.12554
11 29 1.12554
11 30 1.12554
11 31 1.12554
11 32 1.12554
11 33 1.09888
11 34 1.08745
11 35 1.07764
11 36 1.07288
11 37 1.12874
11 38 1.12874
11 39 1.12874
11 40 1.12874
11 41 1.12874
11 42 1.10044
11 43 1.08929
11 44 1.07975
11 45 1.07522
11 46 1.14647
11 47 1.14647
11 48 1.14647
11 49 1.14647
11 50 1.14647
11 51 1.10667
11 52 1.09173
11 53 1.08039
11 54 1.07569
11 55 1.13472
11 56 1.13472
11 57 1.13472
11 58 1.13472
11 59 1.13472
11 60 1.1028
11 61 1.0902
11 62 1.0796
11 63 1.0746
11 64 1.11667
11 65 1.11667
11 66 1.11667
11 67 1.11667
11 68 1.11667
11 69 1.09526
11 70 1.08555
11 71 1.07694
11 72 1.07272
11 73 1.11127
11 74 1.11127
11 75 1.11127
11 76 1.11127
11 77 1.11127
11 78 1.09273
11 79 1.08462
11 80 1.07717
11 81 1.07369
11 82 1.11795
11 83 1.11795
11 84 1.11795
11 85 1.11795
11 86 1.11795
11 87 1.09614
11 88 1.08635
11 89 1.07754
11 90 1.07398
11 91 1.11382
11 92 1.11382
11 93 1.11382
11 94 1.11382
11 95 1.11382
11 96 1.0941
11 97 1.08515
11 98 1.07683
11 99 1.07291
11 100 1.1047
11 101 1.1047
11 102 1.1047
11 103 1.1047
11 104 1.1047
11 105 1.08907
11 106 1.08152
11 107 1.07459
11 108 1.07115
11 109 1.09719
11 110 1.09719
11 111 1.09719
11 112 1.09719
11 113 1.09719
11 114 1.08494
11 115 1.07903
11 116 1.07375
11 117 1.07094
11 118 1.10035
11 119 1.10035
11 120 1.10035
11 121 1.10035
11 122 1.10035
11 123 1.08723
11 124 1.08022
11 125 1.07384
11 126 1.07117
11 127 1.09834
11 128 1.09834
11 129 1.09834
11 130 1.09834
11 131 1.09834
11 132 1.08566
11 133 1.07919
11 134 1.07312
11 135 1.07019
11 136 1.09329
11 137 1.09329
11 138 1.09329
11 139 1.09329
11 140 1.09329
11 141 1.08214
11 142 1.07653
11 143 1.07125
11 144 1.06859
12 1 1.14646
12 2 1.14646
12 3 1.14646
12 4 1.14646
12 5 1.14646
12 6 1.10644
12 7 1.09194
12 8 1.08048
12 9 1.07503
12 10 1.30376
12 11 1.30376
12 12 1.30376
12 13 1.30376
12 14 1.30376
12 15 1.11735
12 16 1.09609
12 17 1.08186
12 18 1.07572
12 19 1.16129
12 20 1.16129
12 21 1.16129
12 22 1.16129
12 23 1.16129
12 24 1.10996
12 25 1.09338
12 26 1.08066
12 27 1.07475
12 28 1.12554
12 29 1.12554
12 30 1.12554
12 31 1.12554
12 32 1.12554
12 33 1.09888
12 34 1.08745
12 35 1.07764
12 36 1.07288
12 37 1.12874
12 38 1.12874
12 39 1.12874
12 40 1.12874
12 41 1.12874
12 42 1.10044
12 43 1.08929
12 44 1.07975
12 45 1.07522
12 46 1.14647
12 47 1.14647
12 48 1.14647
12 49 1.14647
12 50 1.14647
12 51 1.10667
12 52 1.09173
12 53 1.08039
12 54 1.07569
12 55 1.13472
12 56 1.13472
12 57 1.13472
12 58 1.13472
12 59 1.13472
12 60 1.1028
12 61 1.0902
12 62 1.0796
12 63 1.0746
12 64 1.11667
12 65 1.11667
12 66 1.11667
12 67 1.11667
12 68 1.11667
12 69 1.09526
12 70 1.08555
12 71 1.07694
12 72 1.07272
12 73 1.11127
12 74 1.11127
12 75 1.11127
12 76 1.11127
12 77 1.11127
12 78 1.09273
12 79 1.08462
12 80 1.07717
12 81 1.07369
12 82 1.11795
12 83 1.11795
12 84 1.11795
12 85 1.11795
12 86 1.11795
12 87 1.09614
12 88 1.08635
12 89 1.07754
12 90 1.07398
12 91 1.11382
12 92 1.11382
12 93 1.11382
12 94 1.11382
12 95 1.11382
12 96 1.0941
12 97 1.08515
12 98 1.07683
12 99 1.07291
12 100 1.1047
12 101 1.1047
12 102 1.1047
12 103 1.1047
12 104 1.1047
12 105 1.08907
12 106 1.08152
12 107 1.07459
12 108 1.07115
12 109 1.09719
12 110 1.09719
12 111 1.09719
12 112 1.09719
12 113 1.09719
12 114 1.08494
12 115 1.07903
12 116 1.07375
12 117 1.07094
12 118 1.10035
12 119 1.10035
12 120 1.10035
12 121 1.10035
12 122 1.10035
12 123 1.08723
12 124 1.08022
12 125 1.07384
12 126 1.07117
12 127 1.09834
12 128 1.09834
12 129 1.09834
12 130 1.09834
12 131 1.09834
12 132 1.08566
12 133 1.07919
12 134 1.07312
12 135 1.07019
12 136 1.09329
12 137 1.09329
12 138 1.09329
12 139 1.09329
12 140 1.09329
12 141 1.08214
12 142 1.07653
12 143 1.07125
12 144 1.06859
13 1 1.14646
13 2 1.14646
13 3 1.14646
13 4 1.14646
13 5 1.14646
13 6 1.10644
13 7 1.09194
13 8 1.08048
13 9 1.07503
13 10 1.30376
13 11 1.30376
13 12 1.30376
13 13 1.30376
13 14 1.30376
13 15 1.11735
13 16 1.09609
13 17 1.08186
13 18 1.07572
13 19 1.16129
13 20 1.16129
13 21 1.16129
13 22 1.16129
13 23 1.16129
13 24 1.10996
13 25 1.09338
13 26 1.08066
13 27 1.07475
13 28 1.12554
13 29 1.12554
13 30 1.12554
13 31 1.12554
13 32 1.12554
13 33 1.09888
13 34 1.08745
13 35 1.07764
13 36 1.07288
13 37 1.12874
13 38 1.12874
13 39 1.12874
13 40 1.12874
13 41 1.12874
13 42 1.10044
13 43 1.08929
13 44 1.07975
13 45 1.07522
13 46 1.14647
13 47 1.14647
13 48 1.14647
13 49 1.14647
13 50 1.14647
13 51 1.10667
13 52 1.09173
13 53 1.08039
13 54 1.07569
13 55 1.13472
13 56 1.13472
13 57 1.13472
13 58 1.13472
13 59 1.13472
13 60 1.1028
13 61 1.0902
13 62 1.0796
13 63 1.0746
13 64 1.11667
13 65 1.11667
13 66 1.11667
13 67 1.11667
13 68 1.11667
13 69 1.09526
13 70 1.08555
13 71 1.07694
13 72 1.07272
13 73 1.11127
13 74 1.11127
13 75 1.11127
13 76 1.11127
13 77 1.11127
13 78 1.09273
13 79 1.08462
13 80 1.07717
13 81 1.07369
13 82 1.11795
13 83 1.11795
13 84 1.11795
13 85 1.11795
13 86 1.11795
13 87 1.09614
13 88 1.08635
13 89 1.07754
13 90 1.07398
13 91 1.11382
13 92 1.11382
13 93 1.11382
13 94 1.11382
13 95 1.11382
13 96 1.0941
13 97 1.08515
13 98 1.07683
13 99 1.07291
13 100 1.1047
13 101 1.1047
13 102 1.1047
13 103 1.1047
13 104 1.1047
13 105 1.08907
13 106 1.08152
13 107 1.07459
13 108 1.07115
13 109 1.09719
13 110 1.09719
13 111 1.09719
13 112 1.09719
13 113 1.09719
13 114 1.08494
13 115 1.07903
13 116 1.07375
13 117 1.07094
13 118 1.10035
13 119 1.10035
13 120 1.10035
13 121 1.10035
13 122 1.10035
13 123 1.08723
13 124 1.08022
13 125 1.07384
13 126 1.07117
13 127 1.09834
13 128 1.09834
13 129 1.09834
13 130 1.09834
13 131 1.09834
13 132 1.08566
13 133 1.07919
13 134 1.07312
13 135 1.07019
13 136 1.09329
13 137 1.09329
13 138 1.09329
13 139 1.09329
13 140 1.09329
13 141 1.08214
13 142 1.07653
13 143 1.07125
13 144 1.06859
14 1 1.14646
14 2 1.14646
14 3 1.14646
14 4 1.14646
14 5 1.14646
14 6 1.10644
14 7 1.09194
14 8 1.08048
14 9 1.07503
14 10 1.30376
14 11 1.30376
14 12 1.30376
14 13 1.30376
14 14 1.30376
14 15 1.11735
14 16 1.09609
14 17 1.08186
14 18 1.07572
14 19 1.16129
14 20 1.16129
14 21 1.16129
14 22 1.16129
14 23 1.16129
14 24 1.10996
14 25 1.09338
14 26 1.08066
14 27 1.07475
14 28 1.12554
14 29 1.12554
14 30 1.12554
14 31 1.12554
14 32 1.12554
14 33 1.09888
14 34 1.08745
14 35 1.07764
14 36 1.07288
14 37 1.12874
14 38 1.12874
14 39 1.12874
14 40 1.12874
14 41 1.12874
14 42 1.10044
14 43 1.08929
14 44 1.07975
14 45 1.07522
14 46 1.14647
14 47 1.14647
14 48 1.14647
14 49 1.14647
14 50 1.14647
14 51 1.10667
14 52 1.09173
14 53 1.08039
14 54 1.07569
14 55 1.13472
14 56 1.13472
14 57 1.13472
14 58 1.13472
14 59 1.13472
14 60 1.1028
14 61 1.0902
14 62 1.0796
14 63 1.0746
14 64 1.11667
14 65 1.11667
14 66 1.11667
14 67 1.11667
14 68 1.11667
14 69 1.09526
14 70 1.08555
14 71 1.07694
14 72 1.07272
14 73 1.11127
14 74 1.11127
14 75 1.11127
14 76 1.11127
14 77 1.11127
14 78 1.09273
14 79 1.08462
14 80 1.07717
14 81 1.07369
14 82 1.11795
14 83 1.11795
14 84 1.11795
14 85 1.11795
14 86 1.11795
14 87 1.09614
14 88 1.08635
14 89 1.07754
14 90 1.07398
14 91 1.11382
14 92 1.11382
14 93 1.11382
14 94 1.11382
14 95 1.11382
14 96 1.0941
14 97 1.08515
14 98 1.07683
14 99 1.07291
14 100 1.1047
14 101 1.1047
14 102 1.1047
14 103 1.1047
14 104 1.1047
14 105 1.08907
14 106 1.08152
14 107 1.07459
14 108 1.07115
14 109 1.09719
14 110 1.09719
14 111 1.09719
14 112 1.09719
14 113 1.09719
14 114 1.08494
14 115 1.07903
14 116 1.07375
14 117 1.07094
14 118 1.10035
14 119 1.10035
14 120 1.10035
14 121 1.10035
14 122 1.10035
14 123 1.08723
14 124 1.08022
14 125 1.07384
14 126 1.07117
14 127 1.09834
14 128 1.09834
14 129 1.09834
14 130 1.09834
14 131 1.09834
14 132 1.08566
14 133 1.07919
14 134 1.07312
14 135 1.07019
14 136 1.09329
14 137 1.09329
14 138 1.09329
14 139 1.09329
14 140 1.09329
14 141 1.08214
14 142 1.07653
14 143 1.07125
14 144 1.06859
15 1 1.10683
15 2 1.10683
15 3 1.10683
15 4 1.10683
15 5 1.10683
15 6 1.41791
15 7 1.34411
15 8 1.235
15 9 1.17828
15 10 1.11735
15 11 1.11735
15 12 1.11735
15 13 1.11735
15 14 1.11735
15 15 6.86004
15 16 2.10281
15 17 1.37274
15 18 1.20318
15 19 1.10966
15 20 1.10966
15 21 1.10966
15 22 1.10966
15 23 1.10966
15 24 1.66257
15 25 1.46849
15 26 1.27368
15 27 1.18622
15 28 1.09844
15 29 1.09844
15 30 1.09844
15 31 1.09844
15 32 1.09844
15 33 1.2366
15 34 1.22645
15 35 1.18385
15 36 1.15779
15 37 1.10205
15 38 1.10205
15 39 1.10205
15 40 1.10205
15 41 1.10205
15 42 1.23098
15 43 1.21998
15 44 1.18527
15 45 1.16332
15 46 1.10763
15 47 1.10763
15 48 1.10763
15 49 1.10763
15 50 1.10763
15 51 1.39782
15 52 1.33052
15 53 1.22642
15 54 1.17888
15 55 1.10311
15 56 1.10311
15 57 1.10311
15 58 1.10311
15 59 1.10311
15 60 1.29018
15 61 1.26747
15 62 1.20424
15 63 1.16787
15 64 1.09501
15 65 1.09501
15 66 1.09501
15 67 1.09501
15 68 1.09501
15 69 1.17947
15 70 1.18059
15 71 1.16074
15 72 1.14715
15 73 1.09405
15 74 1.09405
15 75 1.09405
15 76 1.09405
15 77 1.09405
15 78 1.15026
15 79 1.15322
15 80 1.14695
15 81 1.14155
15 82 1.09714
15 83 1.09714
15 84 1.09714
15 85 1.09714
15 86 1.09714
15 87 1.16826
15 88 1.17485
15 89 1.15948
15 90 1.14972
15 91 1.09432
15 92 1.09432
15 93 1.09432
15 94 1.09432
15 95 1.09432
15 96 1.1605
15 97 1.16507
15 98 1.15281
15 99 1.14371
15 100 1.08892
15 101 1.08892
15 102 1.08892
15 103 1.08892
15 104 1.08892
15 105 1.13277
15 106 1.13845
15 107 1.13461
15 108 1.13084
15 109 1.08573
15 110 1.08573
15 111 1.08573
15 112 1.08573
15 113 1.08573
15 114 1.1156
15 115 1.11909
15 116 1.12156
15 117 1.12102
15 118 1.08751
15 119 1.08751
15 120 1.08751
15 121 1.08751
15 122 1.08751
15 123 1.1187
15 124 1.12423
15 125 1.12583
15 126 1.12527
15 127 1.0857
15 128 1.0857
15 129 1.0857
15 130 1.0857
15 131 1.0857
15 132 1.1157
15 133 1.1212
15 134 1.12253
15 135 1.12196
15 136 1.0821
15 137 1.0821
15 138 1.0821
15 139 1.0821
15 140 1.0821
15 141 1.10566
15 142 1.11157
15 143 1.1138
15 144 1.11421
16 1 1.09188
16 2 1.09188
16 3 1.09188
16 4 1.09188
16 5 1.09188
16 6 1.34289
16 7 1.43958
16 8 1.33106
16 9 1.24887
16 10 1.09609
16 11 1.09609
16 12 1.09609
16 13 1.09609
16 14 1.09609
16 15 2.10281
16 16 6.80694
16 17 1.93751
16 18 1.31366
16 19 1.09284
16 20 1.09284
16 21 1.09284
16 22 1.09284
16 23 1.09284
16 24 1.46588
16 25 1.67592
16 26 1.4197
16 27 1.26728
16 28 1.0868
16 29 1.0868
16 30 1.0868
16 31 1.0868
16 32 1.0868
16 33 1.22585
16 34 1.26189
16 35 1.23578
16 36 1.21021
16 37 1.08993
16 38 1.08993
16 39 1.08993
16 40 1.08993
16 41 1.08993
16 42 1.22031
16 43 1.25335
16 44 1.23833
16 45 1.21783
16 46 1.09267
16 47 1.09267
16 48 1.09267
16 49 1.09267
16 50 1.09267
16 51 1.32427
16 52 1.4243
16 53 1.31985
16 54 1.24964
16 55 1.09
16 56 1.09
16 57 1.09
16 58 1.09
16 59 1.09
16 60 1.26389
16 61 1.31696
16 62 1.27081
16 63 1.2283
16 64 1.08505
16 65 1.08505
16 66 1.08505
16 67 1.08505
16 68 1.08505
16 69 1.18028
16 70 1.20515
16 71 1.20036
16 72 1.19124
16 73 1.08519
16 74 1.08519
16 75 1.08519
16 76 1.08519
16 77 1.08519
16 78 1.15429
16 79 1.17264
16 80 1.17999
16 81 1.17972
16 82 1.087
16 83 1.087
16 84 1.087
16 85 1.087
16 86 1.087
16 87 1.16746
16 88 1.19954
16 89 1.20047
16 90 1.1945
16 91 1.08492
16 92 1.08492
16 93 1.08492
16 94 1.08492
16 95 1.08492
16 96 1.16267
16 97 1.18687
16 98 1.18935
16 99 1.18509
16 100 1.08116
16 101 1.08116
16 102 1.08116
16 103 1.08116
16 104 1.08116
16 105 1.13846
16 106 1.15626
16 107 1.16334
16 108 1.16447
16 109 1.07943
16 110 1.07943
16 111 1.07943
16 112 1.07943
16 113 1.07943
16 114 1.12201
16 115 1.13329
16 116 1.14433
16 117 1.14758
16 118 1.08061
16 119 1.08061
16 120 1.08061
16 121 1.08061
16 122 1.08061
16 123 1.12354
16 124 1.13933
16 125 1.15124
16 126 1.15476
16 127 1.07908
16 128 1.07908
16 129 1.07908
16 130 1.07908
16 131 1.07908
16 132 1.12132
16 133 1.13595
16 134 1.14661
16 135 1.15029
16 136 1.07631
16 137 1.07631
16 138 1.07631
16 139 1.07631
16 140 1.07631
16 141 1.11174
16 142 1.12512
16 143 1.1348
16 144 1.13893
17 1 1.08034
17 2 1.08034
17 3 1.08034
17 4 1.08034
17 5 1.08034
17 6 1.23241
17 7 1.32636
17 8 1.38984
17 9 1.33267
17 10 1.08186
17 11 1.08186
17 12 1.08186
17 13 1.08186
17 14 1.08186
17 15 1.37274
17 16 1.93751
17 17 5.65714
17 18 1.54016
17 19 1.0803
17 20 1.0803
17 21 1.0803
17 22 1.0803
17 23 1.0803
17 24 1.26948
17 25 1.41127
17 26 1.53237
17 27 1.37252
17 28 1.07722
17 29 1.07722
17 30 1.07722
17 31 1.07722
17 32 1.07722
17 33 1.18263
17 34 1.2334
17 35 1.26475
17 36 1.26501
17 37 1.08006
17 38 1.08006
17 39 1.08006
17 40 1.08006
17 41 1.08006
17 42 1.18326
17 43 1.23341
17 44 1.2724
17 45 1.2753
17 46 1.08115
17 47 1.08115
17 48 1.08115
17 49 1.08115
17 50 1.08115
17 51 1.22322
17 52 1.32319
17 53 1.38425
17 54 1.33324
17 55 1.07954
17 56 1.07954
17 57 1.07954
17 58 1.07954
17 59 1.07954
17 60 1.20098
17 61 1.26778
17 62 1.30813
17 63 1.29499
17 64 1.07669
17 65 1.07669
17 66 1.07669
17 67 1.07669
17 68 1.07669
17 69 1.16034
17 70 1.19916
17 71 1.22706
17 72 1.23558
17 73 1.0776
17 74 1.0776
17 75 1.0776
17 76 1.0776
17 77 1.0776
17 78 1.14668
17 79 1.17727
17 80 1.2057
17 81 1.21666
17 82 1.07849
17 83 1.07849
17 84 1.07849
17 85 1.07849
17 86 1.07849
17 87 1.15166
17 88 1.19745
17 89 1.2311
17 90 1.23962
17 91 1.07697
17 92 1.07697
17 93 1.07697
17 94 1.07697
17 95 1.07697
17 96 1.14979
17 97 1.18669
17 98 1.21635
17 99 1.22637
17 100 1.07446
17 101 1.07446
17 102 1.07446
17 103 1.07446
17 104 1.07446
17 105 1.13454
17 106 1.16257
17 107 1.18631
17 108 1.19695
17 109 1.07386
17 110 1.07386
17 111 1.07386
17 112 1.07386
17 113 1.07386
17 114 1.12347
17 115 1.14233
17 116 1.16363
17 117 1.17224
17 118 1.07456
17 119 1.07456
17 120 1.07456
17 121 1.07456
17 122 1.07456
17 123 1.1228
17 124 1.148
17 125 1.17289
17 126 1.18265
17 127 1.07329
17 128 1.07329
17 129 1.07329
17 130 1.07329
17 131 1.07329
17 132 1.12151
17 133 1.14456
17 134 1.16711
17 135 1.17717
17 136 1.07121
17 137 1.07121
17 138 1.07121
17 139 1.07121
17 140 1.07121
17 141 1.11395
17 142 1.13432
17 143 1.15302
17 144 1.16218
18 1 1.07507
18 2 1.07507
18 3 1.07507
18 4 1.07507
18 5 1.07507
18 6 1.17761
18 7 1.2459
18 8 1.33071
18 9 1.38093
18 10 1.07572
18 11 1.07572
18 12 1.07572
18 13 1.07572
18 14 1.07572
18 15 1.20318
18 16 1.31366
18 17 1.54016
18 18 2.13528
18 19 1.07477
18 20 1.07477
18 21 1.07477
18 22 1.07477
18 23 1.07477
18 24 1.18718
18 25 1.26691
18 26 1.37476
18 27 1.4497
18 28 1.07288
18 29 1.07288
18 30 1.07288
18 31 1.07288
18 32 1.07288
18 33 1.15872
18 34 1.20981
18 35 1.26569
18 36 1.2964
18 37 1.07536
18 38 1.07536
18 39 1.07536
18 40 1.07536
18 41 1.07536
18 42 1.15958
18 43 1.20925
18 44 1.26844
18 45 1.30114
18 46 1.07586
18 47 1.07586
18 48 1.07586
18 49 1.07586
18 50 1.07586
18 51 1.17255
18 52 1.24645
18 53 1.32979
18 54 1.37746
18 55 1.07473
18 56 1.07473
18 57 1.07473
18 58 1.07473
18 59 1.07473
18 60 1.16609
18 61 1.22552
18 62 1.2936
18 63 1.33024
18 64 1.07278
18 65 1.07278
18 66 1.07278
18 67 1.07278
18 68 1.07278
18 69 1.14739
18 70 1.18997
18 71 1.2347
18 72 1.25839
18 73 1.07383
18 74 1.07383
18 75 1.07383
18 76 1.07383
18 77 1.07383
18 78 1.13923
18 79 1.17373
18 80 1.2124
18 81 1.23165
18 82 1.07436
18 83 1.07436
18 84 1.07436
18 85 1.07436
18 86 1.07436
18 87 1.14002
18 88 1.18778
18 89 1.23621
18 90 1.25913
18 91 1.07314
18 92 1.07314
18 93 1.07314
18 94 1.07314
18 95 1.07314
18 96 1.14002
18 97 1.1803
18 98 1.22357
18 99 1.24538
18 100 1.07124
18 101 1.07124
18 102 1.07124
18 103 1.07124
18 104 1.07124
18 105 1.13052
18 106 1.16273
18 107 1.19547
18 108 1.21243
18 109 1.071
18 110 1.071
18 111 1.071
18 112 1.071
18 113 1.071
18 114 1.12202
18 115 1.14409
18 116 1.17031
18 117 1.18194
18 118 1.0715
18 119 1.0715
18 120 1.0715
18 121 1.0715
18 122 1.0715
18 123 1.12033
18 124 1.1493
18 125 1.18054
18 126 1.19413
18 127 1.0704
18 128 1.0704
18 129 1.0704
18 130 1.0704
18 131 1.0704
18 132 1.11979
18 133 1.14638
18 134 1.17498
18 135 1.18884
18 136 1.06868
18 137 1.06868
18 138 1.06868
18 139 1.06868
18 140 1.06868
18 141 1.11385
18 142 1.13738
18 143 1.16074
18 144 1.17272
19 1 1.1178
19 2 1.1178
19 3 1.1178
19 4 1.1178
19 5 1.1178
19 6 1.09514
19 7 1.08519
19 8 1.07669
19 9 1.07249
19 10 1.16129
19 11 1.16129
19 12 1.16129
19 13 1.16129
19 14 1.16129
19 15 1.10966
19 16 1.09284
19 17 1.0803
19 18 1.07477
19 19 1.30392
19 20 1.30392
19 21 1.30392
19 22 1.30392
19 23 1.30392
19 24 1.11735
19 25 1.09633
19 26 1.08181
19 27 1.07528
19 28 1.16172
19 29 1.16172
19 30 1.16172
19 31 1.16172
19 32 1.16172
19 33 1.11033
19 34 1.09368
19 35 1.08076
19 36 1.0747
19 37 1.11109
19 38 1.11109
19 39 1.11109
19 40 1.11109
19 41 1.11109
19 42 1.09201
19 43 1.08363
19 44 1.07629
19 45 1.07271
19 46 1.13464
19 47 1.13464
19 48 1.13464
19 49 1.13464
19 50 1.13464
19 51 1.10227
19 52 1.08924
19 53 1.07896
19 54 1.07471
19 55 1.14671
19 56 1.14671
19 57 1.14671
19 58 1.14671
19 59 1.14671
19 60 1.10635
19 61 1.09204
19 62 1.08038
19 63 1.075
19 64 1.13521
19 65 1.13521
19 66 1.13521
19 67 1.13521
19 68 1.13521
19 69 1.10321
19 70 1.09035
19 71 1.07956
19 72 1.07438
19 73 1.10116
19 74 1.10116
19 75 1.10116
19 76 1.10116
19 77 1.10116
19 78 1.087
19 79 1.08032
19 80 1.07426
19 81 1.07138
19 82 1.11369
19 83 1.11369
19 84 1.11369
19 85 1.11369
19 86 1.11369
19 87 1.09344
19 88 1.08448
19 89 1.07629
19 90 1.07305
19 91 1.11819
19 92 1.11819
19 93 1.11819
19 94 1.11819
19 95 1.11819
19 96 1.09563
19 97 1.08612
19 98 1.07729
19 99 1.0732
19 100 1.11432
19 101 1.11432
19 102 1.11432
19 103 1.11432
19 104 1.11432
19 105 1.09403
19 106 1.08484
19 107 1.07662
19 108 1.07258
19 109 1.09108
19 110 1.09108
19 111 1.09108
19 112 1.09108
19 113 1.09108
19 114 1.08105
19 115 1.07586
19 116 1.07136
19 117 1.06892
19 118 1.09824
19 119 1.09824
19 120 1.09824
19 121 1.09824
19 122 1.09824
19 123 1.08538
19 124 1.07881
19 125 1.0728
19 126 1.07033
19 127 1.10051
19 128 1.10051
19 129 1.10051
19 130 1.10051
19 131 1.10051
19 132 1.08633
19 133 1.07966
19 134 1.07337
19 135 1.0704
19 136 1.09879
19 137 1.09879
19 138 1.09879
19 139 1.09879
19 140 1.09879
19 141 1.08528
19 142 1.0788
19 143 1.0728
19 144 1.0698
20 1 1.1178
20 2 1.1178
20 3 1.1178
20 4 1.1178
20 5 1.1178
20 6 1.09514
20 7 1.08519
20 8 1.07669
20 9 1.07249
20 10 1.16129
20 11 1.16129
20 12 1.16129
20 13 1.16129
20 14 1.16129
20 15 1.10966
20 16 1.09284
20 17 1.0803
20 18 1.07477
20 19 1.30392
20 20 1.30392
20 21 1.30392
20 22 1.30392
20 23 1.30392
20 24 1.11735
20 25 1.09633
20 26 1.08181
20 27 1.07528
20 28 1.16172
20 29 1.16172
20 30 1.16172
20 31 1.16172
20 32 1.16172
20 33 1.11033
20 34 1.09368
20 35 1.08076
20 36 1.0747
20 37 1.11109
20 38 1.11109
20 39 1.11109
20 40 1.11109
20 41 1.11109
20 42 1.09201
20 43 1.08363
20 44 1.07629
20 45 1.07271
20 46 1.13464
20 47 1.13464
20 48 1.13464
20 49 1.13464
20 50 1.13464
20 51 1.10227
20 52 1.08924
20 53 1.07896
20 54 1.07471
20 55 1.14671
20 56 1.14671
20 57 1.14671
20 58 1.14671
20 59 1.14671
20 60 1.10635
20 61 1.09204
20 62 1.08038
20 63 1.075
20 64 1.13521
20 65 1.13521
20 66 1.13521
20 67 1.13521
20 68 1.13521
20 69 1.10321
20 70 1.09035
20 71 1.07956
20 72 1.07438
20 73 1.10116
20 74 1.10116
20 75 1.10116
20 76 1.10116
20 77 1.10116
20 78 1.087
20 79 1.08032
20 80 1.07426
20 81 1.07138
20 82 1.11369
20 83 1.11369
20 84 1.11369
20 85 1.11369
20 86 1.11369
20 87 1.09344
20 88 1.08448
20 89 1.07629
20 90 1.07305
20 91 1.11819
20 92 1.11819
20 93 1.11819
20 94 1.11819
20 95 1.11819
20 96 1.09563
20 97 1.08612
20 98 1.07729
20 99 1.0732
20 100 1.11432
20 101 1.11432
20 102 1.11432
20 103 1.11432
20 104 1.11432
20 105 1.09403
20 106 1.08484
20 107 1.07662
20 108 1.07258
20 109 1.09108
20 110 1.09108
20 111 1.09108
20 112 1.09108
20 113 1.09108
20 114 1.08105
20 115 1.07586
20 116 1.07136
20 117 1.06892
20 118 1.09824
20 119 1.09824
20 120 1.09824
20 121 1.09824
20 122 1.09824
20 123 1.08538
20 124 1.07881
20 125 1.0728
20 126 1.07033
20 127 1.10051
20 128 1.10051
20 129 1.10051
20 130 1.10051
20 131 1.10051
20 132 1.08633
20 133 1.07966
20 134 1.07337
20 135 1.0704
20 136 1.09879
20 137 1.09879
20 138 1.09879
20 139 1.09879
20 140 1.09879
20 141 1.08528
20 142 1.0788
20 143 1.0728
20 144 1.0698
21 1 1.1178
21 2 1.1178
21 3 1.1178
21 4 1.1178
21 5 1.1178
21 6 1.09514
21 7 1.08519
21 8 1.07669
21 9 1.07249
21 10 1.16129
21 11 1.16129
21 12 1.16129
21 13 1.16129
21 14 1.16129
21 15 1.10966
21 16 1.09284
21 17 1.0803
21 18 1.07477
21 19 1.30392
21 20 1.30392
21 21 1.30392
21 22 1.30392
21 23 1.30392
21 24 1.11735
21 25 1.09633
21 26 1.08181
21 27 1.07528
21 28 1.16172
21 29 1.16172
21 30 1.16172
21 31 1.16172
21 32 1.16172
21 33 1.11033
21 34 1.09368
21 35 1.08076
21 36 1.0747
21 37 1.11109
21 38 1.11109
