injected_el measured_el potential
1 1 1.30495
1 2 1.30495
1 3 1.30495
1 4 1.30495
1 5 1.30495
1 6 1.11829
1 7 1.09716
1 8 1.08258
1 9 1.07603
1 10 1.14676
1 11 1.14676
1 12 1.14676
1 13 1.14676
1 14 1.14676
1 15 1.1066
1 16 1.09174
1 17 1.07983
1 18 1.0742
1 19 1.118
1 20 1.118
1 21 1.118
1 22 1.118
1 23 1.118
1 24 1.0953
1 25 1.08511
1 26 1.07618
1 27 1.0718
1 28 1.10045
1 29 1.10045
1 30 1.10045
1 31 1.10045
1 32 1.10045
1 33 1.08576
1 34 1.07866
1 35 1.07217
1 36 1.06893
1 37 1.14774
1 38 1.14774
1 39 1.14774
1 40 1.14774
1 41 1.14774
1 42 1.10729
1 43 1.0928
1 44 1.08108
1 45 1.07579
1 46 1.12914
1 47 1.12914
1 48 1.12914
1 49 1.12914
1 50 1.12914
1 51 1.10087
1 52 1.0888
1 53 1.07872
1 54 1.07395
1 55 1.11141
1 56 1.11141
1 57 1.11141
1 58 1.11141
1 59 1.11141
1 60 1.09231
1 61 1.08343
1 62 1.07551
1 63 1.07161
1 64 1.09739
1 65 1.09739
1 66 1.09739
1 67 1.09739
1 68 1.09739
1 69 1.08419
1 70 1.07774
1 71 1.0718
1 72 1.06883
1 73 1.11921
1 74 1.11921
1 75 1.11921
1 76 1.11921
1 77 1.11921
1 78 1.0966
1 79 1.08676
1 80 1.07789
1 81 1.07402
1 82 1.1116
1 83 1.1116
1 84 1.1116
1 85 1.1116
1 86 1.1116
1 87 1.09281
1 88 1.08379
1 89 1.07594
1 90 1.07226
1 91 1.10145
1 92 1.10145
1 93 1.10145
1 94 1.10145
1 95 1.10145
1 96 1.08688
1 97 1.07978
1 98 1.07329
1 99 1.07009
1 100 1.09151
1 101 1.09151
1 102 1.09151
1 103 1.09151
1 104 1.09151
1 105 1.08056
1 106 1.07512
1 107 1.07005
1 108 1.06751
1 109 1.10148
1 110 1.10148
1 111 1.10148
1 112 1.10148
1 113 1.10148
1 114 1.08739
1 115 1.08048
1 116 1.07393
1 117 1.07122
1 118 1.09736
1 119 1.09736
1 120 1.09736
1 121 1.09736
1 122 1.09736
1 123 1.0849
1 124 1.07818
1 125 1.07228
1 126 1.0696
1 127 1.09128
1 128 1.09128
1 129 1.09128
1 130 1.09128
1 131 1.09128
1 132 1.0806
1 133 1.07514
1 134 1.07012
1 135 1.06764
1 136 1.08445
1 137 1.08445
1 138 1.08445
1 139 1.08445
1 140 1.08445
1 141 1.07584
1 142 1.07148
1 143 1.06738
1 144 1.06532
2 1 1.30495
2 2 1.30495
2 3 1.30495
2 4 1.30495
2 5 1.30495
2 6 1.11829
2 7 1.09716
2 8 1.08258
2 9 1.07603
2 10 1.14676
2 11 1.14676
2 12 1.14676
2 13 1.14676
2 14 1.14676
2 15 1.1066
2 16 1.09174
2 17 1.07983
2 18 1.0742
2 19 1.118
2 20 1.118
2 21 1.118
2 22 1.118
2 23 1.118
2 24 1.0953
2 25 1.08511
2 26 1.07618
2 27 1.0718
2 28 1.10045
2 29 1.10045
2 30 1.10045
2 31 1.10045
2 32 1.10045
2 33 1.08576
2 34 1.07866
2 35 1.07217
2 36 1.06893
2 37 1.14774
2 38 1.14774
2 39 1.14774
2 40 1.14774
2 41 1.14774
2 42 1.10729
2 43 1.0928
2 44 1.08108
2 45 1.07579
2 46 1.12914
2 47 1.12914
2 48 1.12914
2 49 1.12914
2 50 1.12914
2 51 1.10087
2 52 1.0888
2 53 1.07872
2 54 1.07395
2 55 1.11141
2 56 1.11141
2 57 1.11141
2 58 1.11141
2 59 1.11141
2 60 1.09231
2 61 1.08343
2 62 1.07551
2 63 1.07161
2 64 1.09739
2 65 1.09739
2 66 1.09739
2 67 1.09739
2 68 1.09739
2 69 1.08419
2 70 1.07774
2 71 1.0718
2 72 1.06883
2 73 1.11921
2 74 1.11921
2 75 1.11921
2 76 1.11921
2 77 1.11921
2 78 1.0966
2 79 1.08676
2 80 1.07789
2 81 1.07402
2 82 1.1116
2 83 1.1116
2 84 1.1116
2 85 1.1116
2 86 1.1116
2 87 1.09281
2 88 1.08379
2 89 1.07594
2 90 1.07226
2 91 1.10145
2 92 1.10145
2 93 1.10145
2 94 1.10145
2 95 1.10145
2 96 1.08688
2 97 1.07978
2 98 1.07329
2 99 1.07009
2 100 1.09151
2 101 1.09151
2 102 1.09151
2 103 1.09151
2 104 1.09151
2 105 1.08056
2 106 1.07512
2 107 1.07005
2 108 1.06751
2 109 1.10148
2 110 1.10148
2 111 1.10148
2 112 1.10148
2 113 1.10148
2 114 1.08739
2 115 1.08048
2 116 1.07393
2 117 1.07122
2 118 1.09736
2 119 1.09736
2 120 1.09736
2 121 1.09736
2 122 1.09736
2 123 1.0849
2 124 1.07818
2 125 1.07228
2 126 1.0696
2 127 1.09128
2 128 1.09128
2 129 1.09128
2 130 1.09128
2 131 1.09128
2 132 1.0806
2 133 1.07514
2 134 1.07012
2 135 1.06764
2 136 1.08445
2 137 1.08445
2 138 1.08445
2 139 1.08445
2 140 1.08445
2 141 1.07584
2 142 1.07148
2 143 1.06738
2 144 1.06532
3 1 1.30495
3 2 1.30495
3 3 1.30495
3 4 1.30495
3 5 1.30495
3 6 1.11829
3 7 1.09716
3 8 1.08258
3 9 1.07603
3 10 1.14676
3 11 1.14676
3 12 1.14676
3 13 1.14676
3 14 1.14676
3 15 1.1066
3 16 1.09174
3 17 1.07983
3 18 1.0742
3 19 1.118
3 20 1.118
3 21 1.118
3 22 1.118
3 23 1.118
3 24 1.0953
3 25 1.08511
3 26 1.07618
3 27 1.0718
3 28 1.10045
3 29 1.10045
3 30 1.10045
3 31 1.10045
3 32 1.10045
3 33 1.08576
3 34 1.07866
3 35 1.07217
3 36 1.06893
3 37 1.14774
3 38 1.14774
3 39 1.14774
3 40 1.14774
3 41 1.14774
3 42 1.10729
3 43 1.0928
3 44 1.08108
3 45 1.07579
3 46 1.12914
3 47 1.12914
3 48 1.12914
3 49 1.12914
3 50 1.12914
3 51 1.10087
3 52 1.0888
3 53 1.07872
3 54 1.07395
3 55 1.11141
3 56 1.11141
3 57 1.11141
3 58 1.11141
3 59 1.11141
3 60 1.09231
3 61 1.08343
3 62 1.07551
3 63 1.07161
3 64 1.09739
3 65 1.09739
3 66 1.09739
3 67 1.09739
3 68 1.09739
3 69 1.08419
3 70 1.07774
3 71 1.0718
3 72 1.06883
3 73 1.11921
3 74 1.11921
3 75 1.11921
3 76 1.11921
3 77 1.11921
3 78 1.0966
3 79 1.08676
3 80 1.07789
3 81 1.07402
3 82 1.1116
3 83 1.1116
3 84 1.1116
3 85 1.1116
3 86 1.1116
3 87 1.09281
3 88 1.08379
3 89 1.07594
3 90 1.07226
3 91 1.10145
3 92 1.10145
3 93 1.10145
3 94 1.10145
3 95 1.10145
3 96 1.08688
3 97 1.07978
3 98 1.07329
3 99 1.07009
3 100 1.09151
3 101 1.09151
3 102 1.09151
3 103 1.09151
3 104 1.09151
3 105 1.08056
3 106 1.07512
3 107 1.07005
3 108 1.06751
3 109 1.10148
3 110 1.10148
3 111 1.10148
3 112 1.10148
3 113 1.10148
3 114 1.08739
3 115 1.08048
3 116 1.07393
3 117 1.07122
3 118 1.09736
3 119 1.09736
3 120 1.09736
3 121 1.09736
3 122 1.09736
3 123 1.0849
3 124 1.07818
3 125 1.07228
3 126 1.0696
3 127 1.09128
3 128 1.09128
3 129 1.09128
3 130 1.09128
3 131 1.09128
3 132 1.0806
3 133 1.07514
3 134 1.07012
3 135 1.06764
3 136 1.08445
3 137 1.08445
3 138 1.08445
3 139 1.08445
3 140 1.08445
3 141 1.07584
3 142 1.07148
3 143 1.06738
3 144 1.06532
4 1 1.30495
4 2 1.30495
4 3 1.30495
4 4 1.30495
4 5 1.30495
4 6 1.11829
4 7 1.09716
4 8 1.08258
4 9 1.07603
4 10 1.14676
4 11 1.14676
4 12 1.14676
4 13 1.14676
4 14 1.14676
4 15 1.1066
4 16 1.09174
4 17 1.07983
4 18 1.0742
4 19 1.118
4 20 1.118
4 21 1.118
4 22 1.118
4 23 1.118
4 24 1.0953
4 25 1.08511
4 26 1.07618
4 27 1.0718
4 28 1.10045
4 29 1.10045
4 30 1.10045
4 31 1.10045
4 32 1.10045
4 33 1.08576
4 34 1.07866
4 35 1.07217
4 36 1.06893
4 37 1.14774
4 38 1.14774
4 39 1.14774
4 40 1.14774
4 41 1.14774
4 42 1.10729
4 43 1.0928
4 44 1.08108
4 45 1.07579
4 46 1.12914
4 47 1.12914
4 48 1.12914
4 49 1.12914
4 50 1.12914
4 51 1.10087
4 52 1.0888
4 53 1.07872
4 54 1.07395
4 55 1.11141
4 56 1.11141
4 57 1.11141
4 58 1.11141
4 59 1.11141
4 60 1.09231
4 61 1.08343
4 62 1.07551
4 63 1.07161
4 64 1.09739
4 65 1.09739
4 66 1.09739
4 67 1.09739
4 68 1.09739
4 69 1.08419
4 70 1.07774
4 71 1.0718
4 72 1.06883
4 73 1.11921
4 74 1.11921
4 75 1.11921
4 76 1.11921
4 77 1.11921
4 78 1.0966
4 79 1.08676
4 80 1.07789
4 81 1.07402
4 82 1.1116
4 83 1.1116
4 84 1.1116
4 85 1.1116
4 86 1.1116
4 87 1.09281
4 88 1.08379
4 89 1.07594
4 90 1.07226
4 91 1.10145
4 92 1.10145
4 93 1.10145
4 94 1.10145
4 95 1.10145
4 96 1.08688
4 97 1.07978
4 98 1.07329
4 99 1.07009
4 100 1.09151
4 101 1.09151
4 102 1.09151
4 103 1.09151
4 104 1.09151
4 105 1.08056
4 106 1.07512
4 107 1.07005
4 108 1.06751
4 109 1.10148
4 110 1.10148
4 111 1.10148
4 112 1.10148
4 113 1.10148
4 114 1.08739
4 115 1.08048
4 116 1.07393
4 117 1.07122
4 118 1.09736
4 119 1.09736
4 120 1.09736
4 121 1.09736
4 122 1.09736
4 123 1.0849
4 124 1.07818
4 125 1.07228
4 126 1.0696
4 127 1.09128
4 128 1.09128
4 129 1.09128
4 130 1.09128
4 131 1.09128
4 132 1.0806
4 133 1.07514
4 134 1.07012
4 135 1.06764
4 136 1.08445
4 137 1.08445
4 138 1.08445
4 139 1.08445
4 140 1.08445
4 141 1.07584
4 142 1.07148
4 143 1.06738
4 144 1.06532
5 1 1.30495
5 2 1.30495
5 3 1.30495
5 4 1.30495
5 5 1.30495
5 6 1.11829
5 7 1.09716
5 8 1.08258
5 9 1.07603
5 10 1.14676
5 11 1.14676
5 12 1.14676
5 13 1.14676
5 14 1.14676
5 15 1.1066
5 16 1.09174
5 17 1.07983
5 18 1.0742
5 19 1.118
5 20 1.118
5 21 1.118
5 22 1.118
5 23 1.118
5 24 1.0953
5 25 1.08511
5 26 1.07618
5 27 1.0718
5 28 1.10045
5 29 1.10045
5 30 1.10045
5 31 1.10045
5 32 1.10045
5 33 1.08576
5 34 1.07866
5 35 1.07217
5 36 1.06893
5 37 1.14774
5 38 1.14774
5 39 1.14774
5 40 1.14774
5 41 1.14774
5 42 1.10729
5 43 1.0928
5 44 1.08108
5 45 1.07579
5 46 1.12914
5 47 1.12914
5 48 1.12914
5 49 1.12914
5 50 1.12914
5 51 1.10087
5 52 1.0888
5 53 1.07872
5 54 1.07395
5 55 1.11141
5 56 1.11141
5 57 1.11141
5 58 1.11141
5 59 1.11141
5 60 1.09231
5 61 1.08343
5 62 1.07551
5 63 1.07161
5 64 1.09739
5 65 1.09739
5 66 1.09739
5 67 1.09739
5 68 1.09739
5 69 1.08419
5 70 1.07774
5 71 1.0718
5 72 1.06883
5 73 1.11921
5 74 1.11921
5 75 1.11921
5 76 1.11921
5 77 1.11921
5 78 1.0966
5 79 1.08676
5 80 1.07789
5 81 1.07402
5 82 1.1116
5 83 1.1116
5 84 1.1116
5 85 1.1116
5 86 1.1116
5 87 1.09281
5 88 1.08379
5 89 1.07594
5 90 1.07226
5 91 1.10145
5 92 1.10145
5 93 1.10145
5 94 1.10145
5 95 1.10145
5 96 1.08688
5 97 1.07978
5 98 1.07329
5 99 1.07009
5 100 1.09151
5 101 1.09151
5 102 1.09151
5 103 1.09151
5 104 1.09151
5 105 1.08056
5 106 1.07512
5 107 1.07005
5 108 1.06751
5 109 1.10148
5 110 1.10148
5 111 1.10148
5 112 1.10148
5 113 1.10148
5 114 1.08739
5 115 1.08048
5 116 1.07393
5 117 1.07122
5 118 1.09736
5 119 1.09736
5 120 1.09736
5 121 1.09736
5 122 1.09736
5 123 1.0849
5 124 1.07818
5 125 1.07228
5 126 1.0696
5 127 1.09128
5 128 1.09128
5 129 1.09128
5 130 1.09128
5 131 1.09128
5 132 1.0806
5 133 1.07514
5 134 1.07012
5 135 1.06764
5 136 1.08445
5 137 1.08445
5 138 1.08445
5 139 1.08445
5 140 1.08445
5 141 1.07584
5 142 1.07148
5 143 1.06738
5 144 1.06532
6 1 1.11829
6 2 1.11829
6 3 1.11829
6 4 1.11829
6 5 1.11829
6 6 6.89891
6 7 2.13106
6 8 1.38819
6 9 1.20467
6 10 1.10646
6 11 1.10646
6 12 1.10646
6 13 1.10646
6 14 1.10646
6 15 1.44125
6 16 1.36232
6 17 1.24104
6 18 1.17893
6 19 1.09513
6 20 1.09513
6 21 1.09513
6 22 1.09513
6 23 1.09513
6 24 1.19198
6 25 1.19143
6 26 1.16661
6 27 1.15001
6 28 1.0856
6 29 1.0856
6 30 1.0856
6 31 1.0856
6 32 1.0856
6 33 1.12377
6 34 1.13013
6 35 1.12824
6 36 1.12568
6 37 1.10812
6 38 1.10812
6 39 1.10812
6 40 1.10812
6 41 1.10812
6 42 1.42011
6 43 1.35003
6 44 1.23641
6 45 1.18045
6 46 1.10097
6 47 1.10097
6 48 1.10097
6 49 1.10097
6 50 1.10097
6 51 1.25271
6 52 1.24006
6 53 1.1921
6 54 1.16327
6 55 1.09228
6 56 1.09228
6 57 1.09228
6 58 1.09228
6 59 1.09228
6 60 1.15747
6 61 1.16187
6 62 1.15014
6 63 1.14116
6 64 1.08411
6 65 1.08411
6 66 1.08411
6 67 1.08411
6 68 1.08411
6 69 1.1148
6 70 1.12129
6 71 1.12176
6 72 1.12081
6 73 1.09743
6 74 1.09743
6 75 1.09743
6 76 1.09743
6 77 1.09743
6 78 1.18346
6 79 1.18551
6 80 1.16436
6 81 1.1516
6 82 1.09296
6 83 1.09296
6 84 1.09296
6 85 1.09296
6 86 1.09296
6 87 1.15389
6 88 1.15951
6 89 1.14926
6 90 1.1414
6 91 1.08689
6 92 1.08689
6 93 1.08689
6 94 1.08689
6 95 1.08689
6 96 1.12371
6 97 1.13034
6 98 1.12907
6 99 1.12682
6 100 1.08053
6 101 1.08053
6 102 1.08053
6 103 1.08053
6 104 1.08053
6 105 1.10222
6 106 1.10838
6 107 1.11111
6 108 1.11181
6 109 1.08785
6 110 1.08785
6 111 1.08785
6 112 1.08785
6 113 1.08785
6 114 1.12113
6 115 1.12775
6 116 1.12774
6 117 1.12681
6 118 1.08486
6 119 1.08486
6 120 1.08486
6 121 1.08486
6 122 1.08486
6 123 1.11204
6 124 1.11925
6 125 1.12098
6 126 1.1207
6 127 1.08063
6 128 1.08063
6 129 1.08063
6 130 1.08063
6 131 1.08063
6 132 1.10126
6 133 1.10752
6 134 1.11065
6 135 1.11152
6 136 1.07585
6 137 1.07585
6 138 1.07585
6 139 1.07585
6 140 1.07585
6 141 1.09057
6 142 1.0959
6 143 1.09959
6 144 1.10114
7 1 1.09716
7 2 1.09716
7 3 1.09716
7 4 1.09716
7 5 1.09716
7 6 2.13106
7 7 6.87896
7 8 1.98032
7 9 1.3129
7 10 1.0916
7 11 1.0916
7 12 1.0916
7 13 1.0916
7 14 1.0916
7 15 1.36202
7 16 1.46244
7 17 1.33825
7 18 1.24861
7 19 1.08491
7 20 1.08491
7 21 1.08491
7 22 1.08491
7 23 1.08491
7 24 1.19128
7 25 1.21844
7 26 1.20856
7 27 1.19542
7 28 1.07848
7 29 1.07848
7 30 1.07848
7 31 1.07848
7 32 1.07848
7 33 1.13012
7 34 1.14696
7 35 1.15459
7 36 1.15645
7 37 1.09331
7 38 1.09331
7 39 1.09331
7 40 1.09331
7 41 1.09331
7 42 1.34603
7 43 1.44483
7 44 1.3303
7 45 1.24979
7 46 1.08896
7 47 1.08896
7 48 1.08896
7 49 1.08896
7 50 1.08896
7 51 1.23949
7 52 1.27872
7 53 1.24764
7 54 1.21763
7 55 1.08336
7 56 1.08336
7 57 1.08336
7 58 1.08336
7 59 1.08336
7 60 1.1616
7 61 1.18334
7 62 1.18452
7 63 1.18027
7 64 1.07763
7 65 1.07763
7 66 1.07763
7 67 1.07763
7 68 1.07763
7 69 1.12127
7 70 1.13664
7 71 1.14553
7 72 1.14866
7 73 1.08734
7 74 1.08734
7 75 1.08734
7 76 1.08734
7 77 1.08734
7 78 1.18237
7 79 1.21065
7 80 1.20486
7 81 1.19603
7 82 1.08411
7 83 1.08411
7 84 1.08411
7 85 1.08411
7 86 1.08411
7 87 1.15756
7 88 1.18066
7 89 1.18335
7 90 1.18005
7 91 1.07978
7 92 1.07978
7 93 1.07978
7 94 1.07978
7 95 1.07978
7 96 1.12989
7 97 1.14696
7 98 1.15531
7 99 1.15749
7 100 1.07507
7 101 1.07507
7 102 1.07507
7 103 1.07507
7 104 1.07507
7 105 1.10834
7 106 1.12147
7 107 1.13103
7 108 1.13516
7 109 1.08095
7 110 1.08095
7 111 1.08095
7 112 1.08095
7 113 1.08095
7 114 1.1263
7 115 1.14323
7 116 1.15306
7 117 1.1563
7 118 1.07854
7 119 1.07854
7 120 1.07854
7 121 1.07854
7 122 1.07854
7 123 1.1175
7 124 1.13396
7 125 1.14425
7 126 1.14777
7 127 1.07524
7 128 1.07524
7 129 1.07524
7 130 1.07524
7 131 1.07524
7 132 1.10704
7 133 1.12031
7 134 1.1303
7 135 1.13453
7 136 1.07147
7 137 1.07147
7 138 1.07147
7 139 1.07147
7 140 1.07147
7 141 1.09584
7 142 1.10655
7 143 1.1155
7 144 1.11973
8 1 1.08258
8 2 1.08258
8 3 1.08258
8 4 1.08258
8 5 1.08258
8 6 1.38819
8 7 1.98032
8 8 6.10261
8 9 1.54372
8 10 1.07976
8 11 1.07976
8 12 1.07976
8 13 1.07976
8 14 1.07976
8 15 1.2408
8 16 1.33779
8 17 1.3967
8 18 1.33422
8 19 1.07608
8 20 1.07608
8 21 1.07608
8 22 1.07608
8 23 1.07608
8 24 1.16662
8 25 1.20846
8 26 1.23657
8 27 1.24299
8 28 1.07208
8 29 1.07208
8 30 1.07208
8 31 1.07208
8 32 1.07208
8 33 1.12836
8 34 1.15459
8 35 1.17662
8 36 1.18673
8 37 1.08147
8 38 1.08147
8 39 1.08147
8 40 1.08147
8 41 1.08147
8 42 1.23442
8 43 1.33061
8 44 1.39014
8 45 1.33459
8 46 1.07887
8 47 1.07887
8 48 1.07887
8 49 1.07887
8 50 1.07887
8 51 1.19162
8 52 1.24788
8 53 1.28063
8 54 1.27734
8 55 1.07551
8 56 1.07551
8 57 1.07551
8 58 1.07551
8 59 1.07551
8 60 1.14995
8 61 1.1844
8 62 1.21039
8 63 1.22001
8 64 1.07177
8 65 1.07177
8 66 1.07177
8 67 1.07177
8 68 1.07177
8 69 1.12184
8 70 1.14553
8 71 1.16608
8 72 1.17585
8 73 1.07854
8 74 1.07854
8 75 1.07854
8 76 1.07854
8 77 1.07854
8 78 1.16106
8 79 1.2038
8 80 1.23348
8 81 1.24198
8 82 1.07629
8 83 1.07629
8 84 1.07629
8 85 1.07629
8 86 1.07629
8 87 1.14684
8 88 1.18281
8 89 1.20953
8 90 1.21914
8 91 1.07338
8 92 1.07338
8 93 1.07338
8 94 1.07338
8 95 1.07338
8 96 1.12842
8 97 1.15493
8 98 1.17744
8 99 1.18765
8 100 1.07007
8 101 1.07007
8 102 1.07007
8 103 1.07007
8 104 1.07007
8 105 1.11108
8 106 1.13094
8 107 1.14887
8 108 1.15767
8 109 1.07465
8 110 1.07465
8 111 1.07465
8 112 1.07465
8 113 1.07465
8 114 1.1247
8 115 1.15111
8 116 1.17457
8 117 1.18481
8 118 1.07277
8 119 1.07277
8 120 1.07277
8 121 1.07277
8 122 1.07277
8 123 1.11794
8 124 1.14305
8 125 1.16455
8 126 1.17395
8 127 1.07029
8 128 1.07029
8 129 1.07029
8 130 1.07029
8 131 1.07029
8 132 1.10966
8 133 1.12966
8 134 1.14792
8 135 1.15663
8 136 1.06744
8 137 1.06744
8 138 1.06744
8 139 1.06744
8 140 1.06744
8 141 1.09944
8 142 1.11533
8 143 1.1301
8 144 1.13745
9 1 1.07603
9 2 1.07603
9 3 1.07603
9 4 1.07603
9 5 1.07603
9 6 1.20467
9 7 1.3129
9 8 1.54372
9 9 2.14385
9 10 1.0742
9 11 1.0742
9 12 1.0742
9 13 1.0742
9 14 1.0742
9 15 1.17924
9 16 1.24884
9 17 1.33455
9 18 1.38705
9 19 1.0718
9 20 1.0718
9 21 1.0718
9 22 1.0718
9 23 1.0718
9 24 1.15026
9 25 1.19538
9 26 1.24285
9 27 1.26815
9 28 1.06892
9 29 1.06892
9 30 1.06892
9 31 1.06892
9 32 1.06892
9 33 1.12585
9 34 1.15636
9 35 1.18655
9 36 1.20213
9 37 1.07587
9 38 1.07587
9 39 1.07587
9 40 1.07587
9 41 1.07587
9 42 1.17704
9 43 1.24668
9 44 1.3317
9 45 1.38481
9 46 1.07401
9 47 1.07401
9 48 1.07401
9 49 1.07401
9 50 1.07401
9 51 1.16232
9 52 1.21729
9 53 1.27705
9 54 1.30898
9 55 1.07165
9 56 1.07165
9 57 1.07165
9 58 1.07165
9 59 1.07165
9 60 1.1409
9 61 1.17983
9 62 1.21954
9 63 1.24009
9 64 1.06885
9 65 1.06885
9 66 1.06885
9 67 1.06885
9 68 1.06885
9 69 1.12078
9 70 1.14838
9 71 1.17545
9 72 1.18935
9 73 1.07421
9 74 1.07421
9 75 1.07421
9 76 1.07421
9 77 1.07421
9 78 1.14646
9 79 1.19231
9 80 1.23969
9 81 1.26487
9 82 1.07242
9 83 1.07242
9 84 1.07242
9 85 1.07242
9 86 1.07242
9 87 1.13833
9 88 1.17875
9 89 1.2186
9 90 1.23841
9 91 1.07018
9 92 1.07018
9 93 1.07018
9 94 1.07018
9 95 1.07018
9 96 1.12585
9 97 1.15656
9 98 1.18697
9 99 1.20241
9 100 1.06756
9 101 1.06756
9 102 1.06756
9 103 1.06756
9 104 1.06756
9 105 1.11157
9 106 1.13469
9 107 1.15717
9 108 1.16864
9 109 1.07147
9 110 1.07147
9 111 1.07147
9 112 1.07147
9 113 1.07147
9 114 1.1222
9 115 1.15283
9 116 1.18367
9 117 1.1984
9 118 1.06984
9 119 1.06984
9 120 1.06984
9 121 1.06984
9 122 1.06984
9 123 1.11682
9 124 1.14589
9 125 1.17348
9 126 1.18647
9 127 1.06777
9 128 1.06777
9 129 1.06777
9 130 1.06777
9 131 1.06777
9 132 1.11007
9 133 1.1333
9 134 1.15598
9 135 1.16723
9 136 1.06538
9 137 1.06538
9 138 1.06538
9 139 1.06538
9 140 1.06538
9 141 1.10073
9 142 1.11915
9 143 1.13694
9 144 1.14598
10 1 1.14676
10 2 1.14676
10 3 1.14676
10 4 1.14676
10 5 1.14676
10 6 1.10646
10 7 1.0916
10 8 1.07976
10 9 1.0742
10 10 1.30409
10 11 1.30409
10 12 1.30409
10 13 1.30409
10 14 1.30409
10 15 1.11743
10 16 1.09624
10 17 1.08154
10 18 1.0749
10 19 1.16154
10 20 1.16154
10 21 1.16154
10 22 1.16154
10 23 1.16154
10 24 1.10998
10 25 1.09322
10 26 1.08021
10 27 1.07411
10 28 1.12572
10 29 1.12572
10 30 1.12572
10 31 1.12572
10 32 1.12572
10 33 1.09877
10 34 1.08719
10 35 1.07723
10 36 1.07238
10 37 1.1291
10 38 1.1291
10 39 1.1291
10 40 1.1291
10 41 1.1291
10 42 1.10027
10 43 1.08852
10 44 1.07857
10 45 1.07401
10 46 1.1469
10 47 1.1469
10 48 1.1469
10 49 1.1469
10 50 1.1469
10 51 1.10663
10 52 1.09176
10 53 1.07996
10 54 1.07452
10 55 1.13503
10 56 1.13503
10 57 1.13503
10 58 1.13503
10 59 1.13503
10 60 1.10284
10 61 1.08981
10 62 1.07893
10 63 1.07372
10 64 1.11688
10 65 1.11688
10 66 1.11688
10 67 1.11688
10 68 1.11688
10 69 1.09503
10 70 1.08512
10 71 1.07637
10 72 1.07207
10 73 1.11154
10 74 1.11154
10 75 1.11154
10 76 1.11154
10 77 1.11154
10 78 1.09216
10 79 1.08357
10 80 1.07578
10 81 1.07236
10 82 1.11835
10 83 1.11835
10 84 1.11835
10 85 1.11835
10 86 1.11835
10 87 1.09571
10 88 1.08548
10 89 1.0767
10 90 1.07268
10 91 1.11411
10 92 1.11411
10 93 1.11411
10 94 1.11411
10 95 1.11411
10 96 1.09361
10 97 1.08426
10 98 1.07595
10 99 1.07191
10 100 1.10488
10 101 1.10488
10 102 1.10488
10 103 1.10488
10 104 1.10488
10 105 1.08867
10 106 1.08094
10 107 1.07391
10 108 1.07042
10 109 1.09732
10 110 1.09732
10 111 1.09732
10 112 1.09732
10 113 1.09732
10 114 1.08445
10 115 1.07812
10 116 1.07218
10 117 1.06972
10 118 1.10059
10 119 1.10059
10 120 1.10059
10 121 1.10059
10 122 1.10059
10 123 1.08634
10 124 1.07908
10 125 1.0727
10 126 1.06988
10 127 1.09853
10 128 1.09853
10 129 1.09853
10 130 1.09853
10 131 1.09853
10 132 1.08485
10 133 1.07818
10 134 1.0721
10 135 1.06915
10 136 1.09343
10 137 1.09343
10 138 1.09343
10 139 1.09343
10 140 1.09343
10 141 1.08166
10 142 1.07588
10 143 1.07052
10 144 1.06784
11 1 1.14676
11 2 1.14676
11 3 1.14676
11 4 1.14676
11 5 1.14676
11 6 1.10646
11 7 1.0916
11 8 1.07976
11 9 1.0742
11 10 1.30409
11 11 1.30409
11 12 1.30409
11 13 1.30409
11 14 1.30409
11 15 1.11743
11 16 1.09624
11 17 1.08154
11 18 1.0749
11 19 1.16154
11 20 1.16154
11 21 1.16154
11 22 1.16154
11 23 1.16154
11 24 1.10998
11 25 1.09322
11 26 1.08021
11 27 1.07411
11 28 1.12572
11 29 1.12572
11 30 1.12572
11 31 1.12572
11 32 1.12572
11 33 1.09877
11 34 1.08719
11 35 1.07723
11 36 1.07238
11 37 1.1291
11 38 1.1291
11 39 1.1291
11 40 1.1291
11 41 1.1291
11 42 1.10027
11 43 1.08852
11 44 1.07857
11 45 1.07401
11 46 1.1469
11 47 1.1469
11 48 1.1469
11 49 1.1469
11 50 1.1469
11 51 1.10663
11 52 1.09176
11 53 1.07996
11 54 1.07452
11 55 1.13503
11 56 1.13503
11 57 1.13503
11 58 1.13503
11 59 1.13503
11 60 1.10284
11 61 1.08981
11 62 1.07893
11 63 1.07372
11 64 1.11688
11 65 1.11688
11 66 1.11688
11 67 1.11688
11 68 1.11688
11 69 1.09503
11 70 1.08512
11 71 1.07637
11 72 1.07207
11 73 1.11154
11 74 1.11154
11 75 1.11154
11 76 1.11154
11 77 1.11154
11 78 1.09216
11 79 1.08357
11 80 1.07578
11 81 1.07236
11 82 1.11835
11 83 1.11835
11 84 1.11835
11 85 1.11835
11 86 1.11835
11 87 1.09571
11 88 1.08548
11 89 1.0767
11 90 1.07268
11 91 1.11411
11 92 1.11411
11 93 1.11411
11 94 1.11411
11 95 1.11411
11 96 1.09361
11 97 1.08426
11 98 1.07595
11 99 1.07191
11 100 1.10488
11 101 1.10488
11 102 1.10488
11 103 1.10488
11 104 1.10488
11 105 1.08867
11 106 1.08094
11 107 1.07391
11 108 1.07042
11 109 1.09732
11 110 1.09732
11 111 1.09732
11 112 1.09732
11 113 1.09732
11 114 1.08445
11 115 1.07812
11 116 1.07218
11 117 1.06972
11 118 1.10059
11 119 1.10059
11 120 1.10059
11 121 1.10059
11 122 1.10059
11 123 1.08634
11 124 1.07908
11 125 1.0727
11 126 1.06988
11 127 1.09853
11 128 1.09853
11 129 1.09853
11 130 1.09853
11 131 1.09853
11 132 1.08485
11 133 1.07818
11 134 1.0721
11 135 1.06915
11 136 1.09343
11 137 1.09343
11 138 1.09343
11 139 1.09343
11 140 1.09343
11 141 1.08166
11 142 1.07588
11 143 1.07052
11 144 1.06784
12 1 1.14676
12 2 1.14676
12 3 1.14676
12 4 1.14676
12 5 1.14676
12 6 1.10646
12 7 1.0916
12 8 1.07976
12 9 1.0742
12 10 1.30409
12 11 1.30409
12 12 1.30409
12 13 1.30409
12 14 1.30409
12 15 1.11743
12 16 1.09624
12 17 1.08154
12 18 1.0749
12 19 1.16154
12 20 1.16154
12 21 1.16154
12 22 1.16154
12 23 1.16154
12 24 1.10998
12 25 1.09322
12 26 1.08021
12 27 1.07411
12 28 1.12572
12 29 1.12572
12 30 1.12572
12 31 1.12572
12 32 1.12572
12 33 1.09877
12 34 1.08719
12 35 1.07723
12 36 1.07238
12 37 1.1291
12 38 1.1291
12 39 1.1291
12 40 1.1291
12 41 1.1291
12 42 1.10027
12 43 1.08852
12 44 1.07857
12 45 1.07401
12 46 1.1469
12 47 1.1469
12 48 1.1469
12 49 1.1469
12 50 1.1469
12 51 1.10663
12 52 1.09176
12 53 1.07996
12 54 1.07452
12 55 1.13503
12 56 1.13503
12 57 1.13503
12 58 1.13503
12 59 1.13503
12 60 1.10284
12 61 1.08981
12 62 1.07893
12 63 1.07372
12 64 1.11688
12 65 1.11688
12 66 1.11688
12 67 1.11688
12 68 1.11688
12 69 1.09503
12 70 1.08512
12 71 1.07637
12 72 1.07207
12 73 1.11154
12 74 1.11154
12 75 1.11154
12 76 1.11154
12 77 1.11154
12 78 1.09216
12 79 1.08357
12 80 1.07578
12 81 1.07236
12 82 1.11835
12 83 1.11835
12 84 1.11835
12 85 1.11835
12 86 1.11835
12 87 1.09571
12 88 1.08548
12 89 1.0767
12 90 1.07268
12 91 1.11411
12 92 1.11411
12 93 1.11411
12 94 1.11411
12 95 1.11411
12 96 1.09361
12 97 1.08426
12 98 1.07595
12 99 1.07191
12 100 1.10488
12 101 1.10488
12 102 1.10488
12 103 1.10488
12 104 1.10488
12 105 1.08867
12 106 1.08094
12 107 1.07391
12 108 1.07042
12 109 1.09732
12 110 1.09732
12 111 1.09732
12 112 1.09732
12 113 1.09732
12 114 1.08445
12 115 1.07812
12 116 1.07218
12 117 1.06972
12 118 1.10059
12 119 1.10059
12 120 1.10059
12 121 1.10059
12 122 1.10059
12 123 1.08634
12 124 1.07908
12 125 1.0727
12 126 1.06988
12 127 1.09853
12 128 1.09853
12 129 1.09853
12 130 1.09853
12 131 1.09853
12 132 1.08485
12 133 1.07818
12 134 1.0721
12 135 1.06915
12 136 1.09343
12 137 1.09343
12 138 1.09343
12 139 1.09343
12 140 1.09343
12 141 1.08166
12 142 1.07588
12 143 1.07052
12 144 1.06784
13 1 1.14676
13 2 1.14676
13 3 1.14676
13 4 1.14676
13 5 1.14676
13 6 1.10646
13 7 1.0916
13 8 1.07976
13 9 1.0742
13 10 1.30409
13 11 1.30409
13 12 1.30409
13 13 1.30409
13 14 1.30409
13 15 1.11743
13 16 1.09624
13 17 1.08154
13 18 1.0749
13 19 1.16154
13 20 1.16154
13 21 1.16154
13 22 1.16154
13 23 1.16154
13 24 1.10998
13 25 1.09322
13 26 1.08021
13 27 1.07411
13 28 1.12572
13 29 1.12572
13 30 1.12572
13 31 1.12572
13 32 1.12572
13 33 1.09877
13 34 1.08719
13 35 1.07723
13 36 1.07238
13 37 1.1291
13 38 1.1291
13 39 1.1291
13 40 1.1291
13 41 1.1291
13 42 1.10027
13 43 1.08852
13 44 1.07857
13 45 1.07401
13 46 1.1469
13 47 1.1469
13 48 1.1469
13 49 1.1469
13 50 1.1469
13 51 1.10663
13 52 1.09176
13 53 1.07996
13 54 1.07452
13 55 1.13503
13 56 1.13503
13 57 1.13503
13 58 1.13503
13 59 1.13503
13 60 1.10284
13 61 1.08981
13 62 1.07893
13 63 1.07372
13 64 1.11688
13 65 1.11688
13 66 1.11688
13 67 1.11688
13 68 1.11688
13 69 1.09503
13 70 1.08512
13 71 1.07637
13 72 1.07207
13 73 1.11154
13 74 1.11154
13 75 1.11154
13 76 1.11154
13 77 1.11154
13 78 1.09216
13 79 1.08357
13 80 1.07578
13 81 1.07236
13 82 1.11835
13 83 1.11835
13 84 1.11835
13 85 1.11835
13 86 1.11835
13 87 1.09571
13 88 1.08548
13 89 1.0767
13 90 1.07268
13 91 1.11411
13 92 1.11411
13 93 1.11411
13 94 1.11411
13 95 1.11411
13 96 1.09361
13 97 1.08426
13 98 1.07595
13 99 1.07191
13 100 1.10488
13 101 1.10488
13 102 1.10488
13 103 1.10488
13 104 1.10488
13 105 1.08867
13 106 1.08094
13 107 1.07391
13 108 1.07042
13 109 1.09732
13 110 1.09732
13 111 1.09732
13 112 1.09732
13 113 1.09732
13 114 1.08445
13 115 1.07812
13 116 1.07218
13 117 1.06972
13 118 1.10059
13 119 1.10059
13 120 1.10059
13 121 1.10059
13 122 1.10059
13 123 1.08634
13 124 1.07908
13 125 1.0727
13 126 1.06988
13 127 1.09853
13 128 1.09853
13 129 1.09853
13 130 1.09853
13 131 1.09853
13 132 1.08485
13 133 1.07818
13 134 1.0721
13 135 1.06915
13 136 1.09343
13 137 1.09343
13 138 1.09343
13 139 1.09343
13 140 1.09343
13 141 1.08166
13 142 1.07588
13 143 1.07052
13 144 1.06784
14 1 1.14676
14 2 1.14676
14 3 1.14676
14 4 1.14676
14 5 1.14676
14 6 1.10646
14 7 1.0916
14 8 1.07976
14 9 1.0742
14 10 1.30409
14 11 1.30409
14 12 1.30409
14 13 1.30409
14 14 1.30409
14 15 1.11743
14 16 1.09624
14 17 1.08154
14 18 1.0749
14 19 1.16154
14 20 1.16154
14 21 1.16154
14 22 1.16154
14 23 1.16154
14 24 1.10998
14 25 1.09322
14 26 1.08021
14 27 1.07411
14 28 1.12572
14 29 1.12572
14 30 1.12572
14 31 1.12572
14 32 1.12572
14 33 1.09877
14 34 1.08719
14 35 1.07723
14 36 1.07238
14 37 1.1291
14 38 1.1291
14 39 1.1291
14 40 1.1291
14 41 1.1291
14 42 1.10027
14 43 1.08852
14 44 1.07857
14 45 1.07401
14 46 1.1469
14 47 1.1469
14 48 1.1469
14 49 1.1469
14 50 1.1469
14 51 1.10663
14 52 1.09176
14 53 1.07996
14 54 1.07452
14 55 1.13503
14 56 1.13503
14 57 1.13503
14 58 1.13503
14 59 1.13503
14 60 1.10284
14 61 1.08981
14 62 1.07893
14 63 1.07372
14 64 1.11688
14 65 1.11688
14 66 1.11688
14 67 1.11688
14 68 1.11688
14 69 1.09503
14 70 1.08512
14 71 1.07637
14 72 1.07207
14 73 1.11154
14 74 1.11154
14 75 1.11154
14 76 1.11154
14 77 1.11154
14 78 1.09216
14 79 1.08357
14 80 1.07578
14 81 1.07236
14 82 1.11835
14 83 1.11835
14 84 1.11835
14 85 1.11835
14 86 1.11835
14 87 1.09571
14 88 1.08548
14 89 1.0767
14 90 1.07268
14 91 1.11411
14 92 1.11411
14 93 1.11411
14 94 1.11411
14 95 1.11411
14 96 1.09361
14 97 1.08426
14 98 1.07595
14 99 1.07191
14 100 1.10488
14 101 1.10488
14 102 1.10488
14 103 1.10488
14 104 1.10488
14 105 1.08867
14 106 1.08094
14 107 1.07391
14 108 1.07042
14 109 1.09732
14 110 1.09732
14 111 1.09732
14 112 1.09732
14 113 1.09732
14 114 1.08445
14 115 1.07812
14 116 1.07218
14 117 1.06972
14 118 1.10059
14 119 1.10059
14 120 1.10059
14 121 1.10059
14 122 1.10059
14 123 1.08634
14 124 1.07908
14 125 1.0727
14 126 1.06988
14 127 1.09853
14 128 1.09853
14 129 1.09853
14 130 1.09853
14 131 1.09853
14 132 1.08485
14 133 1.07818
14 134 1.0721
14 135 1.06915
14 136 1.09343
14 137 1.09343
14 138 1.09343
14 139 1.09343
14 140 1.09343
14 141 1.08166
14 142 1.07588
14 143 1.07052
14 144 1.06784
15 1 1.1066
15 2 1.1066
15 3 1.1066
15 4 1.1066
15 5 1.1066
15 6 1.44125
15 7 1.36202
15 8 1.2408
15 9 1.17924
15 10 1.11743
15 11 1.11743
15 12 1.11743
15 13 1.11743
15 14 1.11743
15 15 6.91614
15 16 2.14082
15 17 1.39129
15 18 1.20399
15 19 1.1099
15 20 1.1099
15 21 1.1099
15 22 1.1099
15 23 1.1099
15 24 1.67969
15 25 1.48312
15 26 1.28035
15 27 1.18802
15 28 1.09866
15 29 1.09866
15 30 1.09866
15 31 1.09866
15 32 1.09866
15 33 1.2412
15 34 1.23109
15 35 1.18678
15 36 1.15951
15 37 1.1011
15 38 1.1011
15 39 1.1011
15 40 1.1011
15 41 1.1011
15 42 1.24545
15 43 1.23531
15 44 1.18987
15 45 1.16331
15 46 1.1069
15 47 1.1069
15 48 1.1069
15 49 1.1069
15 50 1.1069
15 51 1.43871
15 52 1.36027
15 53 1.23934
15 54 1.17909
15 55 1.10289
15 56 1.10289
15 57 1.10289
15 58 1.10289
15 59 1.10289
15 60 1.30804
15 61 1.28118
15 62 1.21002
15 63 1.16918
15 64 1.09497
15 65 1.09497
15 66 1.09497
15 67 1.09497
15 68 1.09497
15 69 1.18363
15 70 1.18487
15 71 1.16336
15 72 1.14857
15 73 1.09303
15 74 1.09303
15 75 1.09303
15 76 1.09303
15 77 1.09303
15 78 1.14965
15 79 1.15613
15 80 1.14735
15 81 1.14114
15 82 1.09606
15 83 1.09606
15 84 1.09606
15 85 1.09606
15 86 1.09606
15 87 1.18578
15 88 1.18741
15 89 1.16442
15 90 1.15006
15 91 1.09373
15 92 1.09373
15 93 1.09373
15 94 1.09373
15 95 1.09373
15 96 1.16896
15 97 1.17222
15 98 1.15607
15 99 1.14462
15 100 1.08865
15 101 1.08865
15 102 1.08865
15 103 1.08865
15 104 1.08865
15 105 1.13495
15 106 1.14097
15 107 1.13626
15 108 1.13182
15 109 1.08487
15 110 1.08487
15 111 1.08487
15 112 1.08487
15 113 1.08487
15 114 1.11059
15 115 1.11742
15 116 1.11986
15 117 1.12031
15 118 1.08651
15 119 1.08651
15 120 1.08651
15 121 1.08651
15 122 1.08651
15 123 1.11933
15 124 1.12685
15 125 1.12647
15 126 1.12526
15 127 1.085
15 128 1.085
15 129 1.085
15 130 1.085
15 131 1.085
15 132 1.11656
15 133 1.12323
15 134 1.12339
15 135 1.1223
15 136 1.0817
15 137 1.0817
15 138 1.0817
15 139 1.0817
15 140 1.0817
15 141 1.10606
15 142 1.11236
15 143 1.11445
15 144 1.11468
16 1 1.09174
16 2 1.09174
16 3 1.09174
16 4 1.09174
16 5 1.09174
16 6 1.36232
16 7 1.46244
16 8 1.33779
16 9 1.24884
16 10 1.09624
16 11 1.09624
16 12 1.09624
16 13 1.09624
16 14 1.09624
16 15 2.14082
16 16 6.91595
16 17 1.99037
16 18 1.31206
16 19 1.0931
16 20 1.0931
16 21 1.0931
16 22 1.0931
16 23 1.0931
16 24 1.48272
16 25 1.69729
16 26 1.42889
16 27 1.26833
16 28 1.08704
16 29 1.08704
16 30 1.08704
16 31 1.08704
16 32 1.08704
16 33 1.23096
16 34 1.26748
16 35 1.23903
16 36 1.21167
16 37 1.08913
16 38 1.08913
16 39 1.08913
16 40 1.08913
16 41 1.08913
16 42 1.23337
16 43 1.27305
16 44 1.24446
16 45 1.21739
16 46 1.09208
16 47 1.09208
16 48 1.09208
16 49 1.09208
16 50 1.09208
16 51 1.35983
16 52 1.46057
16 53 1.33566
16 54 1.24846
16 55 1.08981
16 56 1.08981
16 57 1.08981
16 58 1.08981
16 59 1.08981
16 60 1.28069
16 61 1.33315
16 62 1.27696
16 63 1.22896
16 64 1.08503
16 65 1.08503
16 66 1.08503
16 67 1.08503
16 68 1.08503
16 69 1.18477
16 70 1.21003
16 71 1.2031
16 72 1.19242
16 73 1.08425
16 74 1.08425
16 75 1.08425
16 76 1.08425
16 77 1.08425
16 78 1.1535
16 79 1.17665
16 80 1.18083
16 81 1.17944
16 82 1.08596
16 83 1.08596
16 84 1.08596
16 85 1.08596
16 86 1.08596
16 87 1.18493
16 88 1.21407
16 89 1.20566
16 90 1.19478
16 91 1.08434
16 92 1.08434
16 93 1.08434
16 94 1.08434
16 95 1.08434
16 96 1.17152
16 97 1.19531
16 98 1.19289
16 99 1.18589
16 100 1.0809
16 101 1.0809
16 102 1.0809
16 103 1.0809
16 104 1.0809
16 105 1.14089
16 106 1.15914
16 107 1.1651
16 108 1.16537
16 109 1.07862
16 110 1.07862
16 111 1.07862
16 112 1.07862
16 113 1.07862
16 114 1.11609
16 115 1.13168
16 116 1.14279
16 117 1.14706
16 118 1.07959
16 119 1.07959
16 120 1.07959
16 121 1.07959
16 122 1.07959
16 123 1.1247
16 124 1.14295
16 125 1.15206
16 126 1.15507
16 127 1.07836
16 128 1.07836
16 129 1.07836
16 130 1.07836
16 131 1.07836
16 132 1.1226
16 133 1.1387
16 134 1.14771
16 135 1.15081
16 136 1.0759
16 137 1.0759
16 138 1.0759
16 139 1.0759
16 140 1.0759
16 141 1.11227
16 142 1.12611
16 143 1.13555
16 144 1.13945
17 1 1.07983
17 2 1.07983
17 3 1.07983
17 4 1.07983
17 5 1.07983
17 6 1.24104
17 7 1.33825
17 8 1.3967
17 9 1.33455
17 10 1.08154
17 11 1.08154
17 12 1.08154
17 13 1.08154
17 14 1.08154
17 15 1.39129
17 16 1.99037
17 17 6.21204
17 18 1.5436
17 19 1.08013
17 20 1.08013
17 21 1.08013
17 22 1.08013
17 23 1.08013
17 24 1.27961
17 25 1.42756
17 26 1.55168
17 27 1.37723
17 28 1.07712
17 29 1.07712
17 30 1.07712
17 31 1.07712
17 32 1.07712
17 33 1.1865
17 34 1.23859
17 35 1.26952
17 36 1.26842
17 37 1.07899
17 38 1.07899
17 39 1.07899
17 40 1.07899
17 41 1.07899
17 42 1.18789
17 43 1.24375
17 44 1.27734
17 45 1.27665
17 46 1.08019
17 47 1.08019
17 48 1.08019
17 49 1.08019
17 50 1.08019
17 51 1.23928
17 52 1.3369
17 53 1.39438
17 54 1.33382
17 55 1.07895
17 56 1.07895
17 57 1.07895
17 58 1.07895
17 59 1.07895
17 60 1.2094
17 61 1.27639
17 62 1.31249
17 63 1.2972
17 64 1.07632
17 65 1.07632
17 66 1.07632
17 67 1.07632
17 68 1.07632
17 69 1.16316
17 70 1.20281
17 71 1.23009
17 72 1.23797
17 73 1.07642
17 74 1.07642
17 75 1.07642
17 76 1.07642
17 77 1.07642
17 78 1.14375
17 79 1.17916
17 80 1.20677
17 81 1.21803
17 82 1.07715
17 83 1.07715
17 84 1.07715
17 85 1.07715
17 86 1.07715
17 87 1.16188
17 88 1.20552
17 89 1.23401
17 90 1.24154
17 91 1.07606
17 92 1.07606
17 93 1.07606
17 94 1.07606
17 95 1.07606
17 96 1.15509
17 97 1.1923
17 98 1.21921
17 99 1.22832
17 100 1.07391
17 101 1.07391
17 102 1.07391
17 103 1.07391
17 104 1.07391
17 105 1.13605
17 106 1.16483
17 107 1.18832
17 108 1.19872
17 109 1.07286
17 110 1.07286
17 111 1.07286
17 112 1.07286
17 113 1.07286
17 114 1.11672
17 115 1.14063
17 116 1.16289
17 117 1.17287
17 118 1.07328
17 119 1.07328
17 120 1.07328
17 121 1.07328
17 122 1.07328
17 123 1.1231
17 124 1.15093
17 125 1.17382
17 126 1.18428
17 127 1.07231
17 128 1.07231
17 129 1.07231
17 130 1.07231
17 131 1.07231
17 132 1.12215
17 133 1.14695
17 134 1.16849
17 135 1.17867
17 136 1.07056
17 137 1.07056
17 138 1.07056
17 139 1.07056
17 140 1.07056
17 141 1.11417
17 142 1.13526
17 143 1.15417
17 144 1.16339
18 1 1.0742
18 2 1.0742
18 3 1.0742
18 4 1.0742
18 5 1.0742
18 6 1.17893
18 7 1.24861
18 8 1.33422
18 9 1.38705
18 10 1.0749
18 11 1.0749
18 12 1.0749
18 13 1.0749
18 14 1.0749
18 15 1.20399
18 16 1.31206
18 17 1.5436
18 18 2.14483
18 19 1.0741
18 20 1.0741
18 21 1.0741
18 22 1.0741
18 23 1.0741
18 24 1.18814
18 25 1.26828
18 26 1.37766
18 27 1.45536
18 28 1.07236
18 29 1.07236
18 30 1.07236
18 31 1.07236
18 32 1.07236
18 33 1.15963
18 34 1.21163
18 35 1.26864
18 36 1.30012
18 37 1.07409
18 38 1.07409
18 39 1.07409
18 40 1.07409
18 41 1.07409
18 42 1.16004
18 43 1.21462
18 44 1.27475
18 45 1.3083
18 46 1.07458
18 47 1.07458
18 48 1.07458
18 49 1.07458
18 50 1.07458
18 51 1.17776
18 52 1.24788
18 53 1.33304
18 54 1.38617
18 55 1.07376
18 56 1.07376
18 57 1.07376
18 58 1.07376
18 59 1.07376
18 60 1.1688
18 61 1.2285
18 62 1.29706
18 63 1.33618
18 64 1.07209
18 65 1.07209
18 66 1.07209
18 67 1.07209
18 68 1.07209
18 69 1.14854
18 70 1.19222
18 71 1.23794
18 72 1.26232
18 73 1.07254
18 74 1.07254
18 75 1.07254
18 76 1.07254
18 77 1.07254
18 78 1.13608
18 79 1.17585
18 80 1.21631
18 81 1.23743
18 82 1.07284
18 83 1.07284
18 84 1.07284
18 85 1.07284
18 86 1.07284
18 87 1.14645
18 88 1.19322
18 89 1.24053
18 90 1.26596
18 91 1.072
18 92 1.072
18 93 1.072
18 94 1.072
18 95 1.072
18 96 1.14344
18 97 1.18487
18 98 1.2278
18 99 1.25051
18 100 1.07046
18 101 1.07046
18 102 1.07046
18 103 1.07046
18 104 1.07046
18 105 1.13159
18 106 1.16499
18 107 1.19853
18 108 1.21596
18 109 1.06996
18 110 1.06996
18 111 1.06996
18 112 1.06996
18 113 1.06996
18 114 1.1159
18 115 1.14375
18 116 1.17209
18 117 1.18555
18 118 1.07013
18 119 1.07013
18 120 1.07013
18 121 1.07013
18 122 1.07013
18 123 1.1208
18 124 1.15296
18 125 1.18355
18 126 1.19892
18 127 1.06929
18 128 1.06929
18 129 1.06929
18 130 1.06929
18 131 1.06929
18 132 1.12059
18 133 1.14946
18 134 1.17806
18 135 1.19275
18 136 1.0679
18 137 1.0679
18 138 1.0679
18 139 1.0679
18 140 1.0679
18 141 1.11427
18 142 1.13893
18 143 1.16312
18 144 1.17553
19 1 1.118
19 2 1.118
19 3 1.118
19 4 1.118
19 5 1.118
19 6 1.09513
19 7 1.08491
19 8 1.07608
19 9 1.0718
19 10 1.16154
19 11 1.16154
19 12 1.16154
19 13 1.16154
19 14 1.16154
19 15 1.1099
19 16 1.0931
19 17 1.08013
19 18 1.0741
19 19 1.30414
19 20 1.30414
19 21 1.30414
19 22 1.30414
19 23 1.30414
19 24 1.11749
19 25 1.0963
19 26 1.08151
19 27 1.07476
19 28 1.16189
19 29 1.16189
19 30 1.16189
19 31 1.16189
19 32 1.16189
19 33 1.11031
19 34 1.09352
19 35 1.08045
19 36 1.07431
19 37 1.11136
19 38 1.11136
19 39 1.11136
19 40 1.11136
19 41 1.11136
19 42 1.09173
19 43 1.08299
19 44 1.07528
19 45 1.07168
19 46 1.135
19 47 1.135
19 48 1.135
19 49 1.135
19 50 1.135
19 51 1.10262
19 52 1.08952
19 53 1.07874
19 54 1.07374
19 55 1.14699
19 56 1.14699
19 57 1.14699
19 58 1.14699
19 59 1.14699
19 60 1.10673
19 61 1.09191
19 62 1.07995
19 63 1.07429
19 64 1.13541
19 65 1.13541
19 66 1.13541
19 67 1.13541
19 68 1.13541
19 69 1.1032
19 70 1.09011
19 71 1.07914
19 72 1.07386
19 73 1.10136
19 74 1.10136
19 75 1.10136
19 76 1.10136
19 77 1.10136
19 78 1.08623
19 79 1.07935
19 80 1.07302
19 81 1.07022
19 82 1.11405
19 83 1.11405
19 84 1.11405
19 85 1.11405
19 86 1.11405
19 87 1.09336
19 88 1.08392
19 89 1.07569
19 90 1.07195
19 91 1.11847
19 92 1.11847
19 93 1.11847
19 94 1.11847
19 95 1.11847
19 96 1.09566
19 97 1.08555
19 98 1.07667
19 99 1.07238
19 100 1.1145
19 101 1.1145
19 102 1.1145
19 103 1.1145
19 104 1.1145
19 105 1.0939
19 106 1.08449
19 107 1.07611
19 108 1.072
19 109 1.09118
19 110 1.09118
19 111 1.09118
19 112 1.09118
19 113 1.09118
19 114 1.08033
19 115 1.07494
19 116 1.0699
19 117 1.06783
19 118 1.09845
19 119 1.09845
19 120 1.09845
19 121 1.09845
19 122 1.09845
19 123 1.08474
19 124 1.07792
19 125 1.07186
19 126 1.06921
19 127 1.10071
19 128 1.10071
19 129 1.10071
19 130 1.10071
19 131 1.10071
19 132 1.08598
19 133 1.07897
19 134 1.07259
19 135 1.06952
19 136 1.09893
19 137 1.09893
19 138 1.09893
19 139 1.09893
19 140 1.09893
19 141 1.08505
19 142 1.07837
19 143 1.07224
19 144 1.06918
20 1 1.118
20 2 1.118
20 3 1.118
20 4 1.118
20 5 1.118
20 6 1.09513
20 7 1.08491
20 8 1.07608
20 9 1.0718
20 10 1.16154
20 11 1.16154
20 12 1.16154
20 13 1.16154
20 14 1.16154
20 15 1.1099
20 16 1.0931
20 17 1.08013
20 18 1.0741
20 19 1.30414
20 20 1.30414
20 21 1.30414
20 22 1.30414
20 23 1.30414
20 24 1.11749
20 25 1.0963
20 26 1.08151
20 27 1.07476
20 28 1.16189
20 29 1.16189
20 30 1.16189
20 31 1.16189
20 32 1.16189
20 33 1.11031
20 34 1.09352
20 35 1.08045
20 36 1.07431
20 37 1.11136
20 38 1.11136
20 39 1.11136
20 40 1.11136
20 41 1.11136
20 42 1.09173
20 43 1.08299
20 44 1.07528
20 45 1.07168
20 46 1.135
20 47 1.135
20 48 1.135
20 49 1.135
20 50 1.135
20 51 1.10262
20 52 1.08952
20 53 1.07874
20 54 1.07374
20 55 1.14699
20 56 1.14699
20 57 1.14699
20 58 1.14699
20 59 1.14699
20 60 1.10673
20 61 1.09191
20 62 1.07995
20 63 1.07429
20 64 1.13541
20 65 1.13541
20 66 1.13541
20 67 1.13541
20 68 1.13541
20 69 1.1032
20 70 1.09011
20 71 1.07914
20 72 1.07386
20 73 1.10136
20 74 1.10136
20 75 1.10136
20 76 1.10136
20 77 1.10136
20 78 1.08623
20 79 1.07935
20 80 1.07302
20 81 1.07022
20 82 1.11405
20 83 1.11405
20 84 1.11405
20 85 1.11405
20 86 1.11405
20 87 1.09336
20 88 1.08392
20 89 1.07569
20 90 1.07195
20 91 1.11847
20 92 1.11847
20 93 1.11847
20 94 1.11847
20 95 1.11847
20 96 1.09566
20 97 1.08555
20 98 1.07667
20 99 1.07238
20 100 1.1145
20 101 1.1145
20 102 1.1145
20 103 1.1145
20 104 1.1145
20 105 1.0939
20 106 1.08449
20 107 1.07611
20 108 1.072
20 109 1.09118
20 110 1.09118
20 111 1.09118
20 112 1.09118
20 113 1.09118
20 114 1.08033
20 115 1.07494
20 116 1.0699
20 117 1.06783
20 118 1.09845
20 119 1.09845
20 120 1.09845
20 121 1.09845
20 122 1.09845
20 123 1.08474
20 124 1.07792
20 125 1.07186
20 126 1.06921
20 127 1.10071
20 128 1.10071
20 129 1.10071
20 130 1.10071
20 131 1.10071
20 132 1.08598
20 133 1.07897
20 134 1.07259
20 135 1.06952
20 136 1.09893
20 137 1.09893
20 138 1.09893
20 139 1.09893
20 140 1.09893
20 141 1.08505
20 142 1.07837
20 143 1.07224
20 144 1.06918
21 1 1.118
21 2 1.118
21 3 1.118
21 4 1.118
21 5 1.118
21 6 1.09513
21 7 1.08491
21 8 1.07608
21 9 1.0718
21 10 1.16154
21 11 1.16154
21 12 1.16154
21 13 1.16154
21 14 1.16154
21 15 1.1099
21 16 1.0931
21 17 1.08013
21 18 1.0741
21 19 1.30414
21 20 1.30414
21 21 1.30414
21 22 1.30414
21 23 1.30414
21 24 1.11749
21 25 1.0963
21 26 1.08151
21 27 1.07476
21 28 1.16189
21 29 1.16189
21 30 1.16189
21 31 1.16189
21 32 1.16189
21 33 1.11031
21 34 1.09352
21 35 1.08045
21 36 1.07431
21 37 1.11136
21 38 1.11136
21 39 1.11136
21 40 1.11136
21 41 1.11136
21 42 1.09173
21 43 1.08299
21 44 1.07528
21 45 1.07168
21 46 1.135
21 47 1.135
21 48 1.135
