injected_el measured_el potential
1 1 1.30511
1 2 1.30511
1 3 1.30511
1 4 1.30511
1 5 1.30511
1 6 1.11842
1 7 1.09719
1 8 1.08242
1 9 1.07571
1 10 1.14688
1 11 1.14688
1 12 1.14688
1 13 1.14688
1 14 1.14688
1 15 1.10663
1 16 1.09171
1 17 1.07966
1 18 1.07392
1 19 1.11811
1 20 1.11811
1 21 1.11811
1 22 1.11811
1 23 1.11811
1 24 1.09528
1 25 1.08502
1 26 1.076
1 27 1.07157
1 28 1.10053
1 29 1.10053
1 30 1.10053
1 31 1.10053
1 32 1.10053
1 33 1.08572
1 34 1.07857
1 35 1.07201
1 36 1.06874
1 37 1.14797
1 38 1.14797
1 39 1.14797
1 40 1.14797
1 41 1.14797
1 42 1.10756
1 43 1.09274
1 44 1.08082
1 45 1.07527
1 46 1.12931
1 47 1.12931
1 48 1.12931
1 49 1.12931
1 50 1.12931
1 51 1.10083
1 52 1.08875
1 53 1.07848
1 54 1.07352
1 55 1.11153
1 56 1.11153
1 57 1.11153
1 58 1.11153
1 59 1.11153
1 60 1.09225
1 61 1.08328
1 62 1.07525
1 63 1.07128
1 64 1.09748
1 65 1.09748
1 66 1.09748
1 67 1.09748
1 68 1.09748
1 69 1.08411
1 70 1.0776
1 71 1.07158
1 72 1.06857
1 73 1.11945
1 74 1.11945
1 75 1.11945
1 76 1.11945
1 77 1.11945
1 78 1.09654
1 79 1.08644
1 80 1.07754
1 81 1.07336
1 82 1.11179
1 83 1.11179
1 84 1.11179
1 85 1.11179
1 86 1.11179
1 87 1.09255
1 88 1.08359
1 89 1.07562
1 90 1.07173
1 91 1.10158
1 92 1.10158
1 93 1.10158
1 94 1.10158
1 95 1.10158
1 96 1.08669
1 97 1.07951
1 98 1.07295
1 99 1.06968
1 100 1.09159
1 101 1.09159
1 102 1.09159
1 103 1.09159
1 104 1.09159
1 105 1.08043
1 106 1.07492
1 107 1.06978
1 108 1.06721
1 109 1.10168
1 110 1.10168
1 111 1.10168
1 112 1.10168
1 113 1.10168
1 114 1.08703
1 115 1.07994
1 116 1.07342
1 117 1.07052
1 118 1.09754
1 119 1.09754
1 120 1.09754
1 121 1.09754
1 122 1.09754
1 123 1.08433
1 124 1.07779
1 125 1.07187
1 126 1.069
1 127 1.0914
1 128 1.0914
1 129 1.0914
1 130 1.0914
1 131 1.0914
1 132 1.08029
1 133 1.07479
1 134 1.06971
1 135 1.06718
1 136 1.08453
1 137 1.08453
1 138 1.08453
1 139 1.08453
1 140 1.08453
1 141 1.07565
1 142 1.07122
1 143 1.06707
1 144 1.06498
2 1 1.30511
2 2 1.30511
2 3 1.30511
2 4 1.30511
2 5 1.30511
2 6 1.11842
2 7 1.09719
2 8 1.08242
2 9 1.07571
2 10 1.14688
2 11 1.14688
2 12 1.14688
2 13 1.14688
2 14 1.14688
2 15 1.10663
2 16 1.09171
2 17 1.07966
2 18 1.07392
2 19 1.11811
2 20 1.11811
2 21 1.11811
2 22 1.11811
2 23 1.11811
2 24 1.09528
2 25 1.08502
2 26 1.076
2 27 1.07157
2 28 1.10053
2 29 1.10053
2 30 1.10053
2 31 1.10053
2 32 1.10053
2 33 1.08572
2 34 1.07857
2 35 1.07201
2 36 1.06874
2 37 1.14797
2 38 1.14797
2 39 1.14797
2 40 1.14797
2 41 1.14797
2 42 1.10756
2 43 1.09274
2 44 1.08082
2 45 1.07527
2 46 1.12931
2 47 1.12931
2 48 1.12931
2 49 1.12931
2 50 1.12931
2 51 1.10083
2 52 1.08875
2 53 1.07848
2 54 1.07352
2 55 1.11153
2 56 1.11153
2 57 1.11153
2 58 1.11153
2 59 1.11153
2 60 1.09225
2 61 1.08328
2 62 1.07525
2 63 1.07128
2 64 1.09748
2 65 1.09748
2 66 1.09748
2 67 1.09748
2 68 1.09748
2 69 1.08411
2 70 1.0776
2 71 1.07158
2 72 1.06857
2 73 1.11945
2 74 1.11945
2 75 1.11945
2 76 1.11945
2 77 1.11945
2 78 1.09654
2 79 1.08644
2 80 1.07754
2 81 1.07336
2 82 1.11179
2 83 1.11179
2 84 1.11179
2 85 1.11179
2 86 1.11179
2 87 1.09255
2 88 1.08359
2 89 1.07562
2 90 1.07173
2 91 1.10158
2 92 1.10158
2 93 1.10158
2 94 1.10158
2 95 1.10158
2 96 1.08669
2 97 1.07951
2 98 1.07295
2 99 1.06968
2 100 1.09159
2 101 1.09159
2 102 1.09159
2 103 1.09159
2 104 1.09159
2 105 1.08043
2 106 1.07492
2 107 1.06978
2 108 1.06721
2 109 1.10168
2 110 1.10168
2 111 1.10168
2 112 1.10168
2 113 1.10168
2 114 1.08703
2 115 1.07994
2 116 1.07342
2 117 1.07052
2 118 1.09754
2 119 1.09754
2 120 1.09754
2 121 1.09754
2 122 1.09754
2 123 1.08433
2 124 1.07779
2 125 1.07187
2 126 1.069
2 127 1.0914
2 128 1.0914
2 129 1.0914
2 130 1.0914
2 131 1.0914
2 132 1.08029
2 133 1.07479
2 134 1.06971
2 135 1.06718
2 136 1.08453
2 137 1.08453
2 138 1.08453
2 139 1.08453
2 140 1.08453
2 141 1.07565
2 142 1.07122
2 143 1.06707
2 144 1.06498
3 1 1.30511
3 2 1.30511
3 3 1.30511
3 4 1.30511
3 5 1.30511
3 6 1.11842
3 7 1.09719
3 8 1.08242
3 9 1.07571
3 10 1.14688
3 11 1.14688
3 12 1.14688
3 13 1.14688
3 14 1.14688
3 15 1.10663
3 16 1.09171
3 17 1.07966
3 18 1.07392
3 19 1.11811
3 20 1.11811
3 21 1.11811
3 22 1.11811
3 23 1.11811
3 24 1.09528
3 25 1.08502
3 26 1.076
3 27 1.07157
3 28 1.10053
3 29 1.10053
3 30 1.10053
3 31 1.10053
3 32 1.10053
3 33 1.08572
3 34 1.07857
3 35 1.07201
3 36 1.06874
3 37 1.14797
3 38 1.14797
3 39 1.14797
3 40 1.14797
3 41 1.14797
3 42 1.10756
3 43 1.09274
3 44 1.08082
3 45 1.07527
3 46 1.12931
3 47 1.12931
3 48 1.12931
3 49 1.12931
3 50 1.12931
3 51 1.10083
3 52 1.08875
3 53 1.07848
3 54 1.07352
3 55 1.11153
3 56 1.11153
3 57 1.11153
3 58 1.11153
3 59 1.11153
3 60 1.09225
3 61 1.08328
3 62 1.07525
3 63 1.07128
3 64 1.09748
3 65 1.09748
3 66 1.09748
3 67 1.09748
3 68 1.09748
3 69 1.08411
3 70 1.0776
3 71 1.07158
3 72 1.06857
3 73 1.11945
3 74 1.11945
3 75 1.11945
3 76 1.11945
3 77 1.11945
3 78 1.09654
3 79 1.08644
3 80 1.07754
3 81 1.07336
3 82 1.11179
3 83 1.11179
3 84 1.11179
3 85 1.11179
3 86 1.11179
3 87 1.09255
3 88 1.08359
3 89 1.07562
3 90 1.07173
3 91 1.10158
3 92 1.10158
3 93 1.10158
3 94 1.10158
3 95 1.10158
3 96 1.08669
3 97 1.07951
3 98 1.07295
3 99 1.06968
3 100 1.09159
3 101 1.09159
3 102 1.09159
3 103 1.09159
3 104 1.09159
3 105 1.08043
3 106 1.07492
3 107 1.06978
3 108 1.06721
3 109 1.10168
3 110 1.10168
3 111 1.10168
3 112 1.10168
3 113 1.10168
3 114 1.08703
3 115 1.07994
3 116 1.07342
3 117 1.07052
3 118 1.09754
3 119 1.09754
3 120 1.09754
3 121 1.09754
3 122 1.09754
3 123 1.08433
3 124 1.07779
3 125 1.07187
3 126 1.069
3 127 1.0914
3 128 1.0914
3 129 1.0914
3 130 1.0914
3 131 1.0914
3 132 1.08029
3 133 1.07479
3 134 1.06971
3 135 1.06718
3 136 1.08453
3 137 1.08453
3 138 1.08453
3 139 1.08453
3 140 1.08453
3 141 1.07565
3 142 1.07122
3 143 1.06707
3 144 1.06498
4 1 1.30511
4 2 1.30511
4 3 1.30511
4 4 1.30511
4 5 1.30511
4 6 1.11842
4 7 1.09719
4 8 1.08242
4 9 1.07571
4 10 1.14688
4 11 1.14688
4 12 1.14688
4 13 1.14688
4 14 1.14688
4 15 1.10663
4 16 1.09171
4 17 1.07966
4 18 1.07392
4 19 1.11811
4 20 1.11811
4 21 1.11811
4 22 1.11811
4 23 1.11811
4 24 1.09528
4 25 1.08502
4 26 1.076
4 27 1.07157
4 28 1.10053
4 29 1.10053
4 30 1.10053
4 31 1.10053
4 32 1.10053
4 33 1.08572
4 34 1.07857
4 35 1.07201
4 36 1.06874
4 37 1.14797
4 38 1.14797
4 39 1.14797
4 40 1.14797
4 41 1.14797
4 42 1.10756
4 43 1.09274
4 44 1.08082
4 45 1.07527
4 46 1.12931
4 47 1.12931
4 48 1.12931
4 49 1.12931
4 50 1.12931
4 51 1.10083
4 52 1.08875
4 53 1.07848
4 54 1.07352
4 55 1.11153
4 56 1.11153
4 57 1.11153
4 58 1.11153
4 59 1.11153
4 60 1.09225
4 61 1.08328
4 62 1.07525
4 63 1.07128
4 64 1.09748
4 65 1.09748
4 66 1.09748
4 67 1.09748
4 68 1.09748
4 69 1.08411
4 70 1.0776
4 71 1.07158
4 72 1.06857
4 73 1.11945
4 74 1.11945
4 75 1.11945
4 76 1.11945
4 77 1.11945
4 78 1.09654
4 79 1.08644
4 80 1.07754
4 81 1.07336
4 82 1.11179
4 83 1.11179
4 84 1.11179
4 85 1.11179
4 86 1.11179
4 87 1.09255
4 88 1.08359
4 89 1.07562
4 90 1.07173
4 91 1.10158
4 92 1.10158
4 93 1.10158
4 94 1.10158
4 95 1.10158
4 96 1.08669
4 97 1.07951
4 98 1.07295
4 99 1.06968
4 100 1.09159
4 101 1.09159
4 102 1.09159
4 103 1.09159
4 104 1.09159
4 105 1.08043
4 106 1.07492
4 107 1.06978
4 108 1.06721
4 109 1.10168
4 110 1.10168
4 111 1.10168
4 112 1.10168
4 113 1.10168
4 114 1.08703
4 115 1.07994
4 116 1.07342
4 117 1.07052
4 118 1.09754
4 119 1.09754
4 120 1.09754
4 121 1.09754
4 122 1.09754
4 123 1.08433
4 124 1.07779
4 125 1.07187
4 126 1.069
4 127 1.0914
4 128 1.0914
4 129 1.0914
4 130 1.0914
4 131 1.0914
4 132 1.08029
4 133 1.07479
4 134 1.06971
4 135 1.06718
4 136 1.08453
4 137 1.08453
4 138 1.08453
4 139 1.08453
4 140 1.08453
4 141 1.07565
4 142 1.07122
4 143 1.06707
4 144 1.06498
5 1 1.30511
5 2 1.30511
5 3 1.30511
5 4 1.30511
5 5 1.30511
5 6 1.11842
5 7 1.09719
5 8 1.08242
5 9 1.07571
5 10 1.14688
5 11 1.14688
5 12 1.14688
5 13 1.14688
5 14 1.14688
5 15 1.10663
5 16 1.09171
5 17 1.07966
5 18 1.07392
5 19 1.11811
5 20 1.11811
5 21 1.11811
5 22 1.11811
5 23 1.11811
5 24 1.09528
5 25 1.08502
5 26 1.076
5 27 1.07157
5 28 1.10053
5 29 1.10053
5 30 1.10053
5 31 1.10053
5 32 1.10053
5 33 1.08572
5 34 1.07857
5 35 1.07201
5 36 1.06874
5 37 1.14797
5 38 1.14797
5 39 1.14797
5 40 1.14797
5 41 1.14797
5 42 1.10756
5 43 1.09274
5 44 1.08082
5 45 1.07527
5 46 1.12931
5 47 1.12931
5 48 1.12931
5 49 1.12931
5 50 1.12931
5 51 1.10083
5 52 1.08875
5 53 1.07848
5 54 1.07352
5 55 1.11153
5 56 1.11153
5 57 1.11153
5 58 1.11153
5 59 1.11153
5 60 1.09225
5 61 1.08328
5 62 1.07525
5 63 1.07128
5 64 1.09748
5 65 1.09748
5 66 1.09748
5 67 1.09748
5 68 1.09748
5 69 1.08411
5 70 1.0776
5 71 1.07158
5 72 1.06857
5 73 1.11945
5 74 1.11945
5 75 1.11945
5 76 1.11945
5 77 1.11945
5 78 1.09654
5 79 1.08644
5 80 1.07754
5 81 1.07336
5 82 1.11179
5 83 1.11179
5 84 1.11179
5 85 1.11179
5 86 1.11179
5 87 1.09255
5 88 1.08359
5 89 1.07562
5 90 1.07173
5 91 1.10158
5 92 1.10158
5 93 1.10158
5 94 1.10158
5 95 1.10158
5 96 1.08669
5 97 1.07951
5 98 1.07295
5 99 1.06968
5 100 1.09159
5 101 1.09159
5 102 1.09159
5 103 1.09159
5 104 1.09159
5 105 1.08043
5 106 1.07492
5 107 1.06978
5 108 1.06721
5 109 1.10168
5 110 1.10168
5 111 1.10168
5 112 1.10168
5 113 1.10168
5 114 1.08703
5 115 1.07994
5 116 1.07342
5 117 1.07052
5 118 1.09754
5 119 1.09754
5 120 1.09754
5 121 1.09754
5 122 1.09754
5 123 1.08433
5 124 1.07779
5 125 1.07187
5 126 1.069
5 127 1.0914
5 128 1.0914
5 129 1.0914
5 130 1.0914
5 131 1.0914
5 132 1.08029
5 133 1.07479
5 134 1.06971
5 135 1.06718
5 136 1.08453
5 137 1.08453
5 138 1.08453
5 139 1.08453
5 140 1.08453
5 141 1.07565
5 142 1.07122
5 143 1.06707
5 144 1.06498
6 1 1.11842
6 2 1.11842
6 3 1.11842
6 4 1.11842
6 5 1.11842
6 6 6.91883
6 7 2.14373
6 8 1.39375
6 9 1.20551
6 10 1.10658
6 11 1.10658
6 12 1.10658
6 13 1.10658
6 14 1.10658
6 15 1.44585
6 16 1.36685
6 17 1.24333
6 18 1.17973
6 19 1.09522
6 20 1.09522
6 21 1.09522
6 22 1.09522
6 23 1.09522
6 24 1.19368
6 25 1.19315
6 26 1.16772
6 27 1.15073
6 28 1.08566
6 29 1.08566
6 30 1.08566
6 31 1.08566
6 32 1.08566
6 33 1.12446
6 34 1.1309
6 35 1.1289
6 36 1.12625
6 37 1.10784
6 38 1.10784
6 39 1.10784
6 40 1.10784
6 41 1.10784
6 42 1.44069
6 43 1.36332
6 44 1.24214
6 45 1.18082
6 46 1.10086
6 47 1.10086
6 48 1.10086
6 49 1.10086
6 50 1.10086
6 51 1.25824
6 52 1.24521
6 53 1.1946
6 54 1.16387
6 55 1.09223
6 56 1.09223
6 57 1.09223
6 58 1.09223
6 59 1.09223
6 60 1.15945
6 61 1.16376
6 62 1.15122
6 63 1.14178
6 64 1.08408
6 65 1.08408
6 66 1.08408
6 67 1.08408
6 68 1.08408
6 69 1.1155
6 70 1.12206
6 71 1.12238
6 72 1.12131
6 73 1.09693
6 74 1.09693
6 75 1.09693
6 76 1.09693
6 77 1.09693
6 78 1.19006
6 79 1.19076
6 80 1.16704
6 81 1.15182
6 82 1.09264
6 83 1.09264
6 84 1.09264
6 85 1.09264
6 86 1.09264
6 87 1.15849
6 88 1.16301
6 89 1.15094
6 90 1.14187
6 91 1.08672
6 92 1.08672
6 93 1.08672
6 94 1.08672
6 95 1.08672
6 96 1.12528
6 97 1.1318
6 98 1.12991
6 99 1.12731
6 100 1.08042
6 101 1.08042
6 102 1.08042
6 103 1.08042
6 104 1.08042
6 105 1.10272
6 106 1.10897
6 107 1.11159
6 108 1.11221
6 109 1.08733
6 110 1.08733
6 111 1.08733
6 112 1.08733
6 113 1.08733
6 114 1.12206
6 115 1.12923
6 116 1.12828
6 117 1.12693
6 118 1.08443
6 119 1.08443
6 120 1.08443
6 121 1.08443
6 122 1.08443
6 123 1.11411
6 124 1.12093
6 125 1.12174
6 126 1.12103
6 127 1.08036
6 128 1.08036
6 129 1.08036
6 130 1.08036
6 131 1.08036
6 132 1.1021
6 133 1.10837
6 134 1.11113
6 135 1.11185
6 136 1.07567
6 137 1.07567
6 138 1.07567
6 139 1.07567
6 140 1.07567
6 141 1.09081
6 142 1.09624
6 143 1.09989
6 144 1.10141
7 1 1.09719
7 2 1.09719
7 3 1.09719
7 4 1.09719
7 5 1.09719
7 6 2.14373
7 7 6.91914
7 8 1.99427
7 9 1.31381
7 10 1.09165
7 11 1.09165
7 12 1.09165
7 13 1.09165
7 14 1.09165
7 15 1.36663
7 16 1.46809
7 17 1.34105
7 18 1.24954
7 19 1.08494
7 20 1.08494
7 21 1.08494
7 22 1.08494
7 23 1.08494
7 24 1.19307
7 25 1.22039
7 26 1.20986
7 27 1.19631
7 28 1.07849
7 29 1.07849
7 30 1.07849
7 31 1.07849
7 32 1.07849
7 33 1.13088
7 34 1.14785
7 35 1.15539
7 36 1.15717
7 37 1.09297
7 38 1.09297
7 39 1.09297
7 40 1.09297
7 41 1.09297
7 42 1.36249
7 43 1.46346
7 44 1.33903
7 45 1.25053
7 46 1.08878
7 47 1.08878
7 48 1.08878
7 49 1.08878
7 50 1.08878
7 51 1.24502
7 52 1.28446
7 53 1.25049
7 54 1.21852
7 55 1.08324
7 56 1.08324
7 57 1.08324
7 58 1.08324
7 59 1.08324
7 60 1.16368
7 61 1.18546
7 62 1.18581
7 63 1.18114
7 64 1.07755
7 65 1.07755
7 66 1.07755
7 67 1.07755
7 68 1.07755
7 69 1.12205
7 70 1.13755
7 71 1.14633
7 72 1.14937
7 73 1.08675
7 74 1.08675
7 75 1.08675
7 76 1.08675
7 77 1.08675
7 78 1.18932
7 79 1.21737
7 80 1.20859
7 81 1.19695
7 82 1.0837
7 83 1.0837
7 84 1.0837
7 85 1.0837
7 86 1.0837
7 87 1.16259
7 88 1.18457
7 89 1.18537
7 90 1.18103
7 91 1.07953
7 92 1.07953
7 93 1.07953
7 94 1.07953
7 95 1.07953
7 96 1.13169
7 97 1.14871
7 98 1.15644
7 99 1.15833
7 100 1.0749
7 101 1.0749
7 102 1.0749
7 103 1.0749
7 104 1.0749
7 105 1.10895
7 106 1.12224
7 107 1.13174
7 108 1.13581
7 109 1.08032
7 110 1.08032
7 111 1.08032
7 112 1.08032
7 113 1.08032
7 114 1.12774
7 115 1.14546
7 116 1.15409
7 117 1.15714
7 118 1.07799
7 119 1.07799
7 120 1.07799
7 121 1.07799
7 122 1.07799
7 123 1.12029
7 124 1.13611
7 125 1.14536
7 126 1.14868
7 127 1.07487
7 128 1.07487
7 129 1.07487
7 130 1.07487
7 131 1.07487
7 132 1.10819
7 133 1.12149
7 134 1.13111
7 135 1.13526
7 136 1.07123
7 137 1.07123
7 138 1.07123
7 139 1.07123
7 140 1.07123
7 141 1.09621
7 142 1.10708
7 143 1.11604
7 144 1.12027
8 1 1.08242
8 2 1.08242
8 3 1.08242
8 4 1.08242
8 5 1.08242
8 6 1.39375
8 7 1.99427
8 8 6.2205
8 9 1.54604
8 10 1.07962
8 11 1.07962
8 12 1.07962
8 13 1.07962
8 14 1.07962
8 15 1.24304
8 16 1.34058
8 17 1.39904
8 18 1.3357
8 19 1.07595
8 20 1.07595
8 21 1.07595
8 22 1.07595
8 23 1.07595
8 24 1.16762
8 25 1.20971
8 26 1.23777
8 27 1.24418
8 28 1.07196
8 29 1.07196
8 30 1.07196
8 31 1.07196
8 32 1.07196
8 33 1.12888
8 34 1.15533
8 35 1.17748
8 36 1.18765
8 37 1.08099
8 38 1.08099
8 39 1.08099
8 40 1.08099
8 41 1.08099
8 42 1.24189
8 43 1.33971
8 44 1.39829
8 45 1.33651
8 46 1.07852
8 47 1.07852
8 48 1.07852
8 49 1.07852
8 50 1.07852
8 51 1.19442
8 52 1.2504
8 53 1.28229
8 54 1.27888
8 55 1.07524
8 56 1.07524
8 57 1.07524
8 58 1.07524
8 59 1.07524
8 60 1.15114
8 61 1.18572
8 62 1.21153
8 63 1.22125
8 64 1.07156
8 65 1.07156
8 66 1.07156
8 67 1.07156
8 68 1.07156
8 69 1.12237
8 70 1.14629
8 71 1.16697
8 72 1.1768
8 73 1.07784
8 74 1.07784
8 75 1.07784
8 76 1.07784
8 77 1.07784
8 78 1.16555
8 79 1.20824
8 80 1.23694
8 81 1.24426
8 82 1.07573
8 83 1.07573
8 84 1.07573
8 85 1.07573
8 86 1.07573
8 87 1.15037
8 88 1.18516
8 89 1.21114
8 90 1.22092
8 91 1.07299
8 92 1.07299
8 93 1.07299
8 94 1.07299
8 95 1.07299
8 96 1.12974
8 97 1.15631
8 98 1.17865
8 99 1.18894
8 100 1.06979
8 101 1.06979
8 102 1.06979
8 103 1.06979
8 104 1.06979
8 105 1.11156
8 106 1.13168
8 107 1.14975
8 108 1.15861
8 109 1.07391
8 110 1.07391
8 111 1.07391
8 112 1.07391
8 113 1.07391
8 114 1.12602
8 115 1.15324
8 116 1.17599
8 117 1.18683
8 118 1.07208
8 119 1.07208
8 120 1.07208
8 121 1.07208
8 122 1.07208
8 123 1.12063
8 124 1.14491
8 125 1.16582
8 126 1.17569
8 127 1.0698
8 128 1.0698
8 129 1.0698
8 130 1.0698
8 131 1.0698
8 132 1.11077
8 133 1.13087
8 134 1.14899
8 135 1.15788
8 136 1.0671
8 137 1.0671
8 138 1.0671
8 139 1.0671
8 140 1.0671
8 141 1.0998
8 142 1.11595
8 143 1.13087
8 144 1.13832
9 1 1.07571
9 2 1.07571
9 3 1.07571
9 4 1.07571
9 5 1.07571
9 6 1.20551
9 7 1.31381
9 8 1.54604
9 9 2.14727
9 10 1.07392
9 11 1.07392
9 12 1.07392
9 13 1.07392
9 14 1.07392
9 15 1.17979
9 16 1.24949
9 17 1.3358
9 18 1.38946
9 19 1.07156
9 20 1.07156
9 21 1.07156
9 22 1.07156
9 23 1.07156
9 24 1.15076
9 25 1.19623
9 26 1.24417
9 27 1.26987
9 28 1.06873
9 29 1.06873
9 30 1.06873
9 31 1.06873
9 32 1.06873
9 33 1.12627
9 34 1.15711
9 35 1.18763
9 36 1.20339
9 37 1.0753
9 38 1.0753
9 39 1.0753
9 40 1.0753
9 41 1.0753
9 42 1.1798
9 43 1.24985
9 44 1.33579
9 45 1.38906
9 46 1.07356
9 47 1.07356
9 48 1.07356
9 49 1.07356
9 50 1.07356
9 51 1.16365
9 52 1.21828
9 53 1.27867
9 54 1.31202
9 55 1.0713
9 56 1.0713
9 57 1.0713
9 58 1.0713
9 59 1.0713
9 60 1.14171
9 61 1.18096
9 62 1.22108
9 63 1.24215
9 64 1.06858
9 65 1.06858
9 66 1.06858
9 67 1.06858
9 68 1.06858
9 69 1.12129
9 70 1.14926
9 71 1.17669
9 72 1.1908
9 73 1.07347
9 74 1.07347
9 75 1.07347
9 76 1.07347
9 77 1.07347
9 78 1.14949
9 79 1.19539
9 80 1.24323
9 81 1.26896
9 82 1.0718
9 83 1.0718
9 84 1.0718
9 85 1.0718
9 86 1.0718
9 87 1.14107
9 88 1.18049
9 89 1.22057
9 90 1.2415
9 91 1.06973
9 92 1.06973
9 93 1.06973
9 94 1.06973
9 95 1.06973
9 96 1.12704
9 97 1.15801
9 98 1.1887
9 99 1.20453
9 100 1.06723
9 101 1.06723
9 102 1.06723
9 103 1.06723
9 104 1.06723
9 105 1.11213
9 106 1.13564
9 107 1.15846
9 108 1.17013
9 109 1.07069
9 110 1.07069
9 111 1.07069
9 112 1.07069
9 113 1.07069
9 114 1.12355
9 115 1.15509
9 116 1.18577
9 117 1.20172
9 118 1.06912
9 119 1.06912
9 120 1.06912
9 121 1.06912
9 122 1.06912
9 123 1.11954
9 124 1.14783
9 125 1.1753
9 126 1.18926
9 127 1.06725
9 128 1.06725
9 129 1.06725
9 130 1.06725
9 131 1.06725
9 132 1.1113
9 133 1.13476
9 134 1.15757
9 135 1.16922
9 136 1.06501
9 137 1.06501
9 138 1.06501
9 139 1.06501
9 140 1.06501
9 141 1.10123
9 142 1.12003
9 143 1.13814
9 144 1.14736
10 1 1.14688
10 2 1.14688
10 3 1.14688
10 4 1.14688
10 5 1.14688
10 6 1.10658
10 7 1.09165
10 8 1.07962
10 9 1.07392
10 10 1.30421
10 11 1.30421
10 12 1.30421
10 13 1.30421
10 14 1.30421
10 15 1.11751
10 16 1.09627
10 17 1.08143
10 18 1.07466
10 19 1.16165
10 20 1.16165
10 21 1.16165
10 22 1.16165
10 23 1.16165
10 24 1.11001
10 25 1.09318
10 26 1.08008
10 27 1.07391
10 28 1.1258
10 29 1.1258
10 30 1.1258
10 31 1.1258
10 32 1.1258
10 33 1.09877
10 34 1.08713
10 35 1.07711
10 36 1.07223
10 37 1.1293
10 38 1.1293
10 39 1.1293
10 40 1.1293
10 41 1.1293
10 42 1.10059
10 43 1.08857
10 44 1.07837
10 45 1.07354
10 46 1.14708
10 47 1.14708
10 48 1.14708
10 49 1.14708
10 50 1.14708
10 51 1.10677
10 52 1.09186
10 53 1.07984
10 54 1.07415
10 55 1.13517
10 56 1.13517
10 57 1.13517
10 58 1.13517
10 59 1.13517
10 60 1.10289
10 61 1.08975
10 62 1.07874
10 63 1.07344
10 64 1.11698
10 65 1.11698
10 66 1.11698
10 67 1.11698
10 68 1.11698
10 69 1.095
10 70 1.08503
10 71 1.0762
10 72 1.07186
10 73 1.11176
10 74 1.11176
10 75 1.11176
10 76 1.11176
10 77 1.11176
10 78 1.09219
10 79 1.0834
10 80 1.07549
10 81 1.07177
10 82 1.11856
10 83 1.11856
10 84 1.11856
10 85 1.11856
10 86 1.11856
10 87 1.09569
10 88 1.08546
10 89 1.07653
10 90 1.07221
10 91 1.11426
10 92 1.11426
10 93 1.11426
10 94 1.11426
10 95 1.11426
10 96 1.09358
10 97 1.08411
10 98 1.0757
10 99 1.07156
10 100 1.10498
10 101 1.10498
10 102 1.10498
10 103 1.10498
10 104 1.10498
10 105 1.08861
10 106 1.0808
10 107 1.0737
10 108 1.07017
10 109 1.09749
10 110 1.09749
10 111 1.09749
10 112 1.09749
10 113 1.09749
10 114 1.08403
10 115 1.07764
10 116 1.07169
10 117 1.06906
10 118 1.10079
10 119 1.10079
10 120 1.10079
10 121 1.10079
10 122 1.10079
10 123 1.08599
10 124 1.07885
10 125 1.07243
10 126 1.06933
10 127 1.09867
10 128 1.09867
10 129 1.09867
10 130 1.09867
10 131 1.09867
10 132 1.0847
10 133 1.07796
10 134 1.0718
10 135 1.06875
10 136 1.09352
10 137 1.09352
10 138 1.09352
10 139 1.09352
10 140 1.09352
10 141 1.08156
10 142 1.0757
10 143 1.07027
10 144 1.06755
11 1 1.14688
11 2 1.14688
11 3 1.14688
11 4 1.14688
11 5 1.14688
11 6 1.10658
11 7 1.09165
11 8 1.07962
11 9 1.07392
11 10 1.30421
11 11 1.30421
11 12 1.30421
11 13 1.30421
11 14 1.30421
11 15 1.11751
11 16 1.09627
11 17 1.08143
11 18 1.07466
11 19 1.16165
11 20 1.16165
11 21 1.16165
11 22 1.16165
11 23 1.16165
11 24 1.11001
11 25 1.09318
11 26 1.08008
11 27 1.07391
11 28 1.1258
11 29 1.1258
11 30 1.1258
11 31 1.1258
11 32 1.1258
11 33 1.09877
11 34 1.08713
11 35 1.07711
11 36 1.07223
11 37 1.1293
11 38 1.1293
11 39 1.1293
11 40 1.1293
11 41 1.1293
11 42 1.10059
11 43 1.08857
11 44 1.07837
11 45 1.07354
11 46 1.14708
11 47 1.14708
11 48 1.14708
11 49 1.14708
11 50 1.14708
11 51 1.10677
11 52 1.09186
11 53 1.07984
11 54 1.07415
11 55 1.13517
11 56 1.13517
11 57 1.13517
11 58 1.13517
11 59 1.13517
11 60 1.10289
11 61 1.08975
11 62 1.07874
11 63 1.07344
11 64 1.11698
11 65 1.11698
11 66 1.11698
11 67 1.11698
11 68 1.11698
11 69 1.095
11 70 1.08503
11 71 1.0762
11 72 1.07186
11 73 1.11176
11 74 1.11176
11 75 1.11176
11 76 1.11176
11 77 1.11176
11 78 1.09219
11 79 1.0834
11 80 1.07549
11 81 1.07177
11 82 1.11856
11 83 1.11856
11 84 1.11856
11 85 1.11856
11 86 1.11856
11 87 1.09569
11 88 1.08546
11 89 1.07653
11 90 1.07221
11 91 1.11426
11 92 1.11426
11 93 1.11426
11 94 1.11426
11 95 1.11426
11 96 1.09358
11 97 1.08411
11 98 1.0757
11 99 1.07156
11 100 1.10498
11 101 1.10498
11 102 1.10498
11 103 1.10498
11 104 1.10498
11 105 1.08861
11 106 1.0808
11 107 1.0737
11 108 1.07017
11 109 1.09749
11 110 1.09749
11 111 1.09749
11 112 1.09749
11 113 1.09749
11 114 1.08403
11 115 1.07764
11 116 1.07169
11 117 1.06906
11 118 1.10079
11 119 1.10079
11 120 1.10079
11 121 1.10079
11 122 1.10079
11 123 1.08599
11 124 1.07885
11 125 1.07243
11 126 1.06933
11 127 1.09867
11 128 1.09867
11 129 1.09867
11 130 1.09867
11 131 1.09867
11 132 1.0847
11 133 1.07796
11 134 1.0718
11 135 1.06875
11 136 1.09352
11 137 1.09352
11 138 1.09352
11 139 1.09352
11 140 1.09352
11 141 1.08156
11 142 1.0757
11 143 1.07027
11 144 1.06755
12 1 1.14688
12 2 1.14688
12 3 1.14688
12 4 1.14688
12 5 1.14688
12 6 1.10658
12 7 1.09165
12 8 1.07962
12 9 1.07392
12 10 1.30421
12 11 1.30421
12 12 1.30421
12 13 1.30421
12 14 1.30421
12 15 1.11751
12 16 1.09627
12 17 1.08143
12 18 1.07466
12 19 1.16165
12 20 1.16165
12 21 1.16165
12 22 1.16165
12 23 1.16165
12 24 1.11001
12 25 1.09318
12 26 1.08008
12 27 1.07391
12 28 1.1258
12 29 1.1258
12 30 1.1258
12 31 1.1258
12 32 1.1258
12 33 1.09877
12 34 1.08713
12 35 1.07711
12 36 1.07223
12 37 1.1293
12 38 1.1293
12 39 1.1293
12 40 1.1293
12 41 1.1293
12 42 1.10059
12 43 1.08857
12 44 1.07837
12 45 1.07354
12 46 1.14708
12 47 1.14708
12 48 1.14708
12 49 1.14708
12 50 1.14708
12 51 1.10677
12 52 1.09186
12 53 1.07984
12 54 1.07415
12 55 1.13517
12 56 1.13517
12 57 1.13517
12 58 1.13517
12 59 1.13517
12 60 1.10289
12 61 1.08975
12 62 1.07874
12 63 1.07344
12 64 1.11698
12 65 1.11698
12 66 1.11698
12 67 1.11698
12 68 1.11698
12 69 1.095
12 70 1.08503
12 71 1.0762
12 72 1.07186
12 73 1.11176
12 74 1.11176
12 75 1.11176
12 76 1.11176
12 77 1.11176
12 78 1.09219
12 79 1.0834
12 80 1.07549
12 81 1.07177
12 82 1.11856
12 83 1.11856
12 84 1.11856
12 85 1.11856
12 86 1.11856
12 87 1.09569
12 88 1.08546
12 89 1.07653
12 90 1.07221
12 91 1.11426
12 92 1.11426
12 93 1.11426
12 94 1.11426
12 95 1.11426
12 96 1.09358
12 97 1.08411
12 98 1.0757
12 99 1.07156
12 100 1.10498
12 101 1.10498
12 102 1.10498
12 103 1.10498
12 104 1.10498
12 105 1.08861
12 106 1.0808
12 107 1.0737
12 108 1.07017
12 109 1.09749
12 110 1.09749
12 111 1.09749
12 112 1.09749
12 113 1.09749
12 114 1.08403
12 115 1.07764
12 116 1.07169
12 117 1.06906
12 118 1.10079
12 119 1.10079
12 120 1.10079
12 121 1.10079
12 122 1.10079
12 123 1.08599
12 124 1.07885
12 125 1.07243
12 126 1.06933
12 127 1.09867
12 128 1.09867
12 129 1.09867
12 130 1.09867
12 131 1.09867
12 132 1.0847
12 133 1.07796
12 134 1.0718
12 135 1.06875
12 136 1.09352
12 137 1.09352
12 138 1.09352
12 139 1.09352
12 140 1.09352
12 141 1.08156
12 142 1.0757
12 143 1.07027
12 144 1.06755
13 1 1.14688
13 2 1.14688
13 3 1.14688
13 4 1.14688
13 5 1.14688
13 6 1.10658
13 7 1.09165
13 8 1.07962
13 9 1.07392
13 10 1.30421
13 11 1.30421
13 12 1.30421
13 13 1.30421
13 14 1.30421
13 15 1.11751
13 16 1.09627
13 17 1.08143
13 18 1.07466
13 19 1.16165
13 20 1.16165
13 21 1.16165
13 22 1.16165
13 23 1.16165
13 24 1.11001
13 25 1.09318
13 26 1.08008
13 27 1.07391
13 28 1.1258
13 29 1.1258
13 30 1.1258
13 31 1.1258
13 32 1.1258
13 33 1.09877
13 34 1.08713
13 35 1.07711
13 36 1.07223
13 37 1.1293
13 38 1.1293
13 39 1.1293
13 40 1.1293
13 41 1.1293
13 42 1.10059
13 43 1.08857
13 44 1.07837
13 45 1.07354
13 46 1.14708
13 47 1.14708
13 48 1.14708
13 49 1.14708
13 50 1.14708
13 51 1.10677
13 52 1.09186
13 53 1.07984
13 54 1.07415
13 55 1.13517
13 56 1.13517
13 57 1.13517
13 58 1.13517
13 59 1.13517
13 60 1.10289
13 61 1.08975
13 62 1.07874
13 63 1.07344
13 64 1.11698
13 65 1.11698
13 66 1.11698
13 67 1.11698
13 68 1.11698
13 69 1.095
13 70 1.08503
13 71 1.0762
13 72 1.07186
13 73 1.11176
13 74 1.11176
13 75 1.11176
13 76 1.11176
13 77 1.11176
13 78 1.09219
13 79 1.0834
13 80 1.07549
13 81 1.07177
13 82 1.11856
13 83 1.11856
13 84 1.11856
13 85 1.11856
13 86 1.11856
13 87 1.09569
13 88 1.08546
13 89 1.07653
13 90 1.07221
13 91 1.11426
13 92 1.11426
13 93 1.11426
13 94 1.11426
13 95 1.11426
13 96 1.09358
13 97 1.08411
13 98 1.0757
13 99 1.07156
13 100 1.10498
13 101 1.10498
13 102 1.10498
13 103 1.10498
13 104 1.10498
13 105 1.08861
13 106 1.0808
13 107 1.0737
13 108 1.07017
13 109 1.09749
13 110 1.09749
13 111 1.09749
13 112 1.09749
13 113 1.09749
13 114 1.08403
13 115 1.07764
13 116 1.07169
13 117 1.06906
13 118 1.10079
13 119 1.10079
13 120 1.10079
13 121 1.10079
13 122 1.10079
13 123 1.08599
13 124 1.07885
13 125 1.07243
13 126 1.06933
13 127 1.09867
13 128 1.09867
13 129 1.09867
13 130 1.09867
13 131 1.09867
13 132 1.0847
13 133 1.07796
13 134 1.0718
13 135 1.06875
13 136 1.09352
13 137 1.09352
13 138 1.09352
13 139 1.09352
13 140 1.09352
13 141 1.08156
13 142 1.0757
13 143 1.07027
13 144 1.06755
14 1 1.14688
14 2 1.14688
14 3 1.14688
14 4 1.14688
14 5 1.14688
14 6 1.10658
14 7 1.09165
14 8 1.07962
14 9 1.07392
14 10 1.30421
14 11 1.30421
14 12 1.30421
14 13 1.30421
14 14 1.30421
14 15 1.11751
14 16 1.09627
14 17 1.08143
14 18 1.07466
14 19 1.16165
14 20 1.16165
14 21 1.16165
14 22 1.16165
14 23 1.16165
14 24 1.11001
14 25 1.09318
14 26 1.08008
14 27 1.07391
14 28 1.1258
14 29 1.1258
14 30 1.1258
14 31 1.1258
14 32 1.1258
14 33 1.09877
14 34 1.08713
14 35 1.07711
14 36 1.07223
14 37 1.1293
14 38 1.1293
14 39 1.1293
14 40 1.1293
14 41 1.1293
14 42 1.10059
14 43 1.08857
14 44 1.07837
14 45 1.07354
14 46 1.14708
14 47 1.14708
14 48 1.14708
14 49 1.14708
14 50 1.14708
14 51 1.10677
14 52 1.09186
14 53 1.07984
14 54 1.07415
14 55 1.13517
14 56 1.13517
14 57 1.13517
14 58 1.13517
14 59 1.13517
14 60 1.10289
14 61 1.08975
14 62 1.07874
14 63 1.07344
14 64 1.11698
14 65 1.11698
14 66 1.11698
14 67 1.11698
14 68 1.11698
14 69 1.095
14 70 1.08503
14 71 1.0762
14 72 1.07186
14 73 1.11176
14 74 1.11176
14 75 1.11176
14 76 1.11176
14 77 1.11176
14 78 1.09219
14 79 1.0834
14 80 1.07549
14 81 1.07177
14 82 1.11856
14 83 1.11856
14 84 1.11856
14 85 1.11856
14 86 1.11856
14 87 1.09569
14 88 1.08546
14 89 1.07653
14 90 1.07221
14 91 1.11426
14 92 1.11426
14 93 1.11426
14 94 1.11426
14 95 1.11426
14 96 1.09358
14 97 1.08411
14 98 1.0757
14 99 1.07156
14 100 1.10498
14 101 1.10498
14 102 1.10498
14 103 1.10498
14 104 1.10498
14 105 1.08861
14 106 1.0808
14 107 1.0737
14 108 1.07017
14 109 1.09749
14 110 1.09749
14 111 1.09749
14 112 1.09749
14 113 1.09749
14 114 1.08403
14 115 1.07764
14 116 1.07169
14 117 1.06906
14 118 1.10079
14 119 1.10079
14 120 1.10079
14 121 1.10079
14 122 1.10079
14 123 1.08599
14 124 1.07885
14 125 1.07243
14 126 1.06933
14 127 1.09867
14 128 1.09867
14 129 1.09867
14 130 1.09867
14 131 1.09867
14 132 1.0847
14 133 1.07796
14 134 1.0718
14 135 1.06875
14 136 1.09352
14 137 1.09352
14 138 1.09352
14 139 1.09352
14 140 1.09352
14 141 1.08156
14 142 1.0757
14 143 1.07027
14 144 1.06755
15 1 1.10663
15 2 1.10663
15 3 1.10663
15 4 1.10663
15 5 1.10663
15 6 1.44585
15 7 1.36663
15 8 1.24304
15 9 1.17979
15 10 1.11751
15 11 1.11751
15 12 1.11751
15 13 1.11751
15 14 1.11751
15 15 6.92037
15 16 2.14574
15 17 1.39446
15 18 1.20463
15 19 1.10999
15 20 1.10999
15 21 1.10999
15 22 1.10999
15 23 1.10999
15 24 1.68166
15 25 1.48516
15 26 1.28164
15 27 1.18872
15 28 1.09873
15 29 1.09873
15 30 1.09873
15 31 1.09873
15 32 1.09873
15 33 1.24199
15 34 1.23197
15 35 1.18752
15 36 1.16011
15 37 1.10091
15 38 1.10091
15 39 1.10091
15 40 1.10091
15 41 1.10091
15 42 1.25621
15 43 1.24374
15 44 1.19358
15 45 1.16385
15 46 1.10686
15 47 1.10686
15 48 1.10686
15 49 1.10686
15 50 1.10686
15 51 1.44565
15 52 1.36668
15 53 1.24312
15 54 1.17978
15 55 1.1029
15 56 1.1029
15 57 1.1029
15 58 1.1029
15 59 1.1029
15 60 1.31096
15 61 1.28384
15 62 1.21158
15 63 1.16996
15 64 1.09499
15 65 1.09499
15 66 1.09499
15 67 1.09499
15 68 1.09499
15 69 1.18463
15 70 1.18595
15 71 1.1642
15 72 1.14922
15 73 1.09269
15 74 1.09269
15 75 1.09269
15 76 1.09269
15 77 1.09269
15 78 1.1559
15 79 1.16133
15 80 1.14988
15 81 1.14171
15 82 1.09586
15 83 1.09586
15 84 1.09586
15 85 1.09586
15 86 1.09586
15 87 1.1926
15 88 1.19234
15 89 1.1673
15 90 1.15083
15 91 1.09364
15 92 1.09364
15 93 1.09364
15 94 1.09364
15 95 1.09364
15 96 1.17169
15 97 1.17457
15 98 1.15752
15 99 1.14539
15 100 1.08862
15 101 1.08862
15 102 1.08862
15 103 1.08862
15 104 1.08862
15 105 1.13585
15 106 1.14196
15 107 1.13705
15 108 1.13244
15 109 1.08448
15 110 1.08448
15 111 1.08448
15 112 1.08448
15 113 1.08448
15 114 1.112
15 115 1.11946
15 116 1.12071
15 117 1.12078
15 118 1.0862
15 119 1.0862
15 120 1.0862
15 121 1.0862
15 122 1.0862
15 123 1.12286
15 124 1.12963
15 125 1.12809
15 126 1.12596
15 127 1.08483
15 128 1.08483
15 129 1.08483
15 130 1.08483
15 131 1.08483
15 132 1.11829
15 133 1.12487
15 134 1.12448
15 135 1.12296
15 136 1.08161
15 137 1.08161
15 138 1.08161
15 139 1.08161
15 140 1.08161
15 141 1.1067
15 142 1.1131
15 143 1.11507
15 144 1.11521
16 1 1.09171
16 2 1.09171
16 3 1.09171
16 4 1.09171
16 5 1.09171
16 6 1.36685
16 7 1.46809
16 8 1.34058
16 9 1.24949
16 10 1.09627
16 11 1.09627
16 12 1.09627
16 13 1.09627
16 14 1.09627
16 15 2.14574
16 16 6.92645
16 17 1.99813
16 18 1.31275
16 19 1.09315
16 20 1.09315
16 21 1.09315
16 22 1.09315
16 23 1.09315
16 24 1.4851
16 25 1.70028
16 26 1.43078
16 27 1.26923
16 28 1.08709
16 29 1.08709
16 30 1.08709
16 31 1.08709
16 32 1.08709
16 33 1.23194
16 34 1.26863
16 35 1.24
16 36 1.21246
16 37 1.08885
16 38 1.08885
16 39 1.08885
16 40 1.08885
16 41 1.08885
16 42 1.24331
16 43 1.28294
16 44 1.24912
16 45 1.2183
16 46 1.09196
16 47 1.09196
16 48 1.09196
16 49 1.09196
16 50 1.09196
16 51 1.36663
16 52 1.4681
16 53 1.34064
16 54 1.24937
16 55 1.08976
16 56 1.08976
16 57 1.08976
16 58 1.08976
16 59 1.08976
16 60 1.28377
16 61 1.33635
16 62 1.27893
16 63 1.23001
16 64 1.08501
16 65 1.08501
16 66 1.08501
16 67 1.08501
16 68 1.08501
16 69 1.18592
16 70 1.21135
16 71 1.2042
16 72 1.19331
16 73 1.08379
16 74 1.08379
16 75 1.08379
16 76 1.08379
16 77 1.08379
16 78 1.15997
16 79 1.18266
16 80 1.18398
16 81 1.18062
16 82 1.08565
16 83 1.08565
16 84 1.08565
16 85 1.08565
16 86 1.08565
16 87 1.1919
16 88 1.21941
16 89 1.2091
16 90 1.19605
16 91 1.08417
16 92 1.08417
16 93 1.08417
16 94 1.08417
16 95 1.08417
16 96 1.17443
16 97 1.19804
16 98 1.19472
16 99 1.18703
16 100 1.08081
16 101 1.08081
16 102 1.08081
16 103 1.08081
16 104 1.08081
16 105 1.14193
16 106 1.16036
16 107 1.16615
16 108 1.16627
16 109 1.07809
16 110 1.07809
16 111 1.07809
16 112 1.07809
16 113 1.07809
16 114 1.11786
16 115 1.1343
16 116 1.14401
16 117 1.14817
16 118 1.07915
16 119 1.07915
16 120 1.07915
16 121 1.07915
16 122 1.07915
16 123 1.12889
16 124 1.1462
16 125 1.15411
16 126 1.15635
16 127 1.0781
16 128 1.0781
16 129 1.0781
16 130 1.0781
16 131 1.0781
16 132 1.12465
16 133 1.14071
16 134 1.14917
16 135 1.15188
16 136 1.07574
16 137 1.07574
16 138 1.07574
16 139 1.07574
16 140 1.07574
16 141 1.11305
16 142 1.12708
16 143 1.13645
16 144 1.14026
17 1 1.07966
17 2 1.07966
17 3 1.07966
17 4 1.07966
17 5 1.07966
17 6 1.24333
17 7 1.34105
17 8 1.39904
17 9 1.3358
17 10 1.08143
17 11 1.08143
17 12 1.08143
17 13 1.08143
17 14 1.08143
17 15 1.39446
17 16 1.99813
17 17 6.27548
17 18 1.54551
17 19 1.08005
17 20 1.08005
17 21 1.08005
17 22 1.08005
17 23 1.08005
17 24 1.28153
17 25 1.43059
17 26 1.55538
17 27 1.37904
17 28 1.07707
17 29 1.07707
17 30 1.07707
17 31 1.07707
17 32 1.07707
17 33 1.18747
17 34 1.23994
17 35 1.27098
17 36 1.26977
17 37 1.07857
17 38 1.07857
17 39 1.07857
17 40 1.07857
17 41 1.07857
17 42 1.19331
17 43 1.24945
17 44 1.28108
17 45 1.27849
17 46 1.07991
17 47 1.07991
17 48 1.07991
17 49 1.07991
17 50 1.07991
17 51 1.24306
17 52 1.34076
17 53 1.39892
17 54 1.33561
17 55 1.07876
17 56 1.07876
17 57 1.07876
17 58 1.07876
17 59 1.07876
17 60 1.21146
17 61 1.27882
17 62 1.31466
17 63 1.29893
17 64 1.07619
17 65 1.07619
17 66 1.07619
17 67 1.07619
17 68 1.07619
17 69 1.16416
17 70 1.20414
17 71 1.23151
17 72 1.23935
17 73 1.07581
17 74 1.07581
17 75 1.07581
17 76 1.07581
17 77 1.07581
17 78 1.14823
17 79 1.18347
17 80 1.20971
17 81 1.22028
17 82 1.07668
17 83 1.07668
17 84 1.07668
17 85 1.07668
17 86 1.07668
17 87 1.16672
17 88 1.20898
17 89 1.23701
17 90 1.24369
17 91 1.07575
17 92 1.07575
17 93 1.07575
17 94 1.07575
17 95 1.07575
17 96 1.15728
17 97 1.19456
17 98 1.2212
17 99 1.23006
17 100 1.07371
17 101 1.07371
17 102 1.07371
17 103 1.07371
17 104 1.07371
17 105 1.13698
17 106 1.16608
17 107 1.18966
17 108 1.20006
17 109 1.07219
17 110 1.07219
17 111 1.07219
17 112 1.07219
17 113 1.07219
17 114 1.11824
17 115 1.14306
17 116 1.16434
17 117 1.17492
17 118 1.07268
17 119 1.07268
17 120 1.07268
17 121 1.07268
17 122 1.07268
17 123 1.12688
17 124 1.15368
17 125 1.17597
17 126 1.1864
17 127 1.07191
17 128 1.07191
17 129 1.07191
17 130 1.07191
17 131 1.07191
17 132 1.12402
17 133 1.1489
17 134 1.17024
17 135 1.18033
17 136 1.07031
17 137 1.07031
17 138 1.07031
17 139 1.07031
17 140 1.07031
17 141 1.11494
17 142 1.13634
17 143 1.15536
17 144 1.16463
18 1 1.07392
18 2 1.07392
18 3 1.07392
18 4 1.07392
18 5 1.07392
18 6 1.17973
18 7 1.24954
18 8 1.3357
18 9 1.38946
18 10 1.07466
18 11 1.07466
18 12 1.07466
18 13 1.07466
18 14 1.07466
18 15 1.20463
18 16 1.31275
18 17 1.54551
18 18 2.14741
18 19 1.07391
18 20 1.07391
18 21 1.07391
18 22 1.07391
18 23 1.07391
18 24 1.18874
18 25 1.26923
18 26 1.37911
18 27 1.4572
18 28 1.07221
18 29 1.07221
18 30 1.07221
18 31 1.07221
18 32 1.07221
18 33 1.16013
18 34 1.21246
18 35 1.26982
18 36 1.30149
18 37 1.07358
18 38 1.07358
18 39 1.07358
18 40 1.07358
18 41 1.07358
18 42 1.16287
18 43 1.21777
18 44 1.27798
18 45 1.31172
18 46 1.07418
18 47 1.07418
18 48 1.07418
18 49 1.07418
18 50 1.07418
18 51 1.17949
18 52 1.24919
18 53 1.33544
18 54 1.38933
18 55 1.07346
18 56 1.07346
18 57 1.07346
18 58 1.07346
18 59 1.07346
18 60 1.16987
18 61 1.22991
18 62 1.2989
18 63 1.33843
18 64 1.07187
18 65 1.07187
18 66 1.07187
18 67 1.07187
18 68 1.07187
18 69 1.14921
18 70 1.19328
18 71 1.23936
18 72 1.26392
18 73 1.07187
18 74 1.07187
18 75 1.07187
18 76 1.07187
18 77 1.07187
18 78 1.13935
18 79 1.17918
18 80 1.21946
18 81 1.24098
18 82 1.07229
18 83 1.07229
18 84 1.07229
18 85 1.07229
18 86 1.07229
18 87 1.14993
18 88 1.19554
18 89 1.24338
18 90 1.26919
18 91 1.07161
18 92 1.07161
18 93 1.07161
18 94 1.07161
18 95 1.07161
18 96 1.14509
18 97 1.18677
18 98 1.22995
18 99 1.25284
18 100 1.07019
18 101 1.07019
18 102 1.07019
18 103 1.07019
18 104 1.07019
18 105 1.13236
18 106 1.16618
18 107 1.20003
18 108 1.21762
18 109 1.06923
18 110 1.06923
18 111 1.06923
18 112 1.06923
18 113 1.06923
18 114 1.11733
18 115 1.14618
18 116 1.174
18 117 1.18857
18 118 1.06946
18 119 1.06946
18 120 1.06946
18 121 1.06946
18 122 1.06946
18 123 1.1243
18 124 1.15547
18 125 1.18598
18 126 1.20187
18 127 1.06882
18 128 1.06882
18 129 1.06882
18 130 1.06882
18 131 1.06882
18 132 1.12234
18 133 1.1514
18 134 1.18012
18 135 1.19497
18 136 1.06759
18 137 1.06759
18 138 1.06759
18 139 1.06759
18 140 1.06759
18 141 1.11502
18 142 1.14008
18 143 1.16455
18 144 1.1771
19 1 1.11811
19 2 1.11811
19 3 1.11811
19 4 1.11811
19 5 1.11811
19 6 1.09522
19 7 1.08494
19 8 1.07595
19 9 1.07156
19 10 1.16165
19 11 1.16165
19 12 1.16165
19 13 1.16165
19 14 1.16165
19 15 1.10999
19 16 1.09315
19 17 1.08005
19 18 1.07391
19 19 1.30423
19 20 1.30423
19 21 1.30423
19 22 1.30423
19 23 1.30423
19 24 1.11753
19 25 1.09628
19 26 1.08141
19 27 1.07461
19 28 1.16197
19 29 1.16197
19 30 1.16197
19 31 1.16197
19 32 1.16197
19 33 1.11032
19 34 1.09349
19 35 1.08036
19 36 1.07419
19 37 1.11151
19 38 1.11151
19 39 1.11151
19 40 1.11151
19 41 1.11151
19 42 1.092
19 43 1.08306
19 44 1.07512
19 45 1.07129
19 46 1.13516
19 47 1.13516
19 48 1.13516
19 49 1.13516
19 50 1.13516
19 51 1.10281
19 52 1.08967
19 53 1.07869
19 54 1.07344
19 55 1.14712
19 56 1.14712
19 57 1.14712
19 58 1.14712
19 59 1.14712
19 60 1.10682
19 61 1.0919
19 62 1.07982
19 63 1.07407
19 64 1.1355
19 65 1.1355
19 66 1.1355
19 67 1.1355
19 68 1.1355
19 69 1.10321
19 70 1.09006
19 71 1.07902
19 72 1.0737
19 73 1.10154
19 74 1.10154
19 75 1.10154
19 76 1.10154
19 77 1.10154
19 78 1.08628
19 79 1.07925
19 80 1.07278
19 81 1.06972
19 82 1.11423
19 83 1.11423
19 84 1.11423
19 85 1.11423
19 86 1.11423
19 87 1.09347
19 88 1.08399
19 89 1.07562
19 90 1.07156
19 91 1.11861
19 92 1.11861
19 93 1.11861
19 94 1.11861
19 95 1.11861
19 96 1.09574
19 97 1.08549
19 98 1.0765
19 99 1.0721
19 100 1.1146
19 101 1.1146
19 102 1.1146
19 103 1.1146
19 104 1.1146
19 105 1.09391
19 106 1.08441
19 107 1.07596
19 108 1.07179
19 109 1.09133
19 110 1.09133
19 111 1.09133
19 112 1.09133
19 113 1.09133
19 114 1.07992
19 115 1.07454
19 116 1.06948
19 117 1.06725
19 118 1.09864
19 119 1.09864
19 120 1.09864
19 121 1.09864
19 122 1.09864
19 123 1.08458
19 124 1.07781
19 125 1.07169
19 126 1.06876
19 127 1.10085
19 128 1.10085
19 129 1.10085
19 130 1.10085
19 131 1.10085
19 132 1.08597
19 133 1.07886
19 134 1.07239
19 135 1.06919
19 136 1.09903
19 137 1.09903
19 138 1.09903
19 139 1.09903
19 140 1.09903
19 141 1.08503
19 142 1.07826
19 143 1.07205
19 144 1.06895
20 1 1.11811
20 2 1.11811
20 3 1.11811
20 4 1.11811
20 5 1.11811
20 6 1.09522
20 7 1.08494
20 8 1.07595
20 9 1.07156
20 10 1.16165
20 11 1.16165
20 12 1.16165
20 13 1.16165
20 14 1.16165
20 15 1.10999
20 16 1.09315
20 17 1.08005
20 18 1.07391
20 19 1.30423
20 20 1.30423
20 21 1.30423
20 22 1.30423
20 23 1.30423
20 24 1.11753
20 25 1.09628
20 26 1.08141
20 27 1.07461
20 28 1.16197
20 29 1.16197
20 30 1.16197
20 31 1.16197
20 32 1.16197
20 33 1.11032
20 34 1.09349
20 35 1.08036
20 36 1.07419
20 37 1.11151
20 38 1.11151
20 39 1.11151
20 40 1.11151
20 41 1.11151
20 42 1.092
20 43 1.08306
20 44 1.07512
20 45 1.07129
20 46 1.13516
20 47 1.13516
20 48 1.13516
20 49 1.13516
20 50 1.13516
20 51 1.10281
20 52 1.08967
20 53 1.07869
20 54 1.07344
20 55 1.14712
20 56 1.14712
20 57 1.14712
20 58 1.14712
20 59 1.14712
20 60 1.10682
20 61 1.0919
20 62 1.07982
20 63 1.07407
20 64 1.1355
20 65 1.1355
20 66 1.1355
20 67 1.1355
20 68 1.1355
20 69 1.10321
20 70 1.09006
20 71 1.07902
20 72 1.0737
20 73 1.10154
20 74 1.10154
20 75 1.10154
20 76 1.10154
20 77 1.10154
20 78 1.08628
20 79 1.07925
20 80 1.07278
20 81 1.06972
20 82 1.11423
20 83 1.11423
20 84 1.11423
20 85 1.11423
20 86 1.11423
20 87 1.09347
20 88 1.08399
20 89 1.07562
20 90 1.07156
20 91 1.11861
20 92 1.11861
20 93 1.11861
20 94 1.11861
20 95 1.11861
20 96 1.09574
20 97 1.08549
20 98 1.0765
20 99 1.0721
20 100 1.1146
20 101 1.1146
20 102 1.1146
20 103 1.1146
20 104 1.1146
20 105 1.09391
20 106 1.08441
20 107 1.07596
20 108 1.07179
20 109 1.09133
20 110 1.09133
20 111 1.09133
20 112 1.09133
20 113 1.09133
20 114 1.07992
20 115 1.07454
20 116 1.06948
20 117 1.06725
20 118 1.09864
20 119 1.09864
20 120 1.09864
20 121 1.09864
20 122 1.09864
20 123 1.08458
20 124 1.07781
20 125 1.07169
20 126 1.06876
20 127 1.10085
20 128 1.10085
20 129 1.10085
20 130 1.10085
20 131 1.10085
20 132 1.08597
20 133 1.07886
20 134 1.07239
20 135 1.06919
20 136 1.09903
20 137 1.09903
20 138 1.09903
20 139 1.09903
20 140 1.09903
20 141 1.08503
20 142 1.07826
20 143 1.07205
20 144 1.06895
21 1 1.11811
21 2 1.11811
21 3 1.11811
21 4 1.11811
21 5 1.11811
21 6 1.09522
21 7 1.08494
21 8 1.07595
21 9 1.07156
21 10 1.16165
21 11 1.16165
21 12 1.16165
21 13 1.16165
21 14 1.16165
21 15 1.10999
21 16 1.09315
21 17 1.08005
21 18 1.07391
21 19 1.30423
21 20 1.30423
21 21 1.30423
21 22 1.30423
21 23 1.30423
21 24 1.11753
21 25 1.09628
21 26 1.08141
21 27 1.07461
21 28 1.16197
21 29 1.16197
21 30 1.16197
21 31 1.16197
21 32 1.16197
21 33 1.11032
21 34 1.09349
21 35 1.08036
21 36 1.07419
