injected_el measured_el potential
1 1 1.30519
1 2 1.30519
1 3 1.30519
1 4 1.30519
1 5 1.30519
1 6 1.11848
1 7 1.09723
1 8 1.08237
1 9 1.07559
1 10 1.14696
1 11 1.14696
1 12 1.14696
1 13 1.14696
1 14 1.14696
1 15 1.10665
1 16 1.0917
1 17 1.07959
1 18 1.07382
1 19 1.11817
1 20 1.11817
1 21 1.11817
1 22 1.11817
1 23 1.11817
1 24 1.09529
1 25 1.08499
1 26 1.07593
1 27 1.07148
1 28 1.10058
1 29 1.10058
1 30 1.10058
1 31 1.10058
1 32 1.10058
1 33 1.08572
1 34 1.07854
1 35 1.07195
1 36 1.06867
1 37 1.14809
1 38 1.14809
1 39 1.14809
1 40 1.14809
1 41 1.14809
1 42 1.10775
1 43 1.09282
1 44 1.08076
1 45 1.07505
1 46 1.12941
1 47 1.12941
1 48 1.12941
1 49 1.12941
1 50 1.12941
1 51 1.10086
1 52 1.08874
1 53 1.07838
1 54 1.07336
1 55 1.11161
1 56 1.11161
1 57 1.11161
1 58 1.11161
1 59 1.11161
1 60 1.09225
1 61 1.08323
1 62 1.07514
1 63 1.07115
1 64 1.09754
1 65 1.09754
1 66 1.09754
1 67 1.09754
1 68 1.09754
1 69 1.0841
1 70 1.07755
1 71 1.0715
1 72 1.06847
1 73 1.1196
1 74 1.1196
1 75 1.1196
1 76 1.1196
1 77 1.1196
1 78 1.09666
1 79 1.08642
1 80 1.07743
1 81 1.07307
1 82 1.11191
1 83 1.11191
1 84 1.11191
1 85 1.11191
1 86 1.11191
1 87 1.09254
1 88 1.08354
1 89 1.07548
1 90 1.07151
1 91 1.10167
1 92 1.10167
1 93 1.10167
1 94 1.10167
1 95 1.10167
1 96 1.08667
1 97 1.07944
1 98 1.07281
1 99 1.06951
1 100 1.09166
1 101 1.09166
1 102 1.09166
1 103 1.09166
1 104 1.09166
1 105 1.08041
1 106 1.07485
1 107 1.06967
1 108 1.06707
1 109 1.10184
1 110 1.10184
1 111 1.10184
1 112 1.10184
1 113 1.10184
1 114 1.08693
1 115 1.0798
1 116 1.07328
1 117 1.07014
1 118 1.09767
1 119 1.09767
1 120 1.09767
1 121 1.09767
1 122 1.09767
1 123 1.08422
1 124 1.07769
1 125 1.0717
1 126 1.06872
1 127 1.09149
1 128 1.09149
1 129 1.09149
1 130 1.09149
1 131 1.09149
1 132 1.08024
1 133 1.07469
1 134 1.06954
1 135 1.06696
1 136 1.0846
1 137 1.0846
1 138 1.0846
1 139 1.0846
1 140 1.0846
1 141 1.07561
1 142 1.07113
1 143 1.06693
1 144 1.06481
2 1 1.30519
2 2 1.30519
2 3 1.30519
2 4 1.30519
2 5 1.30519
2 6 1.11848
2 7 1.09723
2 8 1.08237
2 9 1.07559
2 10 1.14696
2 11 1.14696
2 12 1.14696
2 13 1.14696
2 14 1.14696
2 15 1.10665
2 16 1.0917
2 17 1.07959
2 18 1.07382
2 19 1.11817
2 20 1.11817
2 21 1.11817
2 22 1.11817
2 23 1.11817
2 24 1.09529
2 25 1.08499
2 26 1.07593
2 27 1.07148
2 28 1.10058
2 29 1.10058
2 30 1.10058
2 31 1.10058
2 32 1.10058
2 33 1.08572
2 34 1.07854
2 35 1.07195
2 36 1.06867
2 37 1.14809
2 38 1.14809
2 39 1.14809
2 40 1.14809
2 41 1.14809
2 42 1.10775
2 43 1.09282
2 44 1.08076
2 45 1.07505
2 46 1.12941
2 47 1.12941
2 48 1.12941
2 49 1.12941
2 50 1.12941
2 51 1.10086
2 52 1.08874
2 53 1.07838
2 54 1.07336
2 55 1.11161
2 56 1.11161
2 57 1.11161
2 58 1.11161
2 59 1.11161
2 60 1.09225
2 61 1.08323
2 62 1.07514
2 63 1.07115
2 64 1.09754
2 65 1.09754
2 66 1.09754
2 67 1.09754
2 68 1.09754
2 69 1.0841
2 70 1.07755
2 71 1.0715
2 72 1.06847
2 73 1.1196
2 74 1.1196
2 75 1.1196
2 76 1.1196
2 77 1.1196
2 78 1.09666
2 79 1.08642
2 80 1.07743
2 81 1.07307
2 82 1.11191
2 83 1.11191
2 84 1.11191
2 85 1.11191
2 86 1.11191
2 87 1.09254
2 88 1.08354
2 89 1.07548
2 90 1.07151
2 91 1.10167
2 92 1.10167
2 93 1.10167
2 94 1.10167
2 95 1.10167
2 96 1.08667
2 97 1.07944
2 98 1.07281
2 99 1.06951
2 100 1.09166
2 101 1.09166
2 102 1.09166
2 103 1.09166
2 104 1.09166
2 105 1.08041
2 106 1.07485
2 107 1.06967
2 108 1.06707
2 109 1.10184
2 110 1.10184
2 111 1.10184
2 112 1.10184
2 113 1.10184
2 114 1.08693
2 115 1.0798
2 116 1.07328
2 117 1.07014
2 118 1.09767
2 119 1.09767
2 120 1.09767
2 121 1.09767
2 122 1.09767
2 123 1.08422
2 124 1.07769
2 125 1.0717
2 126 1.06872
2 127 1.09149
2 128 1.09149
2 129 1.09149
2 130 1.09149
2 131 1.09149
2 132 1.08024
2 133 1.07469
2 134 1.06954
2 135 1.06696
2 136 1.0846
2 137 1.0846
2 138 1.0846
2 139 1.0846
2 140 1.0846
2 141 1.07561
2 142 1.07113
2 143 1.06693
2 144 1.06481
3 1 1.30519
3 2 1.30519
3 3 1.30519
3 4 1.30519
3 5 1.30519
3 6 1.11848
3 7 1.09723
3 8 1.08237
3 9 1.07559
3 10 1.14696
3 11 1.14696
3 12 1.14696
3 13 1.14696
3 14 1.14696
3 15 1.10665
3 16 1.0917
3 17 1.07959
3 18 1.07382
3 19 1.11817
3 20 1.11817
3 21 1.11817
3 22 1.11817
3 23 1.11817
3 24 1.09529
3 25 1.08499
3 26 1.07593
3 27 1.07148
3 28 1.10058
3 29 1.10058
3 30 1.10058
3 31 1.10058
3 32 1.10058
3 33 1.08572
3 34 1.07854
3 35 1.07195
3 36 1.06867
3 37 1.14809
3 38 1.14809
3 39 1.14809
3 40 1.14809
3 41 1.14809
3 42 1.10775
3 43 1.09282
3 44 1.08076
3 45 1.07505
3 46 1.12941
3 47 1.12941
3 48 1.12941
3 49 1.12941
3 50 1.12941
3 51 1.10086
3 52 1.08874
3 53 1.07838
3 54 1.07336
3 55 1.11161
3 56 1.11161
3 57 1.11161
3 58 1.11161
3 59 1.11161
3 60 1.09225
3 61 1.08323
3 62 1.07514
3 63 1.07115
3 64 1.09754
3 65 1.09754
3 66 1.09754
3 67 1.09754
3 68 1.09754
3 69 1.0841
3 70 1.07755
3 71 1.0715
3 72 1.06847
3 73 1.1196
3 74 1.1196
3 75 1.1196
3 76 1.1196
3 77 1.1196
3 78 1.09666
3 79 1.08642
3 80 1.07743
3 81 1.07307
3 82 1.11191
3 83 1.11191
3 84 1.11191
3 85 1.11191
3 86 1.11191
3 87 1.09254
3 88 1.08354
3 89 1.07548
3 90 1.07151
3 91 1.10167
3 92 1.10167
3 93 1.10167
3 94 1.10167
3 95 1.10167
3 96 1.08667
3 97 1.07944
3 98 1.07281
3 99 1.06951
3 100 1.09166
3 101 1.09166
3 102 1.09166
3 103 1.09166
3 104 1.09166
3 105 1.08041
3 106 1.07485
3 107 1.06967
3 108 1.06707
3 109 1.10184
3 110 1.10184
3 111 1.10184
3 112 1.10184
3 113 1.10184
3 114 1.08693
3 115 1.0798
3 116 1.07328
3 117 1.07014
3 118 1.09767
3 119 1.09767
3 120 1.09767
3 121 1.09767
3 122 1.09767
3 123 1.08422
3 124 1.07769
3 125 1.0717
3 126 1.06872
3 127 1.09149
3 128 1.09149
3 129 1.09149
3 130 1.09149
3 131 1.09149
3 132 1.08024
3 133 1.07469
3 134 1.06954
3 135 1.06696
3 136 1.0846
3 137 1.0846
3 138 1.0846
3 139 1.0846
3 140 1.0846
3 141 1.07561
3 142 1.07113
3 143 1.06693
3 144 1.06481
4 1 1.30519
4 2 1.30519
4 3 1.30519
4 4 1.30519
4 5 1.30519
4 6 1.11848
4 7 1.09723
4 8 1.08237
4 9 1.07559
4 10 1.14696
4 11 1.14696
4 12 1.14696
4 13 1.14696
4 14 1.14696
4 15 1.10665
4 16 1.0917
4 17 1.07959
4 18 1.07382
4 19 1.11817
4 20 1.11817
4 21 1.11817
4 22 1.11817
4 23 1.11817
4 24 1.09529
4 25 1.08499
4 26 1.07593
4 27 1.07148
4 28 1.10058
4 29 1.10058
4 30 1.10058
4 31 1.10058
4 32 1.10058
4 33 1.08572
4 34 1.07854
4 35 1.07195
4 36 1.06867
4 37 1.14809
4 38 1.14809
4 39 1.14809
4 40 1.14809
4 41 1.14809
4 42 1.10775
4 43 1.09282
4 44 1.08076
4 45 1.07505
4 46 1.12941
4 47 1.12941
4 48 1.12941
4 49 1.12941
4 50 1.12941
4 51 1.10086
4 52 1.08874
4 53 1.07838
4 54 1.07336
4 55 1.11161
4 56 1.11161
4 57 1.11161
4 58 1.11161
4 59 1.11161
4 60 1.09225
4 61 1.08323
4 62 1.07514
4 63 1.07115
4 64 1.09754
4 65 1.09754
4 66 1.09754
4 67 1.09754
4 68 1.09754
4 69 1.0841
4 70 1.07755
4 71 1.0715
4 72 1.06847
4 73 1.1196
4 74 1.1196
4 75 1.1196
4 76 1.1196
4 77 1.1196
4 78 1.09666
4 79 1.08642
4 80 1.07743
4 81 1.07307
4 82 1.11191
4 83 1.11191
4 84 1.11191
4 85 1.11191
4 86 1.11191
4 87 1.09254
4 88 1.08354
4 89 1.07548
4 90 1.07151
4 91 1.10167
4 92 1.10167
4 93 1.10167
4 94 1.10167
4 95 1.10167
4 96 1.08667
4 97 1.07944
4 98 1.07281
4 99 1.06951
4 100 1.09166
4 101 1.09166
4 102 1.09166
4 103 1.09166
4 104 1.09166
4 105 1.08041
4 106 1.07485
4 107 1.06967
4 108 1.06707
4 109 1.10184
4 110 1.10184
4 111 1.10184
4 112 1.10184
4 113 1.10184
4 114 1.08693
4 115 1.0798
4 116 1.07328
4 117 1.07014
4 118 1.09767
4 119 1.09767
4 120 1.09767
4 121 1.09767
4 122 1.09767
4 123 1.08422
4 124 1.07769
4 125 1.0717
4 126 1.06872
4 127 1.09149
4 128 1.09149
4 129 1.09149
4 130 1.09149
4 131 1.09149
4 132 1.08024
4 133 1.07469
4 134 1.06954
4 135 1.06696
4 136 1.0846
4 137 1.0846
4 138 1.0846
4 139 1.0846
4 140 1.0846
4 141 1.07561
4 142 1.07113
4 143 1.06693
4 144 1.06481
5 1 1.30519
5 2 1.30519
5 3 1.30519
5 4 1.30519
5 5 1.30519
5 6 1.11848
5 7 1.09723
5 8 1.08237
5 9 1.07559
5 10 1.14696
5 11 1.14696
5 12 1.14696
5 13 1.14696
5 14 1.14696
5 15 1.10665
5 16 1.0917
5 17 1.07959
5 18 1.07382
5 19 1.11817
5 20 1.11817
5 21 1.11817
5 22 1.11817
5 23 1.11817
5 24 1.09529
5 25 1.08499
5 26 1.07593
5 27 1.07148
5 28 1.10058
5 29 1.10058
5 30 1.10058
5 31 1.10058
5 32 1.10058
5 33 1.08572
5 34 1.07854
5 35 1.07195
5 36 1.06867
5 37 1.14809
5 38 1.14809
5 39 1.14809
5 40 1.14809
5 41 1.14809
5 42 1.10775
5 43 1.09282
5 44 1.08076
5 45 1.07505
5 46 1.12941
5 47 1.12941
5 48 1.12941
5 49 1.12941
5 50 1.12941
5 51 1.10086
5 52 1.08874
5 53 1.07838
5 54 1.07336
5 55 1.11161
5 56 1.11161
5 57 1.11161
5 58 1.11161
5 59 1.11161
5 60 1.09225
5 61 1.08323
5 62 1.07514
5 63 1.07115
5 64 1.09754
5 65 1.09754
5 66 1.09754
5 67 1.09754
5 68 1.09754
5 69 1.0841
5 70 1.07755
5 71 1.0715
5 72 1.06847
5 73 1.1196
5 74 1.1196
5 75 1.1196
5 76 1.1196
5 77 1.1196
5 78 1.09666
5 79 1.08642
5 80 1.07743
5 81 1.07307
5 82 1.11191
5 83 1.11191
5 84 1.11191
5 85 1.11191
5 86 1.11191
5 87 1.09254
5 88 1.08354
5 89 1.07548
5 90 1.07151
5 91 1.10167
5 92 1.10167
5 93 1.10167
5 94 1.10167
5 95 1.10167
5 96 1.08667
5 97 1.07944
5 98 1.07281
5 99 1.06951
5 100 1.09166
5 101 1.09166
5 102 1.09166
5 103 1.09166
5 104 1.09166
5 105 1.08041
5 106 1.07485
5 107 1.06967
5 108 1.06707
5 109 1.10184
5 110 1.10184
5 111 1.10184
5 112 1.10184
5 113 1.10184
5 114 1.08693
5 115 1.0798
5 116 1.07328
5 117 1.07014
5 118 1.09767
5 119 1.09767
5 120 1.09767
5 121 1.09767
5 122 1.09767
5 123 1.08422
5 124 1.07769
5 125 1.0717
5 126 1.06872
5 127 1.09149
5 128 1.09149
5 129 1.09149
5 130 1.09149
5 131 1.09149
5 132 1.08024
5 133 1.07469
5 134 1.06954
5 135 1.06696
5 136 1.0846
5 137 1.0846
5 138 1.0846
5 139 1.0846
5 140 1.0846
5 141 1.07561
5 142 1.07113
5 143 1.06693
5 144 1.06481
6 1 1.11848
6 2 1.11848
6 3 1.11848
6 4 1.11848
6 5 1.11848
6 6 6.92154
6 7 2.14684
6 8 1.39562
6 9 1.20586
6 10 1.10664
6 11 1.10664
6 12 1.10664
6 13 1.10664
6 14 1.10664
6 15 1.44685
6 16 1.36795
6 17 1.24401
6 18 1.18012
6 19 1.09527
6 20 1.09527
6 21 1.09527
6 22 1.09527
6 23 1.09527
6 24 1.19414
6 25 1.19366
6 26 1.16814
6 27 1.15107
6 28 1.0857
6 29 1.0857
6 30 1.0857
6 31 1.0857
6 32 1.0857
6 33 1.1247
6 34 1.13118
6 35 1.12919
6 36 1.12653
6 37 1.10783
6 38 1.10783
6 39 1.10783
6 40 1.10783
6 41 1.10783
6 42 1.44683
6 43 1.36792
6 44 1.2445
6 45 1.18119
6 46 1.10087
6 47 1.10087
6 48 1.10087
6 49 1.10087
6 50 1.10087
6 51 1.25974
6 52 1.24671
6 53 1.19549
6 54 1.16432
6 55 1.09224
6 56 1.09224
6 57 1.09224
6 58 1.09224
6 59 1.09224
6 60 1.16006
6 61 1.1644
6 62 1.15172
6 63 1.14217
6 64 1.08409
6 65 1.08409
6 66 1.08409
6 67 1.08409
6 68 1.08409
6 69 1.11578
6 70 1.12239
6 71 1.12271
6 72 1.12162
6 73 1.09681
6 74 1.09681
6 75 1.09681
6 76 1.09681
6 77 1.09681
6 78 1.19418
6 79 1.19393
6 80 1.16888
6 81 1.15229
6 82 1.09259
6 83 1.09259
6 84 1.09259
6 85 1.09259
6 86 1.09259
6 87 1.16005
6 88 1.1644
6 89 1.15182
6 90 1.14236
6 91 1.08669
6 92 1.08669
6 93 1.08669
6 94 1.08669
6 95 1.08669
6 96 1.1259
6 97 1.13245
6 98 1.13042
6 99 1.12772
6 100 1.08041
6 101 1.08041
6 102 1.08041
6 103 1.08041
6 104 1.08041
6 105 1.103
6 106 1.1093
6 107 1.11192
6 108 1.11253
6 109 1.08713
6 110 1.08713
6 111 1.08713
6 112 1.08713
6 113 1.08713
6 114 1.12449
6 115 1.13124
6 116 1.12958
6 117 1.12743
6 118 1.08431
6 119 1.08431
6 120 1.08431
6 121 1.08431
6 122 1.08431
6 123 1.11542
6 124 1.12205
6 125 1.12249
6 126 1.12152
6 127 1.08029
6 128 1.08029
6 129 1.08029
6 130 1.08029
6 131 1.08029
6 132 1.10266
6 133 1.10896
6 134 1.11161
6 135 1.11225
6 136 1.07563
6 137 1.07563
6 138 1.07563
6 139 1.07563
6 140 1.07563
6 141 1.09105
6 142 1.09654
6 143 1.1002
6 144 1.10171
7 1 1.09723
7 2 1.09723
7 3 1.09723
7 4 1.09723
7 5 1.09723
7 6 2.14684
7 7 6.92703
7 8 1.99907
7 9 1.31416
7 10 1.09168
7 11 1.09168
7 12 1.09168
7 13 1.09168
7 14 1.09168
7 15 1.36788
7 16 1.46961
7 17 1.34195
7 18 1.25003
7 19 1.08497
7 20 1.08497
7 21 1.08497
7 22 1.08497
7 23 1.08497
7 24 1.19363
7 25 1.22104
7 26 1.21041
7 27 1.19677
7 28 1.07851
7 29 1.07851
7 30 1.07851
7 31 1.07851
7 32 1.07851
7 33 1.13118
7 34 1.14821
7 35 1.15578
7 36 1.15755
7 37 1.09289
7 38 1.09289
7 39 1.09289
7 40 1.09289
7 41 1.09289
7 42 1.36791
7 43 1.46935
7 44 1.34223
7 45 1.25104
7 46 1.08874
7 47 1.08874
7 48 1.08874
7 49 1.08874
7 50 1.08874
7 51 1.24666
7 52 1.28624
7 53 1.2516
7 54 1.21915
7 55 1.08322
7 56 1.08322
7 57 1.08322
7 58 1.08322
7 59 1.08322
7 60 1.16438
7 61 1.18625
7 62 1.18647
7 63 1.1817
7 64 1.07753
7 65 1.07753
7 66 1.07753
7 67 1.07753
7 68 1.07753
7 69 1.12239
7 70 1.13798
7 71 1.14678
7 72 1.14982
7 73 1.08655
7 74 1.08655
7 75 1.08655
7 76 1.08655
7 77 1.08655
7 78 1.19361
7 79 1.22114
7 80 1.21095
7 81 1.19779
7 82 1.08359
7 83 1.08359
7 84 1.08359
7 85 1.08359
7 86 1.08359
7 87 1.16433
7 88 1.18619
7 89 1.18649
7 90 1.18179
7 91 1.07945
7 92 1.07945
7 93 1.07945
7 94 1.07945
7 95 1.07945
7 96 1.13242
7 97 1.14952
7 98 1.15715
7 99 1.15895
7 100 1.07485
7 101 1.07485
7 102 1.07485
7 103 1.07485
7 104 1.07485
7 105 1.1093
7 106 1.12269
7 107 1.13221
7 108 1.13629
7 109 1.08001
7 110 1.08001
7 111 1.08001
7 112 1.08001
7 113 1.08001
7 114 1.1307
7 115 1.14799
7 116 1.15585
7 117 1.15815
7 118 1.07779
7 119 1.07779
7 120 1.07779
7 121 1.07779
7 122 1.07779
7 123 1.12191
7 124 1.1375
7 125 1.14641
7 126 1.14953
7 127 1.07474
7 128 1.07474
7 129 1.07474
7 130 1.07474
7 131 1.07474
7 132 1.10891
7 133 1.12228
7 134 1.13182
7 135 1.13592
7 136 1.07115
7 137 1.07115
7 138 1.07115
7 139 1.07115
7 140 1.07115
7 141 1.09653
7 142 1.10751
7 143 1.11652
7 144 1.12076
8 1 1.08237
8 2 1.08237
8 3 1.08237
8 4 1.08237
8 5 1.08237
8 6 1.39562
8 7 1.99907
8 8 6.26905
8 9 1.547
8 10 1.07957
8 11 1.07957
8 12 1.07957
8 13 1.07957
8 14 1.07957
8 15 1.2439
8 16 1.34179
8 17 1.40024
8 18 1.33655
8 19 1.07591
8 20 1.07591
8 21 1.07591
8 22 1.07591
8 23 1.07591
8 24 1.16809
8 25 1.21035
8 26 1.23846
8 27 1.24488
8 28 1.07193
8 29 1.07193
8 30 1.07193
8 31 1.07193
8 32 1.07193
8 33 1.12917
8 34 1.15574
8 35 1.17799
8 36 1.18821
8 37 1.08082
8 38 1.08082
8 39 1.08082
8 40 1.08082
8 41 1.08082
8 42 1.24457
8 43 1.34251
8 44 1.40091
8 45 1.33748
8 46 1.07839
8 47 1.07839
8 48 1.07839
8 49 1.07839
8 50 1.07839
8 51 1.19543
8 52 1.25155
8 53 1.28331
8 54 1.27982
8 55 1.07514
8 56 1.07514
8 57 1.07514
8 58 1.07514
8 59 1.07514
8 60 1.15168
8 61 1.18643
8 62 1.21229
8 63 1.22205
8 64 1.07149
8 65 1.07149
8 66 1.07149
8 67 1.07149
8 68 1.07149
8 69 1.12269
8 70 1.14676
8 71 1.16755
8 72 1.17743
8 73 1.07754
8 74 1.07754
8 75 1.07754
8 76 1.07754
8 77 1.07754
8 78 1.16851
8 79 1.21085
8 80 1.23909
8 81 1.2457
8 82 1.07553
8 83 1.07553
8 84 1.07553
8 85 1.07553
8 86 1.07553
8 87 1.1517
8 88 1.18642
8 89 1.2123
8 90 1.22206
8 91 1.07283
8 92 1.07283
8 93 1.07283
8 94 1.07283
8 95 1.07283
8 96 1.13038
8 97 1.1571
8 98 1.17951
8 99 1.18984
8 100 1.06968
8 101 1.06968
8 102 1.06968
8 103 1.06968
8 104 1.06968
8 105 1.11191
8 106 1.13219
8 107 1.15037
8 108 1.15929
8 109 1.07349
8 110 1.07349
8 111 1.07349
8 112 1.07349
8 113 1.07349
8 114 1.12879
8 115 1.15559
8 116 1.17793
8 117 1.18849
8 118 1.07179
8 119 1.07179
8 120 1.07179
8 121 1.07179
8 122 1.07179
8 123 1.12221
8 124 1.14625
8 125 1.16706
8 126 1.17698
8 127 1.06959
8 128 1.06959
8 129 1.06959
8 130 1.06959
8 131 1.06959
8 132 1.11151
8 133 1.13174
8 134 1.14992
8 135 1.15884
8 136 1.06695
8 137 1.06695
8 138 1.06695
8 139 1.06695
8 140 1.06695
8 141 1.10017
8 142 1.11649
8 143 1.13152
8 144 1.13903
9 1 1.07559
9 2 1.07559
9 3 1.07559
9 4 1.07559
9 5 1.07559
9 6 1.20586
9 7 1.31416
9 8 1.547
9 9 2.14882
9 10 1.07382
9 11 1.07382
9 12 1.07382
9 13 1.07382
9 14 1.07382
9 15 1.18012
9 16 1.25
9 17 1.33658
9 18 1.39056
9 19 1.07147
9 20 1.07147
9 21 1.07147
9 22 1.07147
9 23 1.07147
9 24 1.15107
9 25 1.19674
9 26 1.24489
9 27 1.27073
9 28 1.06866
9 29 1.06866
9 30 1.06866
9 31 1.06866
9 32 1.06866
9 33 1.12652
9 34 1.15753
9 35 1.18821
9 36 1.20406
9 37 1.07507
9 38 1.07507
9 39 1.07507
9 40 1.07507
9 41 1.07507
9 42 1.18099
9 43 1.25095
9 44 1.33735
9 45 1.39108
9 46 1.07337
9 47 1.07337
9 48 1.07337
9 49 1.07337
9 50 1.07337
9 51 1.16427
9 52 1.21906
9 53 1.27976
9 54 1.31347
9 55 1.07115
9 56 1.07115
9 57 1.07115
9 58 1.07115
9 59 1.07115
9 60 1.14215
9 61 1.18164
9 62 1.22201
9 63 1.24323
9 64 1.06847
9 65 1.06847
9 66 1.06847
9 67 1.06847
9 68 1.06847
9 69 1.12161
9 70 1.14978
9 71 1.17741
9 72 1.19161
9 73 1.07312
9 74 1.07312
9 75 1.07312
9 76 1.07312
9 77 1.07312
9 78 1.15168
9 79 1.19737
9 80 1.24541
9 81 1.27121
9 82 1.07154
9 83 1.07154
9 84 1.07154
9 85 1.07154
9 86 1.07154
9 87 1.14218
9 88 1.18162
9 89 1.22195
9 90 1.24314
9 91 1.06953
9 92 1.06953
9 93 1.06953
9 94 1.06953
9 95 1.06953
9 96 1.12765
9 97 1.15886
9 98 1.18977
9 99 1.20574
9 100 1.06708
9 101 1.06708
9 102 1.06708
9 103 1.06708
9 104 1.06708
9 105 1.1125
9 106 1.13624
9 107 1.15925
9 108 1.17102
9 109 1.07023
9 110 1.07023
9 111 1.07023
9 112 1.07023
9 113 1.07023
9 114 1.1262
9 115 1.15737
9 116 1.18798
9 117 1.20404
9 118 1.06878
9 119 1.06878
9 120 1.06878
9 121 1.06878
9 122 1.06878
9 123 1.12111
9 124 1.14922
9 125 1.17681
9 126 1.191
9 127 1.067
9 128 1.067
9 129 1.067
9 130 1.067
9 131 1.067
9 132 1.11208
9 133 1.13575
9 134 1.15874
9 135 1.1705
9 136 1.06483
9 137 1.06483
9 138 1.06483
9 139 1.06483
9 140 1.06483
9 141 1.10165
9 142 1.12068
9 143 1.13897
9 144 1.14829
10 1 1.14696
10 2 1.14696
10 3 1.14696
10 4 1.14696
10 5 1.14696
10 6 1.10664
10 7 1.09168
10 8 1.07957
10 9 1.07382
10 10 1.30428
10 11 1.30428
10 12 1.30428
10 13 1.30428
10 14 1.30428
10 15 1.11755
10 16 1.09628
10 17 1.08138
10 18 1.07457
10 19 1.16171
10 20 1.16171
10 21 1.16171
10 22 1.16171
10 23 1.16171
10 24 1.11003
10 25 1.09317
10 26 1.08003
10 27 1.07385
10 28 1.12585
10 29 1.12585
10 30 1.12585
10 31 1.12585
10 32 1.12585
10 33 1.09878
10 34 1.08711
10 35 1.07706
10 36 1.07217
10 37 1.1294
10 38 1.1294
10 39 1.1294
10 40 1.1294
10 41 1.1294
10 42 1.1008
10 43 1.08867
10 44 1.07834
10 45 1.07336
10 46 1.14717
10 47 1.14717
10 48 1.14717
10 49 1.14717
10 50 1.14717
10 51 1.10684
10 52 1.09189
10 53 1.07978
10 54 1.07402
10 55 1.13524
10 56 1.13524
10 57 1.13524
10 58 1.13524
10 59 1.13524
10 60 1.10291
10 61 1.08973
10 62 1.07867
10 63 1.07334
10 64 1.11704
10 65 1.11704
10 66 1.11704
10 67 1.11704
10 68 1.11704
10 69 1.09501
10 70 1.085
10 71 1.07614
10 72 1.07178
10 73 1.1119
10 74 1.1119
10 75 1.1119
10 76 1.1119
10 77 1.1119
10 78 1.09242
10 79 1.08346
10 80 1.07543
10 81 1.07151
10 82 1.11868
10 83 1.11868
10 84 1.11868
10 85 1.11868
10 86 1.11868
10 87 1.09576
10 88 1.08548
10 89 1.07645
10 90 1.07203
10 91 1.11434
10 92 1.11434
10 93 1.11434
10 94 1.11434
10 95 1.11434
10 96 1.09361
10 97 1.08408
10 98 1.0756
10 99 1.07142
10 100 1.10505
10 101 1.10505
10 102 1.10505
10 103 1.10505
10 104 1.10505
10 105 1.08861
10 106 1.08076
10 107 1.07362
10 108 1.07006
10 109 1.09764
10 110 1.09764
10 111 1.09764
10 112 1.09764
10 113 1.09764
10 114 1.08406
10 115 1.07758
10 116 1.0716
10 117 1.06873
10 118 1.10091
10 119 1.10091
10 120 1.10091
10 121 1.10091
10 122 1.10091
10 123 1.086
10 124 1.07885
10 125 1.07233
10 126 1.0691
10 127 1.09877
10 128 1.09877
10 129 1.09877
10 130 1.09877
10 131 1.09877
10 132 1.08472
10 133 1.07792
10 134 1.07168
10 135 1.06857
10 136 1.09359
10 137 1.09359
10 138 1.09359
10 139 1.09359
10 140 1.09359
10 141 1.08156
10 142 1.07564
10 143 1.07016
10 144 1.06741
11 1 1.14696
11 2 1.14696
11 3 1.14696
11 4 1.14696
11 5 1.14696
11 6 1.10664
11 7 1.09168
11 8 1.07957
11 9 1.07382
11 10 1.30428
11 11 1.30428
11 12 1.30428
11 13 1.30428
11 14 1.30428
11 15 1.11755
11 16 1.09628
11 17 1.08138
11 18 1.07457
11 19 1.16171
11 20 1.16171
11 21 1.16171
11 22 1.16171
11 23 1.16171
11 24 1.11003
11 25 1.09317
11 26 1.08003
11 27 1.07385
11 28 1.12585
11 29 1.12585
11 30 1.12585
11 31 1.12585
11 32 1.12585
11 33 1.09878
11 34 1.08711
11 35 1.07706
11 36 1.07217
11 37 1.1294
11 38 1.1294
11 39 1.1294
11 40 1.1294
11 41 1.1294
11 42 1.1008
11 43 1.08867
11 44 1.07834
11 45 1.07336
11 46 1.14717
11 47 1.14717
11 48 1.14717
11 49 1.14717
11 50 1.14717
11 51 1.10684
11 52 1.09189
11 53 1.07978
11 54 1.07402
11 55 1.13524
11 56 1.13524
11 57 1.13524
11 58 1.13524
11 59 1.13524
11 60 1.10291
11 61 1.08973
11 62 1.07867
11 63 1.07334
11 64 1.11704
11 65 1.11704
11 66 1.11704
11 67 1.11704
11 68 1.11704
11 69 1.09501
11 70 1.085
11 71 1.07614
11 72 1.07178
11 73 1.1119
11 74 1.1119
11 75 1.1119
11 76 1.1119
11 77 1.1119
11 78 1.09242
11 79 1.08346
11 80 1.07543
11 81 1.07151
11 82 1.11868
11 83 1.11868
11 84 1.11868
11 85 1.11868
11 86 1.11868
11 87 1.09576
11 88 1.08548
11 89 1.07645
11 90 1.07203
11 91 1.11434
11 92 1.11434
11 93 1.11434
11 94 1.11434
11 95 1.11434
11 96 1.09361
11 97 1.08408
11 98 1.0756
11 99 1.07142
11 100 1.10505
11 101 1.10505
11 102 1.10505
11 103 1.10505
11 104 1.10505
11 105 1.08861
11 106 1.08076
11 107 1.07362
11 108 1.07006
11 109 1.09764
11 110 1.09764
11 111 1.09764
11 112 1.09764
11 113 1.09764
11 114 1.08406
11 115 1.07758
11 116 1.0716
11 117 1.06873
11 118 1.10091
11 119 1.10091
11 120 1.10091
11 121 1.10091
11 122 1.10091
11 123 1.086
11 124 1.07885
11 125 1.07233
11 126 1.0691
11 127 1.09877
11 128 1.09877
11 129 1.09877
11 130 1.09877
11 131 1.09877
11 132 1.08472
11 133 1.07792
11 134 1.07168
11 135 1.06857
11 136 1.09359
11 137 1.09359
11 138 1.09359
11 139 1.09359
11 140 1.09359
11 141 1.08156
11 142 1.07564
11 143 1.07016
11 144 1.06741
12 1 1.14696
12 2 1.14696
12 3 1.14696
12 4 1.14696
12 5 1.14696
12 6 1.10664
12 7 1.09168
12 8 1.07957
12 9 1.07382
12 10 1.30428
12 11 1.30428
12 12 1.30428
12 13 1.30428
12 14 1.30428
12 15 1.11755
12 16 1.09628
12 17 1.08138
12 18 1.07457
12 19 1.16171
12 20 1.16171
12 21 1.16171
12 22 1.16171
12 23 1.16171
12 24 1.11003
12 25 1.09317
12 26 1.08003
12 27 1.07385
12 28 1.12585
12 29 1.12585
12 30 1.12585
12 31 1.12585
12 32 1.12585
12 33 1.09878
12 34 1.08711
12 35 1.07706
12 36 1.07217
12 37 1.1294
12 38 1.1294
12 39 1.1294
12 40 1.1294
12 41 1.1294
12 42 1.1008
12 43 1.08867
12 44 1.07834
12 45 1.07336
12 46 1.14717
12 47 1.14717
12 48 1.14717
12 49 1.14717
12 50 1.14717
12 51 1.10684
12 52 1.09189
12 53 1.07978
12 54 1.07402
12 55 1.13524
12 56 1.13524
12 57 1.13524
12 58 1.13524
12 59 1.13524
12 60 1.10291
12 61 1.08973
12 62 1.07867
12 63 1.07334
12 64 1.11704
12 65 1.11704
12 66 1.11704
12 67 1.11704
12 68 1.11704
12 69 1.09501
12 70 1.085
12 71 1.07614
12 72 1.07178
12 73 1.1119
12 74 1.1119
12 75 1.1119
12 76 1.1119
12 77 1.1119
12 78 1.09242
12 79 1.08346
12 80 1.07543
12 81 1.07151
12 82 1.11868
12 83 1.11868
12 84 1.11868
12 85 1.11868
12 86 1.11868
12 87 1.09576
12 88 1.08548
12 89 1.07645
12 90 1.07203
12 91 1.11434
12 92 1.11434
12 93 1.11434
12 94 1.11434
12 95 1.11434
12 96 1.09361
12 97 1.08408
12 98 1.0756
12 99 1.07142
12 100 1.10505
12 101 1.10505
12 102 1.10505
12 103 1.10505
12 104 1.10505
12 105 1.08861
12 106 1.08076
12 107 1.07362
12 108 1.07006
12 109 1.09764
12 110 1.09764
12 111 1.09764
12 112 1.09764
12 113 1.09764
12 114 1.08406
12 115 1.07758
12 116 1.0716
12 117 1.06873
12 118 1.10091
12 119 1.10091
12 120 1.10091
12 121 1.10091
12 122 1.10091
12 123 1.086
12 124 1.07885
12 125 1.07233
12 126 1.0691
12 127 1.09877
12 128 1.09877
12 129 1.09877
12 130 1.09877
12 131 1.09877
12 132 1.08472
12 133 1.07792
12 134 1.07168
12 135 1.06857
12 136 1.09359
12 137 1.09359
12 138 1.09359
12 139 1.09359
12 140 1.09359
12 141 1.08156
12 142 1.07564
12 143 1.07016
12 144 1.06741
13 1 1.14696
13 2 1.14696
13 3 1.14696
13 4 1.14696
13 5 1.14696
13 6 1.10664
13 7 1.09168
13 8 1.07957
13 9 1.07382
13 10 1.30428
13 11 1.30428
13 12 1.30428
13 13 1.30428
13 14 1.30428
13 15 1.11755
13 16 1.09628
13 17 1.08138
13 18 1.07457
13 19 1.16171
13 20 1.16171
13 21 1.16171
13 22 1.16171
13 23 1.16171
13 24 1.11003
13 25 1.09317
13 26 1.08003
13 27 1.07385
13 28 1.12585
13 29 1.12585
13 30 1.12585
13 31 1.12585
13 32 1.12585
13 33 1.09878
13 34 1.08711
13 35 1.07706
13 36 1.07217
13 37 1.1294
13 38 1.1294
13 39 1.1294
13 40 1.1294
13 41 1.1294
13 42 1.1008
13 43 1.08867
13 44 1.07834
13 45 1.07336
13 46 1.14717
13 47 1.14717
13 48 1.14717
13 49 1.14717
13 50 1.14717
13 51 1.10684
13 52 1.09189
13 53 1.07978
13 54 1.07402
13 55 1.13524
13 56 1.13524
13 57 1.13524
13 58 1.13524
13 59 1.13524
13 60 1.10291
13 61 1.08973
13 62 1.07867
13 63 1.07334
13 64 1.11704
13 65 1.11704
13 66 1.11704
13 67 1.11704
13 68 1.11704
13 69 1.09501
13 70 1.085
13 71 1.07614
13 72 1.07178
13 73 1.1119
13 74 1.1119
13 75 1.1119
13 76 1.1119
13 77 1.1119
13 78 1.09242
13 79 1.08346
13 80 1.07543
13 81 1.07151
13 82 1.11868
13 83 1.11868
13 84 1.11868
13 85 1.11868
13 86 1.11868
13 87 1.09576
13 88 1.08548
13 89 1.07645
13 90 1.07203
13 91 1.11434
13 92 1.11434
13 93 1.11434
13 94 1.11434
13 95 1.11434
13 96 1.09361
13 97 1.08408
13 98 1.0756
13 99 1.07142
13 100 1.10505
13 101 1.10505
13 102 1.10505
13 103 1.10505
13 104 1.10505
13 105 1.08861
13 106 1.08076
13 107 1.07362
13 108 1.07006
13 109 1.09764
13 110 1.09764
13 111 1.09764
13 112 1.09764
13 113 1.09764
13 114 1.08406
13 115 1.07758
13 116 1.0716
13 117 1.06873
13 118 1.10091
13 119 1.10091
13 120 1.10091
13 121 1.10091
13 122 1.10091
13 123 1.086
13 124 1.07885
13 125 1.07233
13 126 1.0691
13 127 1.09877
13 128 1.09877
13 129 1.09877
13 130 1.09877
13 131 1.09877
13 132 1.08472
13 133 1.07792
13 134 1.07168
13 135 1.06857
13 136 1.09359
13 137 1.09359
13 138 1.09359
13 139 1.09359
13 140 1.09359
13 141 1.08156
13 142 1.07564
13 143 1.07016
13 144 1.06741
14 1 1.14696
14 2 1.14696
14 3 1.14696
14 4 1.14696
14 5 1.14696
14 6 1.10664
14 7 1.09168
14 8 1.07957
14 9 1.07382
14 10 1.30428
14 11 1.30428
14 12 1.30428
14 13 1.30428
14 14 1.30428
14 15 1.11755
14 16 1.09628
14 17 1.08138
14 18 1.07457
14 19 1.16171
14 20 1.16171
14 21 1.16171
14 22 1.16171
14 23 1.16171
14 24 1.11003
14 25 1.09317
14 26 1.08003
14 27 1.07385
14 28 1.12585
14 29 1.12585
14 30 1.12585
14 31 1.12585
14 32 1.12585
14 33 1.09878
14 34 1.08711
14 35 1.07706
14 36 1.07217
14 37 1.1294
14 38 1.1294
14 39 1.1294
14 40 1.1294
14 41 1.1294
14 42 1.1008
14 43 1.08867
14 44 1.07834
14 45 1.07336
14 46 1.14717
14 47 1.14717
14 48 1.14717
14 49 1.14717
14 50 1.14717
14 51 1.10684
14 52 1.09189
14 53 1.07978
14 54 1.07402
14 55 1.13524
14 56 1.13524
14 57 1.13524
14 58 1.13524
14 59 1.13524
14 60 1.10291
14 61 1.08973
14 62 1.07867
14 63 1.07334
14 64 1.11704
14 65 1.11704
14 66 1.11704
14 67 1.11704
14 68 1.11704
14 69 1.09501
14 70 1.085
14 71 1.07614
14 72 1.07178
14 73 1.1119
14 74 1.1119
14 75 1.1119
14 76 1.1119
14 77 1.1119
14 78 1.09242
14 79 1.08346
14 80 1.07543
14 81 1.07151
14 82 1.11868
14 83 1.11868
14 84 1.11868
14 85 1.11868
14 86 1.11868
14 87 1.09576
14 88 1.08548
14 89 1.07645
14 90 1.07203
14 91 1.11434
14 92 1.11434
14 93 1.11434
14 94 1.11434
14 95 1.11434
14 96 1.09361
14 97 1.08408
14 98 1.0756
14 99 1.07142
14 100 1.10505
14 101 1.10505
14 102 1.10505
14 103 1.10505
14 104 1.10505
14 105 1.08861
14 106 1.08076
14 107 1.07362
14 108 1.07006
14 109 1.09764
14 110 1.09764
14 111 1.09764
14 112 1.09764
14 113 1.09764
14 114 1.08406
14 115 1.07758
14 116 1.0716
14 117 1.06873
14 118 1.10091
14 119 1.10091
14 120 1.10091
14 121 1.10091
14 122 1.10091
14 123 1.086
14 124 1.07885
14 125 1.07233
14 126 1.0691
14 127 1.09877
14 128 1.09877
14 129 1.09877
14 130 1.09877
14 131 1.09877
14 132 1.08472
14 133 1.07792
14 134 1.07168
14 135 1.06857
14 136 1.09359
14 137 1.09359
14 138 1.09359
14 139 1.09359
14 140 1.09359
14 141 1.08156
14 142 1.07564
14 143 1.07016
14 144 1.06741
15 1 1.10665
15 2 1.10665
15 3 1.10665
15 4 1.10665
15 5 1.10665
15 6 1.44685
15 7 1.36788
15 8 1.2439
15 9 1.18012
15 10 1.11755
15 11 1.11755
15 12 1.11755
15 13 1.11755
15 14 1.11755
15 15 6.9211
15 16 2.1467
15 17 1.39521
15 18 1.20499
15 19 1.11002
15 20 1.11002
15 21 1.11002
15 22 1.11002
15 23 1.11002
15 24 1.68207
15 25 1.48563
15 26 1.28205
15 27 1.18907
15 28 1.09877
15 29 1.09877
15 30 1.09877
15 31 1.09877
15 32 1.09877
15 33 1.24222
15 34 1.23224
15 35 1.18781
15 36 1.16039
15 37 1.10088
15 38 1.10088
15 39 1.10088
15 40 1.10088
15 41 1.10088
15 42 1.25942
15 43 1.24639
15 44 1.19518
15 45 1.16429
15 46 1.10687
15 47 1.10687
15 48 1.10687
15 49 1.10687
15 50 1.10687
15 51 1.44702
15 52 1.36811
15 53 1.24414
15 54 1.18026
15 55 1.10292
15 56 1.10292
15 57 1.10292
15 58 1.10292
15 59 1.10292
15 60 1.3116
15 61 1.28452
15 62 1.21213
15 63 1.17039
15 64 1.09501
15 65 1.09501
15 66 1.09501
15 67 1.09501
15 68 1.09501
15 69 1.18493
15 70 1.18631
15 71 1.16456
15 72 1.14957
15 73 1.0926
15 74 1.0926
15 75 1.0926
15 76 1.0926
15 77 1.0926
15 78 1.15938
15 79 1.16394
15 80 1.15149
15 81 1.14228
15 82 1.09583
15 83 1.09583
15 84 1.09583
15 85 1.09583
15 86 1.09583
15 87 1.19433
15 88 1.19384
15 89 1.16838
15 90 1.1514
15 91 1.09363
15 92 1.09363
15 93 1.09363
15 94 1.09363
15 95 1.09363
15 96 1.17243
15 97 1.17532
15 98 1.15813
15 99 1.14587
15 100 1.08862
15 101 1.08862
15 102 1.08862
15 103 1.08862
15 104 1.08862
15 105 1.13618
15 106 1.14235
15 107 1.13744
15 108 1.13282
15 109 1.08433
15 110 1.08433
15 111 1.08433
15 112 1.08433
15 113 1.08433
15 114 1.11453
15 115 1.12146
15 116 1.12202
15 117 1.12139
15 118 1.08612
15 119 1.08612
15 120 1.08612
15 121 1.08612
15 122 1.08612
15 123 1.12449
15 124 1.13099
15 125 1.1291
15 126 1.12656
15 127 1.08479
15 128 1.08479
15 129 1.08479
15 130 1.08479
15 131 1.08479
15 132 1.11905
15 133 1.12563
15 134 1.1251
15 135 1.12346
15 136 1.08159
15 137 1.08159
15 138 1.08159
15 139 1.08159
15 140 1.08159
15 141 1.10704
15 142 1.1135
15 143 1.11547
15 144 1.11558
16 1 1.0917
16 2 1.0917
16 3 1.0917
16 4 1.0917
16 5 1.0917
16 6 1.36795
16 7 1.46961
16 8 1.34179
16 9 1.25
16 10 1.09628
16 11 1.09628
16 12 1.09628
16 13 1.09628
16 14 1.09628
16 15 2.1467
16 16 6.92816
16 17 1.99965
16 18 1.3133
16 19 1.09316
16 20 1.09316
16 21 1.09316
16 22 1.09316
16 23 1.09316
16 24 1.48562
16 25 1.70097
16 26 1.4314
16 27 1.26974
16 28 1.0871
16 29 1.0871
16 30 1.0871
16 31 1.0871
16 32 1.0871
16 33 1.23224
16 34 1.26902
16 35 1.24043
16 36 1.21289
16 37 1.08877
16 38 1.08877
16 39 1.08877
16 40 1.08877
16 41 1.08877
16 42 1.2464
16 43 1.28594
16 44 1.25119
16 45 1.21905
16 46 1.09192
16 47 1.09192
16 48 1.09192
16 49 1.09192
16 50 1.09192
16 51 1.3681
16 52 1.46984
16 53 1.34206
16 54 1.25012
16 55 1.08974
16 56 1.08974
16 57 1.08974
16 58 1.08974
16 59 1.08974
16 60 1.28451
16 61 1.33722
16 62 1.27971
16 63 1.23066
16 64 1.085
16 65 1.085
16 66 1.085
16 67 1.085
16 68 1.085
16 69 1.1863
16 70 1.21184
16 71 1.20472
16 72 1.19384
16 73 1.08361
16 74 1.08361
16 75 1.08361
16 76 1.08361
16 77 1.08361
16 78 1.16364
16 79 1.18567
16 80 1.18606
16 81 1.18163
16 82 1.08555
16 83 1.08555
16 84 1.08555
16 85 1.08555
16 86 1.08555
16 87 1.19378
16 88 1.22116
16 89 1.21054
16 90 1.19697
16 91 1.08411
16 92 1.08411
16 93 1.08411
16 94 1.08411
16 95 1.08411
16 96 1.1753
16 97 1.19899
16 98 1.19558
16 99 1.18778
16 100 1.08077
16 101 1.08077
16 102 1.08077
16 103 1.08077
16 104 1.08077
16 105 1.14235
16 106 1.1609
16 107 1.16672
16 108 1.16685
16 109 1.07783
16 110 1.07783
16 111 1.07783
16 112 1.07783
16 113 1.07783
16 114 1.12088
16 115 1.13678
16 116 1.14579
16 117 1.1493
16 118 1.07898
16 119 1.07898
16 120 1.07898
16 121 1.07898
16 122 1.07898
16 123 1.13084
16 124 1.14786
16 125 1.15549
16 126 1.15737
16 127 1.07799
16 128 1.07799
16 129 1.07799
16 130 1.07799
16 131 1.07799
16 132 1.12558
16 133 1.1417
16 134 1.15009
16 135 1.15269
16 136 1.07568
16 137 1.07568
16 138 1.07568
16 139 1.07568
16 140 1.07568
16 141 1.11349
16 142 1.12764
16 143 1.13705
16 144 1.14087
17 1 1.07959
17 2 1.07959
17 3 1.07959
17 4 1.07959
17 5 1.07959
17 6 1.24401
17 7 1.34195
17 8 1.40024
17 9 1.33658
17 10 1.08138
17 11 1.08138
17 12 1.08138
17 13 1.08138
17 14 1.08138
17 15 1.39521
17 16 1.99965
17 17 6.28381
17 18 1.54639
17 19 1.08002
17 20 1.08002
17 21 1.08002
17 22 1.08002
17 23 1.08002
17 24 1.28204
17 25 1.43137
17 26 1.55636
17 27 1.3798
17 28 1.07705
17 29 1.07705
17 30 1.07705
17 31 1.07705
17 32 1.07705
17 33 1.1878
17 34 1.24042
17 35 1.27156
17 36 1.27038
17 37 1.07841
17 38 1.07841
17 39 1.07841
17 40 1.07841
17 41 1.07841
17 42 1.19525
17 43 1.2514
17 44 1.28297
17 45 1.2797
17 46 1.0798
17 47 1.0798
17 48 1.0798
17 49 1.0798
17 50 1.0798
17 51 1.24413
17 52 1.34206
17 53 1.40048
17 54 1.3367
17 55 1.07868
17 56 1.07868
17 57 1.07868
17 58 1.07868
17 59 1.07868
17 60 1.2121
17 61 1.27969
17 62 1.31562
17 63 1.29985
17 64 1.07614
17 65 1.07614
17 66 1.07614
17 67 1.07614
17 68 1.07614
17 69 1.16455
17 70 1.20471
17 71 1.2322
17 72 1.24008
17 73 1.07555
17 74 1.07555
17 75 1.07555
17 76 1.07555
17 77 1.07555
17 78 1.1511
17 79 1.18596
17 80 1.21186
17 81 1.22184
17 82 1.07651
17 83 1.07651
17 84 1.07651
17 85 1.07651
17 86 1.07651
17 87 1.16826
17 88 1.21048
17 89 1.23856
17 90 1.24501
17 91 1.07563
17 92 1.07563
17 93 1.07563
17 94 1.07563
17 95 1.07563
17 96 1.15808
17 97 1.19554
17 98 1.22225
17 99 1.23111
17 100 1.07363
17 101 1.07363
17 102 1.07363
17 103 1.07363
17 104 1.07363
17 105 1.13742
17 106 1.16671
17 107 1.1904
17 108 1.20086
17 109 1.07183
17 110 1.07183
17 111 1.07183
17 112 1.07183
17 113 1.07183
17 114 1.12118
17 115 1.14551
17 116 1.16637
17 117 1.17665
17 118 1.07243
17 119 1.07243
17 120 1.07243
17 121 1.07243
17 122 1.07243
17 123 1.12879
17 124 1.15532
17 125 1.17758
17 126 1.18786
17 127 1.07174
17 128 1.07174
17 129 1.07174
17 130 1.07174
17 131 1.07174
17 132 1.12498
17 133 1.15
17 134 1.17139
17 135 1.18146
17 136 1.07019
17 137 1.07019
17 138 1.07019
17 139 1.07019
17 140 1.07019
17 141 1.11543
17 142 1.13701
17 143 1.15615
17 144 1.16546
18 1 1.07382
18 2 1.07382
18 3 1.07382
18 4 1.07382
18 5 1.07382
18 6 1.18012
18 7 1.25003
18 8 1.33655
18 9 1.39056
18 10 1.07457
18 11 1.07457
18 12 1.07457
18 13 1.07457
18 14 1.07457
18 15 1.20499
18 16 1.3133
18 17 1.54639
18 18 2.14842
18 19 1.07384
18 20 1.07384
18 21 1.07384
18 22 1.07384
18 23 1.07384
18 24 1.18907
18 25 1.26974
18 26 1.37981
18 27 1.45801
18 28 1.07216
18 29 1.07216
18 30 1.07216
18 31 1.07216
18 32 1.07216
18 33 1.1604
18 34 1.21289
18 35 1.27039
18 36 1.30213
18 37 1.07338
18 38 1.07338
18 39 1.07338
18 40 1.07338
18 41 1.07338
18 42 1.16412
18 43 1.21901
18 44 1.27957
18 45 1.31337
18 46 1.07403
18 47 1.07403
18 48 1.07403
18 49 1.07403
18 50 1.07403
18 51 1.18021
18 52 1.25008
18 53 1.33667
18 54 1.39071
18 55 1.07335
18 56 1.07335
18 57 1.07335
18 58 1.07335
18 59 1.07335
18 60 1.17038
18 61 1.23064
18 62 1.29985
18 63 1.33949
18 64 1.07178
18 65 1.07178
18 66 1.07178
18 67 1.07178
18 68 1.07178
18 69 1.14957
18 70 1.19383
18 71 1.24008
18 72 1.26473
18 73 1.07156
18 74 1.07156
18 75 1.07156
18 76 1.07156
18 77 1.07156
18 78 1.14168
18 79 1.18125
18 80 1.22159
18 81 1.24296
18 82 1.07207
18 83 1.07207
18 84 1.07207
18 85 1.07207
18 86 1.07207
18 87 1.15121
18 88 1.19683
18 89 1.24494
18 90 1.2708
18 91 1.07145
18 92 1.07145
18 93 1.07145
18 94 1.07145
18 95 1.07145
18 96 1.1458
18 97 1.18772
18 98 1.23108
18 99 1.25406
18 100 1.07007
18 101 1.07007
18 102 1.07007
18 103 1.07007
18 104 1.07007
18 105 1.13279
18 106 1.16683
18 107 1.20085
18 108 1.21853
18 109 1.06882
18 110 1.06882
18 111 1.06882
18 112 1.06882
18 113 1.06882
18 114 1.12013
18 115 1.14855
18 116 1.17617
18 117 1.1907
18 118 1.06916
18 119 1.06916
18 120 1.06916
18 121 1.06916
18 122 1.06916
18 123 1.12612
18 124 1.15706
18 125 1.18772
18 126 1.20361
18 127 1.06861
18 128 1.06861
18 129 1.06861
18 130 1.06861
18 131 1.06861
18 132 1.12328
18 133 1.15254
18 134 1.18139
18 135 1.19628
18 136 1.06744
18 137 1.06744
18 138 1.06744
18 139 1.06744
18 140 1.06744
18 141 1.11552
18 142 1.14081
18 143 1.16544
18 144 1.17806
19 1 1.11817
19 2 1.11817
19 3 1.11817
19 4 1.11817
19 5 1.11817
19 6 1.09527
19 7 1.08497
19 8 1.07591
19 9 1.07147
19 10 1.16171
19 11 1.16171
19 12 1.16171
19 13 1.16171
19 14 1.16171
19 15 1.11002
19 16 1.09316
19 17 1.08002
19 18 1.07384
19 19 1.30429
19 20 1.30429
19 21 1.30429
19 22 1.30429
19 23 1.30429
19 24 1.11755
19 25 1.09628
19 26 1.08137
19 27 1.07456
19 28 1.16202
19 29 1.16202
19 30 1.16202
19 31 1.16202
19 32 1.16202
19 33 1.11034
19 34 1.09348
19 35 1.08033
19 36 1.07415
19 37 1.1116
19 38 1.1116
19 39 1.1116
19 40 1.1116
19 41 1.1116
19 42 1.09218
19 43 1.08316
19 44 1.0751
19 45 1.07114
19 46 1.13524
19 47 1.13524
19 48 1.13524
19 49 1.13524
19 50 1.13524
19 51 1.10289
19 52 1.08971
19 53 1.07866
19 54 1.07333
19 55 1.14719
19 56 1.14719
19 57 1.14719
19 58 1.14719
19 59 1.14719
19 60 1.10686
19 61 1.0919
19 62 1.07977
19 63 1.07399
19 64 1.13556
19 65 1.13556
19 66 1.13556
19 67 1.13556
19 68 1.13556
19 69 1.10323
19 70 1.09004
19 71 1.07897
19 72 1.07363
19 73 1.10165
19 74 1.10165
19 75 1.10165
19 76 1.10165
19 77 1.10165
19 78 1.08652
19 79 1.07933
19 80 1.07275
19 81 1.06951
19 82 1.11434
19 83 1.11434
19 84 1.11434
19 85 1.11434
19 86 1.11434
19 87 1.09357
19 88 1.08404
19 89 1.07558
19 90 1.07142
19 91 1.1187
19 92 1.1187
19 93 1.1187
19 94 1.1187
19 95 1.1187
19 96 1.09578
19 97 1.08549
19 98 1.07644
19 99 1.07199
19 100 1.11467
19 101 1.11467
19 102 1.11467
19 103 1.11467
19 104 1.11467
19 105 1.09392
19 106 1.08439
19 107 1.0759
19 108 1.07171
19 109 1.09146
19 110 1.09146
19 111 1.09146
19 112 1.09146
19 113 1.09146
19 114 1.08002
19 115 1.07454
19 116 1.06942
19 117 1.06697
19 118 1.09876
19 119 1.09876
19 120 1.09876
19 121 1.09876
19 122 1.09876
19 123 1.08465
19 124 1.07786
19 125 1.07165
19 126 1.06856
19 127 1.10094
19 128 1.10094
19 129 1.10094
19 130 1.10094
19 131 1.10094
19 132 1.08603
19 133 1.07886
19 134 1.07231
19 135 1.06905
19 136 1.0991
19 137 1.0991
19 138 1.0991
19 139 1.0991
19 140 1.0991
19 141 1.08505
19 142 1.07823
19 143 1.07197
19 144 1.06884
20 1 1.11817
20 2 1.11817
20 3 1.11817
20 4 1.11817
20 5 1.11817
20 6 1.09527
20 7 1.08497
20 8 1.07591
20 9 1.07147
20 10 1.16171
20 11 1.16171
20 12 1.16171
20 13 1.16171
20 14 1.16171
20 15 1.11002
20 16 1.09316
20 17 1.08002
20 18 1.07384
20 19 1.30429
20 20 1.30429
20 21 1.30429
20 22 1.30429
20 23 1.30429
20 24 1.11755
20 25 1.09628
20 26 1.08137
20 27 1.07456
20 28 1.16202
20 29 1.16202
20 30 1.16202
20 31 1.16202
20 32 1.16202
20 33 1.11034
20 34 1.09348
20 35 1.08033
20 36 1.07415
20 37 1.1116
20 38 1.1116
20 39 1.1116
20 40 1.1116
20 41 1.1116
20 42 1.09218
20 43 1.08316
20 44 1.0751
20 45 1.07114
20 46 1.13524
20 47 1.13524
20 48 1.13524
20 49 1.13524
20 50 1.13524
20 51 1.10289
20 52 1.08971
20 53 1.07866
20 54 1.07333
20 55 1.14719
20 56 1.14719
20 57 1.14719
20 58 1.14719
20 59 1.14719
20 60 1.10686
20 61 1.0919
20 62 1.07977
20 63 1.07399
20 64 1.13556
20 65 1.13556
20 66 1.13556
20 67 1.13556
20 68 1.13556
20 69 1.10323
20 70 1.09004
20 71 1.07897
20 72 1.07363
20 73 1.10165
20 74 1.10165
20 75 1.10165
20 76 1.10165
20 77 1.10165
20 78 1.08652
20 79 1.07933
20 80 1.07275
20 81 1.06951
20 82 1.11434
20 83 1.11434
20 84 1.11434
20 85 1.11434
20 86 1.11434
20 87 1.09357
20 88 1.08404
20 89 1.07558
20 90 1.07142
20 91 1.1187
20 92 1.1187
20 93 1.1187
20 94 1.1187
20 95 1.1187
20 96 1.09578
20 97 1.08549
20 98 1.07644
20 99 1.07199
20 100 1.11467
20 101 1.11467
20 102 1.11467
20 103 1.11467
20 104 1.11467
20 105 1.09392
20 106 1.08439
20 107 1.0759
20 108 1.07171
20 109 1.09146
20 110 1.09146
20 111 1.09146
20 112 1.09146
20 113 1.09146
20 114 1.08002
20 115 1.07454
20 116 1.06942
20 117 1.06697
20 118 1.09876
20 119 1.09876
20 120 1.09876
20 121 1.09876
20 122 1.09876
20 123 1.08465
20 124 1.07786
20 125 1.07165
20 126 1.06856
20 127 1.10094
20 128 1.10094
20 129 1.10094
20 130 1.10094
20 131 1.10094
20 132 1.08603
20 133 1.07886
20 134 1.07231
20 135 1.06905
20 136 1.0991
20 137 1.0991
20 138 1.0991
20 139 1.0991
20 140 1.0991
20 141 1.08505
20 142 1.07823
20 143 1.07197
20 144 1.06884
21 1 1.11817
21 2 1.11817
21 3 1.11817
21 4 1.11817
21 5 1.11817
21 6 1.09527
21 7 1.08497
21 8 1.07591
21 9 1.07147
21 10 1.16171
21 11 1.16171
21 12 1.16171
21 13 1.16171
21 14 1.16171
21 15 1.11002
21 16 1.09316
21 17 1.08002
21 18 1.07384
21 19 1.30429
21 20 1.30429
21 21 1.30429
21 22 1.30429
21 23 1.30429
21 24 1.11755
21 25 1.09628
21 26 1.08137
21 27 1.07456
21 28 1.16202
21 29 1.16202
21 30 1.16202
21 31 1.16202
21 32 1.16202
21 33 1.11034
21 34 1.09348
21 35 1.08033
21 36 1.07415
21 37 1.1116
21 38 1.1116
21 39 1.1116
