injected_el measured_el potential
1 1 1.30486
1 2 1.30486
1 3 1.30486
1 4 1.30486
1 5 1.30486
1 6 1.11823
1 7 1.09719
1 8 1.08274
1 9 1.07625
1 10 1.14668
1 11 1.14668
1 12 1.14668
1 13 1.14668
1 14 1.14668
1 15 1.10662
1 16 1.09177
1 17 1.07996
1 18 1.07442
1 19 1.11795
1 20 1.11795
1 21 1.11795
1 22 1.11795
1 23 1.11795
1 24 1.09533
1 25 1.08518
1 26 1.07631
1 27 1.07197
1 28 1.10041
1 29 1.10041
1 30 1.10041
1 31 1.10041
1 32 1.10041
1 33 1.0858
1 34 1.07874
1 35 1.07228
1 36 1.06906
1 37 1.14761
1 38 1.14761
1 39 1.14761
1 40 1.14761
1 41 1.14761
1 42 1.10721
1 43 1.09298
1 44 1.08134
1 45 1.07614
1 46 1.12903
1 47 1.12903
1 48 1.12903
1 49 1.12903
1 50 1.12903
1 51 1.10099
1 52 1.08885
1 53 1.07888
1 54 1.07426
1 55 1.11134
1 56 1.11134
1 57 1.11134
1 58 1.11134
1 59 1.11134
1 60 1.09238
1 61 1.08357
1 62 1.07571
1 63 1.07184
1 64 1.09734
1 65 1.09734
1 66 1.09734
1 67 1.09734
1 68 1.09734
1 69 1.08427
1 70 1.07787
1 71 1.07196
1 72 1.06901
1 73 1.11909
1 74 1.11909
1 75 1.11909
1 76 1.11909
1 77 1.11909
1 78 1.09664
1 79 1.08703
1 80 1.07821
1 81 1.07441
1 82 1.11149
1 83 1.11149
1 84 1.11149
1 85 1.11149
1 86 1.11149
1 87 1.09305
1 88 1.084
1 89 1.07617
1 90 1.07262
1 91 1.10138
1 92 1.10138
1 93 1.10138
1 94 1.10138
1 95 1.10138
1 96 1.08707
1 97 1.08001
1 98 1.07354
1 99 1.07036
1 100 1.09146
1 101 1.09146
1 102 1.09146
1 103 1.09146
1 104 1.09146
1 105 1.08069
1 106 1.07529
1 107 1.07025
1 108 1.06772
1 109 1.10141
1 110 1.10141
1 111 1.10141
1 112 1.10141
1 113 1.10141
1 114 1.08749
1 115 1.08076
1 116 1.07431
1 117 1.0716
1 118 1.09728
1 119 1.09728
1 120 1.09728
1 121 1.09728
1 122 1.09728
1 123 1.08528
1 124 1.07852
1 125 1.07258
1 126 1.06998
1 127 1.09122
1 128 1.09122
1 129 1.09122
1 130 1.09122
1 131 1.09122
1 132 1.08089
1 133 1.07543
1 134 1.0704
1 135 1.06794
1 136 1.08442
1 137 1.08442
1 138 1.08442
1 139 1.08442
1 140 1.08442
1 141 1.076
1 142 1.07168
1 143 1.0676
1 144 1.06554
2 1 1.30486
2 2 1.30486
2 3 1.30486
2 4 1.30486
2 5 1.30486
2 6 1.11823
2 7 1.09719
2 8 1.08274
2 9 1.07625
2 10 1.14668
2 11 1.14668
2 12 1.14668
2 13 1.14668
2 14 1.14668
2 15 1.10662
2 16 1.09177
2 17 1.07996
2 18 1.07442
2 19 1.11795
2 20 1.11795
2 21 1.11795
2 22 1.11795
2 23 1.11795
2 24 1.09533
2 25 1.08518
2 26 1.07631
2 27 1.07197
2 28 1.10041
2 29 1.10041
2 30 1.10041
2 31 1.10041
2 32 1.10041
2 33 1.0858
2 34 1.07874
2 35 1.07228
2 36 1.06906
2 37 1.14761
2 38 1.14761
2 39 1.14761
2 40 1.14761
2 41 1.14761
2 42 1.10721
2 43 1.09298
2 44 1.08134
2 45 1.07614
2 46 1.12903
2 47 1.12903
2 48 1.12903
2 49 1.12903
2 50 1.12903
2 51 1.10099
2 52 1.08885
2 53 1.07888
2 54 1.07426
2 55 1.11134
2 56 1.11134
2 57 1.11134
2 58 1.11134
2 59 1.11134
2 60 1.09238
2 61 1.08357
2 62 1.07571
2 63 1.07184
2 64 1.09734
2 65 1.09734
2 66 1.09734
2 67 1.09734
2 68 1.09734
2 69 1.08427
2 70 1.07787
2 71 1.07196
2 72 1.06901
2 73 1.11909
2 74 1.11909
2 75 1.11909
2 76 1.11909
2 77 1.11909
2 78 1.09664
2 79 1.08703
2 80 1.07821
2 81 1.07441
2 82 1.11149
2 83 1.11149
2 84 1.11149
2 85 1.11149
2 86 1.11149
2 87 1.09305
2 88 1.084
2 89 1.07617
2 90 1.07262
2 91 1.10138
2 92 1.10138
2 93 1.10138
2 94 1.10138
2 95 1.10138
2 96 1.08707
2 97 1.08001
2 98 1.07354
2 99 1.07036
2 100 1.09146
2 101 1.09146
2 102 1.09146
2 103 1.09146
2 104 1.09146
2 105 1.08069
2 106 1.07529
2 107 1.07025
2 108 1.06772
2 109 1.10141
2 110 1.10141
2 111 1.10141
2 112 1.10141
2 113 1.10141
2 114 1.08749
2 115 1.08076
2 116 1.07431
2 117 1.0716
2 118 1.09728
2 119 1.09728
2 120 1.09728
2 121 1.09728
2 122 1.09728
2 123 1.08528
2 124 1.07852
2 125 1.07258
2 126 1.06998
2 127 1.09122
2 128 1.09122
2 129 1.09122
2 130 1.09122
2 131 1.09122
2 132 1.08089
2 133 1.07543
2 134 1.0704
2 135 1.06794
2 136 1.08442
2 137 1.08442
2 138 1.08442
2 139 1.08442
2 140 1.08442
2 141 1.076
2 142 1.07168
2 143 1.0676
2 144 1.06554
3 1 1.30486
3 2 1.30486
3 3 1.30486
3 4 1.30486
3 5 1.30486
3 6 1.11823
3 7 1.09719
3 8 1.08274
3 9 1.07625
3 10 1.14668
3 11 1.14668
3 12 1.14668
3 13 1.14668
3 14 1.14668
3 15 1.10662
3 16 1.09177
3 17 1.07996
3 18 1.07442
3 19 1.11795
3 20 1.11795
3 21 1.11795
3 22 1.11795
3 23 1.11795
3 24 1.09533
3 25 1.08518
3 26 1.07631
3 27 1.07197
3 28 1.10041
3 29 1.10041
3 30 1.10041
3 31 1.10041
3 32 1.10041
3 33 1.0858
3 34 1.07874
3 35 1.07228
3 36 1.06906
3 37 1.14761
3 38 1.14761
3 39 1.14761
3 40 1.14761
3 41 1.14761
3 42 1.10721
3 43 1.09298
3 44 1.08134
3 45 1.07614
3 46 1.12903
3 47 1.12903
3 48 1.12903
3 49 1.12903
3 50 1.12903
3 51 1.10099
3 52 1.08885
3 53 1.07888
3 54 1.07426
3 55 1.11134
3 56 1.11134
3 57 1.11134
3 58 1.11134
3 59 1.11134
3 60 1.09238
3 61 1.08357
3 62 1.07571
3 63 1.07184
3 64 1.09734
3 65 1.09734
3 66 1.09734
3 67 1.09734
3 68 1.09734
3 69 1.08427
3 70 1.07787
3 71 1.07196
3 72 1.06901
3 73 1.11909
3 74 1.11909
3 75 1.11909
3 76 1.11909
3 77 1.11909
3 78 1.09664
3 79 1.08703
3 80 1.07821
3 81 1.07441
3 82 1.11149
3 83 1.11149
3 84 1.11149
3 85 1.11149
3 86 1.11149
3 87 1.09305
3 88 1.084
3 89 1.07617
3 90 1.07262
3 91 1.10138
3 92 1.10138
3 93 1.10138
3 94 1.10138
3 95 1.10138
3 96 1.08707
3 97 1.08001
3 98 1.07354
3 99 1.07036
3 100 1.09146
3 101 1.09146
3 102 1.09146
3 103 1.09146
3 104 1.09146
3 105 1.08069
3 106 1.07529
3 107 1.07025
3 108 1.06772
3 109 1.10141
3 110 1.10141
3 111 1.10141
3 112 1.10141
3 113 1.10141
3 114 1.08749
3 115 1.08076
3 116 1.07431
3 117 1.0716
3 118 1.09728
3 119 1.09728
3 120 1.09728
3 121 1.09728
3 122 1.09728
3 123 1.08528
3 124 1.07852
3 125 1.07258
3 126 1.06998
3 127 1.09122
3 128 1.09122
3 129 1.09122
3 130 1.09122
3 131 1.09122
3 132 1.08089
3 133 1.07543
3 134 1.0704
3 135 1.06794
3 136 1.08442
3 137 1.08442
3 138 1.08442
3 139 1.08442
3 140 1.08442
3 141 1.076
3 142 1.07168
3 143 1.0676
3 144 1.06554
4 1 1.30486
4 2 1.30486
4 3 1.30486
4 4 1.30486
4 5 1.30486
4 6 1.11823
4 7 1.09719
4 8 1.08274
4 9 1.07625
4 10 1.14668
4 11 1.14668
4 12 1.14668
4 13 1.14668
4 14 1.14668
4 15 1.10662
4 16 1.09177
4 17 1.07996
4 18 1.07442
4 19 1.11795
4 20 1.11795
4 21 1.11795
4 22 1.11795
4 23 1.11795
4 24 1.09533
4 25 1.08518
4 26 1.07631
4 27 1.07197
4 28 1.10041
4 29 1.10041
4 30 1.10041
4 31 1.10041
4 32 1.10041
4 33 1.0858
4 34 1.07874
4 35 1.07228
4 36 1.06906
4 37 1.14761
4 38 1.14761
4 39 1.14761
4 40 1.14761
4 41 1.14761
4 42 1.10721
4 43 1.09298
4 44 1.08134
4 45 1.07614
4 46 1.12903
4 47 1.12903
4 48 1.12903
4 49 1.12903
4 50 1.12903
4 51 1.10099
4 52 1.08885
4 53 1.07888
4 54 1.07426
4 55 1.11134
4 56 1.11134
4 57 1.11134
4 58 1.11134
4 59 1.11134
4 60 1.09238
4 61 1.08357
4 62 1.07571
4 63 1.07184
4 64 1.09734
4 65 1.09734
4 66 1.09734
4 67 1.09734
4 68 1.09734
4 69 1.08427
4 70 1.07787
4 71 1.07196
4 72 1.06901
4 73 1.11909
4 74 1.11909
4 75 1.11909
4 76 1.11909
4 77 1.11909
4 78 1.09664
4 79 1.08703
4 80 1.07821
4 81 1.07441
4 82 1.11149
4 83 1.11149
4 84 1.11149
4 85 1.11149
4 86 1.11149
4 87 1.09305
4 88 1.084
4 89 1.07617
4 90 1.07262
4 91 1.10138
4 92 1.10138
4 93 1.10138
4 94 1.10138
4 95 1.10138
4 96 1.08707
4 97 1.08001
4 98 1.07354
4 99 1.07036
4 100 1.09146
4 101 1.09146
4 102 1.09146
4 103 1.09146
4 104 1.09146
4 105 1.08069
4 106 1.07529
4 107 1.07025
4 108 1.06772
4 109 1.10141
4 110 1.10141
4 111 1.10141
4 112 1.10141
4 113 1.10141
4 114 1.08749
4 115 1.08076
4 116 1.07431
4 117 1.0716
4 118 1.09728
4 119 1.09728
4 120 1.09728
4 121 1.09728
4 122 1.09728
4 123 1.08528
4 124 1.07852
4 125 1.07258
4 126 1.06998
4 127 1.09122
4 128 1.09122
4 129 1.09122
4 130 1.09122
4 131 1.09122
4 132 1.08089
4 133 1.07543
4 134 1.0704
4 135 1.06794
4 136 1.08442
4 137 1.08442
4 138 1.08442
4 139 1.08442
4 140 1.08442
4 141 1.076
4 142 1.07168
4 143 1.0676
4 144 1.06554
5 1 1.30486
5 2 1.30486
5 3 1.30486
5 4 1.30486
5 5 1.30486
5 6 1.11823
5 7 1.09719
5 8 1.08274
5 9 1.07625
5 10 1.14668
5 11 1.14668
5 12 1.14668
5 13 1.14668
5 14 1.14668
5 15 1.10662
5 16 1.09177
5 17 1.07996
5 18 1.07442
5 19 1.11795
5 20 1.11795
5 21 1.11795
5 22 1.11795
5 23 1.11795
5 24 1.09533
5 25 1.08518
5 26 1.07631
5 27 1.07197
5 28 1.10041
5 29 1.10041
5 30 1.10041
5 31 1.10041
5 32 1.10041
5 33 1.0858
5 34 1.07874
5 35 1.07228
5 36 1.06906
5 37 1.14761
5 38 1.14761
5 39 1.14761
5 40 1.14761
5 41 1.14761
5 42 1.10721
5 43 1.09298
5 44 1.08134
5 45 1.07614
5 46 1.12903
5 47 1.12903
5 48 1.12903
5 49 1.12903
5 50 1.12903
5 51 1.10099
5 52 1.08885
5 53 1.07888
5 54 1.07426
5 55 1.11134
5 56 1.11134
5 57 1.11134
5 58 1.11134
5 59 1.11134
5 60 1.09238
5 61 1.08357
5 62 1.07571
5 63 1.07184
5 64 1.09734
5 65 1.09734
5 66 1.09734
5 67 1.09734
5 68 1.09734
5 69 1.08427
5 70 1.07787
5 71 1.07196
5 72 1.06901
5 73 1.11909
5 74 1.11909
5 75 1.11909
5 76 1.11909
5 77 1.11909
5 78 1.09664
5 79 1.08703
5 80 1.07821
5 81 1.07441
5 82 1.11149
5 83 1.11149
5 84 1.11149
5 85 1.11149
5 86 1.11149
5 87 1.09305
5 88 1.084
5 89 1.07617
5 90 1.07262
5 91 1.10138
5 92 1.10138
5 93 1.10138
5 94 1.10138
5 95 1.10138
5 96 1.08707
5 97 1.08001
5 98 1.07354
5 99 1.07036
5 100 1.09146
5 101 1.09146
5 102 1.09146
5 103 1.09146
5 104 1.09146
5 105 1.08069
5 106 1.07529
5 107 1.07025
5 108 1.06772
5 109 1.10141
5 110 1.10141
5 111 1.10141
5 112 1.10141
5 113 1.10141
5 114 1.08749
5 115 1.08076
5 116 1.07431
5 117 1.0716
5 118 1.09728
5 119 1.09728
5 120 1.09728
5 121 1.09728
5 122 1.09728
5 123 1.08528
5 124 1.07852
5 125 1.07258
5 126 1.06998
5 127 1.09122
5 128 1.09122
5 129 1.09122
5 130 1.09122
5 131 1.09122
5 132 1.08089
5 133 1.07543
5 134 1.0704
5 135 1.06794
5 136 1.08442
5 137 1.08442
5 138 1.08442
5 139 1.08442
5 140 1.08442
5 141 1.076
5 142 1.07168
5 143 1.0676
5 144 1.06554
6 1 1.11823
6 2 1.11823
6 3 1.11823
6 4 1.11823
6 5 1.11823
6 6 6.8653
6 7 2.11805
6 8 1.38402
6 9 1.20407
6 10 1.10641
6 11 1.10641
6 12 1.10641
6 13 1.10641
6 14 1.10641
6 15 1.43641
6 16 1.35793
6 17 1.23901
6 18 1.17846
6 19 1.0951
6 20 1.0951
6 21 1.0951
6 22 1.0951
6 23 1.0951
6 24 1.19039
6 25 1.18991
6 26 1.16578
6 27 1.14957
6 28 1.08559
6 29 1.08559
6 30 1.08559
6 31 1.08559
6 32 1.08559
6 33 1.12322
6 34 1.12955
6 35 1.1278
6 36 1.12534
6 37 1.10842
6 38 1.10842
6 39 1.10842
6 40 1.10842
6 41 1.10842
6 42 1.40796
6 43 1.34207
6 44 1.23355
6 45 1.18042
6 46 1.10115
6 47 1.10115
6 48 1.10115
6 49 1.10115
6 50 1.10115
6 51 1.24819
6 52 1.23606
6 53 1.19036
6 54 1.16313
6 55 1.09238
6 56 1.09238
6 57 1.09238
6 58 1.09238
6 59 1.09238
6 60 1.1559
6 61 1.16047
6 62 1.14952
6 63 1.14091
6 64 1.08417
6 65 1.08417
6 66 1.08417
6 67 1.08417
6 68 1.08417
6 69 1.11436
6 70 1.12081
6 71 1.12143
6 72 1.12058
6 73 1.09779
6 74 1.09779
6 75 1.09779
6 76 1.09779
6 77 1.09779
6 78 1.18198
6 79 1.18408
6 80 1.16382
6 81 1.1518
6 82 1.09327
6 83 1.09327
6 84 1.09327
6 85 1.09327
6 86 1.09327
6 87 1.15098
6 88 1.15751
6 89 1.14853
6 90 1.14139
6 91 1.08709
6 92 1.08709
6 93 1.08709
6 94 1.08709
6 95 1.08709
6 96 1.1228
6 97 1.12952
6 98 1.12874
6 99 1.12671
6 100 1.08066
6 101 1.08066
6 102 1.08066
6 103 1.08066
6 104 1.08066
6 105 1.10203
6 106 1.10812
6 107 1.11093
6 108 1.1117
6 109 1.08816
6 110 1.08816
6 111 1.08816
6 112 1.08816
6 113 1.08816
6 114 1.12222
6 115 1.12811
6 116 1.12821
6 117 1.12709
6 118 1.08519
6 119 1.08519
6 120 1.08519
6 121 1.08519
6 122 1.08519
6 123 1.11175
6 124 1.11879
6 125 1.12098
6 126 1.1208
6 127 1.08087
6 128 1.08087
6 129 1.08087
6 130 1.08087
6 131 1.08087
6 132 1.1012
6 133 1.10731
6 134 1.11066
6 135 1.11154
6 136 1.07601
6 137 1.07601
6 138 1.07601
6 139 1.07601
6 140 1.07601
6 141 1.09063
6 142 1.09589
6 143 1.09958
6 144 1.10113
7 1 1.09719
7 2 1.09719
7 3 1.09719
7 4 1.09719
7 5 1.09719
7 6 2.11805
7 7 6.82484
7 8 1.96946
7 9 1.31195
7 10 1.09162
7 11 1.09162
7 12 1.09162
7 13 1.09162
7 14 1.09162
7 15 1.35781
7 16 1.45723
7 17 1.33571
7 18 1.24797
7 19 1.08493
7 20 1.08493
7 21 1.08493
7 22 1.08493
7 23 1.08493
7 24 1.18976
7 25 1.21681
7 26 1.20761
7 27 1.19484
7 28 1.0785
7 29 1.0785
7 30 1.0785
7 31 1.0785
7 32 1.0785
7 33 1.12956
7 34 1.14632
7 35 1.15405
7 36 1.15599
7 37 1.09363
7 38 1.09363
7 39 1.09363
7 40 1.09363
7 41 1.09363
7 42 1.33691
7 43 1.43245
7 44 1.32512
7 45 1.24937
7 46 1.08918
7 47 1.08918
7 48 1.08918
7 49 1.08918
7 50 1.08918
7 51 1.23511
7 52 1.27429
7 53 1.24561
7 54 1.21724
7 55 1.0835
7 56 1.0835
7 57 1.0835
7 58 1.0835
7 59 1.0835
7 60 1.16001
7 61 1.1818
7 62 1.18379
7 63 1.17983
7 64 1.07773
7 65 1.07773
7 66 1.07773
7 67 1.07773
7 68 1.07773
7 69 1.12079
7 70 1.13607
7 71 1.14508
7 72 1.1483
7 73 1.08773
7 74 1.08773
7 75 1.08773
7 76 1.08773
7 77 1.08773
7 78 1.18076
7 79 1.20835
7 80 1.20368
7 81 1.19578
7 82 1.08447
7 83 1.08447
7 84 1.08447
7 85 1.08447
7 86 1.08447
7 87 1.15431
7 88 1.17828
7 89 1.18241
7 90 1.17971
7 91 1.08002
7 92 1.08002
7 93 1.08002
7 94 1.08002
7 95 1.08002
7 96 1.12881
7 97 1.14591
7 98 1.15481
7 99 1.15716
7 100 1.07522
7 101 1.07522
7 102 1.07522
7 103 1.07522
7 104 1.07522
7 105 1.10808
7 106 1.1211
7 107 1.13071
7 108 1.13489
7 109 1.0813
7 110 1.0813
7 111 1.0813
7 112 1.0813
7 113 1.0813
7 114 1.12739
7 115 1.14332
7 116 1.15326
7 117 1.15621
7 118 1.07893
7 119 1.07893
7 120 1.07893
7 121 1.07893
7 122 1.07893
7 123 1.11684
7 124 1.13315
7 125 1.14405
7 126 1.14753
7 127 1.07552
7 128 1.07552
7 129 1.07552
7 130 1.07552
7 131 1.07552
7 132 1.10679
7 133 1.11987
7 134 1.13014
7 135 1.13432
7 136 1.07166
7 137 1.07166
7 138 1.07166
7 139 1.07166
7 140 1.07166
7 141 1.09584
7 142 1.10642
7 143 1.11536
7 144 1.11957
8 1 1.08274
8 2 1.08274
8 3 1.08274
8 4 1.08274
8 5 1.08274
8 6 1.38402
8 7 1.96946
8 8 6.03575
8 9 1.54182
8 10 1.0799
8 11 1.0799
8 12 1.0799
8 13 1.0799
8 14 1.0799
8 15 1.23922
8 16 1.33594
8 17 1.39521
8 18 1.33335
8 19 1.0762
8 20 1.0762
8 21 1.0762
8 22 1.0762
8 23 1.0762
8 24 1.16598
8 25 1.20772
8 26 1.23596
8 27 1.24232
8 28 1.07218
8 29 1.07218
8 30 1.07218
8 31 1.07218
8 32 1.07218
8 33 1.12808
8 34 1.1542
8 35 1.17615
8 36 1.18624
8 37 1.08182
8 38 1.08182
8 39 1.08182
8 40 1.08182
8 41 1.08182
8 42 1.23058
8 43 1.32429
8 44 1.38436
8 45 1.33325
8 46 1.07917
8 47 1.07917
8 48 1.07917
8 49 1.07917
8 50 1.07917
8 51 1.18957
8 52 1.2463
8 53 1.27975
8 54 1.27649
8 55 1.07573
8 56 1.07573
8 57 1.07573
8 58 1.07573
8 59 1.07573
8 60 1.14918
8 61 1.18366
8 62 1.20993
8 63 1.21938
8 64 1.07194
8 65 1.07194
8 66 1.07194
8 67 1.07194
8 68 1.07194
8 69 1.1216
8 70 1.14515
8 71 1.16565
8 72 1.17538
8 73 1.07895
8 74 1.07895
8 75 1.07895
8 76 1.07895
8 77 1.07895
8 78 1.16022
8 79 1.20213
8 80 1.23198
8 81 1.24082
8 82 1.0767
8 83 1.0767
8 84 1.0767
8 85 1.0767
8 86 1.0767
8 87 1.14456
8 88 1.18143
8 89 1.20889
8 90 1.21823
8 91 1.07368
8 92 1.07368
8 93 1.07368
8 94 1.07368
8 95 1.07368
8 96 1.12768
8 97 1.15417
8 98 1.17694
8 99 1.18703
8 100 1.07028
8 101 1.07028
8 102 1.07028
8 103 1.07028
8 104 1.07028
8 105 1.11092
8 106 1.13063
8 107 1.14849
8 108 1.15724
8 109 1.07502
8 110 1.07502
8 111 1.07502
8 112 1.07502
8 113 1.07502
8 114 1.12572
8 115 1.15098
8 116 1.17433
8 117 1.18404
8 118 1.07319
8 119 1.07319
8 120 1.07319
8 121 1.07319
8 122 1.07319
8 123 1.1172
8 124 1.14223
8 125 1.1642
8 126 1.17319
8 127 1.07061
8 128 1.07061
8 129 1.07061
8 130 1.07061
8 131 1.07061
8 132 1.10939
8 133 1.12918
8 134 1.1476
8 135 1.1561
8 136 1.06767
8 137 1.06767
8 138 1.06767
8 139 1.06767
8 140 1.06767
8 141 1.09944
8 142 1.11516
8 143 1.12982
8 144 1.1371
9 1 1.07625
9 2 1.07625
9 3 1.07625
9 4 1.07625
9 5 1.07625
9 6 1.20407
9 7 1.31195
9 8 1.54182
9 9 2.14169
9 10 1.07441
9 11 1.07441
9 12 1.07441
9 13 1.07441
9 14 1.07441
9 15 1.17896
9 16 1.24868
9 17 1.33397
9 18 1.38544
9 19 1.07197
9 20 1.07197
9 21 1.07197
9 22 1.07197
9 23 1.07197
9 24 1.15001
9 25 1.19496
9 26 1.24214
9 27 1.26708
9 28 1.06905
9 29 1.06905
9 30 1.06905
9 31 1.06905
9 32 1.06905
9 33 1.12564
9 34 1.15596
9 35 1.18593
9 36 1.20137
9 37 1.07624
9 38 1.07624
9 39 1.07624
9 40 1.07624
9 41 1.07624
9 42 1.17586
9 43 1.24443
9 44 1.32881
9 45 1.38223
9 46 1.07434
9 47 1.07434
9 48 1.07434
9 49 1.07434
9 50 1.07434
9 51 1.1614
9 52 1.217
9 53 1.27639
9 54 1.30704
9 55 1.0719
9 56 1.0719
9 57 1.0719
9 58 1.0719
9 59 1.0719
9 60 1.14044
9 61 1.17927
9 62 1.21879
9 63 1.23886
9 64 1.06904
9 65 1.06904
9 66 1.06904
9 67 1.06904
9 68 1.06904
9 69 1.12055
9 70 1.14792
9 71 1.17477
9 72 1.18852
9 73 1.07463
9 74 1.07463
9 75 1.07463
9 76 1.07463
9 77 1.07463
9 78 1.14607
9 79 1.19107
9 80 1.23795
9 81 1.26272
9 82 1.07284
9 83 1.07284
9 84 1.07284
9 85 1.07284
9 86 1.07284
9 87 1.13654
9 88 1.17775
9 89 1.21772
9 90 1.23663
9 91 1.07049
9 92 1.07049
9 93 1.07049
9 94 1.07049
9 95 1.07049
9 96 1.12518
9 97 1.15574
9 98 1.18613
9 99 1.20122
9 100 1.06777
9 101 1.06777
9 102 1.06777
9 103 1.06777
9 104 1.06777
9 105 1.11136
9 106 1.13423
9 107 1.15651
9 108 1.16785
9 109 1.07183
9 110 1.07183
9 111 1.07183
9 112 1.07183
9 113 1.07183
9 114 1.12309
9 115 1.15245
9 116 1.18295
9 117 1.19696
9 118 1.07027
9 119 1.07027
9 120 1.07027
9 121 1.07027
9 122 1.07027
9 123 1.11595
9 124 1.14491
9 125 1.17275
9 126 1.18507
9 127 1.0681
9 128 1.0681
9 129 1.0681
9 130 1.0681
9 131 1.0681
9 132 1.10968
9 133 1.13262
9 134 1.15531
9 135 1.16623
9 136 1.06561
9 137 1.06561
9 138 1.06561
9 139 1.06561
9 140 1.06561
9 141 1.10063
9 142 1.1188
9 143 1.13639
9 144 1.1453
10 1 1.14668
10 2 1.14668
10 3 1.14668
10 4 1.14668
10 5 1.14668
10 6 1.10641
10 7 1.09162
10 8 1.0799
10 9 1.07441
10 10 1.30401
10 11 1.30401
10 12 1.30401
10 13 1.30401
10 14 1.30401
10 15 1.11738
10 16 1.0962
10 17 1.08162
10 18 1.07509
10 19 1.16148
10 20 1.16148
10 21 1.16148
10 22 1.16148
10 23 1.16148
10 24 1.10997
10 25 1.09326
10 26 1.08031
10 27 1.07426
10 28 1.12567
10 29 1.12567
10 30 1.12567
10 31 1.12567
10 32 1.12567
10 33 1.09879
10 34 1.08724
10 35 1.07732
10 36 1.0725
10 37 1.12899
10 38 1.12899
10 39 1.12899
10 40 1.12899
10 41 1.12899
10 42 1.10022
10 43 1.08863
10 44 1.07881
10 45 1.07433
10 46 1.14679
10 47 1.14679
10 48 1.14679
10 49 1.14679
10 50 1.14679
10 51 1.10658
10 52 1.09169
10 53 1.08003
10 54 1.0748
10 55 1.13495
10 56 1.13495
10 57 1.13495
10 58 1.13495
10 59 1.13495
10 60 1.10282
10 61 1.08987
10 62 1.07908
10 63 1.07393
10 64 1.11682
10 65 1.11682
10 66 1.11682
10 67 1.11682
10 68 1.11682
10 69 1.09506
10 70 1.0852
10 71 1.0765
10 72 1.07223
10 73 1.11144
10 74 1.11144
10 75 1.11144
10 76 1.11144
10 77 1.11144
10 78 1.0923
10 79 1.08384
10 80 1.07609
10 81 1.07274
10 82 1.11823
10 83 1.11823
10 84 1.11823
10 85 1.11823
10 86 1.11823
10 87 1.09579
10 88 1.0856
10 89 1.07685
10 90 1.07301
10 91 1.11402
10 92 1.11402
10 93 1.11402
10 94 1.11402
10 95 1.11402
10 96 1.09368
10 97 1.08442
10 98 1.07614
10 99 1.07216
10 100 1.10483
10 101 1.10483
10 102 1.10483
10 103 1.10483
10 104 1.10483
10 105 1.08874
10 106 1.08106
10 107 1.07407
10 108 1.0706
10 109 1.09726
10 110 1.09726
10 111 1.09726
10 112 1.09726
10 113 1.09726
10 114 1.08472
10 115 1.07844
10 116 1.07258
10 117 1.0701
10 118 1.1005
10 119 1.1005
10 120 1.1005
10 121 1.1005
10 122 1.1005
10 123 1.08664
10 124 1.07937
10 125 1.07295
10 126 1.07023
10 127 1.09847
10 128 1.09847
10 129 1.09847
10 130 1.09847
10 131 1.09847
10 132 1.08503
10 133 1.07841
10 134 1.07234
10 135 1.06943
10 136 1.09338
10 137 1.09338
10 138 1.09338
10 139 1.09338
10 140 1.09338
10 141 1.08177
10 142 1.07603
10 143 1.07071
10 144 1.06804
11 1 1.14668
11 2 1.14668
11 3 1.14668
11 4 1.14668
11 5 1.14668
11 6 1.10641
11 7 1.09162
11 8 1.0799
11 9 1.07441
11 10 1.30401
11 11 1.30401
11 12 1.30401
11 13 1.30401
11 14 1.30401
11 15 1.11738
11 16 1.0962
11 17 1.08162
11 18 1.07509
11 19 1.16148
11 20 1.16148
11 21 1.16148
11 22 1.16148
11 23 1.16148
11 24 1.10997
11 25 1.09326
11 26 1.08031
11 27 1.07426
11 28 1.12567
11 29 1.12567
11 30 1.12567
11 31 1.12567
11 32 1.12567
11 33 1.09879
11 34 1.08724
11 35 1.07732
11 36 1.0725
11 37 1.12899
11 38 1.12899
11 39 1.12899
11 40 1.12899
11 41 1.12899
11 42 1.10022
11 43 1.08863
11 44 1.07881
11 45 1.07433
11 46 1.14679
11 47 1.14679
11 48 1.14679
11 49 1.14679
11 50 1.14679
11 51 1.10658
11 52 1.09169
11 53 1.08003
11 54 1.0748
11 55 1.13495
11 56 1.13495
11 57 1.13495
11 58 1.13495
11 59 1.13495
11 60 1.10282
11 61 1.08987
11 62 1.07908
11 63 1.07393
11 64 1.11682
11 65 1.11682
11 66 1.11682
11 67 1.11682
11 68 1.11682
11 69 1.09506
11 70 1.0852
11 71 1.0765
11 72 1.07223
11 73 1.11144
11 74 1.11144
11 75 1.11144
11 76 1.11144
11 77 1.11144
11 78 1.0923
11 79 1.08384
11 80 1.07609
11 81 1.07274
11 82 1.11823
11 83 1.11823
11 84 1.11823
11 85 1.11823
11 86 1.11823
11 87 1.09579
11 88 1.0856
11 89 1.07685
11 90 1.07301
11 91 1.11402
11 92 1.11402
11 93 1.11402
11 94 1.11402
11 95 1.11402
11 96 1.09368
11 97 1.08442
11 98 1.07614
11 99 1.07216
11 100 1.10483
11 101 1.10483
11 102 1.10483
11 103 1.10483
11 104 1.10483
11 105 1.08874
11 106 1.08106
11 107 1.07407
11 108 1.0706
11 109 1.09726
11 110 1.09726
11 111 1.09726
11 112 1.09726
11 113 1.09726
11 114 1.08472
11 115 1.07844
11 116 1.07258
11 117 1.0701
11 118 1.1005
11 119 1.1005
11 120 1.1005
11 121 1.1005
11 122 1.1005
11 123 1.08664
11 124 1.07937
11 125 1.07295
11 126 1.07023
11 127 1.09847
11 128 1.09847
11 129 1.09847
11 130 1.09847
11 131 1.09847
11 132 1.08503
11 133 1.07841
11 134 1.07234
11 135 1.06943
11 136 1.09338
11 137 1.09338
11 138 1.09338
11 139 1.09338
11 140 1.09338
11 141 1.08177
11 142 1.07603
11 143 1.07071
11 144 1.06804
12 1 1.14668
12 2 1.14668
12 3 1.14668
12 4 1.14668
12 5 1.14668
12 6 1.10641
12 7 1.09162
12 8 1.0799
12 9 1.07441
12 10 1.30401
12 11 1.30401
12 12 1.30401
12 13 1.30401
12 14 1.30401
12 15 1.11738
12 16 1.0962
12 17 1.08162
12 18 1.07509
12 19 1.16148
12 20 1.16148
12 21 1.16148
12 22 1.16148
12 23 1.16148
12 24 1.10997
12 25 1.09326
12 26 1.08031
12 27 1.07426
12 28 1.12567
12 29 1.12567
12 30 1.12567
12 31 1.12567
12 32 1.12567
12 33 1.09879
12 34 1.08724
12 35 1.07732
12 36 1.0725
12 37 1.12899
12 38 1.12899
12 39 1.12899
12 40 1.12899
12 41 1.12899
12 42 1.10022
12 43 1.08863
12 44 1.07881
12 45 1.07433
12 46 1.14679
12 47 1.14679
12 48 1.14679
12 49 1.14679
12 50 1.14679
12 51 1.10658
12 52 1.09169
12 53 1.08003
12 54 1.0748
12 55 1.13495
12 56 1.13495
12 57 1.13495
12 58 1.13495
12 59 1.13495
12 60 1.10282
12 61 1.08987
12 62 1.07908
12 63 1.07393
12 64 1.11682
12 65 1.11682
12 66 1.11682
12 67 1.11682
12 68 1.11682
12 69 1.09506
12 70 1.0852
12 71 1.0765
12 72 1.07223
12 73 1.11144
12 74 1.11144
12 75 1.11144
12 76 1.11144
12 77 1.11144
12 78 1.0923
12 79 1.08384
12 80 1.07609
12 81 1.07274
12 82 1.11823
12 83 1.11823
12 84 1.11823
12 85 1.11823
12 86 1.11823
12 87 1.09579
12 88 1.0856
12 89 1.07685
12 90 1.07301
12 91 1.11402
12 92 1.11402
12 93 1.11402
12 94 1.11402
12 95 1.11402
12 96 1.09368
12 97 1.08442
12 98 1.07614
12 99 1.07216
12 100 1.10483
12 101 1.10483
12 102 1.10483
12 103 1.10483
12 104 1.10483
12 105 1.08874
12 106 1.08106
12 107 1.07407
12 108 1.0706
12 109 1.09726
12 110 1.09726
12 111 1.09726
12 112 1.09726
12 113 1.09726
12 114 1.08472
12 115 1.07844
12 116 1.07258
12 117 1.0701
12 118 1.1005
12 119 1.1005
12 120 1.1005
12 121 1.1005
12 122 1.1005
12 123 1.08664
12 124 1.07937
12 125 1.07295
12 126 1.07023
12 127 1.09847
12 128 1.09847
12 129 1.09847
12 130 1.09847
12 131 1.09847
12 132 1.08503
12 133 1.07841
12 134 1.07234
12 135 1.06943
12 136 1.09338
12 137 1.09338
12 138 1.09338
12 139 1.09338
12 140 1.09338
12 141 1.08177
12 142 1.07603
12 143 1.07071
12 144 1.06804
13 1 1.14668
13 2 1.14668
13 3 1.14668
13 4 1.14668
13 5 1.14668
13 6 1.10641
13 7 1.09162
13 8 1.0799
13 9 1.07441
13 10 1.30401
13 11 1.30401
13 12 1.30401
13 13 1.30401
13 14 1.30401
13 15 1.11738
13 16 1.0962
13 17 1.08162
13 18 1.07509
13 19 1.16148
13 20 1.16148
13 21 1.16148
13 22 1.16148
13 23 1.16148
13 24 1.10997
13 25 1.09326
13 26 1.08031
13 27 1.07426
13 28 1.12567
13 29 1.12567
13 30 1.12567
13 31 1.12567
13 32 1.12567
13 33 1.09879
13 34 1.08724
13 35 1.07732
13 36 1.0725
13 37 1.12899
13 38 1.12899
13 39 1.12899
13 40 1.12899
13 41 1.12899
13 42 1.10022
13 43 1.08863
13 44 1.07881
13 45 1.07433
13 46 1.14679
13 47 1.14679
13 48 1.14679
13 49 1.14679
13 50 1.14679
13 51 1.10658
13 52 1.09169
13 53 1.08003
13 54 1.0748
13 55 1.13495
13 56 1.13495
13 57 1.13495
13 58 1.13495
13 59 1.13495
13 60 1.10282
13 61 1.08987
13 62 1.07908
13 63 1.07393
13 64 1.11682
13 65 1.11682
13 66 1.11682
13 67 1.11682
13 68 1.11682
13 69 1.09506
13 70 1.0852
13 71 1.0765
13 72 1.07223
13 73 1.11144
13 74 1.11144
13 75 1.11144
13 76 1.11144
13 77 1.11144
13 78 1.0923
13 79 1.08384
13 80 1.07609
13 81 1.07274
13 82 1.11823
13 83 1.11823
13 84 1.11823
13 85 1.11823
13 86 1.11823
13 87 1.09579
13 88 1.0856
13 89 1.07685
13 90 1.07301
13 91 1.11402
13 92 1.11402
13 93 1.11402
13 94 1.11402
13 95 1.11402
13 96 1.09368
13 97 1.08442
13 98 1.07614
13 99 1.07216
13 100 1.10483
13 101 1.10483
13 102 1.10483
13 103 1.10483
13 104 1.10483
13 105 1.08874
13 106 1.08106
13 107 1.07407
13 108 1.0706
13 109 1.09726
13 110 1.09726
13 111 1.09726
13 112 1.09726
13 113 1.09726
13 114 1.08472
13 115 1.07844
13 116 1.07258
13 117 1.0701
13 118 1.1005
13 119 1.1005
13 120 1.1005
13 121 1.1005
13 122 1.1005
13 123 1.08664
13 124 1.07937
13 125 1.07295
13 126 1.07023
13 127 1.09847
13 128 1.09847
13 129 1.09847
13 130 1.09847
13 131 1.09847
13 132 1.08503
13 133 1.07841
13 134 1.07234
13 135 1.06943
13 136 1.09338
13 137 1.09338
13 138 1.09338
13 139 1.09338
13 140 1.09338
13 141 1.08177
13 142 1.07603
13 143 1.07071
13 144 1.06804
14 1 1.14668
14 2 1.14668
14 3 1.14668
14 4 1.14668
14 5 1.14668
14 6 1.10641
14 7 1.09162
14 8 1.0799
14 9 1.07441
14 10 1.30401
14 11 1.30401
14 12 1.30401
14 13 1.30401
14 14 1.30401
14 15 1.11738
14 16 1.0962
14 17 1.08162
14 18 1.07509
14 19 1.16148
14 20 1.16148
14 21 1.16148
14 22 1.16148
14 23 1.16148
14 24 1.10997
14 25 1.09326
14 26 1.08031
14 27 1.07426
14 28 1.12567
14 29 1.12567
14 30 1.12567
14 31 1.12567
14 32 1.12567
14 33 1.09879
14 34 1.08724
14 35 1.07732
14 36 1.0725
14 37 1.12899
14 38 1.12899
14 39 1.12899
14 40 1.12899
14 41 1.12899
14 42 1.10022
14 43 1.08863
14 44 1.07881
14 45 1.07433
14 46 1.14679
14 47 1.14679
14 48 1.14679
14 49 1.14679
14 50 1.14679
14 51 1.10658
14 52 1.09169
14 53 1.08003
14 54 1.0748
14 55 1.13495
14 56 1.13495
14 57 1.13495
14 58 1.13495
14 59 1.13495
14 60 1.10282
14 61 1.08987
14 62 1.07908
14 63 1.07393
14 64 1.11682
14 65 1.11682
14 66 1.11682
14 67 1.11682
14 68 1.11682
14 69 1.09506
14 70 1.0852
14 71 1.0765
14 72 1.07223
14 73 1.11144
14 74 1.11144
14 75 1.11144
14 76 1.11144
14 77 1.11144
14 78 1.0923
14 79 1.08384
14 80 1.07609
14 81 1.07274
14 82 1.11823
14 83 1.11823
14 84 1.11823
14 85 1.11823
14 86 1.11823
14 87 1.09579
14 88 1.0856
14 89 1.07685
14 90 1.07301
14 91 1.11402
14 92 1.11402
14 93 1.11402
14 94 1.11402
14 95 1.11402
14 96 1.09368
14 97 1.08442
14 98 1.07614
14 99 1.07216
14 100 1.10483
14 101 1.10483
14 102 1.10483
14 103 1.10483
14 104 1.10483
14 105 1.08874
14 106 1.08106
14 107 1.07407
14 108 1.0706
14 109 1.09726
14 110 1.09726
14 111 1.09726
14 112 1.09726
14 113 1.09726
14 114 1.08472
14 115 1.07844
14 116 1.07258
14 117 1.0701
14 118 1.1005
14 119 1.1005
14 120 1.1005
14 121 1.1005
14 122 1.1005
14 123 1.08664
14 124 1.07937
14 125 1.07295
14 126 1.07023
14 127 1.09847
14 128 1.09847
14 129 1.09847
14 130 1.09847
14 131 1.09847
14 132 1.08503
14 133 1.07841
14 134 1.07234
14 135 1.06943
14 136 1.09338
14 137 1.09338
14 138 1.09338
14 139 1.09338
14 140 1.09338
14 141 1.08177
14 142 1.07603
14 143 1.07071
14 144 1.06804
15 1 1.10662
15 2 1.10662
15 3 1.10662
15 4 1.10662
15 5 1.10662
15 6 1.43641
15 7 1.35781
15 8 1.23922
15 9 1.17896
15 10 1.11738
15 11 1.11738
15 12 1.11738
15 13 1.11738
15 14 1.11738
15 15 6.90999
15 16 2.1348
15 17 1.38785
15 18 1.20369
15 19 1.10984
15 20 1.10984
15 21 1.10984
15 22 1.10984
15 23 1.10984
15 24 1.67719
15 25 1.48076
15 26 1.27912
15 27 1.18757
15 28 1.0986
15 29 1.0986
15 30 1.0986
15 31 1.0986
15 32 1.0986
15 33 1.24038
15 34 1.23024
15 35 1.18618
15 36 1.1591
15 37 1.10131
15 38 1.10131
15 39 1.10131
15 40 1.10131
15 41 1.10131
15 42 1.23908
15 43 1.22972
15 44 1.18793
15 45 1.16318
15 46 1.107
15 47 1.107
15 48 1.107
15 49 1.107
15 50 1.107
15 51 1.43097
15 52 1.3538
15 53 1.23602
15 54 1.17889
15 55 1.10291
15 56 1.10291
15 57 1.10291
15 58 1.10291
15 59 1.10291
15 60 1.30477
15 61 1.27847
15 62 1.20871
15 63 1.16877
15 64 1.09496
15 65 1.09496
15 66 1.09496
15 67 1.09496
15 68 1.09496
15 69 1.18272
15 70 1.18394
15 71 1.16274
15 72 1.14818
15 73 1.0933
15 74 1.0933
15 75 1.0933
15 76 1.0933
15 77 1.0933
15 78 1.14801
15 79 1.15407
15 80 1.14661
15 81 1.14107
15 82 1.09629
15 83 1.09629
15 84 1.09629
15 85 1.09629
15 86 1.09629
15 87 1.18017
15 88 1.18368
15 89 1.16264
15 90 1.1498
15 91 1.09383
15 92 1.09383
15 93 1.09383
15 94 1.09383
15 95 1.09383
15 96 1.16661
15 97 1.17032
15 98 1.15509
15 99 1.14426
15 100 1.0887
15 101 1.0887
15 102 1.0887
15 103 1.0887
15 104 1.0887
15 105 1.1343
15 106 1.14026
15 107 1.13577
15 108 1.1315
15 109 1.08511
15 110 1.08511
15 111 1.08511
15 112 1.08511
15 113 1.08511
15 114 1.11141
15 115 1.1173
15 116 1.12003
15 117 1.12033
15 118 1.08676
15 119 1.08676
15 120 1.08676
15 121 1.08676
15 122 1.08676
15 123 1.11798
15 124 1.12551
15 125 1.12592
15 126 1.12508
15 127 1.08516
15 128 1.08516
15 129 1.08516
15 130 1.08516
15 131 1.08516
15 132 1.11572
15 133 1.12233
15 134 1.12291
15 135 1.12207
15 136 1.08178
15 137 1.08178
15 138 1.08178
15 139 1.08178
15 140 1.08178
15 141 1.10577
15 142 1.11199
15 143 1.11416
15 144 1.11446
16 1 1.09177
16 2 1.09177
16 3 1.09177
16 4 1.09177
16 5 1.09177
16 6 1.35793
16 7 1.45723
16 8 1.33594
16 9 1.24868
16 10 1.0962
16 11 1.0962
16 12 1.0962
16 13 1.0962
16 14 1.0962
16 15 2.1348
16 16 6.90132
16 17 1.98114
16 18 1.31203
16 19 1.09305
16 20 1.09305
16 21 1.09305
16 22 1.09305
16 23 1.09305
16 24 1.47995
16 25 1.6938
16 26 1.42712
16 27 1.26789
16 28 1.08699
16 29 1.08699
16 30 1.08699
16 31 1.08699
16 32 1.08699
16 33 1.22999
16 34 1.26641
16 35 1.2383
16 36 1.21122
16 37 1.08934
16 38 1.08934
16 39 1.08934
16 40 1.08934
16 41 1.08934
16 42 1.22757
16 43 1.2662
16 44 1.24202
16 45 1.21724
16 46 1.09219
16 47 1.09219
16 48 1.09219
16 49 1.09219
16 50 1.09219
16 51 1.35266
16 52 1.45294
16 53 1.33145
16 54 1.24839
16 55 1.08985
16 56 1.08985
16 57 1.08985
16 58 1.08985
16 59 1.08985
16 60 1.27745
16 61 1.32996
16 62 1.27546
16 63 1.22854
16 64 1.08503
16 65 1.08503
16 66 1.08503
16 67 1.08503
16 68 1.08503
16 69 1.18376
16 70 1.20893
16 71 1.20238
16 72 1.19199
16 73 1.08454
16 74 1.08454
16 75 1.08454
16 76 1.08454
16 77 1.08454
16 78 1.15182
16 79 1.17416
16 80 1.17988
16 81 1.1792
16 82 1.08622
16 83 1.08622
16 84 1.08622
16 85 1.08622
16 86 1.08622
16 87 1.17933
16 88 1.20999
16 89 1.20372
16 90 1.19441
16 91 1.08447
16 92 1.08447
16 93 1.08447
16 94 1.08447
16 95 1.08447
16 96 1.16907
16 97 1.19314
16 98 1.19176
16 99 1.18544
16 100 1.08096
16 101 1.08096
16 102 1.08096
16 103 1.08096
16 104 1.08096
16 105 1.14016
16 106 1.15832
16 107 1.16452
16 108 1.16498
16 109 1.07889
16 110 1.07889
16 111 1.07889
16 112 1.07889
16 113 1.07889
16 114 1.11699
16 115 1.13143
16 116 1.1429
16 117 1.14691
16 118 1.07989
16 119 1.07989
16 120 1.07989
16 121 1.07989
16 122 1.07989
16 123 1.12303
16 124 1.14132
16 125 1.15141
16 126 1.1547
16 127 1.07856
16 128 1.07856
16 129 1.07856
16 130 1.07856
16 131 1.07856
16 132 1.12159
16 133 1.13759
16 134 1.1471
16 135 1.15043
16 136 1.076
16 137 1.076
16 138 1.076
16 139 1.076
16 140 1.076
16 141 1.11192
16 142 1.12565
16 143 1.13517
16 144 1.13914
17 1 1.07996
17 2 1.07996
17 3 1.07996
17 4 1.07996
17 5 1.07996
17 6 1.23901
17 7 1.33571
17 8 1.39521
17 9 1.33397
17 10 1.08162
17 11 1.08162
17 12 1.08162
17 13 1.08162
17 14 1.08162
17 15 1.38785
17 16 1.98114
17 17 6.12384
17 18 1.54241
17 19 1.08017
17 20 1.08017
17 21 1.08017
17 22 1.08017
17 23 1.08017
17 24 1.27764
17 25 1.42439
17 26 1.54783
17 27 1.37594
17 28 1.07715
17 29 1.07715
17 30 1.07715
17 31 1.07715
17 32 1.07715
17 33 1.18565
17 34 1.23743
17 35 1.26837
17 36 1.26749
17 37 1.07928
17 38 1.07928
17 39 1.07928
17 40 1.07928
17 41 1.07928
17 42 1.18514
17 43 1.24001
17 44 1.27551
17 45 1.27597
17 46 1.08041
17 47 1.08041
17 48 1.08041
17 49 1.08041
17 50 1.08041
17 51 1.23579
17 52 1.33379
17 53 1.39116
17 54 1.33319
17 55 1.07909
17 56 1.07909
17 57 1.07909
17 58 1.07909
17 59 1.07909
17 60 1.20756
17 61 1.27441
17 62 1.31109
17 63 1.29631
17 64 1.07641
17 65 1.07641
17 66 1.07641
17 67 1.07641
17 68 1.07641
17 69 1.16241
17 70 1.20185
17 71 1.22919
17 72 1.23718
17 73 1.07678
17 74 1.07678
17 75 1.07678
17 76 1.07678
17 77 1.07678
17 78 1.14301
17 79 1.17759
17 80 1.20592
17 81 1.21724
17 82 1.0775
17 83 1.0775
17 84 1.0775
17 85 1.0775
17 86 1.0775
17 87 1.15832
17 88 1.20322
17 89 1.23266
17 90 1.24063
17 91 1.07628
17 92 1.07628
17 93 1.07628
17 94 1.07628
17 95 1.07628
17 96 1.15346
17 97 1.19073
17 98 1.21814
17 99 1.2275
17 100 1.07404
17 101 1.07404
17 102 1.07404
17 103 1.07404
17 104 1.07404
17 105 1.1355
17 106 1.16409
17 107 1.1876
17 108 1.19805
17 109 1.07319
17 110 1.07319
17 111 1.07319
17 112 1.07319
17 113 1.07319
17 114 1.1178
17 115 1.14047
17 116 1.16286
17 117 1.17229
17 118 1.07366
17 119 1.07366
17 120 1.07366
17 121 1.07366
17 122 1.07366
17 123 1.1217
17 124 1.1496
17 125 1.17319
17 126 1.18346
17 127 1.07257
17 128 1.07257
17 129 1.07257
17 130 1.07257
17 131 1.07257
17 132 1.12132
17 133 1.14594
17 134 1.16778
17 135 1.17797
17 136 1.07073
17 137 1.07073
17 138 1.07073
17 139 1.07073
17 140 1.07073
17 141 1.11387
17 142 1.13478
17 143 1.15364
17 144 1.16286
18 1 1.07442
18 2 1.07442
18 3 1.07442
18 4 1.07442
18 5 1.07442
18 6 1.17846
18 7 1.24797
18 8 1.33335
18 9 1.38544
18 10 1.07509
18 11 1.07509
18 12 1.07509
18 13 1.07509
18 14 1.07509
18 15 1.20369
18 16 1.31203
18 17 1.54241
18 18 2.14276
18 19 1.07426
18 20 1.07426
18 21 1.07426
18 22 1.07426
18 23 1.07426
18 24 1.18782
18 25 1.26776
18 26 1.37676
18 27 1.45402
18 28 1.07248
18 29 1.07248
18 30 1.07248
18 31 1.07248
18 32 1.07248
18 33 1.15934
18 34 1.21112
18 35 1.26787
18 36 1.29919
18 37 1.07444
18 38 1.07444
18 39 1.07444
18 40 1.07444
18 41 1.07444
18 42 1.15891
18 43 1.21265
18 44 1.27288
18 45 1.30622
18 46 1.07489
18 47 1.07489
18 48 1.07489
18 49 1.07489
18 50 1.07489
18 51 1.17649
18 52 1.24745
18 53 1.33183
18 54 1.38393
18 55 1.07399
18 56 1.07399
18 57 1.07399
18 58 1.07399
18 59 1.07399
18 60 1.16808
18 61 1.22767
18 62 1.29598
18 63 1.33466
18 64 1.07225
18 65 1.07225
18 66 1.07225
18 67 1.07225
18 68 1.07225
18 69 1.14816
18 70 1.19157
18 71 1.23705
18 72 1.26128
18 73 1.07294
18 74 1.07294
18 75 1.07294
18 76 1.07294
18 77 1.07294
18 78 1.13572
18 79 1.17457
18 80 1.21497
18 81 1.23555
18 82 1.07324
18 83 1.07324
18 84 1.07324
18 85 1.07324
18 86 1.07324
18 87 1.14407
18 88 1.19181
18 89 1.23913
18 90 1.26398
18 91 1.07229
18 92 1.07229
18 93 1.07229
18 94 1.07229
18 95 1.07229
18 96 1.14233
18 97 1.18364
18 98 1.22654
18 99 1.24907
18 100 1.07066
18 101 1.07066
18 102 1.07066
18 103 1.07066
18 104 1.07066
18 105 1.13117
18 106 1.16429
18 107 1.19764
18 108 1.21497
18 109 1.07031
18 110 1.07031
18 111 1.07031
18 112 1.07031
18 113 1.07031
18 114 1.11688
18 115 1.14337
18 116 1.17155
18 117 1.18424
18 118 1.07054
18 119 1.07054
18 120 1.07054
18 121 1.07054
18 122 1.07054
18 123 1.1195
18 124 1.15163
18 125 1.18257
18 126 1.19737
18 127 1.0696
18 128 1.0696
18 129 1.0696
18 130 1.0696
18 131 1.0696
18 132 1.11981
18 133 1.14839
18 134 1.17704
18 135 1.19154
18 136 1.06811
18 137 1.06811
18 138 1.06811
18 139 1.06811
18 140 1.06811
18 141 1.11397
18 142 1.13835
18 143 1.16236
18 144 1.17468
19 1 1.11795
19 2 1.11795
19 3 1.11795
19 4 1.11795
19 5 1.11795
19 6 1.0951
19 7 1.08493
19 8 1.0762
19 9 1.07197
19 10 1.16148
19 11 1.16148
19 12 1.16148
19 13 1.16148
19 14 1.16148
19 15 1.10984
19 16 1.09305
19 17 1.08017
19 18 1.07426
19 19 1.30409
19 20 1.30409
19 21 1.30409
19 22 1.30409
19 23 1.30409
19 24 1.11746
19 25 1.09631
19 26 1.08158
19 27 1.07488
19 28 1.16185
19 29 1.16185
19 30 1.16185
19 31 1.16185
19 32 1.16185
19 33 1.11031
19 34 1.09356
19 35 1.08052
19 36 1.0744
19 37 1.11127
19 38 1.11127
19 39 1.11127
19 40 1.11127
19 41 1.11127
19 42 1.0917
19 43 1.08306
19 44 1.07548
19 45 1.07195
19 46 1.13491
19 47 1.13491
19 48 1.13491
19 49 1.13491
19 50 1.13491
19 51 1.1025
19 52 1.0894
19 53 1.07876
19 54 1.07397
19 55 1.14692
19 56 1.14692
19 57 1.14692
19 58 1.14692
19 59 1.14692
19 60 1.10665
19 61 1.09192
19 62 1.08004
19 63 1.07446
19 64 1.13535
19 65 1.13535
19 66 1.13535
19 67 1.13535
19 68 1.13535
19 69 1.10319
19 70 1.09016
19 71 1.07924
19 72 1.07398
19 73 1.10128
19 74 1.10128
19 75 1.10128
19 76 1.10128
19 77 1.10128
19 78 1.08639
19 79 1.07956
19 80 1.07329
19 81 1.07055
19 82 1.11394
19 83 1.11394
19 84 1.11394
19 85 1.11394
19 86 1.11394
19 87 1.09334
19 88 1.08396
19 89 1.07577
19 90 1.07223
19 91 1.11839
19 92 1.11839
19 93 1.11839
19 94 1.11839
19 95 1.11839
19 96 1.09563
19 97 1.08564
19 98 1.0768
19 99 1.07258
19 100 1.11445
19 101 1.11445
19 102 1.11445
19 103 1.11445
19 104 1.11445
19 105 1.09392
19 106 1.08456
19 107 1.07623
19 108 1.07214
19 109 1.09113
19 110 1.09113
19 111 1.09113
19 112 1.09113
19 113 1.09113
19 114 1.08064
19 115 1.07524
19 116 1.07027
19 117 1.06816
19 118 1.09837
19 119 1.09837
19 120 1.09837
19 121 1.09837
19 122 1.09837
19 123 1.08494
19 124 1.07813
19 125 1.07205
19 126 1.06952
19 127 1.10064
19 128 1.10064
19 129 1.10064
19 130 1.10064
19 131 1.10064
19 132 1.08604
19 133 1.07912
19 134 1.07276
19 135 1.06975
19 136 1.09889
19 137 1.09889
19 138 1.09889
19 139 1.09889
19 140 1.09889
19 141 1.0851
19 142 1.07847
19 143 1.07238
19 144 1.06935
20 1 1.11795
20 2 1.11795
20 3 1.11795
20 4 1.11795
20 5 1.11795
20 6 1.0951
20 7 1.08493
20 8 1.0762
20 9 1.07197
20 10 1.16148
20 11 1.16148
20 12 1.16148
20 13 1.16148
20 14 1.16148
20 15 1.10984
20 16 1.09305
20 17 1.08017
20 18 1.07426
20 19 1.30409
20 20 1.30409
20 21 1.30409
20 22 1.30409
20 23 1.30409
20 24 1.11746
20 25 1.09631
20 26 1.08158
20 27 1.07488
20 28 1.16185
20 29 1.16185
20 30 1.16185
20 31 1.16185
20 32 1.16185
20 33 1.11031
20 34 1.09356
20 35 1.08052
20 36 1.0744
20 37 1.11127
20 38 1.11127
20 39 1.11127
20 40 1.11127
20 41 1.11127
20 42 1.0917
20 43 1.08306
20 44 1.07548
20 45 1.07195
20 46 1.13491
20 47 1.13491
20 48 1.13491
20 49 1.13491
20 50 1.13491
20 51 1.1025
20 52 1.0894
20 53 1.07876
20 54 1.07397
20 55 1.14692
20 56 1.14692
20 57 1.14692
20 58 1.14692
20 59 1.14692
20 60 1.10665
20 61 1.09192
20 62 1.08004
20 63 1.07446
20 64 1.13535
20 65 1.13535
20 66 1.13535
20 67 1.13535
20 68 1.13535
20 69 1.10319
20 70 1.09016
20 71 1.07924
20 72 1.07398
20 73 1.10128
20 74 1.10128
20 75 1.10128
20 76 1.10128
20 77 1.10128
20 78 1.08639
20 79 1.07956
20 80 1.07329
20 81 1.07055
20 82 1.11394
20 83 1.11394
20 84 1.11394
20 85 1.11394
20 86 1.11394
20 87 1.09334
20 88 1.08396
20 89 1.07577
20 90 1.07223
20 91 1.11839
20 92 1.11839
20 93 1.11839
20 94 1.11839
20 95 1.11839
20 96 1.09563
20 97 1.08564
20 98 1.0768
20 99 1.07258
20 100 1.11445
20 101 1.11445
20 102 1.11445
20 103 1.11445
20 104 1.11445
20 105 1.09392
20 106 1.08456
20 107 1.07623
20 108 1.07214
20 109 1.09113
20 110 1.09113
20 111 1.09113
20 112 1.09113
20 113 1.09113
20 114 1.08064
20 115 1.07524
20 116 1.07027
20 117 1.06816
20 118 1.09837
20 119 1.09837
20 120 1.09837
20 121 1.09837
20 122 1.09837
20 123 1.08494
20 124 1.07813
20 125 1.07205
20 126 1.06952
20 127 1.10064
20 128 1.10064
20 129 1.10064
20 130 1.10064
20 131 1.10064
20 132 1.08604
20 133 1.07912
20 134 1.07276
20 135 1.06975
20 136 1.09889
20 137 1.09889
20 138 1.09889
20 139 1.09889
20 140 1.09889
20 141 1.0851
20 142 1.07847
20 143 1.07238
20 144 1.06935
21 1 1.11795
21 2 1.11795
21 3 1.11795
21 4 1.11795
21 5 1.11795
21 6 1.0951
21 7 1.08493
21 8 1.0762
21 9 1.07197
21 10 1.16148
21 11 1.16148
21 12 1.16148
21 13 1.16148
21 14 1.16148
21 15 1.10984
21 16 1.09305
21 17 1.08017
21 18 1.07426
21 19 1.30409
21 20 1.30409
21 21 1.30409
21 22 1.30409
21 23 1.30409
21 24 1.11746
21 25 1.09631
21 26 1.08158
21 27 1.07488
21 28 1.16185
21 29 1.16185
21 30 1.16185
21 31 1.16185
21 32 1.16185
21 33 1.11031
21 34 1.09356
21 35 1.08052
21 36 1.0744
