injected_el measured_el potential
1 1 1.30514
1 2 1.30514
1 3 1.30514
1 4 1.30514
1 5 1.30514
1 6 1.11844
1 7 1.09721
1 8 1.0824
1 9 1.07566
1 10 1.14691
1 11 1.14691
1 12 1.14691
1 13 1.14691
1 14 1.14691
1 15 1.10663
1 16 1.09171
1 17 1.07963
1 18 1.07388
1 19 1.11813
1 20 1.11813
1 21 1.11813
1 22 1.11813
1 23 1.11813
1 24 1.09528
1 25 1.08501
1 26 1.07597
1 27 1.07153
1 28 1.10055
1 29 1.10055
1 30 1.10055
1 31 1.10055
1 32 1.10055
1 33 1.08572
1 34 1.07856
1 35 1.07199
1 36 1.06871
1 37 1.14801
1 38 1.14801
1 39 1.14801
1 40 1.14801
1 41 1.14801
1 42 1.10763
1 43 1.09276
1 44 1.0808
1 45 1.07518
1 46 1.12935
1 47 1.12935
1 48 1.12935
1 49 1.12935
1 50 1.12935
1 51 1.10084
1 52 1.08874
1 53 1.07844
1 54 1.07346
1 55 1.11156
1 56 1.11156
1 57 1.11156
1 58 1.11156
1 59 1.11156
1 60 1.09224
1 61 1.08326
1 62 1.07521
1 63 1.07123
1 64 1.0975
1 65 1.0975
1 66 1.0975
1 67 1.0975
1 68 1.0975
1 69 1.08411
1 70 1.07758
1 71 1.07155
1 72 1.06853
1 73 1.1195
1 74 1.1195
1 75 1.1195
1 76 1.1195
1 77 1.1195
1 78 1.09657
1 79 1.08642
1 80 1.0775
1 81 1.07325
1 82 1.11184
1 83 1.11184
1 84 1.11184
1 85 1.11184
1 86 1.11184
1 87 1.09254
1 88 1.08356
1 89 1.07557
1 90 1.07164
1 91 1.10161
1 92 1.10161
1 93 1.10161
1 94 1.10161
1 95 1.10161
1 96 1.08668
1 97 1.07948
1 98 1.0729
1 99 1.06961
1 100 1.09162
1 101 1.09162
1 102 1.09162
1 103 1.09162
1 104 1.09162
1 105 1.08042
1 106 1.07489
1 107 1.06974
1 108 1.06716
1 109 1.10173
1 110 1.10173
1 111 1.10173
1 112 1.10173
1 113 1.10173
1 114 1.08697
1 115 1.07987
1 116 1.07336
1 117 1.07037
1 118 1.09758
1 119 1.09758
1 120 1.09758
1 121 1.09758
1 122 1.09758
1 123 1.08427
1 124 1.07774
1 125 1.07181
1 126 1.06889
1 127 1.09143
1 128 1.09143
1 129 1.09143
1 130 1.09143
1 131 1.09143
1 132 1.08026
1 133 1.07475
1 134 1.06965
1 135 1.06709
1 136 1.08455
1 137 1.08455
1 138 1.08455
1 139 1.08455
1 140 1.08455
1 141 1.07563
1 142 1.07118
1 143 1.06701
1 144 1.06491
2 1 1.30514
2 2 1.30514
2 3 1.30514
2 4 1.30514
2 5 1.30514
2 6 1.11844
2 7 1.09721
2 8 1.0824
2 9 1.07566
2 10 1.14691
2 11 1.14691
2 12 1.14691
2 13 1.14691
2 14 1.14691
2 15 1.10663
2 16 1.09171
2 17 1.07963
2 18 1.07388
2 19 1.11813
2 20 1.11813
2 21 1.11813
2 22 1.11813
2 23 1.11813
2 24 1.09528
2 25 1.08501
2 26 1.07597
2 27 1.07153
2 28 1.10055
2 29 1.10055
2 30 1.10055
2 31 1.10055
2 32 1.10055
2 33 1.08572
2 34 1.07856
2 35 1.07199
2 36 1.06871
2 37 1.14801
2 38 1.14801
2 39 1.14801
2 40 1.14801
2 41 1.14801
2 42 1.10763
2 43 1.09276
2 44 1.0808
2 45 1.07518
2 46 1.12935
2 47 1.12935
2 48 1.12935
2 49 1.12935
2 50 1.12935
2 51 1.10084
2 52 1.08874
2 53 1.07844
2 54 1.07346
2 55 1.11156
2 56 1.11156
2 57 1.11156
2 58 1.11156
2 59 1.11156
2 60 1.09224
2 61 1.08326
2 62 1.07521
2 63 1.07123
2 64 1.0975
2 65 1.0975
2 66 1.0975
2 67 1.0975
2 68 1.0975
2 69 1.08411
2 70 1.07758
2 71 1.07155
2 72 1.06853
2 73 1.1195
2 74 1.1195
2 75 1.1195
2 76 1.1195
2 77 1.1195
2 78 1.09657
2 79 1.08642
2 80 1.0775
2 81 1.07325
2 82 1.11184
2 83 1.11184
2 84 1.11184
2 85 1.11184
2 86 1.11184
2 87 1.09254
2 88 1.08356
2 89 1.07557
2 90 1.07164
2 91 1.10161
2 92 1.10161
2 93 1.10161
2 94 1.10161
2 95 1.10161
2 96 1.08668
2 97 1.07948
2 98 1.0729
2 99 1.06961
2 100 1.09162
2 101 1.09162
2 102 1.09162
2 103 1.09162
2 104 1.09162
2 105 1.08042
2 106 1.07489
2 107 1.06974
2 108 1.06716
2 109 1.10173
2 110 1.10173
2 111 1.10173
2 112 1.10173
2 113 1.10173
2 114 1.08697
2 115 1.07987
2 116 1.07336
2 117 1.07037
2 118 1.09758
2 119 1.09758
2 120 1.09758
2 121 1.09758
2 122 1.09758
2 123 1.08427
2 124 1.07774
2 125 1.07181
2 126 1.06889
2 127 1.09143
2 128 1.09143
2 129 1.09143
2 130 1.09143
2 131 1.09143
2 132 1.08026
2 133 1.07475
2 134 1.06965
2 135 1.06709
2 136 1.08455
2 137 1.08455
2 138 1.08455
2 139 1.08455
2 140 1.08455
2 141 1.07563
2 142 1.07118
2 143 1.06701
2 144 1.06491
3 1 1.30514
3 2 1.30514
3 3 1.30514
3 4 1.30514
3 5 1.30514
3 6 1.11844
3 7 1.09721
3 8 1.0824
3 9 1.07566
3 10 1.14691
3 11 1.14691
3 12 1.14691
3 13 1.14691
3 14 1.14691
3 15 1.10663
3 16 1.09171
3 17 1.07963
3 18 1.07388
3 19 1.11813
3 20 1.11813
3 21 1.11813
3 22 1.11813
3 23 1.11813
3 24 1.09528
3 25 1.08501
3 26 1.07597
3 27 1.07153
3 28 1.10055
3 29 1.10055
3 30 1.10055
3 31 1.10055
3 32 1.10055
3 33 1.08572
3 34 1.07856
3 35 1.07199
3 36 1.06871
3 37 1.14801
3 38 1.14801
3 39 1.14801
3 40 1.14801
3 41 1.14801
3 42 1.10763
3 43 1.09276
3 44 1.0808
3 45 1.07518
3 46 1.12935
3 47 1.12935
3 48 1.12935
3 49 1.12935
3 50 1.12935
3 51 1.10084
3 52 1.08874
3 53 1.07844
3 54 1.07346
3 55 1.11156
3 56 1.11156
3 57 1.11156
3 58 1.11156
3 59 1.11156
3 60 1.09224
3 61 1.08326
3 62 1.07521
3 63 1.07123
3 64 1.0975
3 65 1.0975
3 66 1.0975
3 67 1.0975
3 68 1.0975
3 69 1.08411
3 70 1.07758
3 71 1.07155
3 72 1.06853
3 73 1.1195
3 74 1.1195
3 75 1.1195
3 76 1.1195
3 77 1.1195
3 78 1.09657
3 79 1.08642
3 80 1.0775
3 81 1.07325
3 82 1.11184
3 83 1.11184
3 84 1.11184
3 85 1.11184
3 86 1.11184
3 87 1.09254
3 88 1.08356
3 89 1.07557
3 90 1.07164
3 91 1.10161
3 92 1.10161
3 93 1.10161
3 94 1.10161
3 95 1.10161
3 96 1.08668
3 97 1.07948
3 98 1.0729
3 99 1.06961
3 100 1.09162
3 101 1.09162
3 102 1.09162
3 103 1.09162
3 104 1.09162
3 105 1.08042
3 106 1.07489
3 107 1.06974
3 108 1.06716
3 109 1.10173
3 110 1.10173
3 111 1.10173
3 112 1.10173
3 113 1.10173
3 114 1.08697
3 115 1.07987
3 116 1.07336
3 117 1.07037
3 118 1.09758
3 119 1.09758
3 120 1.09758
3 121 1.09758
3 122 1.09758
3 123 1.08427
3 124 1.07774
3 125 1.07181
3 126 1.06889
3 127 1.09143
3 128 1.09143
3 129 1.09143
3 130 1.09143
3 131 1.09143
3 132 1.08026
3 133 1.07475
3 134 1.06965
3 135 1.06709
3 136 1.08455
3 137 1.08455
3 138 1.08455
3 139 1.08455
3 140 1.08455
3 141 1.07563
3 142 1.07118
3 143 1.06701
3 144 1.06491
4 1 1.30514
4 2 1.30514
4 3 1.30514
4 4 1.30514
4 5 1.30514
4 6 1.11844
4 7 1.09721
4 8 1.0824
4 9 1.07566
4 10 1.14691
4 11 1.14691
4 12 1.14691
4 13 1.14691
4 14 1.14691
4 15 1.10663
4 16 1.09171
4 17 1.07963
4 18 1.07388
4 19 1.11813
4 20 1.11813
4 21 1.11813
4 22 1.11813
4 23 1.11813
4 24 1.09528
4 25 1.08501
4 26 1.07597
4 27 1.07153
4 28 1.10055
4 29 1.10055
4 30 1.10055
4 31 1.10055
4 32 1.10055
4 33 1.08572
4 34 1.07856
4 35 1.07199
4 36 1.06871
4 37 1.14801
4 38 1.14801
4 39 1.14801
4 40 1.14801
4 41 1.14801
4 42 1.10763
4 43 1.09276
4 44 1.0808
4 45 1.07518
4 46 1.12935
4 47 1.12935
4 48 1.12935
4 49 1.12935
4 50 1.12935
4 51 1.10084
4 52 1.08874
4 53 1.07844
4 54 1.07346
4 55 1.11156
4 56 1.11156
4 57 1.11156
4 58 1.11156
4 59 1.11156
4 60 1.09224
4 61 1.08326
4 62 1.07521
4 63 1.07123
4 64 1.0975
4 65 1.0975
4 66 1.0975
4 67 1.0975
4 68 1.0975
4 69 1.08411
4 70 1.07758
4 71 1.07155
4 72 1.06853
4 73 1.1195
4 74 1.1195
4 75 1.1195
4 76 1.1195
4 77 1.1195
4 78 1.09657
4 79 1.08642
4 80 1.0775
4 81 1.07325
4 82 1.11184
4 83 1.11184
4 84 1.11184
4 85 1.11184
4 86 1.11184
4 87 1.09254
4 88 1.08356
4 89 1.07557
4 90 1.07164
4 91 1.10161
4 92 1.10161
4 93 1.10161
4 94 1.10161
4 95 1.10161
4 96 1.08668
4 97 1.07948
4 98 1.0729
4 99 1.06961
4 100 1.09162
4 101 1.09162
4 102 1.09162
4 103 1.09162
4 104 1.09162
4 105 1.08042
4 106 1.07489
4 107 1.06974
4 108 1.06716
4 109 1.10173
4 110 1.10173
4 111 1.10173
4 112 1.10173
4 113 1.10173
4 114 1.08697
4 115 1.07987
4 116 1.07336
4 117 1.07037
4 118 1.09758
4 119 1.09758
4 120 1.09758
4 121 1.09758
4 122 1.09758
4 123 1.08427
4 124 1.07774
4 125 1.07181
4 126 1.06889
4 127 1.09143
4 128 1.09143
4 129 1.09143
4 130 1.09143
4 131 1.09143
4 132 1.08026
4 133 1.07475
4 134 1.06965
4 135 1.06709
4 136 1.08455
4 137 1.08455
4 138 1.08455
4 139 1.08455
4 140 1.08455
4 141 1.07563
4 142 1.07118
4 143 1.06701
4 144 1.06491
5 1 1.30514
5 2 1.30514
5 3 1.30514
5 4 1.30514
5 5 1.30514
5 6 1.11844
5 7 1.09721
5 8 1.0824
5 9 1.07566
5 10 1.14691
5 11 1.14691
5 12 1.14691
5 13 1.14691
5 14 1.14691
5 15 1.10663
5 16 1.09171
5 17 1.07963
5 18 1.07388
5 19 1.11813
5 20 1.11813
5 21 1.11813
5 22 1.11813
5 23 1.11813
5 24 1.09528
5 25 1.08501
5 26 1.07597
5 27 1.07153
5 28 1.10055
5 29 1.10055
5 30 1.10055
5 31 1.10055
5 32 1.10055
5 33 1.08572
5 34 1.07856
5 35 1.07199
5 36 1.06871
5 37 1.14801
5 38 1.14801
5 39 1.14801
5 40 1.14801
5 41 1.14801
5 42 1.10763
5 43 1.09276
5 44 1.0808
5 45 1.07518
5 46 1.12935
5 47 1.12935
5 48 1.12935
5 49 1.12935
5 50 1.12935
5 51 1.10084
5 52 1.08874
5 53 1.07844
5 54 1.07346
5 55 1.11156
5 56 1.11156
5 57 1.11156
5 58 1.11156
5 59 1.11156
5 60 1.09224
5 61 1.08326
5 62 1.07521
5 63 1.07123
5 64 1.0975
5 65 1.0975
5 66 1.0975
5 67 1.0975
5 68 1.0975
5 69 1.08411
5 70 1.07758
5 71 1.07155
5 72 1.06853
5 73 1.1195
5 74 1.1195
5 75 1.1195
5 76 1.1195
5 77 1.1195
5 78 1.09657
5 79 1.08642
5 80 1.0775
5 81 1.07325
5 82 1.11184
5 83 1.11184
5 84 1.11184
5 85 1.11184
5 86 1.11184
5 87 1.09254
5 88 1.08356
5 89 1.07557
5 90 1.07164
5 91 1.10161
5 92 1.10161
5 93 1.10161
5 94 1.10161
5 95 1.10161
5 96 1.08668
5 97 1.07948
5 98 1.0729
5 99 1.06961
5 100 1.09162
5 101 1.09162
5 102 1.09162
5 103 1.09162
5 104 1.09162
5 105 1.08042
5 106 1.07489
5 107 1.06974
5 108 1.06716
5 109 1.10173
5 110 1.10173
5 111 1.10173
5 112 1.10173
5 113 1.10173
5 114 1.08697
5 115 1.07987
5 116 1.07336
5 117 1.07037
5 118 1.09758
5 119 1.09758
5 120 1.09758
5 121 1.09758
5 122 1.09758
5 123 1.08427
5 124 1.07774
5 125 1.07181
5 126 1.06889
5 127 1.09143
5 128 1.09143
5 129 1.09143
5 130 1.09143
5 131 1.09143
5 132 1.08026
5 133 1.07475
5 134 1.06965
5 135 1.06709
5 136 1.08455
5 137 1.08455
5 138 1.08455
5 139 1.08455
5 140 1.08455
5 141 1.07563
5 142 1.07118
5 143 1.06701
5 144 1.06491
6 1 1.11844
6 2 1.11844
6 3 1.11844
6 4 1.11844
6 5 1.11844
6 6 6.92016
6 7 2.14511
6 8 1.39454
6 9 1.20564
6 10 1.1066
6 11 1.1066
6 12 1.1066
6 13 1.1066
6 14 1.1066
6 15 1.44631
6 16 1.36734
6 17 1.24362
6 18 1.17987
6 19 1.09524
6 20 1.09524
6 21 1.09524
6 22 1.09524
6 23 1.09524
6 24 1.19388
6 25 1.19337
6 26 1.16789
6 27 1.15086
6 28 1.08568
6 29 1.08568
6 30 1.08568
6 31 1.08568
6 32 1.08568
6 33 1.12456
6 34 1.13101
6 35 1.12901
6 36 1.12635
6 37 1.10783
6 38 1.10783
6 39 1.10783
6 40 1.10783
6 41 1.10783
6 42 1.44351
6 43 1.36531
6 44 1.24312
6 45 1.18094
6 46 1.10086
6 47 1.10086
6 48 1.10086
6 49 1.10086
6 50 1.10086
6 51 1.25891
6 52 1.24586
6 53 1.19496
6 54 1.16403
6 55 1.09223
6 56 1.09223
6 57 1.09223
6 58 1.09223
6 59 1.09223
6 60 1.15971
6 61 1.16402
6 62 1.15141
6 63 1.14192
6 64 1.08408
6 65 1.08408
6 66 1.08408
6 67 1.08408
6 68 1.08408
6 69 1.11561
6 70 1.12219
6 71 1.1225
6 72 1.12142
6 73 1.09687
6 74 1.09687
6 75 1.09687
6 76 1.09687
6 77 1.09687
6 78 1.19167
6 79 1.19199
6 80 1.16774
6 81 1.15196
6 82 1.09261
6 83 1.09261
6 84 1.09261
6 85 1.09261
6 86 1.09261
6 87 1.15915
6 88 1.16358
6 89 1.15127
6 90 1.14203
6 91 1.0867
6 92 1.0867
6 93 1.0867
6 94 1.0867
6 95 1.0867
6 96 1.12553
6 97 1.13206
6 98 1.1301
6 99 1.12745
6 100 1.08042
6 101 1.08042
6 102 1.08042
6 103 1.08042
6 104 1.08042
6 105 1.10283
6 106 1.10909
6 107 1.11171
6 108 1.11232
6 109 1.08725
6 110 1.08725
6 111 1.08725
6 112 1.08725
6 113 1.08725
6 114 1.12283
6 115 1.12989
6 116 1.12867
6 117 1.12707
6 118 1.08438
6 119 1.08438
6 120 1.08438
6 121 1.08438
6 122 1.08438
6 123 1.11461
6 124 1.12134
6 125 1.122
6 126 1.12118
6 127 1.08032
6 128 1.08032
6 129 1.08032
6 130 1.08032
6 131 1.08032
6 132 1.10231
6 133 1.10858
6 134 1.11129
6 135 1.11198
6 136 1.07565
6 137 1.07565
6 138 1.07565
6 139 1.07565
6 140 1.07565
6 141 1.09089
6 142 1.09634
6 143 1.09999
6 144 1.10151
7 1 1.09721
7 2 1.09721
7 3 1.09721
7 4 1.09721
7 5 1.09721
7 6 2.14511
7 7 6.92271
7 8 1.99627
7 9 1.31394
7 10 1.09166
7 11 1.09166
7 12 1.09166
7 13 1.09166
7 14 1.09166
7 15 1.36718
7 16 1.46875
7 17 1.34142
7 18 1.24972
7 19 1.08495
7 20 1.08495
7 21 1.08495
7 22 1.08495
7 23 1.08495
7 24 1.19331
7 25 1.22066
7 26 1.21007
7 27 1.19648
7 28 1.0785
7 29 1.0785
7 30 1.0785
7 31 1.0785
7 32 1.0785
7 33 1.131
7 34 1.14799
7 35 1.15553
7 36 1.15731
7 37 1.09293
7 38 1.09293
7 39 1.09293
7 40 1.09293
7 41 1.09293
7 42 1.3649
7 43 1.46604
7 44 1.34038
7 45 1.2507
7 46 1.08876
7 47 1.08876
7 48 1.08876
7 49 1.08876
7 50 1.08876
7 51 1.24574
7 52 1.28522
7 53 1.25093
7 54 1.21874
7 55 1.08323
7 56 1.08323
7 57 1.08323
7 58 1.08323
7 59 1.08323
7 60 1.16397
7 61 1.18577
7 62 1.18605
7 63 1.18133
7 64 1.07754
7 65 1.07754
7 66 1.07754
7 67 1.07754
7 68 1.07754
7 69 1.12218
7 70 1.13771
7 71 1.14649
7 72 1.14953
7 73 1.08667
7 74 1.08667
7 75 1.08667
7 76 1.08667
7 77 1.08667
7 78 1.191
7 79 1.21885
7 80 1.20948
7 81 1.19722
7 82 1.08365
7 83 1.08365
7 84 1.08365
7 85 1.08365
7 86 1.08365
7 87 1.16333
7 88 1.18522
7 89 1.18578
7 90 1.18128
7 91 1.0795
7 92 1.0795
7 93 1.0795
7 94 1.0795
7 95 1.0795
7 96 1.13198
7 97 1.14902
7 98 1.1567
7 99 1.15854
7 100 1.07488
7 101 1.07488
7 102 1.07488
7 103 1.07488
7 104 1.07488
7 105 1.10908
7 106 1.1224
7 107 1.1319
7 108 1.13597
7 109 1.0802
7 110 1.0802
7 111 1.0802
7 112 1.0802
7 113 1.0802
7 114 1.12869
7 115 1.1463
7 116 1.15463
7 117 1.15745
7 118 1.07791
7 119 1.07791
7 120 1.07791
7 121 1.07791
7 122 1.07791
7 123 1.12091
7 124 1.13661
7 125 1.14571
7 126 1.14896
7 127 1.07482
7 128 1.07482
7 129 1.07482
7 130 1.07482
7 131 1.07482
7 132 1.10846
7 133 1.12177
7 134 1.13134
7 135 1.13548
7 136 1.0712
7 137 1.0712
7 138 1.0712
7 139 1.0712
7 140 1.0712
7 141 1.09632
7 142 1.10722
7 143 1.1162
7 144 1.12043
8 1 1.0824
8 2 1.0824
8 3 1.0824
8 4 1.0824
8 5 1.0824
8 6 1.39454
8 7 1.99627
8 8 6.24058
8 9 1.5464
8 10 1.0796
8 11 1.0796
8 12 1.0796
8 13 1.0796
8 14 1.0796
8 15 1.24338
8 16 1.34105
8 17 1.39948
8 18 1.33601
8 19 1.07593
8 20 1.07593
8 21 1.07593
8 22 1.07593
8 23 1.07593
8 24 1.1678
8 25 1.20995
8 26 1.23802
8 27 1.24443
8 28 1.07195
8 29 1.07195
8 30 1.07195
8 31 1.07195
8 32 1.07195
8 33 1.12898
8 34 1.15548
8 35 1.17766
8 36 1.18785
8 37 1.08092
8 38 1.08092
8 39 1.08092
8 40 1.08092
8 41 1.08092
8 42 1.24305
8 43 1.34093
8 44 1.39941
8 45 1.33686
8 46 1.07846
8 47 1.07846
8 48 1.07846
8 49 1.07846
8 50 1.07846
8 51 1.19483
8 52 1.25084
8 53 1.28266
8 54 1.27921
8 55 1.0752
8 56 1.0752
8 57 1.0752
8 58 1.0752
8 59 1.0752
8 60 1.15135
8 61 1.18598
8 62 1.2118
8 63 1.22153
8 64 1.07153
8 65 1.07153
8 66 1.07153
8 67 1.07153
8 68 1.07153
8 69 1.12248
8 70 1.14645
8 71 1.16717
8 72 1.17702
8 73 1.07772
8 74 1.07772
8 75 1.07772
8 76 1.07772
8 77 1.07772
8 78 1.16668
8 79 1.20923
8 80 1.23773
8 81 1.24477
8 82 1.07565
8 83 1.07565
8 84 1.07565
8 85 1.07565
8 86 1.07565
8 87 1.15091
8 88 1.18562
8 89 1.21154
8 90 1.22132
8 91 1.07293
8 92 1.07293
8 93 1.07293
8 94 1.07293
8 95 1.07293
8 96 1.12998
8 97 1.1566
8 98 1.17895
8 99 1.18925
8 100 1.06975
8 101 1.06975
8 102 1.06975
8 103 1.06975
8 104 1.06975
8 105 1.11168
8 106 1.13186
8 107 1.14996
8 108 1.15884
8 109 1.07375
8 110 1.07375
8 111 1.07375
8 112 1.07375
8 113 1.07375
8 114 1.1269
8 115 1.15401
8 116 1.17657
8 117 1.18738
8 118 1.07197
8 119 1.07197
8 120 1.07197
8 121 1.07197
8 122 1.07197
8 123 1.12123
8 124 1.14537
8 125 1.16623
8 126 1.17612
8 127 1.06972
8 128 1.06972
8 129 1.06972
8 130 1.06972
8 131 1.06972
8 132 1.11103
8 133 1.13116
8 134 1.14929
8 135 1.1582
8 136 1.06704
8 137 1.06704
8 138 1.06704
8 139 1.06704
8 140 1.06704
8 141 1.09992
8 142 1.11613
8 143 1.13109
8 144 1.13855
9 1 1.07566
9 2 1.07566
9 3 1.07566
9 4 1.07566
9 5 1.07566
9 6 1.20564
9 7 1.31394
9 8 1.5464
9 9 2.14787
9 10 1.07388
9 11 1.07388
9 12 1.07388
9 13 1.07388
9 14 1.07388
9 15 1.1799
9 16 1.24966
9 17 1.33608
9 18 1.38987
9 19 1.07153
9 20 1.07153
9 21 1.07153
9 22 1.07153
9 23 1.07153
9 24 1.15087
9 25 1.19642
9 26 1.24443
9 27 1.27019
9 28 1.0687
9 29 1.0687
9 30 1.0687
9 31 1.0687
9 32 1.0687
9 33 1.12636
9 34 1.15726
9 35 1.18784
9 36 1.20364
9 37 1.07521
9 38 1.07521
9 39 1.07521
9 40 1.07521
9 41 1.07521
9 42 1.18029
9 43 1.25031
9 44 1.33641
9 45 1.38982
9 46 1.07348
9 47 1.07348
9 48 1.07348
9 49 1.07348
9 50 1.07348
9 51 1.16388
9 52 1.21855
9 53 1.27905
9 54 1.31256
9 55 1.07124
9 56 1.07124
9 57 1.07124
9 58 1.07124
9 59 1.07124
9 60 1.14187
9 61 1.1812
9 62 1.22142
9 63 1.24255
9 64 1.06854
9 65 1.06854
9 66 1.06854
9 67 1.06854
9 68 1.06854
9 69 1.1214
9 70 1.14944
9 71 1.17695
9 72 1.19109
9 73 1.07333
9 74 1.07333
9 75 1.07333
9 76 1.07333
9 77 1.07333
9 78 1.15031
9 79 1.19611
9 80 1.24403
9 81 1.26979
9 82 1.0717
9 83 1.0717
9 84 1.0717
9 85 1.0717
9 86 1.0717
9 87 1.14151
9 88 1.18089
9 89 1.22105
9 90 1.2421
9 91 1.06965
9 92 1.06965
9 93 1.06965
9 94 1.06965
9 95 1.06965
9 96 1.12726
9 97 1.15831
9 98 1.18908
9 99 1.20497
9 100 1.06717
9 101 1.06717
9 102 1.06717
9 103 1.06717
9 104 1.06717
9 105 1.11226
9 106 1.13585
9 107 1.15874
9 108 1.17044
9 109 1.07052
9 110 1.07052
9 111 1.07052
9 112 1.07052
9 113 1.07052
9 114 1.12439
9 115 1.15584
9 116 1.18646
9 117 1.20253
9 118 1.06899
9 119 1.06899
9 120 1.06899
9 121 1.06899
9 122 1.06899
9 123 1.12014
9 124 1.1483
9 125 1.1758
9 126 1.18988
9 127 1.06716
9 128 1.06716
9 129 1.06716
9 130 1.06716
9 131 1.06716
9 132 1.11158
9 133 1.1351
9 134 1.15797
9 135 1.16967
9 136 1.06495
9 137 1.06495
9 138 1.06495
9 139 1.06495
9 140 1.06495
9 141 1.10137
9 142 1.12025
9 143 1.13842
9 144 1.14768
10 1 1.14691
10 2 1.14691
10 3 1.14691
10 4 1.14691
10 5 1.14691
10 6 1.1066
10 7 1.09166
10 8 1.0796
10 9 1.07388
10 10 1.30424
10 11 1.30424
10 12 1.30424
10 13 1.30424
10 14 1.30424
10 15 1.11752
10 16 1.09627
10 17 1.08141
10 18 1.07462
10 19 1.16167
10 20 1.16167
10 21 1.16167
10 22 1.16167
10 23 1.16167
10 24 1.11002
10 25 1.09318
10 26 1.08006
10 27 1.07389
10 28 1.12582
10 29 1.12582
10 30 1.12582
10 31 1.12582
10 32 1.12582
10 33 1.09877
10 34 1.08712
10 35 1.07709
10 36 1.0722
10 37 1.12933
10 38 1.12933
10 39 1.12933
10 40 1.12933
10 41 1.12933
10 42 1.10067
10 43 1.0886
10 44 1.07836
10 45 1.07347
10 46 1.14711
10 47 1.14711
10 48 1.14711
10 49 1.14711
10 50 1.14711
10 51 1.10679
10 52 1.09187
10 53 1.07982
10 54 1.0741
10 55 1.13519
10 56 1.13519
10 57 1.13519
10 58 1.13519
10 59 1.13519
10 60 1.1029
10 61 1.08974
10 62 1.07871
10 63 1.0734
10 64 1.117
10 65 1.117
10 66 1.117
10 67 1.117
10 68 1.117
10 69 1.09501
10 70 1.08501
10 71 1.07618
10 72 1.07183
10 73 1.11181
10 74 1.11181
10 75 1.11181
10 76 1.11181
10 77 1.11181
10 78 1.09226
10 79 1.08341
10 80 1.07546
10 81 1.07167
10 82 1.1186
10 83 1.1186
10 84 1.1186
10 85 1.1186
10 86 1.1186
10 87 1.09571
10 88 1.08546
10 89 1.0765
10 90 1.07214
10 91 1.11429
10 92 1.11429
10 93 1.11429
10 94 1.11429
10 95 1.11429
10 96 1.09359
10 97 1.0841
10 98 1.07566
10 99 1.07151
10 100 1.10501
10 101 1.10501
10 102 1.10501
10 103 1.10501
10 104 1.10501
10 105 1.08861
10 106 1.08078
10 107 1.07367
10 108 1.07012
10 109 1.09754
10 110 1.09754
10 111 1.09754
10 112 1.09754
10 113 1.09754
10 114 1.08401
10 115 1.07759
10 116 1.07164
10 117 1.06894
10 118 1.10083
10 119 1.10083
10 120 1.10083
10 121 1.10083
10 122 1.10083
10 123 1.08598
10 124 1.07884
10 125 1.07239
10 126 1.06924
10 127 1.09871
10 128 1.09871
10 129 1.09871
10 130 1.09871
10 131 1.09871
10 132 1.0847
10 133 1.07794
10 134 1.07175
10 135 1.06868
10 136 1.09355
10 137 1.09355
10 138 1.09355
10 139 1.09355
10 140 1.09355
10 141 1.08156
10 142 1.07567
10 143 1.07023
10 144 1.0675
11 1 1.14691
11 2 1.14691
11 3 1.14691
11 4 1.14691
11 5 1.14691
11 6 1.1066
11 7 1.09166
11 8 1.0796
11 9 1.07388
11 10 1.30424
11 11 1.30424
11 12 1.30424
11 13 1.30424
11 14 1.30424
11 15 1.11752
11 16 1.09627
11 17 1.08141
11 18 1.07462
11 19 1.16167
11 20 1.16167
11 21 1.16167
11 22 1.16167
11 23 1.16167
11 24 1.11002
11 25 1.09318
11 26 1.08006
11 27 1.07389
11 28 1.12582
11 29 1.12582
11 30 1.12582
11 31 1.12582
11 32 1.12582
11 33 1.09877
11 34 1.08712
11 35 1.07709
11 36 1.0722
11 37 1.12933
11 38 1.12933
11 39 1.12933
11 40 1.12933
11 41 1.12933
11 42 1.10067
11 43 1.0886
11 44 1.07836
11 45 1.07347
11 46 1.14711
11 47 1.14711
11 48 1.14711
11 49 1.14711
11 50 1.14711
11 51 1.10679
11 52 1.09187
11 53 1.07982
11 54 1.0741
11 55 1.13519
11 56 1.13519
11 57 1.13519
11 58 1.13519
11 59 1.13519
11 60 1.1029
11 61 1.08974
11 62 1.07871
11 63 1.0734
11 64 1.117
11 65 1.117
11 66 1.117
11 67 1.117
11 68 1.117
11 69 1.09501
11 70 1.08501
11 71 1.07618
11 72 1.07183
11 73 1.11181
11 74 1.11181
11 75 1.11181
11 76 1.11181
11 77 1.11181
11 78 1.09226
11 79 1.08341
11 80 1.07546
11 81 1.07167
11 82 1.1186
11 83 1.1186
11 84 1.1186
11 85 1.1186
11 86 1.1186
11 87 1.09571
11 88 1.08546
11 89 1.0765
11 90 1.07214
11 91 1.11429
11 92 1.11429
11 93 1.11429
11 94 1.11429
11 95 1.11429
11 96 1.09359
11 97 1.0841
11 98 1.07566
11 99 1.07151
11 100 1.10501
11 101 1.10501
11 102 1.10501
11 103 1.10501
11 104 1.10501
11 105 1.08861
11 106 1.08078
11 107 1.07367
11 108 1.07012
11 109 1.09754
11 110 1.09754
11 111 1.09754
11 112 1.09754
11 113 1.09754
11 114 1.08401
11 115 1.07759
11 116 1.07164
11 117 1.06894
11 118 1.10083
11 119 1.10083
11 120 1.10083
11 121 1.10083
11 122 1.10083
11 123 1.08598
11 124 1.07884
11 125 1.07239
11 126 1.06924
11 127 1.09871
11 128 1.09871
11 129 1.09871
11 130 1.09871
11 131 1.09871
11 132 1.0847
11 133 1.07794
11 134 1.07175
11 135 1.06868
11 136 1.09355
11 137 1.09355
11 138 1.09355
11 139 1.09355
11 140 1.09355
11 141 1.08156
11 142 1.07567
11 143 1.07023
11 144 1.0675
12 1 1.14691
12 2 1.14691
12 3 1.14691
12 4 1.14691
12 5 1.14691
12 6 1.1066
12 7 1.09166
12 8 1.0796
12 9 1.07388
12 10 1.30424
12 11 1.30424
12 12 1.30424
12 13 1.30424
12 14 1.30424
12 15 1.11752
12 16 1.09627
12 17 1.08141
12 18 1.07462
12 19 1.16167
12 20 1.16167
12 21 1.16167
12 22 1.16167
12 23 1.16167
12 24 1.11002
12 25 1.09318
12 26 1.08006
12 27 1.07389
12 28 1.12582
12 29 1.12582
12 30 1.12582
12 31 1.12582
12 32 1.12582
12 33 1.09877
12 34 1.08712
12 35 1.07709
12 36 1.0722
12 37 1.12933
12 38 1.12933
12 39 1.12933
12 40 1.12933
12 41 1.12933
12 42 1.10067
12 43 1.0886
12 44 1.07836
12 45 1.07347
12 46 1.14711
12 47 1.14711
12 48 1.14711
12 49 1.14711
12 50 1.14711
12 51 1.10679
12 52 1.09187
12 53 1.07982
12 54 1.0741
12 55 1.13519
12 56 1.13519
12 57 1.13519
12 58 1.13519
12 59 1.13519
12 60 1.1029
12 61 1.08974
12 62 1.07871
12 63 1.0734
12 64 1.117
12 65 1.117
12 66 1.117
12 67 1.117
12 68 1.117
12 69 1.09501
12 70 1.08501
12 71 1.07618
12 72 1.07183
12 73 1.11181
12 74 1.11181
12 75 1.11181
12 76 1.11181
12 77 1.11181
12 78 1.09226
12 79 1.08341
12 80 1.07546
12 81 1.07167
12 82 1.1186
12 83 1.1186
12 84 1.1186
12 85 1.1186
12 86 1.1186
12 87 1.09571
12 88 1.08546
12 89 1.0765
12 90 1.07214
12 91 1.11429
12 92 1.11429
12 93 1.11429
12 94 1.11429
12 95 1.11429
12 96 1.09359
12 97 1.0841
12 98 1.07566
12 99 1.07151
12 100 1.10501
12 101 1.10501
12 102 1.10501
12 103 1.10501
12 104 1.10501
12 105 1.08861
12 106 1.08078
12 107 1.07367
12 108 1.07012
12 109 1.09754
12 110 1.09754
12 111 1.09754
12 112 1.09754
12 113 1.09754
12 114 1.08401
12 115 1.07759
12 116 1.07164
12 117 1.06894
12 118 1.10083
12 119 1.10083
12 120 1.10083
12 121 1.10083
12 122 1.10083
12 123 1.08598
12 124 1.07884
12 125 1.07239
12 126 1.06924
12 127 1.09871
12 128 1.09871
12 129 1.09871
12 130 1.09871
12 131 1.09871
12 132 1.0847
12 133 1.07794
12 134 1.07175
12 135 1.06868
12 136 1.09355
12 137 1.09355
12 138 1.09355
12 139 1.09355
12 140 1.09355
12 141 1.08156
12 142 1.07567
12 143 1.07023
12 144 1.0675
13 1 1.14691
13 2 1.14691
13 3 1.14691
13 4 1.14691
13 5 1.14691
13 6 1.1066
13 7 1.09166
13 8 1.0796
13 9 1.07388
13 10 1.30424
13 11 1.30424
13 12 1.30424
13 13 1.30424
13 14 1.30424
13 15 1.11752
13 16 1.09627
13 17 1.08141
13 18 1.07462
13 19 1.16167
13 20 1.16167
13 21 1.16167
13 22 1.16167
13 23 1.16167
13 24 1.11002
13 25 1.09318
13 26 1.08006
13 27 1.07389
13 28 1.12582
13 29 1.12582
13 30 1.12582
13 31 1.12582
13 32 1.12582
13 33 1.09877
13 34 1.08712
13 35 1.07709
13 36 1.0722
13 37 1.12933
13 38 1.12933
13 39 1.12933
13 40 1.12933
13 41 1.12933
13 42 1.10067
13 43 1.0886
13 44 1.07836
13 45 1.07347
13 46 1.14711
13 47 1.14711
13 48 1.14711
13 49 1.14711
13 50 1.14711
13 51 1.10679
13 52 1.09187
13 53 1.07982
13 54 1.0741
13 55 1.13519
13 56 1.13519
13 57 1.13519
13 58 1.13519
13 59 1.13519
13 60 1.1029
13 61 1.08974
13 62 1.07871
13 63 1.0734
13 64 1.117
13 65 1.117
13 66 1.117
13 67 1.117
13 68 1.117
13 69 1.09501
13 70 1.08501
13 71 1.07618
13 72 1.07183
13 73 1.11181
13 74 1.11181
13 75 1.11181
13 76 1.11181
13 77 1.11181
13 78 1.09226
13 79 1.08341
13 80 1.07546
13 81 1.07167
13 82 1.1186
13 83 1.1186
13 84 1.1186
13 85 1.1186
13 86 1.1186
13 87 1.09571
13 88 1.08546
13 89 1.0765
13 90 1.07214
13 91 1.11429
13 92 1.11429
13 93 1.11429
13 94 1.11429
13 95 1.11429
13 96 1.09359
13 97 1.0841
13 98 1.07566
13 99 1.07151
13 100 1.10501
13 101 1.10501
13 102 1.10501
13 103 1.10501
13 104 1.10501
13 105 1.08861
13 106 1.08078
13 107 1.07367
13 108 1.07012
13 109 1.09754
13 110 1.09754
13 111 1.09754
13 112 1.09754
13 113 1.09754
13 114 1.08401
13 115 1.07759
13 116 1.07164
13 117 1.06894
13 118 1.10083
13 119 1.10083
13 120 1.10083
13 121 1.10083
13 122 1.10083
13 123 1.08598
13 124 1.07884
13 125 1.07239
13 126 1.06924
13 127 1.09871
13 128 1.09871
13 129 1.09871
13 130 1.09871
13 131 1.09871
13 132 1.0847
13 133 1.07794
13 134 1.07175
13 135 1.06868
13 136 1.09355
13 137 1.09355
13 138 1.09355
13 139 1.09355
13 140 1.09355
13 141 1.08156
13 142 1.07567
13 143 1.07023
13 144 1.0675
14 1 1.14691
14 2 1.14691
14 3 1.14691
14 4 1.14691
14 5 1.14691
14 6 1.1066
14 7 1.09166
14 8 1.0796
14 9 1.07388
14 10 1.30424
14 11 1.30424
14 12 1.30424
14 13 1.30424
14 14 1.30424
14 15 1.11752
14 16 1.09627
14 17 1.08141
14 18 1.07462
14 19 1.16167
14 20 1.16167
14 21 1.16167
14 22 1.16167
14 23 1.16167
14 24 1.11002
14 25 1.09318
14 26 1.08006
14 27 1.07389
14 28 1.12582
14 29 1.12582
14 30 1.12582
14 31 1.12582
14 32 1.12582
14 33 1.09877
14 34 1.08712
14 35 1.07709
14 36 1.0722
14 37 1.12933
14 38 1.12933
14 39 1.12933
14 40 1.12933
14 41 1.12933
14 42 1.10067
14 43 1.0886
14 44 1.07836
14 45 1.07347
14 46 1.14711
14 47 1.14711
14 48 1.14711
14 49 1.14711
14 50 1.14711
14 51 1.10679
14 52 1.09187
14 53 1.07982
14 54 1.0741
14 55 1.13519
14 56 1.13519
14 57 1.13519
14 58 1.13519
14 59 1.13519
14 60 1.1029
14 61 1.08974
14 62 1.07871
14 63 1.0734
14 64 1.117
14 65 1.117
14 66 1.117
14 67 1.117
14 68 1.117
14 69 1.09501
14 70 1.08501
14 71 1.07618
14 72 1.07183
14 73 1.11181
14 74 1.11181
14 75 1.11181
14 76 1.11181
14 77 1.11181
14 78 1.09226
14 79 1.08341
14 80 1.07546
14 81 1.07167
14 82 1.1186
14 83 1.1186
14 84 1.1186
14 85 1.1186
14 86 1.1186
14 87 1.09571
14 88 1.08546
14 89 1.0765
14 90 1.07214
14 91 1.11429
14 92 1.11429
14 93 1.11429
14 94 1.11429
14 95 1.11429
14 96 1.09359
14 97 1.0841
14 98 1.07566
14 99 1.07151
14 100 1.10501
14 101 1.10501
14 102 1.10501
14 103 1.10501
14 104 1.10501
14 105 1.08861
14 106 1.08078
14 107 1.07367
14 108 1.07012
14 109 1.09754
14 110 1.09754
14 111 1.09754
14 112 1.09754
14 113 1.09754
14 114 1.08401
14 115 1.07759
14 116 1.07164
14 117 1.06894
14 118 1.10083
14 119 1.10083
14 120 1.10083
14 121 1.10083
14 122 1.10083
14 123 1.08598
14 124 1.07884
14 125 1.07239
14 126 1.06924
14 127 1.09871
14 128 1.09871
14 129 1.09871
14 130 1.09871
14 131 1.09871
14 132 1.0847
14 133 1.07794
14 134 1.07175
14 135 1.06868
14 136 1.09355
14 137 1.09355
14 138 1.09355
14 139 1.09355
14 140 1.09355
14 141 1.08156
14 142 1.07567
14 143 1.07023
14 144 1.0675
15 1 1.10663
15 2 1.10663
15 3 1.10663
15 4 1.10663
15 5 1.10663
15 6 1.44631
15 7 1.36718
15 8 1.24338
15 9 1.1799
15 10 1.11752
15 11 1.11752
15 12 1.11752
15 13 1.11752
15 14 1.11752
15 15 6.92071
15 16 2.14619
15 17 1.39479
15 18 1.20476
15 19 1.11
15 20 1.11
15 21 1.11
15 22 1.11
15 23 1.11
15 24 1.68185
15 25 1.48537
15 26 1.28181
15 27 1.18885
15 28 1.09875
15 29 1.09875
15 30 1.09875
15 31 1.09875
15 32 1.09875
15 33 1.24209
15 34 1.23208
15 35 1.18763
15 36 1.16021
15 37 1.10089
15 38 1.10089
15 39 1.10089
15 40 1.10089
15 41 1.10089
15 42 1.25768
15 43 1.2449
15 44 1.19423
15 45 1.164
15 46 1.10686
15 47 1.10686
15 48 1.10686
15 49 1.10686
15 50 1.10686
15 51 1.4463
15 52 1.36733
15 53 1.24357
15 54 1.17995
15 55 1.10291
15 56 1.10291
15 57 1.10291
15 58 1.10291
15 59 1.10291
15 60 1.31125
15 61 1.28413
15 62 1.2118
15 63 1.17012
15 64 1.095
15 65 1.095
15 66 1.095
15 67 1.095
15 68 1.095
15 69 1.18475
15 70 1.18609
15 71 1.16434
15 72 1.14935
15 73 1.09265
15 74 1.09265
15 75 1.09265
15 76 1.09265
15 77 1.09265
15 78 1.1573
15 79 1.16238
15 80 1.15049
15 81 1.1419
15 82 1.09584
15 83 1.09584
15 84 1.09584
15 85 1.09584
15 86 1.09584
15 87 1.19338
15 88 1.19299
15 89 1.16774
15 90 1.15103
15 91 1.09364
15 92 1.09364
15 93 1.09364
15 94 1.09364
15 95 1.09364
15 96 1.17201
15 97 1.17488
15 98 1.15775
15 99 1.14556
15 100 1.08862
15 101 1.08862
15 102 1.08862
15 103 1.08862
15 104 1.08862
15 105 1.13598
15 106 1.14211
15 107 1.13719
15 108 1.13257
15 109 1.08442
15 110 1.08442
15 111 1.08442
15 112 1.08442
15 113 1.08442
15 114 1.11283
15 115 1.12015
15 116 1.12112
15 117 1.12097
15 118 1.08616
15 119 1.08616
15 120 1.08616
15 121 1.08616
15 122 1.08616
15 123 1.12353
15 124 1.13016
15 125 1.12847
15 126 1.12616
15 127 1.08481
15 128 1.08481
15 129 1.08481
15 130 1.08481
15 131 1.08481
15 132 1.1186
15 133 1.12516
15 134 1.1247
15 135 1.12313
15 136 1.0816
15 137 1.0816
15 138 1.0816
15 139 1.0816
15 140 1.0816
15 141 1.10682
15 142 1.11324
15 143 1.11521
15 144 1.11533
16 1 1.09171
16 2 1.09171
16 3 1.09171
16 4 1.09171
16 5 1.09171
16 6 1.36734
16 7 1.46875
16 8 1.34105
16 9 1.24966
16 10 1.09627
16 11 1.09627
16 12 1.09627
16 13 1.09627
16 14 1.09627
16 15 2.14619
16 16 6.92727
16 17 1.99883
16 18 1.31295
16 19 1.09316
16 20 1.09316
16 21 1.09316
16 22 1.09316
16 23 1.09316
16 24 1.48533
16 25 1.70058
16 26 1.43103
16 27 1.26942
16 28 1.08709
16 29 1.08709
16 30 1.08709
16 31 1.08709
16 32 1.08709
16 33 1.23206
16 34 1.26879
16 35 1.24016
16 36 1.21262
16 37 1.08881
16 38 1.08881
16 39 1.08881
16 40 1.08881
16 41 1.08881
16 42 1.2447
16 43 1.28426
16 44 1.24995
16 45 1.21856
16 46 1.09194
16 47 1.09194
16 48 1.09194
16 49 1.09194
16 50 1.09194
16 51 1.3673
16 52 1.46889
16 53 1.34125
16 54 1.24964
16 55 1.08975
16 56 1.08975
16 57 1.08975
16 58 1.08975
16 59 1.08975
16 60 1.28409
16 61 1.33672
16 62 1.27924
16 63 1.23025
16 64 1.085
16 65 1.085
16 66 1.085
16 67 1.085
16 68 1.085
16 69 1.18608
16 70 1.21154
16 71 1.20439
16 72 1.1935
16 73 1.08371
16 74 1.08371
16 75 1.08371
16 76 1.08371
16 77 1.08371
16 78 1.16144
16 79 1.18386
16 80 1.18476
16 81 1.18097
16 82 1.08561
16 83 1.08561
16 84 1.08561
16 85 1.08561
16 86 1.08561
16 87 1.19273
16 88 1.22015
16 89 1.20967
16 90 1.19637
16 91 1.08415
16 92 1.08415
16 93 1.08415
16 94 1.08415
16 95 1.08415
16 96 1.1748
16 97 1.19842
16 98 1.19504
16 99 1.18729
16 100 1.08079
16 101 1.08079
16 102 1.08079
16 103 1.08079
16 104 1.08079
16 105 1.14209
16 106 1.16056
16 107 1.16636
16 108 1.16647
16 109 1.07799
16 110 1.07799
16 111 1.07799
16 112 1.07799
16 113 1.07799
16 114 1.11885
16 115 1.13515
16 116 1.14456
16 117 1.14853
16 118 1.07908
16 119 1.07908
16 120 1.07908
16 121 1.07908
16 122 1.07908
16 123 1.12967
16 124 1.14683
16 125 1.15461
16 126 1.1567
16 127 1.07805
16 128 1.07805
16 129 1.07805
16 130 1.07805
16 131 1.07805
16 132 1.12501
16 133 1.14108
16 134 1.1495
16 135 1.15216
16 136 1.07572
16 137 1.07572
16 138 1.07572
16 139 1.07572
16 140 1.07572
16 141 1.11321
16 142 1.12728
16 143 1.13666
16 144 1.14047
17 1 1.07963
17 2 1.07963
17 3 1.07963
17 4 1.07963
17 5 1.07963
17 6 1.24362
17 7 1.34142
17 8 1.39948
17 9 1.33608
17 10 1.08141
17 11 1.08141
17 12 1.08141
17 13 1.08141
17 14 1.08141
17 15 1.39479
17 16 1.99883
17 17 6.27981
17 18 1.54585
17 19 1.08004
17 20 1.08004
17 21 1.08004
17 22 1.08004
17 23 1.08004
17 24 1.28174
17 25 1.43092
17 26 1.5558
17 27 1.37933
17 28 1.07707
17 29 1.07707
17 30 1.07707
17 31 1.07707
17 32 1.07707
17 33 1.1876
17 34 1.24013
17 35 1.2712
17 36 1.27
17 37 1.0785
17 38 1.0785
17 39 1.0785
17 40 1.0785
17 41 1.0785
17 42 1.19415
17 43 1.25028
17 44 1.28181
17 45 1.27892
17 46 1.07987
17 47 1.07987
17 48 1.07987
17 49 1.07987
17 50 1.07987
17 51 1.24352
17 52 1.34129
17 53 1.39956
17 54 1.336
17 55 1.07873
17 56 1.07873
17 57 1.07873
17 58 1.07873
17 59 1.07873
17 60 1.21172
17 61 1.27917
17 62 1.31503
17 63 1.29927
17 64 1.07617
17 65 1.07617
17 66 1.07617
17 67 1.07617
17 68 1.07617
17 69 1.16431
17 70 1.20436
17 71 1.23177
17 72 1.23962
17 73 1.07571
17 74 1.07571
17 75 1.07571
17 76 1.07571
17 77 1.07571
17 78 1.14935
17 79 1.18442
17 80 1.21049
17 81 1.22083
17 82 1.07661
17 83 1.07661
17 84 1.07661
17 85 1.07661
17 86 1.07661
17 87 1.16737
17 88 1.20956
17 89 1.2376
17 90 1.24417
17 91 1.0757
17 92 1.0757
17 93 1.0757
17 94 1.0757
17 95 1.0757
17 96 1.1576
17 97 1.19493
17 98 1.22158
17 99 1.23044
17 100 1.07368
17 101 1.07368
17 102 1.07368
17 103 1.07368
17 104 1.07368
17 105 1.13714
17 106 1.16631
17 107 1.18993
17 108 1.20035
17 109 1.07205
17 110 1.07205
17 111 1.07205
17 112 1.07205
17 113 1.07205
17 114 1.11918
17 115 1.14388
17 116 1.16497
17 117 1.1755
17 118 1.07258
17 119 1.07258
17 120 1.07258
17 121 1.07258
17 122 1.07258
17 123 1.12764
17 124 1.15427
17 125 1.17653
17 126 1.18691
17 127 1.07184
17 128 1.07184
17 129 1.07184
17 130 1.07184
17 131 1.07184
17 132 1.12439
17 133 1.1493
17 134 1.17065
17 135 1.18072
17 136 1.07026
17 137 1.07026
17 138 1.07026
17 139 1.07026
17 140 1.07026
17 141 1.11511
17 142 1.13657
17 143 1.15564
17 144 1.16491
18 1 1.07388
18 2 1.07388
18 3 1.07388
18 4 1.07388
18 5 1.07388
18 6 1.17987
18 7 1.24972
18 8 1.33601
18 9 1.38987
18 10 1.07462
18 11 1.07462
18 12 1.07462
18 13 1.07462
18 14 1.07462
18 15 1.20476
18 16 1.31295
18 17 1.54585
18 18 2.1478
18 19 1.07388
18 20 1.07388
18 21 1.07388
18 22 1.07388
18 23 1.07388
18 24 1.18886
18 25 1.26942
18 26 1.37937
18 27 1.45751
18 28 1.07219
18 29 1.07219
18 30 1.07219
18 31 1.07219
18 32 1.07219
18 33 1.16023
18 34 1.21262
18 35 1.27003
18 36 1.30173
18 37 1.0735
18 38 1.0735
18 39 1.0735
18 40 1.0735
18 41 1.0735
18 42 1.16339
18 43 1.21827
18 44 1.27858
18 45 1.31234
18 46 1.07412
18 47 1.07412
18 48 1.07412
18 49 1.07412
18 50 1.07412
18 51 1.17977
18 52 1.24951
18 53 1.3359
18 54 1.38986
18 55 1.07342
18 56 1.07342
18 57 1.07342
18 58 1.07342
18 59 1.07342
18 60 1.17006
18 61 1.23018
18 62 1.29925
18 63 1.33883
18 64 1.07183
18 65 1.07183
18 66 1.07183
18 67 1.07183
18 68 1.07183
18 69 1.14934
18 70 1.19348
18 71 1.23962
18 72 1.26422
18 73 1.07175
18 74 1.07175
18 75 1.07175
18 76 1.07175
18 77 1.07175
18 78 1.14023
18 79 1.17995
18 80 1.22022
18 81 1.24171
18 82 1.0722
18 83 1.0722
18 84 1.0722
18 85 1.0722
18 86 1.0722
18 87 1.15045
18 88 1.19601
18 89 1.24396
18 90 1.26979
18 91 1.07155
18 92 1.07155
18 93 1.07155
18 94 1.07155
18 95 1.07155
18 96 1.14536
18 97 1.18712
18 98 1.23036
18 99 1.25329
18 100 1.07014
18 101 1.07014
18 102 1.07014
18 103 1.07014
18 104 1.07014
18 105 1.13252
18 106 1.16641
18 107 1.20033
18 108 1.21795
18 109 1.06908
18 110 1.06908
18 111 1.06908
18 112 1.06908
18 113 1.06908
18 114 1.11822
18 115 1.14697
18 116 1.17467
18 117 1.18931
18 118 1.06934
18 119 1.06934
18 120 1.06934
18 121 1.06934
18 122 1.06934
18 123 1.12501
18 124 1.15603
18 125 1.18659
18 126 1.20249
18 127 1.06874
18 128 1.06874
18 129 1.06874
18 130 1.06874
18 131 1.06874
18 132 1.12269
18 133 1.15181
18 134 1.18057
18 135 1.19543
18 136 1.06753
18 137 1.06753
18 138 1.06753
18 139 1.06753
18 140 1.06753
18 141 1.1152
18 142 1.14034
18 143 1.16486
18 144 1.17744
19 1 1.11813
19 2 1.11813
19 3 1.11813
19 4 1.11813
19 5 1.11813
19 6 1.09524
19 7 1.08495
19 8 1.07593
19 9 1.07153
19 10 1.16167
19 11 1.16167
19 12 1.16167
19 13 1.16167
19 14 1.16167
19 15 1.11
19 16 1.09316
19 17 1.08004
19 18 1.07388
19 19 1.30425
19 20 1.30425
19 21 1.30425
19 22 1.30425
19 23 1.30425
19 24 1.11754
19 25 1.09628
19 26 1.08139
19 27 1.07459
19 28 1.16198
19 29 1.16198
19 30 1.16198
19 31 1.16198
19 32 1.16198
19 33 1.11033
19 34 1.09348
19 35 1.08035
19 36 1.07417
19 37 1.11155
19 38 1.11155
19 39 1.11155
19 40 1.11155
19 41 1.11155
19 42 1.09207
19 43 1.0831
19 44 1.07511
19 45 1.07123
19 46 1.13519
19 47 1.13519
19 48 1.13519
19 49 1.13519
19 50 1.13519
19 51 1.10284
19 52 1.08969
19 53 1.07868
19 54 1.0734
19 55 1.14714
19 56 1.14714
19 57 1.14714
19 58 1.14714
19 59 1.14714
19 60 1.10683
19 61 1.0919
19 62 1.0798
19 63 1.07404
19 64 1.13552
19 65 1.13552
19 66 1.13552
19 67 1.13552
19 68 1.13552
19 69 1.10322
19 70 1.09005
19 71 1.079
19 72 1.07367
19 73 1.10158
19 74 1.10158
19 75 1.10158
19 76 1.10158
19 77 1.10158
19 78 1.08636
19 79 1.07927
19 80 1.07276
19 81 1.06964
19 82 1.11427
19 83 1.11427
19 84 1.11427
19 85 1.11427
19 86 1.11427
19 87 1.0935
19 88 1.08401
19 89 1.07561
19 90 1.0715
19 91 1.11864
19 92 1.11864
19 93 1.11864
19 94 1.11864
19 95 1.11864
19 96 1.09575
19 97 1.08549
19 98 1.07648
19 99 1.07206
19 100 1.11462
19 101 1.11462
19 102 1.11462
19 103 1.11462
19 104 1.11462
19 105 1.09391
19 106 1.0844
19 107 1.07593
19 108 1.07176
19 109 1.09137
19 110 1.09137
19 111 1.09137
19 112 1.09137
19 113 1.09137
19 114 1.07992
19 115 1.07451
19 116 1.06944
19 117 1.06714
19 118 1.09868
19 119 1.09868
19 120 1.09868
19 121 1.09868
19 122 1.09868
19 123 1.08459
19 124 1.07782
19 125 1.07167
19 126 1.06868
19 127 1.10088
19 128 1.10088
19 129 1.10088
19 130 1.10088
19 131 1.10088
19 132 1.08599
19 133 1.07886
19 134 1.07236
19 135 1.06913
19 136 1.09905
19 137 1.09905
19 138 1.09905
19 139 1.09905
19 140 1.09905
19 141 1.08503
19 142 1.07825
19 143 1.07202
19 144 1.06891
20 1 1.11813
20 2 1.11813
20 3 1.11813
20 4 1.11813
20 5 1.11813
20 6 1.09524
20 7 1.08495
20 8 1.07593
20 9 1.07153
20 10 1.16167
20 11 1.16167
20 12 1.16167
20 13 1.16167
20 14 1.16167
20 15 1.11
20 16 1.09316
20 17 1.08004
20 18 1.07388
20 19 1.30425
20 20 1.30425
20 21 1.30425
20 22 1.30425
20 23 1.30425
20 24 1.11754
20 25 1.09628
20 26 1.08139
20 27 1.07459
20 28 1.16198
20 29 1.16198
20 30 1.16198
20 31 1.16198
20 32 1.16198
20 33 1.11033
20 34 1.09348
20 35 1.08035
20 36 1.07417
20 37 1.11155
20 38 1.11155
20 39 1.11155
20 40 1.11155
20 41 1.11155
20 42 1.09207
20 43 1.0831
20 44 1.07511
20 45 1.07123
20 46 1.13519
20 47 1.13519
20 48 1.13519
20 49 1.13519
20 50 1.13519
20 51 1.10284
20 52 1.08969
20 53 1.07868
20 54 1.0734
20 55 1.14714
20 56 1.14714
20 57 1.14714
20 58 1.14714
20 59 1.14714
20 60 1.10683
20 61 1.0919
20 62 1.0798
20 63 1.07404
20 64 1.13552
20 65 1.13552
20 66 1.13552
20 67 1.13552
20 68 1.13552
20 69 1.10322
20 70 1.09005
20 71 1.079
20 72 1.07367
20 73 1.10158
20 74 1.10158
20 75 1.10158
20 76 1.10158
20 77 1.10158
20 78 1.08636
20 79 1.07927
20 80 1.07276
20 81 1.06964
20 82 1.11427
20 83 1.11427
20 84 1.11427
20 85 1.11427
20 86 1.11427
20 87 1.0935
20 88 1.08401
20 89 1.07561
20 90 1.0715
20 91 1.11864
20 92 1.11864
20 93 1.11864
20 94 1.11864
20 95 1.11864
20 96 1.09575
20 97 1.08549
20 98 1.07648
20 99 1.07206
20 100 1.11462
20 101 1.11462
20 102 1.11462
20 103 1.11462
20 104 1.11462
20 105 1.09391
20 106 1.0844
20 107 1.07593
20 108 1.07176
20 109 1.09137
20 110 1.09137
20 111 1.09137
20 112 1.09137
20 113 1.09137
20 114 1.07992
20 115 1.07451
20 116 1.06944
20 117 1.06714
20 118 1.09868
20 119 1.09868
20 120 1.09868
20 121 1.09868
20 122 1.09868
20 123 1.08459
20 124 1.07782
20 125 1.07167
20 126 1.06868
20 127 1.10088
20 128 1.10088
20 129 1.10088
20 130 1.10088
20 131 1.10088
20 132 1.08599
20 133 1.07886
20 134 1.07236
20 135 1.06913
20 136 1.09905
20 137 1.09905
20 138 1.09905
20 139 1.09905
20 140 1.09905
20 141 1.08503
20 142 1.07825
20 143 1.07202
20 144 1.06891
21 1 1.11813
21 2 1.11813
21 3 1.11813
21 4 1.11813
21 5 1.11813
21 6 1.09524
21 7 1.08495
21 8 1.07593
21 9 1.07153
21 10 1.16167
21 11 1.16167
21 12 1.16167
21 13 1.16167
21 14 1.16167
21 15 1.11
21 16 1.09316
21 17 1.08004
21 18 1.07388
21 19 1.30425
21 20 1.30425
21 21 1.30425
21 22 1.30425
21 23 1.30425
21 24 1.11754
21 25 1.09628
21 26 1.08139
21 27 1.07459
21 28 1.16198
21 29 1.16198
21 30 1.16198
21 31 1.16198
21 32 1.16198
21 33 1.11033
21 34 1.09348
21 35 1.08035
21 36 1.07417
21 37 1.11155
21 38 1.11155
21 39 1.11155
21 40 1.11155
21 41 1.11155
21 42 1.09207
21 43 1.0831
21 44 1.07511
21 45 1.07123
