injected_el measured_el potential
1 1 1.30466
1 2 1.30466
1 3 1.30466
1 4 1.30466
1 5 1.30466
1 6 1.1182
1 7 1.09742
1 8 1.08314
1 9 1.07671
1 10 1.14652
1 11 1.14652
1 12 1.14652
1 13 1.14652
1 14 1.14652
1 15 1.10675
1 16 1.09184
1 17 1.08023
1 18 1.07488
1 19 1.11784
1 20 1.11784
1 21 1.11784
1 22 1.11784
1 23 1.11784
1 24 1.09543
1 25 1.08537
1 26 1.07663
1 27 1.07235
1 28 1.10034
1 29 1.10034
1 30 1.10034
1 31 1.10034
1 32 1.10034
1 33 1.08591
1 34 1.07894
1 35 1.07255
1 36 1.06936
1 37 1.14738
1 38 1.14738
1 39 1.14738
1 40 1.14738
1 41 1.14738
1 42 1.10705
1 43 1.09341
1 44 1.08198
1 45 1.07679
1 46 1.12883
1 47 1.12883
1 48 1.12883
1 49 1.12883
1 50 1.12883
1 51 1.10137
1 52 1.08906
1 53 1.07924
1 54 1.07492
1 55 1.11121
1 56 1.11121
1 57 1.11121
1 58 1.11121
1 59 1.11121
1 60 1.0926
1 61 1.08392
1 62 1.07617
1 63 1.07235
1 64 1.09726
1 65 1.09726
1 66 1.09726
1 67 1.09726
1 68 1.09726
1 69 1.0845
1 70 1.07818
1 71 1.07232
1 72 1.06939
1 73 1.11894
1 74 1.11894
1 75 1.11894
1 76 1.11894
1 77 1.11894
1 78 1.09651
1 79 1.08747
1 80 1.07891
1 81 1.07511
1 82 1.1113
1 83 1.1113
1 84 1.1113
1 85 1.1113
1 86 1.1113
1 87 1.09349
1 88 1.08462
1 89 1.07671
1 90 1.07334
1 91 1.10126
1 92 1.10126
1 93 1.10126
1 94 1.10126
1 95 1.10126
1 96 1.0876
1 97 1.08063
1 98 1.07411
1 99 1.07093
1 100 1.09139
1 101 1.09139
1 102 1.09139
1 103 1.09139
1 104 1.09139
1 105 1.08103
1 106 1.07569
1 107 1.07066
1 108 1.06813
1 109 1.10135
1 110 1.10135
1 111 1.10135
1 112 1.10135
1 113 1.10135
1 114 1.08733
1 115 1.08104
1 116 1.07508
1 117 1.07221
1 118 1.09717
1 119 1.09717
1 120 1.09717
1 121 1.09717
1 122 1.09717
1 123 1.08578
1 124 1.07918
1 125 1.07321
1 126 1.07066
1 127 1.09115
1 128 1.09115
1 129 1.09115
1 130 1.09115
1 131 1.09115
1 132 1.08151
1 133 1.07608
1 134 1.07102
1 135 1.06851
1 136 1.08437
1 137 1.08437
1 138 1.08437
1 139 1.08437
1 140 1.08437
1 141 1.07636
1 142 1.0721
1 143 1.06803
1 144 1.06596
2 1 1.30466
2 2 1.30466
2 3 1.30466
2 4 1.30466
2 5 1.30466
2 6 1.1182
2 7 1.09742
2 8 1.08314
2 9 1.07671
2 10 1.14652
2 11 1.14652
2 12 1.14652
2 13 1.14652
2 14 1.14652
2 15 1.10675
2 16 1.09184
2 17 1.08023
2 18 1.07488
2 19 1.11784
2 20 1.11784
2 21 1.11784
2 22 1.11784
2 23 1.11784
2 24 1.09543
2 25 1.08537
2 26 1.07663
2 27 1.07235
2 28 1.10034
2 29 1.10034
2 30 1.10034
2 31 1.10034
2 32 1.10034
2 33 1.08591
2 34 1.07894
2 35 1.07255
2 36 1.06936
2 37 1.14738
2 38 1.14738
2 39 1.14738
2 40 1.14738
2 41 1.14738
2 42 1.10705
2 43 1.09341
2 44 1.08198
2 45 1.07679
2 46 1.12883
2 47 1.12883
2 48 1.12883
2 49 1.12883
2 50 1.12883
2 51 1.10137
2 52 1.08906
2 53 1.07924
2 54 1.07492
2 55 1.11121
2 56 1.11121
2 57 1.11121
2 58 1.11121
2 59 1.11121
2 60 1.0926
2 61 1.08392
2 62 1.07617
2 63 1.07235
2 64 1.09726
2 65 1.09726
2 66 1.09726
2 67 1.09726
2 68 1.09726
2 69 1.0845
2 70 1.07818
2 71 1.07232
2 72 1.06939
2 73 1.11894
2 74 1.11894
2 75 1.11894
2 76 1.11894
2 77 1.11894
2 78 1.09651
2 79 1.08747
2 80 1.07891
2 81 1.07511
2 82 1.1113
2 83 1.1113
2 84 1.1113
2 85 1.1113
2 86 1.1113
2 87 1.09349
2 88 1.08462
2 89 1.07671
2 90 1.07334
2 91 1.10126
2 92 1.10126
2 93 1.10126
2 94 1.10126
2 95 1.10126
2 96 1.0876
2 97 1.08063
2 98 1.07411
2 99 1.07093
2 100 1.09139
2 101 1.09139
2 102 1.09139
2 103 1.09139
2 104 1.09139
2 105 1.08103
2 106 1.07569
2 107 1.07066
2 108 1.06813
2 109 1.10135
2 110 1.10135
2 111 1.10135
2 112 1.10135
2 113 1.10135
2 114 1.08733
2 115 1.08104
2 116 1.07508
2 117 1.07221
2 118 1.09717
2 119 1.09717
2 120 1.09717
2 121 1.09717
2 122 1.09717
2 123 1.08578
2 124 1.07918
2 125 1.07321
2 126 1.07066
2 127 1.09115
2 128 1.09115
2 129 1.09115
2 130 1.09115
2 131 1.09115
2 132 1.08151
2 133 1.07608
2 134 1.07102
2 135 1.06851
2 136 1.08437
2 137 1.08437
2 138 1.08437
2 139 1.08437
2 140 1.08437
2 141 1.07636
2 142 1.0721
2 143 1.06803
2 144 1.06596
3 1 1.30466
3 2 1.30466
3 3 1.30466
3 4 1.30466
3 5 1.30466
3 6 1.1182
3 7 1.09742
3 8 1.08314
3 9 1.07671
3 10 1.14652
3 11 1.14652
3 12 1.14652
3 13 1.14652
3 14 1.14652
3 15 1.10675
3 16 1.09184
3 17 1.08023
3 18 1.07488
3 19 1.11784
3 20 1.11784
3 21 1.11784
3 22 1.11784
3 23 1.11784
3 24 1.09543
3 25 1.08537
3 26 1.07663
3 27 1.07235
3 28 1.10034
3 29 1.10034
3 30 1.10034
3 31 1.10034
3 32 1.10034
3 33 1.08591
3 34 1.07894
3 35 1.07255
3 36 1.06936
3 37 1.14738
3 38 1.14738
3 39 1.14738
3 40 1.14738
3 41 1.14738
3 42 1.10705
3 43 1.09341
3 44 1.08198
3 45 1.07679
3 46 1.12883
3 47 1.12883
3 48 1.12883
3 49 1.12883
3 50 1.12883
3 51 1.10137
3 52 1.08906
3 53 1.07924
3 54 1.07492
3 55 1.11121
3 56 1.11121
3 57 1.11121
3 58 1.11121
3 59 1.11121
3 60 1.0926
3 61 1.08392
3 62 1.07617
3 63 1.07235
3 64 1.09726
3 65 1.09726
3 66 1.09726
3 67 1.09726
3 68 1.09726
3 69 1.0845
3 70 1.07818
3 71 1.07232
3 72 1.06939
3 73 1.11894
3 74 1.11894
3 75 1.11894
3 76 1.11894
3 77 1.11894
3 78 1.09651
3 79 1.08747
3 80 1.07891
3 81 1.07511
3 82 1.1113
3 83 1.1113
3 84 1.1113
3 85 1.1113
3 86 1.1113
3 87 1.09349
3 88 1.08462
3 89 1.07671
3 90 1.07334
3 91 1.10126
3 92 1.10126
3 93 1.10126
3 94 1.10126
3 95 1.10126
3 96 1.0876
3 97 1.08063
3 98 1.07411
3 99 1.07093
3 100 1.09139
3 101 1.09139
3 102 1.09139
3 103 1.09139
3 104 1.09139
3 105 1.08103
3 106 1.07569
3 107 1.07066
3 108 1.06813
3 109 1.10135
3 110 1.10135
3 111 1.10135
3 112 1.10135
3 113 1.10135
3 114 1.08733
3 115 1.08104
3 116 1.07508
3 117 1.07221
3 118 1.09717
3 119 1.09717
3 120 1.09717
3 121 1.09717
3 122 1.09717
3 123 1.08578
3 124 1.07918
3 125 1.07321
3 126 1.07066
3 127 1.09115
3 128 1.09115
3 129 1.09115
3 130 1.09115
3 131 1.09115
3 132 1.08151
3 133 1.07608
3 134 1.07102
3 135 1.06851
3 136 1.08437
3 137 1.08437
3 138 1.08437
3 139 1.08437
3 140 1.08437
3 141 1.07636
3 142 1.0721
3 143 1.06803
3 144 1.06596
4 1 1.30466
4 2 1.30466
4 3 1.30466
4 4 1.30466
4 5 1.30466
4 6 1.1182
4 7 1.09742
4 8 1.08314
4 9 1.07671
4 10 1.14652
4 11 1.14652
4 12 1.14652
4 13 1.14652
4 14 1.14652
4 15 1.10675
4 16 1.09184
4 17 1.08023
4 18 1.07488
4 19 1.11784
4 20 1.11784
4 21 1.11784
4 22 1.11784
4 23 1.11784
4 24 1.09543
4 25 1.08537
4 26 1.07663
4 27 1.07235
4 28 1.10034
4 29 1.10034
4 30 1.10034
4 31 1.10034
4 32 1.10034
4 33 1.08591
4 34 1.07894
4 35 1.07255
4 36 1.06936
4 37 1.14738
4 38 1.14738
4 39 1.14738
4 40 1.14738
4 41 1.14738
4 42 1.10705
4 43 1.09341
4 44 1.08198
4 45 1.07679
4 46 1.12883
4 47 1.12883
4 48 1.12883
4 49 1.12883
4 50 1.12883
4 51 1.10137
4 52 1.08906
4 53 1.07924
4 54 1.07492
4 55 1.11121
4 56 1.11121
4 57 1.11121
4 58 1.11121
4 59 1.11121
4 60 1.0926
4 61 1.08392
4 62 1.07617
4 63 1.07235
4 64 1.09726
4 65 1.09726
4 66 1.09726
4 67 1.09726
4 68 1.09726
4 69 1.0845
4 70 1.07818
4 71 1.07232
4 72 1.06939
4 73 1.11894
4 74 1.11894
4 75 1.11894
4 76 1.11894
4 77 1.11894
4 78 1.09651
4 79 1.08747
4 80 1.07891
4 81 1.07511
4 82 1.1113
4 83 1.1113
4 84 1.1113
4 85 1.1113
4 86 1.1113
4 87 1.09349
4 88 1.08462
4 89 1.07671
4 90 1.07334
4 91 1.10126
4 92 1.10126
4 93 1.10126
4 94 1.10126
4 95 1.10126
4 96 1.0876
4 97 1.08063
4 98 1.07411
4 99 1.07093
4 100 1.09139
4 101 1.09139
4 102 1.09139
4 103 1.09139
4 104 1.09139
4 105 1.08103
4 106 1.07569
4 107 1.07066
4 108 1.06813
4 109 1.10135
4 110 1.10135
4 111 1.10135
4 112 1.10135
4 113 1.10135
4 114 1.08733
4 115 1.08104
4 116 1.07508
4 117 1.07221
4 118 1.09717
4 119 1.09717
4 120 1.09717
4 121 1.09717
4 122 1.09717
4 123 1.08578
4 124 1.07918
4 125 1.07321
4 126 1.07066
4 127 1.09115
4 128 1.09115
4 129 1.09115
4 130 1.09115
4 131 1.09115
4 132 1.08151
4 133 1.07608
4 134 1.07102
4 135 1.06851
4 136 1.08437
4 137 1.08437
4 138 1.08437
4 139 1.08437
4 140 1.08437
4 141 1.07636
4 142 1.0721
4 143 1.06803
4 144 1.06596
5 1 1.30466
5 2 1.30466
5 3 1.30466
5 4 1.30466
5 5 1.30466
5 6 1.1182
5 7 1.09742
5 8 1.08314
5 9 1.07671
5 10 1.14652
5 11 1.14652
5 12 1.14652
5 13 1.14652
5 14 1.14652
5 15 1.10675
5 16 1.09184
5 17 1.08023
5 18 1.07488
5 19 1.11784
5 20 1.11784
5 21 1.11784
5 22 1.11784
5 23 1.11784
5 24 1.09543
5 25 1.08537
5 26 1.07663
5 27 1.07235
5 28 1.10034
5 29 1.10034
5 30 1.10034
5 31 1.10034
5 32 1.10034
5 33 1.08591
5 34 1.07894
5 35 1.07255
5 36 1.06936
5 37 1.14738
5 38 1.14738
5 39 1.14738
5 40 1.14738
5 41 1.14738
5 42 1.10705
5 43 1.09341
5 44 1.08198
5 45 1.07679
5 46 1.12883
5 47 1.12883
5 48 1.12883
5 49 1.12883
5 50 1.12883
5 51 1.10137
5 52 1.08906
5 53 1.07924
5 54 1.07492
5 55 1.11121
5 56 1.11121
5 57 1.11121
5 58 1.11121
5 59 1.11121
5 60 1.0926
5 61 1.08392
5 62 1.07617
5 63 1.07235
5 64 1.09726
5 65 1.09726
5 66 1.09726
5 67 1.09726
5 68 1.09726
5 69 1.0845
5 70 1.07818
5 71 1.07232
5 72 1.06939
5 73 1.11894
5 74 1.11894
5 75 1.11894
5 76 1.11894
5 77 1.11894
5 78 1.09651
5 79 1.08747
5 80 1.07891
5 81 1.07511
5 82 1.1113
5 83 1.1113
5 84 1.1113
5 85 1.1113
5 86 1.1113
5 87 1.09349
5 88 1.08462
5 89 1.07671
5 90 1.07334
5 91 1.10126
5 92 1.10126
5 93 1.10126
5 94 1.10126
5 95 1.10126
5 96 1.0876
5 97 1.08063
5 98 1.07411
5 99 1.07093
5 100 1.09139
5 101 1.09139
5 102 1.09139
5 103 1.09139
5 104 1.09139
5 105 1.08103
5 106 1.07569
5 107 1.07066
5 108 1.06813
5 109 1.10135
5 110 1.10135
5 111 1.10135
5 112 1.10135
5 113 1.10135
5 114 1.08733
5 115 1.08104
5 116 1.07508
5 117 1.07221
5 118 1.09717
5 119 1.09717
5 120 1.09717
5 121 1.09717
5 122 1.09717
5 123 1.08578
5 124 1.07918
5 125 1.07321
5 126 1.07066
5 127 1.09115
5 128 1.09115
5 129 1.09115
5 130 1.09115
5 131 1.09115
5 132 1.08151
5 133 1.07608
5 134 1.07102
5 135 1.06851
5 136 1.08437
5 137 1.08437
5 138 1.08437
5 139 1.08437
5 140 1.08437
5 141 1.07636
5 142 1.0721
5 143 1.06803
5 144 1.06596
6 1 1.1182
6 2 1.1182
6 3 1.1182
6 4 1.1182
6 5 1.1182
6 6 6.70761
6 7 2.08091
6 8 1.37578
6 9 1.20289
6 10 1.10641
6 11 1.10641
6 12 1.10641
6 13 1.10641
6 14 1.10641
6 15 1.42331
6 16 1.34706
6 17 1.23421
6 18 1.17775
6 19 1.09511
6 20 1.09511
6 21 1.09511
6 22 1.09511
6 23 1.09511
6 24 1.18653
6 25 1.18638
6 26 1.16414
6 27 1.1489
6 28 1.08561
6 29 1.08561
6 30 1.08561
6 31 1.08561
6 32 1.08561
6 33 1.12209
6 34 1.12839
6 35 1.12702
6 36 1.12482
6 37 1.10904
6 38 1.10904
6 39 1.10904
6 40 1.10904
6 41 1.10904
6 42 1.39309
6 43 1.33149
6 44 1.23078
6 45 1.1808
6 46 1.10171
6 47 1.10171
6 48 1.10171
6 49 1.10171
6 50 1.10171
6 51 1.23917
6 52 1.22879
6 53 1.18748
6 54 1.16336
6 55 1.0927
6 56 1.0927
6 57 1.0927
6 58 1.0927
6 59 1.0927
6 60 1.15283
6 61 1.1579
6 62 1.14877
6 63 1.14081
6 64 1.08439
6 65 1.08439
6 66 1.08439
6 67 1.08439
6 68 1.08439
6 69 1.11378
6 70 1.12015
6 71 1.12106
6 72 1.12042
6 73 1.09842
6 74 1.09842
6 75 1.09842
6 76 1.09842
6 77 1.09842
6 78 1.18315
6 79 1.18434
6 80 1.16461
6 81 1.15268
6 82 1.09402
6 83 1.09402
6 84 1.09402
6 85 1.09402
6 86 1.09402
6 87 1.14774
6 88 1.15521
6 89 1.14817
6 90 1.14194
6 91 1.0876
6 92 1.0876
6 93 1.0876
6 94 1.0876
6 95 1.0876
6 96 1.12209
6 97 1.12868
6 98 1.12877
6 99 1.12696
6 100 1.081
6 101 1.081
6 102 1.081
6 103 1.081
6 104 1.081
6 105 1.1022
6 106 1.1081
6 107 1.11098
6 108 1.11181
6 109 1.08867
6 110 1.08867
6 111 1.08867
6 112 1.08867
6 113 1.08867
6 114 1.12551
6 115 1.12999
6 116 1.12987
6 117 1.12802
6 118 1.08587
6 119 1.08587
6 120 1.08587
6 121 1.08587
6 122 1.08587
6 123 1.11341
6 124 1.11927
6 125 1.12179
6 126 1.12151
6 127 1.08141
6 128 1.08141
6 129 1.08141
6 130 1.08141
6 131 1.08141
6 132 1.1024
6 133 1.10782
6 134 1.11133
6 135 1.11204
6 136 1.0764
6 137 1.0764
6 138 1.0764
6 139 1.0764
6 140 1.0764
6 141 1.0913
6 142 1.0964
6 143 1.09998
6 144 1.10147
7 1 1.09742
7 2 1.09742
7 3 1.09742
7 4 1.09742
7 5 1.09742
7 6 2.08091
7 7 6.62514
7 8 1.94455
7 9 1.30908
7 10 1.09181
7 11 1.09181
7 12 1.09181
7 13 1.09181
7 14 1.09181
7 15 1.34786
7 16 1.44455
7 17 1.32915
7 18 1.24651
7 19 1.08508
7 20 1.08508
7 21 1.08508
7 22 1.08508
7 23 1.08508
7 24 1.18631
7 25 1.21312
7 26 1.20563
7 27 1.19363
7 28 1.07863
7 29 1.07863
7 30 1.07863
7 31 1.07863
7 32 1.07863
7 33 1.12846
7 34 1.14501
7 35 1.15298
7 36 1.1551
7 37 1.09433
7 38 1.09433
7 39 1.09433
7 40 1.09433
7 41 1.09433
7 42 1.32708
7 43 1.41381
7 44 1.31769
7 45 1.24842
7 46 1.08983
7 47 1.08983
7 48 1.08983
7 49 1.08983
7 50 1.08983
7 51 1.22647
7 52 1.26575
7 53 1.24173
7 54 1.21661
7 55 1.08393
7 56 1.08393
7 57 1.08393
7 58 1.08393
7 59 1.08393
7 60 1.1569
7 61 1.17884
7 62 1.1827
7 63 1.17915
7 64 1.07803
7 65 1.07803
7 66 1.07803
7 67 1.07803
7 68 1.07803
7 69 1.12011
7 70 1.13515
7 71 1.14436
7 72 1.14772
7 73 1.08844
7 74 1.08844
7 75 1.08844
7 76 1.08844
7 77 1.08844
7 78 1.18216
7 79 1.20742
7 80 1.20314
7 81 1.19558
7 82 1.08531
7 83 1.08531
7 84 1.08531
7 85 1.08531
7 86 1.08531
7 87 1.15036
7 88 1.17483
7 89 1.18137
7 90 1.17935
7 91 1.08061
7 92 1.08061
7 93 1.08061
7 94 1.08061
7 95 1.08061
7 96 1.12765
7 97 1.14442
7 98 1.15434
7 99 1.15679
7 100 1.07562
7 101 1.07562
7 102 1.07562
7 103 1.07562
7 104 1.07562
7 105 1.10806
7 106 1.12077
7 107 1.13039
7 108 1.13458
7 109 1.08186
7 110 1.08186
7 111 1.08186
7 112 1.08186
7 113 1.08186
7 114 1.13111
7 115 1.14486
7 116 1.15421
7 117 1.1564
7 118 1.07969
7 119 1.07969
7 120 1.07969
7 121 1.07969
7 122 1.07969
7 123 1.11814
7 124 1.13286
7 125 1.14428
7 126 1.14748
7 127 1.07613
7 128 1.07613
7 129 1.07613
7 130 1.07613
7 131 1.07613
7 132 1.1077
7 133 1.11986
7 134 1.13035
7 135 1.13426
7 136 1.07211
7 137 1.07211
7 138 1.07211
7 139 1.07211
7 140 1.07211
7 141 1.09636
7 142 1.10666
7 143 1.11541
7 144 1.11951
8 1 1.08314
8 2 1.08314
8 3 1.08314
8 4 1.08314
8 5 1.08314
8 6 1.37578
8 7 1.94455
8 8 5.93709
8 9 1.53709
8 10 1.0803
8 11 1.0803
8 12 1.0803
8 13 1.0803
8 14 1.0803
8 15 1.23607
8 16 1.33233
8 17 1.39157
8 18 1.33149
8 19 1.07654
8 20 1.07654
8 21 1.07654
8 22 1.07654
8 23 1.07654
8 24 1.1648
8 25 1.2064
8 26 1.23502
8 27 1.24103
8 28 1.07246
8 29 1.07246
8 30 1.07246
8 31 1.07246
8 32 1.07246
8 33 1.12767
8 34 1.15353
8 35 1.17534
8 36 1.18531
8 37 1.08253
8 38 1.08253
8 39 1.08253
8 40 1.08253
8 41 1.08253
8 42 1.22719
8 43 1.31419
8 44 1.3737
8 45 1.33022
8 46 1.07989
8 47 1.07989
8 48 1.07989
8 49 1.07989
8 50 1.07989
8 51 1.18543
8 52 1.24324
8 53 1.2779
8 54 1.27474
8 55 1.07627
8 56 1.07627
8 57 1.07627
8 58 1.07627
8 59 1.07627
8 60 1.14776
8 61 1.18234
8 62 1.20943
8 63 1.21824
8 64 1.07234
8 65 1.07234
8 66 1.07234
8 67 1.07234
8 68 1.07234
8 69 1.12137
8 70 1.14462
8 71 1.16498
8 72 1.17458
8 73 1.07964
8 74 1.07964
8 75 1.07964
8 76 1.07964
8 77 1.07964
8 78 1.16185
8 79 1.20082
8 80 1.2298
8 81 1.23878
8 82 1.07757
8 83 1.07757
8 84 1.07757
8 85 1.07757
8 86 1.07757
8 87 1.14162
8 88 1.1789
8 89 1.20784
8 90 1.2166
8 91 1.07433
8 92 1.07433
8 93 1.07433
8 94 1.07433
8 95 1.07433
8 96 1.12685
8 97 1.1529
8 98 1.17631
8 99 1.18599
8 100 1.07075
8 101 1.07075
8 102 1.07075
8 103 1.07075
8 104 1.07075
8 105 1.111
8 106 1.1303
8 107 1.14797
8 108 1.15657
8 109 1.07555
8 110 1.07555
8 111 1.07555
8 112 1.07555
8 113 1.07555
8 114 1.12927
8 115 1.15169
8 116 1.17396
8 117 1.18297
8 118 1.07396
8 119 1.07396
8 120 1.07396
8 121 1.07396
8 122 1.07396
8 123 1.1181
8 124 1.14137
8 125 1.16373
8 126 1.17205
8 127 1.07125
8 128 1.07125
8 129 1.07125
8 130 1.07125
8 131 1.07125
8 132 1.11007
8 133 1.12879
8 134 1.14734
8 135 1.15534
8 136 1.06815
8 137 1.06815
8 138 1.06815
8 139 1.06815
8 140 1.06815
8 141 1.09988
8 142 1.11521
8 143 1.12955
8 144 1.13664
9 1 1.07671
9 2 1.07671
9 3 1.07671
9 4 1.07671
9 5 1.07671
9 6 1.20289
9 7 1.30908
9 8 1.53709
9 9 2.13768
9 10 1.07486
9 11 1.07486
9 12 1.07486
9 13 1.07486
9 14 1.07486
9 15 1.17846
9 16 1.24877
9 17 1.33304
9 18 1.38215
9 19 1.07234
9 20 1.07234
9 21 1.07234
9 22 1.07234
9 23 1.07234
9 24 1.14963
9 25 1.19437
9 26 1.24106
9 27 1.26501
9 28 1.06936
9 29 1.06936
9 30 1.06936
9 31 1.06936
9 32 1.06936
9 33 1.12536
9 34 1.15531
9 35 1.18483
9 36 1.19997
9 37 1.07691
9 38 1.07691
9 39 1.07691
9 40 1.07691
9 41 1.07691
9 42 1.17545
9 43 1.24051
9 44 1.32306
9 45 1.37768
9 46 1.07503
9 47 1.07503
9 48 1.07503
9 49 1.07503
9 50 1.07503
9 51 1.15942
9 52 1.21647
9 53 1.27523
9 54 1.30329
9 55 1.07244
9 56 1.07244
9 57 1.07244
9 58 1.07244
9 59 1.07244
9 60 1.13961
9 61 1.17832
9 62 1.21778
9 63 1.23659
9 64 1.06943
9 65 1.06943
9 66 1.06943
9 67 1.06943
9 68 1.06943
9 69 1.1203
9 70 1.14721
9 71 1.17361
9 72 1.18704
9 73 1.07527
9 74 1.07527
9 75 1.07527
9 76 1.07527
9 77 1.07527
9 78 1.14773
9 79 1.18979
9 80 1.23505
9 81 1.25931
9 82 1.07365
9 83 1.07365
9 84 1.07365
9 85 1.07365
9 86 1.07365
9 87 1.13414
9 88 1.17559
9 89 1.21614
9 90 1.23352
9 91 1.07111
9 92 1.07111
9 93 1.07111
9 94 1.07111
9 95 1.07111
9 96 1.12432
9 97 1.15426
9 98 1.18485
9 99 1.19917
9 100 1.06821
9 101 1.06821
9 102 1.06821
9 103 1.06821
9 104 1.06821
9 105 1.11126
9 106 1.13359
9 107 1.15544
9 108 1.16651
9 109 1.07231
9 110 1.07231
9 111 1.07231
9 112 1.07231
9 113 1.07231
9 114 1.12633
9 115 1.15256
9 116 1.18163
9 117 1.19496
9 118 1.07098
9 119 1.07098
9 120 1.07098
9 121 1.07098
9 122 1.07098
9 123 1.11648
9 124 1.14355
9 125 1.17154
9 126 1.1829
9 127 1.06869
9 128 1.06869
9 129 1.06869
9 130 1.06869
9 131 1.06869
9 132 1.11004
9 133 1.13177
9 134 1.1544
9 135 1.16465
9 136 1.06605
9 137 1.06605
9 138 1.06605
9 139 1.06605
9 140 1.06605
9 141 1.10083
9 142 1.11848
9 143 1.13561
9 144 1.14424
10 1 1.14652
10 2 1.14652
10 3 1.14652
10 4 1.14652
10 5 1.14652
10 6 1.10641
10 7 1.09181
10 8 1.0803
10 9 1.07486
10 10 1.30384
10 11 1.30384
10 12 1.30384
10 13 1.30384
10 14 1.30384
10 15 1.11733
10 16 1.09611
10 17 1.08178
10 18 1.07553
10 19 1.16135
10 20 1.16135
10 21 1.16135
10 22 1.16135
10 23 1.16135
10 24 1.10995
10 25 1.09334
10 26 1.08056
10 27 1.07461
10 28 1.12557
10 29 1.12557
10 30 1.12557
10 31 1.12557
10 32 1.12557
10 33 1.09885
10 34 1.08739
10 35 1.07755
10 36 1.07277
10 37 1.1288
10 38 1.1288
10 39 1.1288
10 40 1.1288
10 41 1.1288
10 42 1.10035
10 43 1.08908
10 44 1.07947
10 45 1.07498
10 46 1.14656
10 47 1.14656
10 48 1.14656
10 49 1.14656
10 50 1.14656
10 51 1.10661
10 52 1.09167
10 53 1.08026
10 54 1.07544
10 55 1.13479
10 56 1.13479
10 57 1.13479
10 58 1.13479
10 59 1.13479
10 60 1.10279
10 61 1.09008
10 62 1.07944
10 63 1.07441
10 64 1.11671
10 65 1.11671
10 66 1.11671
10 67 1.11671
10 68 1.11671
10 69 1.09519
10 70 1.08544
10 71 1.07681
10 72 1.07258
10 73 1.11131
10 74 1.11131
10 75 1.11131
10 76 1.11131
10 77 1.11131
10 78 1.09264
10 79 1.08442
10 80 1.07686
10 81 1.07345
10 82 1.11802
10 83 1.11802
10 84 1.11802
10 85 1.11802
10 86 1.11802
10 87 1.09603
10 88 1.0861
10 89 1.07732
10 90 1.07371
10 91 1.11387
10 92 1.11387
10 93 1.11387
10 94 1.11387
10 95 1.11387
10 96 1.09396
10 97 1.08492
10 98 1.07662
10 99 1.0727
10 100 1.10473
10 101 1.10473
10 102 1.10473
10 103 1.10473
10 104 1.10473
10 105 1.08896
10 106 1.08138
10 107 1.07444
10 108 1.071
10 109 1.0972
10 110 1.0972
10 111 1.0972
10 112 1.0972
10 113 1.0972
10 114 1.08496
10 115 1.0789
10 116 1.07343
10 117 1.07074
10 118 1.10038
10 119 1.10038
10 120 1.10038
10 121 1.10038
10 122 1.10038
10 123 1.08713
10 124 1.08001
10 125 1.07358
10 126 1.07092
10 127 1.09836
10 128 1.09836
10 129 1.09836
10 130 1.09836
10 131 1.09836
10 132 1.08549
10 133 1.07897
10 134 1.07289
10 135 1.06998
10 136 1.09331
10 137 1.09331
10 138 1.09331
10 139 1.09331
10 140 1.09331
10 141 1.08204
10 142 1.07639
10 143 1.0711
10 144 1.06844
11 1 1.14652
11 2 1.14652
11 3 1.14652
11 4 1.14652
11 5 1.14652
11 6 1.10641
11 7 1.09181
11 8 1.0803
11 9 1.07486
11 10 1.30384
11 11 1.30384
11 12 1.30384
11 13 1.30384
11 14 1.30384
11 15 1.11733
11 16 1.09611
11 17 1.08178
11 18 1.07553
11 19 1.16135
11 20 1.16135
11 21 1.16135
11 22 1.16135
11 23 1.16135
11 24 1.10995
11 25 1.09334
11 26 1.08056
11 27 1.07461
11 28 1.12557
11 29 1.12557
11 30 1.12557
11 31 1.12557
11 32 1.12557
11 33 1.09885
11 34 1.08739
11 35 1.07755
11 36 1.07277
11 37 1.1288
11 38 1.1288
11 39 1.1288
11 40 1.1288
11 41 1.1288
11 42 1.10035
11 43 1.08908
11 44 1.07947
11 45 1.07498
11 46 1.14656
11 47 1.14656
11 48 1.14656
11 49 1.14656
11 50 1.14656
11 51 1.10661
11 52 1.09167
11 53 1.08026
11 54 1.07544
11 55 1.13479
11 56 1.13479
11 57 1.13479
11 58 1.13479
11 59 1.13479
11 60 1.10279
11 61 1.09008
11 62 1.07944
11 63 1.07441
11 64 1.11671
11 65 1.11671
11 66 1.11671
11 67 1.11671
11 68 1.11671
11 69 1.09519
11 70 1.08544
11 71 1.07681
11 72 1.07258
11 73 1.11131
11 74 1.11131
11 75 1.11131
11 76 1.11131
11 77 1.11131
11 78 1.09264
11 79 1.08442
11 80 1.07686
11 81 1.07345
11 82 1.11802
11 83 1.11802
11 84 1.11802
11 85 1.11802
11 86 1.11802
11 87 1.09603
11 88 1.0861
11 89 1.07732
11 90 1.07371
11 91 1.11387
11 92 1.11387
11 93 1.11387
11 94 1.11387
11 95 1.11387
11 96 1.09396
11 97 1.08492
11 98 1.07662
11 99 1.0727
11 100 1.10473
11 101 1.10473
11 102 1.10473
11 103 1.10473
11 104 1.10473
11 105 1.08896
11 106 1.08138
11 107 1.07444
11 108 1.071
11 109 1.0972
11 110 1.0972
11 111 1.0972
11 112 1.0972
11 113 1.0972
11 114 1.08496
11 115 1.0789
11 116 1.07343
11 117 1.07074
11 118 1.10038
11 119 1.10038
11 120 1.10038
11 121 1.10038
11 122 1.10038
11 123 1.08713
11 124 1.08001
11 125 1.07358
11 126 1.07092
11 127 1.09836
11 128 1.09836
11 129 1.09836
11 130 1.09836
11 131 1.09836
11 132 1.08549
11 133 1.07897
11 134 1.07289
11 135 1.06998
11 136 1.09331
11 137 1.09331
11 138 1.09331
11 139 1.09331
11 140 1.09331
11 141 1.08204
11 142 1.07639
11 143 1.0711
11 144 1.06844
12 1 1.14652
12 2 1.14652
12 3 1.14652
12 4 1.14652
12 5 1.14652
12 6 1.10641
12 7 1.09181
12 8 1.0803
12 9 1.07486
12 10 1.30384
12 11 1.30384
12 12 1.30384
12 13 1.30384
12 14 1.30384
12 15 1.11733
12 16 1.09611
12 17 1.08178
12 18 1.07553
12 19 1.16135
12 20 1.16135
12 21 1.16135
12 22 1.16135
12 23 1.16135
12 24 1.10995
12 25 1.09334
12 26 1.08056
12 27 1.07461
12 28 1.12557
12 29 1.12557
12 30 1.12557
12 31 1.12557
12 32 1.12557
12 33 1.09885
12 34 1.08739
12 35 1.07755
12 36 1.07277
12 37 1.1288
12 38 1.1288
12 39 1.1288
12 40 1.1288
12 41 1.1288
12 42 1.10035
12 43 1.08908
12 44 1.07947
12 45 1.07498
12 46 1.14656
12 47 1.14656
12 48 1.14656
12 49 1.14656
12 50 1.14656
12 51 1.10661
12 52 1.09167
12 53 1.08026
12 54 1.07544
12 55 1.13479
12 56 1.13479
12 57 1.13479
12 58 1.13479
12 59 1.13479
12 60 1.10279
12 61 1.09008
12 62 1.07944
12 63 1.07441
12 64 1.11671
12 65 1.11671
12 66 1.11671
12 67 1.11671
12 68 1.11671
12 69 1.09519
12 70 1.08544
12 71 1.07681
12 72 1.07258
12 73 1.11131
12 74 1.11131
12 75 1.11131
12 76 1.11131
12 77 1.11131
12 78 1.09264
12 79 1.08442
12 80 1.07686
12 81 1.07345
12 82 1.11802
12 83 1.11802
12 84 1.11802
12 85 1.11802
12 86 1.11802
12 87 1.09603
12 88 1.0861
12 89 1.07732
12 90 1.07371
12 91 1.11387
12 92 1.11387
12 93 1.11387
12 94 1.11387
12 95 1.11387
12 96 1.09396
12 97 1.08492
12 98 1.07662
12 99 1.0727
12 100 1.10473
12 101 1.10473
12 102 1.10473
12 103 1.10473
12 104 1.10473
12 105 1.08896
12 106 1.08138
12 107 1.07444
12 108 1.071
12 109 1.0972
12 110 1.0972
12 111 1.0972
12 112 1.0972
12 113 1.0972
12 114 1.08496
12 115 1.0789
12 116 1.07343
12 117 1.07074
12 118 1.10038
12 119 1.10038
12 120 1.10038
12 121 1.10038
12 122 1.10038
12 123 1.08713
12 124 1.08001
12 125 1.07358
12 126 1.07092
12 127 1.09836
12 128 1.09836
12 129 1.09836
12 130 1.09836
12 131 1.09836
12 132 1.08549
12 133 1.07897
12 134 1.07289
12 135 1.06998
12 136 1.09331
12 137 1.09331
12 138 1.09331
12 139 1.09331
12 140 1.09331
12 141 1.08204
12 142 1.07639
12 143 1.0711
12 144 1.06844
13 1 1.14652
13 2 1.14652
13 3 1.14652
13 4 1.14652
13 5 1.14652
13 6 1.10641
13 7 1.09181
13 8 1.0803
13 9 1.07486
13 10 1.30384
13 11 1.30384
13 12 1.30384
13 13 1.30384
13 14 1.30384
13 15 1.11733
13 16 1.09611
13 17 1.08178
13 18 1.07553
13 19 1.16135
13 20 1.16135
13 21 1.16135
13 22 1.16135
13 23 1.16135
13 24 1.10995
13 25 1.09334
13 26 1.08056
13 27 1.07461
13 28 1.12557
13 29 1.12557
13 30 1.12557
13 31 1.12557
13 32 1.12557
13 33 1.09885
13 34 1.08739
13 35 1.07755
13 36 1.07277
13 37 1.1288
13 38 1.1288
13 39 1.1288
13 40 1.1288
13 41 1.1288
13 42 1.10035
13 43 1.08908
13 44 1.07947
13 45 1.07498
13 46 1.14656
13 47 1.14656
13 48 1.14656
13 49 1.14656
13 50 1.14656
13 51 1.10661
13 52 1.09167
13 53 1.08026
13 54 1.07544
13 55 1.13479
13 56 1.13479
13 57 1.13479
13 58 1.13479
13 59 1.13479
13 60 1.10279
13 61 1.09008
13 62 1.07944
13 63 1.07441
13 64 1.11671
13 65 1.11671
13 66 1.11671
13 67 1.11671
13 68 1.11671
13 69 1.09519
13 70 1.08544
13 71 1.07681
13 72 1.07258
13 73 1.11131
13 74 1.11131
13 75 1.11131
13 76 1.11131
13 77 1.11131
13 78 1.09264
13 79 1.08442
13 80 1.07686
13 81 1.07345
13 82 1.11802
13 83 1.11802
13 84 1.11802
13 85 1.11802
13 86 1.11802
13 87 1.09603
13 88 1.0861
13 89 1.07732
13 90 1.07371
13 91 1.11387
13 92 1.11387
13 93 1.11387
13 94 1.11387
13 95 1.11387
13 96 1.09396
13 97 1.08492
13 98 1.07662
13 99 1.0727
13 100 1.10473
13 101 1.10473
13 102 1.10473
13 103 1.10473
13 104 1.10473
13 105 1.08896
13 106 1.08138
13 107 1.07444
13 108 1.071
13 109 1.0972
13 110 1.0972
13 111 1.0972
13 112 1.0972
13 113 1.0972
13 114 1.08496
13 115 1.0789
13 116 1.07343
13 117 1.07074
13 118 1.10038
13 119 1.10038
13 120 1.10038
13 121 1.10038
13 122 1.10038
13 123 1.08713
13 124 1.08001
13 125 1.07358
13 126 1.07092
13 127 1.09836
13 128 1.09836
13 129 1.09836
13 130 1.09836
13 131 1.09836
13 132 1.08549
13 133 1.07897
13 134 1.07289
13 135 1.06998
13 136 1.09331
13 137 1.09331
13 138 1.09331
13 139 1.09331
13 140 1.09331
13 141 1.08204
13 142 1.07639
13 143 1.0711
13 144 1.06844
14 1 1.14652
14 2 1.14652
14 3 1.14652
14 4 1.14652
14 5 1.14652
14 6 1.10641
14 7 1.09181
14 8 1.0803
14 9 1.07486
14 10 1.30384
14 11 1.30384
14 12 1.30384
14 13 1.30384
14 14 1.30384
14 15 1.11733
14 16 1.09611
14 17 1.08178
14 18 1.07553
14 19 1.16135
14 20 1.16135
14 21 1.16135
14 22 1.16135
14 23 1.16135
14 24 1.10995
14 25 1.09334
14 26 1.08056
14 27 1.07461
14 28 1.12557
14 29 1.12557
14 30 1.12557
14 31 1.12557
14 32 1.12557
14 33 1.09885
14 34 1.08739
14 35 1.07755
14 36 1.07277
14 37 1.1288
14 38 1.1288
14 39 1.1288
14 40 1.1288
14 41 1.1288
14 42 1.10035
14 43 1.08908
14 44 1.07947
14 45 1.07498
14 46 1.14656
14 47 1.14656
14 48 1.14656
14 49 1.14656
14 50 1.14656
14 51 1.10661
14 52 1.09167
14 53 1.08026
14 54 1.07544
14 55 1.13479
14 56 1.13479
14 57 1.13479
14 58 1.13479
14 59 1.13479
14 60 1.10279
14 61 1.09008
14 62 1.07944
14 63 1.07441
14 64 1.11671
14 65 1.11671
14 66 1.11671
14 67 1.11671
14 68 1.11671
14 69 1.09519
14 70 1.08544
14 71 1.07681
14 72 1.07258
14 73 1.11131
14 74 1.11131
14 75 1.11131
14 76 1.11131
14 77 1.11131
14 78 1.09264
14 79 1.08442
14 80 1.07686
14 81 1.07345
14 82 1.11802
14 83 1.11802
14 84 1.11802
14 85 1.11802
14 86 1.11802
14 87 1.09603
14 88 1.0861
14 89 1.07732
14 90 1.07371
14 91 1.11387
14 92 1.11387
14 93 1.11387
14 94 1.11387
14 95 1.11387
14 96 1.09396
14 97 1.08492
14 98 1.07662
14 99 1.0727
14 100 1.10473
14 101 1.10473
14 102 1.10473
14 103 1.10473
14 104 1.10473
14 105 1.08896
14 106 1.08138
14 107 1.07444
14 108 1.071
14 109 1.0972
14 110 1.0972
14 111 1.0972
14 112 1.0972
14 113 1.0972
14 114 1.08496
14 115 1.0789
14 116 1.07343
14 117 1.07074
14 118 1.10038
14 119 1.10038
14 120 1.10038
14 121 1.10038
14 122 1.10038
14 123 1.08713
14 124 1.08001
14 125 1.07358
14 126 1.07092
14 127 1.09836
14 128 1.09836
14 129 1.09836
14 130 1.09836
14 131 1.09836
14 132 1.08549
14 133 1.07897
14 134 1.07289
14 135 1.06998
14 136 1.09331
14 137 1.09331
14 138 1.09331
14 139 1.09331
14 140 1.09331
14 141 1.08204
14 142 1.07639
14 143 1.0711
14 144 1.06844
15 1 1.10675
15 2 1.10675
15 3 1.10675
15 4 1.10675
15 5 1.10675
15 6 1.42331
15 7 1.34786
15 8 1.23607
15 9 1.17846
15 10 1.11733
15 11 1.11733
15 12 1.11733
15 13 1.11733
15 14 1.11733
15 15 6.88068
15 16 2.11396
15 17 1.37756
15 18 1.20329
15 19 1.10971
15 20 1.10971
15 21 1.10971
15 22 1.10971
15 23 1.10971
15 24 1.6679
15 25 1.47276
15 26 1.27546
15 27 1.18662
15 28 1.09848
15 29 1.09848
15 30 1.09848
15 31 1.09848
15 32 1.09848
15 33 1.23787
15 34 1.22771
15 35 1.18459
15 36 1.15818
15 37 1.10184
15 38 1.10184
15 39 1.10184
15 40 1.10184
15 41 1.10184
15 42 1.23186
15 43 1.22162
15 44 1.18562
15 45 1.16323
15 46 1.1074
15 47 1.1074
15 48 1.1074
15 49 1.1074
15 50 1.1074
15 51 1.40821
15 52 1.33725
15 53 1.22889
15 54 1.17885
15 55 1.10303
15 56 1.10303
15 57 1.10303
15 58 1.10303
15 59 1.10303
15 60 1.29486
15 61 1.27088
15 62 1.20554
15 63 1.16809
15 64 1.09498
15 65 1.09498
15 66 1.09498
15 67 1.09498
15 68 1.09498
15 69 1.18042
15 70 1.18158
15 71 1.16132
15 72 1.14743
15 73 1.09385
15 74 1.09385
15 75 1.09385
15 76 1.09385
15 77 1.09385
15 78 1.14899
15 79 1.1529
15 80 1.14658
15 81 1.14135
15 82 1.09689
15 83 1.09689
15 84 1.09689
15 85 1.09689
15 86 1.09689
15 87 1.17046
15 88 1.17682
15 89 1.16007
15 90 1.14967
15 91 1.09416
15 92 1.09416
15 93 1.09416
15 94 1.09416
15 95 1.09416
15 96 1.16186
15 97 1.16637
15 98 1.15332
15 99 1.14381
15 100 1.08885
15 101 1.08885
15 102 1.08885
15 103 1.08885
15 104 1.08885
15 105 1.13311
15 106 1.13889
15 107 1.13489
15 108 1.13099
15 109 1.08556
15 110 1.08556
15 111 1.08556
15 112 1.08556
15 113 1.08556
15 114 1.11438
15 115 1.11842
15 116 1.12105
15 117 1.12077
15 118 1.08731
15 119 1.08731
15 120 1.08731
15 121 1.08731
15 122 1.08731
15 123 1.11797
15 124 1.12424
15 125 1.12569
15 126 1.12514
15 127 1.08554
15 128 1.08554
15 129 1.08554
15 130 1.08554
15 131 1.08554
15 132 1.11536
15 133 1.12128
15 134 1.12251
15 135 1.12192
15 136 1.08201
15 137 1.08201
15 138 1.08201
15 139 1.08201
15 140 1.08201
15 141 1.10559
15 142 1.11159
15 143 1.11384
15 144 1.11423
16 1 1.09184
16 2 1.09184
16 3 1.09184
16 4 1.09184
16 5 1.09184
16 6 1.34706
16 7 1.44455
16 8 1.33233
16 9 1.24877
16 10 1.09611
16 11 1.09611
16 12 1.09611
16 13 1.09611
16 14 1.09611
16 15 2.11396
16 16 6.8422
16 17 1.95175
16 18 1.31301
16 19 1.0929
16 20 1.0929
16 21 1.0929
16 22 1.0929
16 23 1.0929
16 24 1.47068
16 25 1.68206
16 26 1.42208
16 27 1.26738
16 28 1.08685
16 29 1.08685
16 30 1.08685
16 31 1.08685
16 32 1.08685
16 33 1.22718
16 34 1.26335
16 35 1.23655
16 36 1.21047
16 37 1.08978
16 38 1.08978
16 39 1.08978
16 40 1.08978
16 41 1.08978
16 42 1.22107
16 43 1.25572
16 44 1.23893
16 45 1.21758
16 46 1.09251
16 47 1.09251
16 48 1.09251
16 49 1.09251
16 50 1.09251
16 51 1.33284
16 52 1.43281
16 53 1.3228
16 54 1.24919
16 55 1.08994
16 56 1.08994
16 57 1.08994
16 58 1.08994
16 59 1.08994
16 60 1.26811
16 61 1.32101
16 62 1.27212
16 63 1.22827
16 64 1.08504
16 65 1.08504
16 66 1.08504
16 67 1.08504
16 68 1.08504
16 69 1.18128
16 70 1.20626
16 71 1.20091
16 72 1.19139
16 73 1.08504
16 74 1.08504
16 75 1.08504
16 76 1.08504
16 77 1.08504
16 78 1.15293
16 79 1.17245
16 80 1.17967
16 81 1.17947
16 82 1.08679
16 83 1.08679
16 84 1.08679
16 85 1.08679
16 86 1.08679
16 87 1.16968
16 88 1.20204
16 89 1.20108
16 90 1.19437
16 91 1.08479
16 92 1.08479
16 93 1.08479
16 94 1.08479
16 95 1.08479
16 96 1.16413
16 97 1.18849
16 98 1.18988
16 99 1.18509
16 100 1.0811
16 101 1.0811
16 102 1.0811
16 103 1.0811
16 104 1.0811
16 105 1.13884
16 106 1.15676
16 107 1.1636
16 108 1.16454
16 109 1.0793
16 110 1.0793
16 111 1.0793
16 112 1.0793
16 113 1.0793
16 114 1.12052
16 115 1.13257
16 116 1.14387
16 117 1.1473
16 118 1.08044
16 119 1.08044
16 120 1.08044
16 121 1.08044
16 122 1.08044
16 123 1.12278
16 124 1.13951
16 125 1.15113
16 126 1.15463
16 127 1.07894
16 128 1.07894
16 129 1.07894
16 130 1.07894
16 131 1.07894
16 132 1.12101
16 133 1.13615
16 134 1.1466
16 135 1.15023
16 136 1.07622
16 137 1.07622
16 138 1.07622
16 139 1.07622
16 140 1.07622
16 141 1.11167
16 142 1.12515
16 143 1.13482
16 144 1.13892
17 1 1.08023
17 2 1.08023
17 3 1.08023
17 4 1.08023
17 5 1.08023
17 6 1.23421
17 7 1.32915
17 8 1.39157
17 9 1.33304
17 10 1.08178
17 11 1.08178
17 12 1.08178
17 13 1.08178
17 14 1.08178
17 15 1.37756
17 16 1.95175
17 17 5.81333
17 18 1.54057
17 19 1.08026
17 20 1.08026
17 21 1.08026
17 22 1.08026
17 23 1.08026
17 24 1.27201
17 25 1.41531
17 26 1.53701
17 27 1.37337
17 28 1.0772
17 29 1.0772
17 30 1.0772
17 31 1.0772
17 32 1.0772
17 33 1.1835
17 34 1.23456
17 35 1.26575
17 36 1.26564
17 37 1.07986
17 38 1.07986
17 39 1.07986
17 40 1.07986
17 41 1.07986
17 42 1.18305
17 43 1.23458
17 44 1.27305
17 45 1.2754
17 46 1.08093
17 47 1.08093
17 48 1.08093
17 49 1.08093
17 50 1.08093
17 51 1.22689
17 52 1.32637
17 53 1.38583
17 54 1.33306
17 55 1.07941
17 56 1.07941
17 57 1.07941
17 58 1.07941
17 59 1.07941
17 60 1.2029
17 61 1.2697
17 62 1.30878
17 63 1.2952
17 64 1.0766
17 65 1.0766
17 66 1.0766
17 67 1.0766
17 68 1.0766
17 69 1.16086
17 70 1.19986
17 71 1.22757
17 72 1.23592
17 73 1.07741
17 74 1.07741
17 75 1.07741
17 76 1.07741
17 77 1.07741
17 78 1.14515
17 79 1.17693
17 80 1.20557
17 81 1.21667
17 82 1.07822
17 83 1.07822
17 84 1.07822
17 85 1.07822
17 86 1.07822
17 87 1.15272
17 88 1.19884
17 89 1.23133
17 90 1.23975
17 91 1.07677
17 92 1.07677
17 93 1.07677
17 94 1.07677
17 95 1.07677
17 96 1.15053
17 97 1.18768
17 98 1.21667
17 99 1.22654
17 100 1.07434
17 101 1.07434
17 102 1.07434
17 103 1.07434
17 104 1.07434
17 105 1.1347
17 106 1.16289
17 107 1.18656
17 108 1.19715
17 109 1.07371
17 110 1.07371
17 111 1.07371
17 112 1.07371
17 113 1.07371
17 114 1.12178
17 115 1.14166
17 116 1.16341
17 117 1.17212
17 118 1.07434
17 119 1.07434
17 120 1.07434
17 121 1.07434
17 122 1.07434
17 123 1.1219
17 124 1.14813
17 125 1.17287
17 126 1.18272
17 127 1.0731
17 128 1.0731
17 129 1.0731
17 130 1.0731
17 131 1.0731
17 132 1.12109
17 133 1.14471
17 134 1.16716
17 135 1.17726
17 136 1.07108
17 137 1.07108
17 138 1.07108
17 139 1.07108
17 140 1.07108
17 141 1.11381
17 142 1.13432
17 143 1.15309
17 144 1.16227
18 1 1.07488
18 2 1.07488
18 3 1.07488
18 4 1.07488
18 5 1.07488
18 6 1.17775
18 7 1.24651
18 8 1.33149
18 9 1.38215
18 10 1.07553
18 11 1.07553
18 12 1.07553
18 13 1.07553
18 14 1.07553
18 15 1.20329
18 16 1.31301
18 17 1.54057
18 18 2.13756
18 19 1.07462
18 20 1.07462
18 21 1.07462
18 22 1.07462
18 23 1.07462
18 24 1.18732
18 25 1.26706
18 26 1.37521
18 27 1.45095
18 28 1.07276
18 29 1.07276
18 30 1.07276
18 31 1.07276
18 32 1.07276
18 33 1.15886
18 34 1.21014
18 35 1.26628
18 36 1.29718
18 37 1.07512
18 38 1.07512
18 39 1.07512
18 40 1.07512
18 41 1.07512
18 42 1.15894
18 43 1.20982
18 44 1.26954
18 45 1.30242
18 46 1.07558
18 47 1.07558
18 48 1.07558
18 49 1.07558
18 50 1.07558
18 51 1.17365
18 52 1.24684
18 53 1.33026
18 54 1.37921
18 55 1.07451
18 56 1.07451
18 57 1.07451
18 58 1.07451
18 59 1.07451
18 60 1.16662
18 61 1.22611
18 62 1.29416
18 63 1.33146
18 64 1.07263
18 65 1.07263
18 66 1.07263
18 67 1.07263
18 68 1.07263
18 69 1.14754
18 70 1.19037
18 71 1.23532
18 72 1.25917
18 73 1.07362
18 74 1.07362
18 75 1.07362
18 76 1.07362
18 77 1.07362
18 78 1.13786
18 79 1.17367
18 80 1.21298
18 81 1.23256
18 82 1.07407
18 83 1.07407
18 84 1.07407
18 85 1.07407
18 86 1.07407
18 87 1.14056
18 88 1.18883
18 89 1.23695
18 90 1.26035
18 91 1.07291
18 92 1.07291
18 93 1.07291
18 94 1.07291
18 95 1.07291
18 96 1.14045
18 97 1.18116
18 98 1.2243
18 99 1.24633
18 100 1.07108
18 101 1.07108
18 102 1.07108
18 103 1.07108
18 104 1.07108
18 105 1.13062
18 106 1.16309
18 107 1.19601
18 108 1.21309
18 109 1.07084
18 110 1.07084
18 111 1.07084
18 112 1.07084
18 113 1.07084
18 114 1.1205
18 115 1.14377
18 116 1.17068
18 117 1.18243
18 118 1.07127
18 119 1.07127
18 120 1.07127
18 121 1.07127
18 122 1.07127
18 123 1.11955
18 124 1.1497
18 125 1.18106
18 126 1.19489
18 127 1.07019
18 128 1.07019
18 129 1.07019
18 130 1.07019
18 131 1.07019
18 132 1.11947
18 133 1.14676
18 134 1.17546
18 135 1.18949
18 136 1.06853
18 137 1.06853
18 138 1.06853
18 139 1.06853
18 140 1.06853
18 141 1.11379
18 142 1.13756
18 143 1.16112
18 144 1.1732
19 1 1.11784
19 2 1.11784
19 3 1.11784
19 4 1.11784
19 5 1.11784
19 6 1.09511
19 7 1.08508
19 8 1.07654
19 9 1.07234
19 10 1.16135
19 11 1.16135
19 12 1.16135
19 13 1.16135
19 14 1.16135
19 15 1.10971
19 16 1.0929
19 17 1.08026
19 18 1.07462
19 19 1.30397
19 20 1.30397
19 21 1.30397
19 22 1.30397
19 23 1.30397
19 24 1.11738
19 25 1.09632
19 26 1.08174
19 27 1.07516
19 28 1.16176
19 29 1.16176
19 30 1.16176
19 31 1.16176
19 32 1.16176
19 33 1.11032
19 34 1.09364
19 35 1.08069
19 36 1.07461
19 37 1.11114
19 38 1.11114
19 39 1.11114
19 40 1.11114
19 41 1.11114
19 42 1.09189
19 43 1.08344
19 44 1.07605
19 45 1.07251
19 46 1.13471
19 47 1.13471
19 48 1.13471
19 49 1.13471
19 50 1.13471
19 51 1.10231
19 52 1.08924
19 53 1.07887
19 54 1.0745
19 55 1.14677
19 56 1.14677
19 57 1.14677
19 58 1.14677
19 59 1.14677
19 60 1.10644
19 61 1.09199
19 62 1.08027
19 63 1.07484
19 64 1.13525
19 65 1.13525
19 66 1.13525
19 67 1.13525
19 68 1.13525
19 69 1.1032
19 70 1.09029
19 71 1.07946
19 72 1.07426
19 73 1.10118
19 74 1.10118
19 75 1.10118
19 76 1.10118
19 77 1.10118
19 78 1.08684
19 79 1.08011
19 80 1.07398
19 81 1.07117
19 82 1.11375
19 83 1.11375
19 84 1.11375
19 85 1.11375
19 86 1.11375
19 87 1.09339
19 88 1.08429
19 89 1.07611
19 90 1.07282
19 91 1.11824
19 92 1.11824
19 93 1.11824
19 94 1.11824
19 95 1.11824
19 96 1.09561
19 97 1.08596
19 98 1.07714
19 99 1.07303
19 100 1.11435
19 101 1.11435
19 102 1.11435
19 103 1.11435
19 104 1.11435
19 105 1.09399
19 106 1.08476
19 107 1.07651
19 108 1.07246
19 109 1.09109
19 110 1.09109
19 111 1.09109
19 112 1.09109
19 113 1.09109
19 114 1.08101
19 115 1.07572
19 116 1.07106
19 117 1.06873
19 118 1.09826
19 119 1.09826
19 120 1.09826
19 121 1.09826
19 122 1.09826
19 123 1.08529
19 124 1.07864
19 125 1.07257
19 126 1.07012
19 127 1.10054
19 128 1.10054
19 129 1.10054
19 130 1.10054
19 131 1.10054
19 132 1.08625
19 133 1.07951
19 134 1.07319
19 135 1.07022
19 136 1.09882
19 137 1.09882
19 138 1.09882
19 139 1.09882
19 140 1.09882
19 141 1.08523
19 142 1.0787
19 143 1.07268
19 144 1.06968
20 1 1.11784
20 2 1.11784
20 3 1.11784
20 4 1.11784
20 5 1.11784
20 6 1.09511
20 7 1.08508
20 8 1.07654
20 9 1.07234
20 10 1.16135
20 11 1.16135
20 12 1.16135
20 13 1.16135
20 14 1.16135
20 15 1.10971
20 16 1.0929
20 17 1.08026
20 18 1.07462
20 19 1.30397
20 20 1.30397
20 21 1.30397
20 22 1.30397
20 23 1.30397
20 24 1.11738
20 25 1.09632
20 26 1.08174
20 27 1.07516
20 28 1.16176
20 29 1.16176
20 30 1.16176
20 31 1.16176
20 32 1.16176
20 33 1.11032
20 34 1.09364
20 35 1.08069
20 36 1.07461
20 37 1.11114
20 38 1.11114
20 39 1.11114
20 40 1.11114
20 41 1.11114
20 42 1.09189
20 43 1.08344
20 44 1.07605
20 45 1.07251
20 46 1.13471
20 47 1.13471
20 48 1.13471
20 49 1.13471
20 50 1.13471
20 51 1.10231
20 52 1.08924
20 53 1.07887
20 54 1.0745
20 55 1.14677
20 56 1.14677
20 57 1.14677
20 58 1.14677
20 59 1.14677
20 60 1.10644
20 61 1.09199
20 62 1.08027
20 63 1.07484
20 64 1.13525
20 65 1.13525
20 66 1.13525
20 67 1.13525
20 68 1.13525
20 69 1.1032
20 70 1.09029
20 71 1.07946
20 72 1.07426
20 73 1.10118
20 74 1.10118
20 75 1.10118
20 76 1.10118
20 77 1.10118
20 78 1.08684
20 79 1.08011
20 80 1.07398
20 81 1.07117
20 82 1.11375
20 83 1.11375
20 84 1.11375
20 85 1.11375
20 86 1.11375
20 87 1.09339
20 88 1.08429
20 89 1.07611
20 90 1.07282
20 91 1.11824
20 92 1.11824
20 93 1.11824
20 94 1.11824
20 95 1.11824
20 96 1.09561
20 97 1.08596
20 98 1.07714
20 99 1.07303
20 100 1.11435
20 101 1.11435
20 102 1.11435
20 103 1.11435
20 104 1.11435
20 105 1.09399
20 106 1.08476
20 107 1.07651
20 108 1.07246
20 109 1.09109
20 110 1.09109
20 111 1.09109
20 112 1.09109
20 113 1.09109
20 114 1.08101
20 115 1.07572
20 116 1.07106
20 117 1.06873
20 118 1.09826
20 119 1.09826
20 120 1.09826
20 121 1.09826
20 122 1.09826
20 123 1.08529
20 124 1.07864
20 125 1.07257
20 126 1.07012
20 127 1.10054
20 128 1.10054
20 129 1.10054
20 130 1.10054
20 131 1.10054
20 132 1.08625
20 133 1.07951
20 134 1.07319
20 135 1.07022
20 136 1.09882
20 137 1.09882
20 138 1.09882
20 139 1.09882
20 140 1.09882
20 141 1.08523
20 142 1.0787
20 143 1.07268
20 144 1.06968
21 1 1.11784
21 2 1.11784
21 3 1.11784
21 4 1.11784
21 5 1.11784
21 6 1.09511
21 7 1.08508
21 8 1.07654
21 9 1.07234
21 10 1.16135
21 11 1.16135
21 12 1.16135
21 13 1.16135
21 14 1.16135
21 15 1.10971
21 16 1.0929
21 17 1.08026
21 18 1.07462
21 19 1.30397
21 20 1.30397
21 21 1.30397
21 22 1.30397
21 23 1.30397
21 24 1.11738
21 25 1.09632
21 26 1.08174
21 27 1.07516
21 28 1.16176
21 29 1.16176
21 30 1.16176
21 31 1.16176
21 32 1.16176
21 33 1.11032
21 34 1.09364
21 35 1.08069
