injected_el measured_el potential
1 1 1.30408
1 2 1.30408
1 3 1.30408
1 4 1.30408
1 5 1.30408
1 6 1.11726
1 7 1.09889
1 8 1.08504
1 9 1.07813
1 10 1.14591
1 11 1.14591
1 12 1.14591
1 13 1.14591
1 14 1.14591
1 15 1.10815
1 16 1.09296
1 17 1.08156
1 18 1.0768
1 19 1.11745
1 20 1.11745
1 21 1.11745
1 22 1.11745
1 23 1.11745
1 24 1.09625
1 25 1.08654
1 26 1.07821
1 27 1.07398
1 28 1.1001
1 29 1.1001
1 30 1.1001
1 31 1.1001
1 32 1.1001
1 33 1.08691
1 34 1.08015
1 35 1.0738
1 36 1.07061
1 37 1.14703
1 38 1.14703
1 39 1.14703
1 40 1.14703
1 41 1.14703
1 42 1.10533
1 43 1.0938
1 44 1.08391
1 45 1.07837
1 46 1.12821
1 47 1.12821
1 48 1.12821
1 49 1.12821
1 50 1.12821
1 51 1.10165
1 52 1.0911
1 53 1.08146
1 54 1.07717
1 55 1.11081
1 56 1.11081
1 57 1.11081
1 58 1.11081
1 59 1.11081
1 60 1.09416
1 61 1.08629
1 62 1.07843
1 63 1.07429
1 64 1.09705
1 65 1.09705
1 66 1.09705
1 67 1.09705
1 68 1.09705
1 69 1.08597
1 70 1.07987
1 71 1.07387
1 72 1.07081
1 73 1.11881
1 74 1.11881
1 75 1.11881
1 76 1.11881
1 77 1.11881
1 78 1.0951
1 79 1.08749
1 80 1.0809
1 81 1.07641
1 82 1.11101
1 83 1.11101
1 84 1.11101
1 85 1.11101
1 86 1.11101
1 87 1.09325
1 88 1.08633
1 89 1.07932
1 90 1.0754
1 91 1.10102
1 92 1.10102
1 93 1.10102
1 94 1.10102
1 95 1.10102
1 96 1.08953
1 97 1.08317
1 98 1.07649
1 99 1.07275
1 100 1.09125
1 101 1.09125
1 102 1.09125
1 103 1.09125
1 104 1.09125
1 105 1.08231
1 106 1.07727
1 107 1.07216
1 108 1.0695
1 109 1.10134
1 110 1.10134
1 111 1.10134
1 112 1.10134
1 113 1.10134
1 114 1.08642
1 115 1.08167
1 116 1.07679
1 117 1.07311
1 118 1.09711
1 119 1.09711
1 120 1.09711
1 121 1.09711
1 122 1.09711
1 123 1.08485
1 124 1.08051
1 125 1.07566
1 126 1.07225
1 127 1.09106
1 128 1.09106
1 129 1.09106
1 130 1.09106
1 131 1.09106
1 132 1.08248
1 133 1.0781
1 134 1.07311
1 135 1.07
1 136 1.0843
1 137 1.0843
1 138 1.0843
1 139 1.0843
1 140 1.0843
1 141 1.0772
1 142 1.07335
1 143 1.06928
1 144 1.06712
2 1 1.30408
2 2 1.30408
2 3 1.30408
2 4 1.30408
2 5 1.30408
2 6 1.11726
2 7 1.09889
2 8 1.08504
2 9 1.07813
2 10 1.14591
2 11 1.14591
2 12 1.14591
2 13 1.14591
2 14 1.14591
2 15 1.10815
2 16 1.09296
2 17 1.08156
2 18 1.0768
2 19 1.11745
2 20 1.11745
2 21 1.11745
2 22 1.11745
2 23 1.11745
2 24 1.09625
2 25 1.08654
2 26 1.07821
2 27 1.07398
2 28 1.1001
2 29 1.1001
2 30 1.1001
2 31 1.1001
2 32 1.1001
2 33 1.08691
2 34 1.08015
2 35 1.0738
2 36 1.07061
2 37 1.14703
2 38 1.14703
2 39 1.14703
2 40 1.14703
2 41 1.14703
2 42 1.10533
2 43 1.0938
2 44 1.08391
2 45 1.07837
2 46 1.12821
2 47 1.12821
2 48 1.12821
2 49 1.12821
2 50 1.12821
2 51 1.10165
2 52 1.0911
2 53 1.08146
2 54 1.07717
2 55 1.11081
2 56 1.11081
2 57 1.11081
2 58 1.11081
2 59 1.11081
2 60 1.09416
2 61 1.08629
2 62 1.07843
2 63 1.07429
2 64 1.09705
2 65 1.09705
2 66 1.09705
2 67 1.09705
2 68 1.09705
2 69 1.08597
2 70 1.07987
2 71 1.07387
2 72 1.07081
2 73 1.11881
2 74 1.11881
2 75 1.11881
2 76 1.11881
2 77 1.11881
2 78 1.0951
2 79 1.08749
2 80 1.0809
2 81 1.07641
2 82 1.11101
2 83 1.11101
2 84 1.11101
2 85 1.11101
2 86 1.11101
2 87 1.09325
2 88 1.08633
2 89 1.07932
2 90 1.0754
2 91 1.10102
2 92 1.10102
2 93 1.10102
2 94 1.10102
2 95 1.10102
2 96 1.08953
2 97 1.08317
2 98 1.07649
2 99 1.07275
2 100 1.09125
2 101 1.09125
2 102 1.09125
2 103 1.09125
2 104 1.09125
2 105 1.08231
2 106 1.07727
2 107 1.07216
2 108 1.0695
2 109 1.10134
2 110 1.10134
2 111 1.10134
2 112 1.10134
2 113 1.10134
2 114 1.08642
2 115 1.08167
2 116 1.07679
2 117 1.07311
2 118 1.09711
2 119 1.09711
2 120 1.09711
2 121 1.09711
2 122 1.09711
2 123 1.08485
2 124 1.08051
2 125 1.07566
2 126 1.07225
2 127 1.09106
2 128 1.09106
2 129 1.09106
2 130 1.09106
2 131 1.09106
2 132 1.08248
2 133 1.0781
2 134 1.07311
2 135 1.07
2 136 1.0843
2 137 1.0843
2 138 1.0843
2 139 1.0843
2 140 1.0843
2 141 1.0772
2 142 1.07335
2 143 1.06928
2 144 1.06712
3 1 1.30408
3 2 1.30408
3 3 1.30408
3 4 1.30408
3 5 1.30408
3 6 1.11726
3 7 1.09889
3 8 1.08504
3 9 1.07813
3 10 1.14591
3 11 1.14591
3 12 1.14591
3 13 1.14591
3 14 1.14591
3 15 1.10815
3 16 1.09296
3 17 1.08156
3 18 1.0768
3 19 1.11745
3 20 1.11745
3 21 1.11745
3 22 1.11745
3 23 1.11745
3 24 1.09625
3 25 1.08654
3 26 1.07821
3 27 1.07398
3 28 1.1001
3 29 1.1001
3 30 1.1001
3 31 1.1001
3 32 1.1001
3 33 1.08691
3 34 1.08015
3 35 1.0738
3 36 1.07061
3 37 1.14703
3 38 1.14703
3 39 1.14703
3 40 1.14703
3 41 1.14703
3 42 1.10533
3 43 1.0938
3 44 1.08391
3 45 1.07837
3 46 1.12821
3 47 1.12821
3 48 1.12821
3 49 1.12821
3 50 1.12821
3 51 1.10165
3 52 1.0911
3 53 1.08146
3 54 1.07717
3 55 1.11081
3 56 1.11081
3 57 1.11081
3 58 1.11081
3 59 1.11081
3 60 1.09416
3 61 1.08629
3 62 1.07843
3 63 1.07429
3 64 1.09705
3 65 1.09705
3 66 1.09705
3 67 1.09705
3 68 1.09705
3 69 1.08597
3 70 1.07987
3 71 1.07387
3 72 1.07081
3 73 1.11881
3 74 1.11881
3 75 1.11881
3 76 1.11881
3 77 1.11881
3 78 1.0951
3 79 1.08749
3 80 1.0809
3 81 1.07641
3 82 1.11101
3 83 1.11101
3 84 1.11101
3 85 1.11101
3 86 1.11101
3 87 1.09325
3 88 1.08633
3 89 1.07932
3 90 1.0754
3 91 1.10102
3 92 1.10102
3 93 1.10102
3 94 1.10102
3 95 1.10102
3 96 1.08953
3 97 1.08317
3 98 1.07649
3 99 1.07275
3 100 1.09125
3 101 1.09125
3 102 1.09125
3 103 1.09125
3 104 1.09125
3 105 1.08231
3 106 1.07727
3 107 1.07216
3 108 1.0695
3 109 1.10134
3 110 1.10134
3 111 1.10134
3 112 1.10134
3 113 1.10134
3 114 1.08642
3 115 1.08167
3 116 1.07679
3 117 1.07311
3 118 1.09711
3 119 1.09711
3 120 1.09711
3 121 1.09711
3 122 1.09711
3 123 1.08485
3 124 1.08051
3 125 1.07566
3 126 1.07225
3 127 1.09106
3 128 1.09106
3 129 1.09106
3 130 1.09106
3 131 1.09106
3 132 1.08248
3 133 1.0781
3 134 1.07311
3 135 1.07
3 136 1.0843
3 137 1.0843
3 138 1.0843
3 139 1.0843
3 140 1.0843
3 141 1.0772
3 142 1.07335
3 143 1.06928
3 144 1.06712
4 1 1.30408
4 2 1.30408
4 3 1.30408
4 4 1.30408
4 5 1.30408
4 6 1.11726
4 7 1.09889
4 8 1.08504
4 9 1.07813
4 10 1.14591
4 11 1.14591
4 12 1.14591
4 13 1.14591
4 14 1.14591
4 15 1.10815
4 16 1.09296
4 17 1.08156
4 18 1.0768
4 19 1.11745
4 20 1.11745
4 21 1.11745
4 22 1.11745
4 23 1.11745
4 24 1.09625
4 25 1.08654
4 26 1.07821
4 27 1.07398
4 28 1.1001
4 29 1.1001
4 30 1.1001
4 31 1.1001
4 32 1.1001
4 33 1.08691
4 34 1.08015
4 35 1.0738
4 36 1.07061
4 37 1.14703
4 38 1.14703
4 39 1.14703
4 40 1.14703
4 41 1.14703
4 42 1.10533
4 43 1.0938
4 44 1.08391
4 45 1.07837
4 46 1.12821
4 47 1.12821
4 48 1.12821
4 49 1.12821
4 50 1.12821
4 51 1.10165
4 52 1.0911
4 53 1.08146
4 54 1.07717
4 55 1.11081
4 56 1.11081
4 57 1.11081
4 58 1.11081
4 59 1.11081
4 60 1.09416
4 61 1.08629
4 62 1.07843
4 63 1.07429
4 64 1.09705
4 65 1.09705
4 66 1.09705
4 67 1.09705
4 68 1.09705
4 69 1.08597
4 70 1.07987
4 71 1.07387
4 72 1.07081
4 73 1.11881
4 74 1.11881
4 75 1.11881
4 76 1.11881
4 77 1.11881
4 78 1.0951
4 79 1.08749
4 80 1.0809
4 81 1.07641
4 82 1.11101
4 83 1.11101
4 84 1.11101
4 85 1.11101
4 86 1.11101
4 87 1.09325
4 88 1.08633
4 89 1.07932
4 90 1.0754
4 91 1.10102
4 92 1.10102
4 93 1.10102
4 94 1.10102
4 95 1.10102
4 96 1.08953
4 97 1.08317
4 98 1.07649
4 99 1.07275
4 100 1.09125
4 101 1.09125
4 102 1.09125
4 103 1.09125
4 104 1.09125
4 105 1.08231
4 106 1.07727
4 107 1.07216
4 108 1.0695
4 109 1.10134
4 110 1.10134
4 111 1.10134
4 112 1.10134
4 113 1.10134
4 114 1.08642
4 115 1.08167
4 116 1.07679
4 117 1.07311
4 118 1.09711
4 119 1.09711
4 120 1.09711
4 121 1.09711
4 122 1.09711
4 123 1.08485
4 124 1.08051
4 125 1.07566
4 126 1.07225
4 127 1.09106
4 128 1.09106
4 129 1.09106
4 130 1.09106
4 131 1.09106
4 132 1.08248
4 133 1.0781
4 134 1.07311
4 135 1.07
4 136 1.0843
4 137 1.0843
4 138 1.0843
4 139 1.0843
4 140 1.0843
4 141 1.0772
4 142 1.07335
4 143 1.06928
4 144 1.06712
5 1 1.30408
5 2 1.30408
5 3 1.30408
5 4 1.30408
5 5 1.30408
5 6 1.11726
5 7 1.09889
5 8 1.08504
5 9 1.07813
5 10 1.14591
5 11 1.14591
5 12 1.14591
5 13 1.14591
5 14 1.14591
5 15 1.10815
5 16 1.09296
5 17 1.08156
5 18 1.0768
5 19 1.11745
5 20 1.11745
5 21 1.11745
5 22 1.11745
5 23 1.11745
5 24 1.09625
5 25 1.08654
5 26 1.07821
5 27 1.07398
5 28 1.1001
5 29 1.1001
5 30 1.1001
5 31 1.1001
5 32 1.1001
5 33 1.08691
5 34 1.08015
5 35 1.0738
5 36 1.07061
5 37 1.14703
5 38 1.14703
5 39 1.14703
5 40 1.14703
5 41 1.14703
5 42 1.10533
5 43 1.0938
5 44 1.08391
5 45 1.07837
5 46 1.12821
5 47 1.12821
5 48 1.12821
5 49 1.12821
5 50 1.12821
5 51 1.10165
5 52 1.0911
5 53 1.08146
5 54 1.07717
5 55 1.11081
5 56 1.11081
5 57 1.11081
5 58 1.11081
5 59 1.11081
5 60 1.09416
5 61 1.08629
5 62 1.07843
5 63 1.07429
5 64 1.09705
5 65 1.09705
5 66 1.09705
5 67 1.09705
5 68 1.09705
5 69 1.08597
5 70 1.07987
5 71 1.07387
5 72 1.07081
5 73 1.11881
5 74 1.11881
5 75 1.11881
5 76 1.11881
5 77 1.11881
5 78 1.0951
5 79 1.08749
5 80 1.0809
5 81 1.07641
5 82 1.11101
5 83 1.11101
5 84 1.11101
5 85 1.11101
5 86 1.11101
5 87 1.09325
5 88 1.08633
5 89 1.07932
5 90 1.0754
5 91 1.10102
5 92 1.10102
5 93 1.10102
5 94 1.10102
5 95 1.10102
5 96 1.08953
5 97 1.08317
5 98 1.07649
5 99 1.07275
5 100 1.09125
5 101 1.09125
5 102 1.09125
5 103 1.09125
5 104 1.09125
5 105 1.08231
5 106 1.07727
5 107 1.07216
5 108 1.0695
5 109 1.10134
5 110 1.10134
5 111 1.10134
5 112 1.10134
5 113 1.10134
5 114 1.08642
5 115 1.08167
5 116 1.07679
5 117 1.07311
5 118 1.09711
5 119 1.09711
5 120 1.09711
5 121 1.09711
5 122 1.09711
5 123 1.08485
5 124 1.08051
5 125 1.07566
5 126 1.07225
5 127 1.09106
5 128 1.09106
5 129 1.09106
5 130 1.09106
5 131 1.09106
5 132 1.08248
5 133 1.0781
5 134 1.07311
5 135 1.07
5 136 1.0843
5 137 1.0843
5 138 1.0843
5 139 1.0843
5 140 1.0843
5 141 1.0772
5 142 1.07335
5 143 1.06928
5 144 1.06712
6 1 1.11726
6 2 1.11726
6 3 1.11726
6 4 1.11726
6 5 1.11726
6 6 5.26628
6 7 1.91423
6 8 1.35997
6 9 1.20109
6 10 1.1076
6 11 1.1076
6 12 1.1076
6 13 1.1076
6 14 1.1076
6 15 1.38962
6 16 1.32568
6 17 1.22479
6 18 1.18087
6 19 1.09629
6 20 1.09629
6 21 1.09629
6 22 1.09629
6 23 1.09629
6 24 1.17947
6 25 1.18173
6 26 1.16633
6 27 1.15196
6 28 1.08667
6 29 1.08667
6 30 1.08667
6 31 1.08667
6 32 1.08667
6 33 1.12406
6 34 1.13013
6 35 1.12928
6 36 1.12732
6 37 1.10869
6 38 1.10869
6 39 1.10869
6 40 1.10869
6 41 1.10869
6 42 1.37802
6 43 1.32248
6 44 1.23446
6 45 1.18351
6 46 1.10403
6 47 1.10403
6 48 1.10403
6 49 1.10403
6 50 1.10403
6 51 1.23251
6 52 1.22739
6 53 1.19117
6 54 1.16946
6 55 1.09481
6 56 1.09481
6 57 1.09481
6 58 1.09481
6 59 1.09481
6 60 1.1576
6 61 1.16194
6 62 1.1552
6 63 1.1461
6 64 1.08597
6 65 1.08597
6 66 1.08597
6 67 1.08597
6 68 1.08597
6 69 1.12014
6 70 1.12563
6 71 1.12562
6 72 1.12442
6 73 1.09832
6 74 1.09832
6 75 1.09832
6 76 1.09832
6 77 1.09832
6 78 1.1923
6 79 1.18945
6 80 1.17246
6 81 1.15659
6 82 1.09569
6 83 1.09569
6 84 1.09569
6 85 1.09569
6 86 1.09569
6 87 1.16482
6 88 1.16524
6 89 1.15701
6 90 1.1484
6 91 1.08957
6 92 1.08957
6 93 1.08957
6 94 1.08957
6 95 1.08957
6 96 1.13683
6 97 1.13934
6 98 1.13694
6 99 1.13275
6 100 1.08262
6 101 1.08262
6 102 1.08262
6 103 1.08262
6 104 1.08262
6 105 1.1096
6 106 1.11502
6 107 1.11641
6 108 1.11635
6 109 1.0888
6 110 1.0888
6 111 1.0888
6 112 1.0888
6 113 1.0888
6 114 1.13383
6 115 1.14028
6 116 1.13679
6 117 1.13222
6 118 1.08696
6 119 1.08696
6 120 1.08696
6 121 1.08696
6 122 1.08696
6 123 1.12803
6 124 1.13094
6 125 1.13009
6 126 1.12746
6 127 1.0829
6 128 1.0829
6 129 1.0829
6 130 1.0829
6 131 1.0829
6 132 1.11549
6 133 1.11908
6 134 1.11901
6 135 1.11761
6 136 1.07783
6 137 1.07783
6 138 1.07783
6 139 1.07783
6 140 1.07783
6 141 1.09767
6 142 1.10301
6 143 1.10531
6 144 1.10598
7 1 1.09889
7 2 1.09889
7 3 1.09889
7 4 1.09889
7 5 1.09889
7 6 1.91423
7 7 5.32284
7 8 1.84303
7 9 1.29192
7 10 1.09445
7 11 1.09445
7 12 1.09445
7 13 1.09445
7 14 1.09445
7 15 1.32674
7 16 1.40791
7 17 1.30203
7 18 1.24055
7 19 1.08732
7 20 1.08732
7 21 1.08732
7 22 1.08732
7 23 1.08732
7 24 1.17954
7 25 1.20492
7 26 1.20344
7 27 1.19084
7 28 1.08044
7 29 1.08044
7 30 1.08044
7 31 1.08044
7 32 1.08044
7 33 1.12946
7 34 1.14445
7 35 1.15183
7 36 1.15357
7 37 1.09592
7 38 1.09592
7 39 1.09592
7 40 1.09592
7 41 1.09592
7 42 1.3313
7 43 1.39898
7 44 1.30932
7 45 1.24191
7 46 1.09346
7 47 1.09346
7 48 1.09346
7 49 1.09346
7 50 1.09346
7 51 1.2226
7 52 1.25569
7 53 1.23618
7 54 1.21512
7 55 1.08701
7 56 1.08701
7 57 1.08701
7 58 1.08701
7 59 1.08701
7 60 1.16042
7 61 1.17857
7 62 1.18461
7 63 1.17908
7 64 1.08032
7 65 1.08032
7 66 1.08032
7 67 1.08032
7 68 1.08032
7 69 1.12532
7 70 1.13831
7 71 1.14567
7 72 1.14798
7 73 1.08971
7 74 1.08971
7 75 1.08971
7 76 1.08971
7 77 1.08971
7 78 1.19707
7 79 1.21255
7 80 1.20615
7 81 1.19398
7 82 1.08809
7 83 1.08809
7 84 1.08809
7 85 1.08809
7 86 1.08809
7 87 1.16891
7 88 1.18143
7 89 1.1847
7 90 1.18035
7 91 1.08345
7 92 1.08345
7 93 1.08345
7 94 1.08345
7 95 1.08345
7 96 1.1418
7 97 1.15225
7 98 1.15869
7 99 1.1583
7 100 1.07788
7 101 1.07788
7 102 1.07788
7 103 1.07788
7 104 1.07788
7 105 1.11469
7 106 1.1259
7 107 1.13311
7 108 1.13597
7 109 1.0829
7 110 1.0829
7 111 1.0829
7 112 1.0829
7 113 1.0829
7 114 1.14217
7 115 1.15526
7 116 1.15796
7 117 1.15735
7 118 1.08158
7 119 1.08158
7 120 1.08158
7 121 1.08158
7 122 1.08158
7 123 1.13537
7 124 1.1435
7 125 1.14887
7 126 1.1499
7 127 1.07829
7 128 1.07829
7 129 1.07829
7 130 1.07829
7 131 1.07829
7 132 1.12165
7 133 1.13003
7 134 1.13528
7 135 1.13678
7 136 1.07406
7 137 1.07406
7 138 1.07406
7 139 1.07406
7 140 1.07406
7 141 1.10242
7 142 1.11216
7 143 1.11874
7 144 1.12162
8 1 1.08504
8 2 1.08504
8 3 1.08504
8 4 1.08504
8 5 1.08504
8 6 1.35997
8 7 1.84303
8 8 5.86413
8 9 1.51673
8 10 1.08286
8 11 1.08286
8 12 1.08286
8 13 1.08286
8 14 1.08286
8 15 1.23035
8 16 1.31985
8 17 1.36339
8 18 1.32089
8 19 1.0787
8 20 1.0787
8 21 1.0787
8 22 1.0787
8 23 1.0787
8 24 1.1623
8 25 1.20275
8 26 1.23366
8 27 1.23521
8 28 1.07417
8 29 1.07417
8 30 1.07417
8 31 1.07417
8 32 1.07417
8 33 1.12865
8 34 1.15264
8 35 1.1729
8 36 1.18173
8 37 1.0843
8 38 1.0843
8 39 1.0843
8 40 1.0843
8 41 1.0843
8 42 1.23504
8 43 1.30343
8 44 1.35194
8 45 1.31771
8 46 1.08308
8 47 1.08308
8 48 1.08308
8 49 1.08308
8 50 1.08308
8 51 1.1838
8 52 1.23251
8 53 1.26564
8 54 1.26584
8 55 1.07898
8 56 1.07898
8 57 1.07898
8 58 1.07898
8 59 1.07898
8 60 1.14989
8 61 1.17983
8 62 1.20788
8 63 1.21331
8 64 1.07433
8 65 1.07433
8 66 1.07433
8 67 1.07433
8 68 1.07433
8 69 1.12474
8 70 1.14553
8 71 1.16357
8 72 1.17176
8 73 1.08091
8 74 1.08091
8 75 1.08091
8 76 1.08091
8 77 1.08091
8 78 1.17464
8 79 1.20092
8 80 1.22452
8 81 1.23259
8 82 1.07996
8 83 1.07996
8 84 1.07996
8 85 1.07996
8 86 1.07996
8 87 1.15576
8 88 1.17886
8 89 1.20328
8 90 1.21122
8 91 1.07674
8 92 1.07674
8 93 1.07674
8 94 1.07674
8 95 1.07674
8 96 1.13687
8 97 1.1557
8 98 1.17559
8 99 1.18274
8 100 1.07263
8 101 1.07263
8 102 1.07263
8 103 1.07263
8 104 1.07263
8 105 1.11536
8 106 1.1326
8 107 1.14757
8 108 1.15474
8 109 1.07641
8 110 1.07641
8 111 1.07641
8 112 1.07641
8 113 1.07641
8 114 1.13919
8 115 1.15758
8 116 1.17216
8 117 1.18078
8 118 1.07548
8 119 1.07548
8 120 1.07548
8 121 1.07548
8 122 1.07548
8 123 1.13357
8 124 1.14699
8 125 1.16207
8 126 1.16996
8 127 1.07299
8 128 1.07299
8 129 1.07299
8 130 1.07299
8 131 1.07299
8 132 1.12164
8 133 1.13506
8 134 1.14786
8 135 1.15404
8 136 1.0697
8 137 1.0697
8 138 1.0697
8 139 1.0697
8 140 1.0697
8 141 1.10412
8 142 1.11826
8 143 1.1301
8 144 1.13589
9 1 1.07813
9 2 1.07813
9 3 1.07813
9 4 1.07813
9 5 1.07813
9 6 1.20109
9 7 1.29192
9 8 1.51673
9 9 2.12755
9 10 1.07678
9 11 1.07678
9 12 1.07678
9 13 1.07678
9 14 1.07678
9 15 1.17639
9 16 1.24653
9 17 1.32328
9 18 1.37012
9 19 1.07399
9 20 1.07399
9 21 1.07399
9 22 1.07399
9 23 1.07399
9 24 1.14862
9 25 1.19287
9 26 1.24013
9 27 1.25802
9 28 1.07064
9 29 1.07064
9 30 1.07064
9 31 1.07064
9 32 1.07064
9 33 1.12598
9 34 1.15415
9 35 1.18193
9 36 1.19572
9 37 1.07821
9 38 1.07821
9 39 1.07821
9 40 1.07821
9 41 1.07821
9 42 1.18137
9 43 1.23332
9 44 1.30898
9 45 1.36821
9 46 1.07745
9 47 1.07745
9 48 1.07745
9 49 1.07745
9 50 1.07745
9 51 1.15855
9 52 1.20793
9 53 1.26452
9 54 1.292
9 55 1.0745
9 56 1.0745
9 57 1.0745
9 58 1.0745
9 59 1.0745
9 60 1.14084
9 61 1.17513
9 62 1.21491
9 63 1.22969
9 64 1.07092
9 65 1.07092
9 66 1.07092
9 67 1.07092
9 68 1.07092
9 69 1.12245
9 70 1.14695
9 71 1.17104
9 72 1.18302
9 73 1.07613
9 74 1.07613
9 75 1.07613
9 76 1.07613
9 77 1.07613
9 78 1.15838
9 79 1.18802
9 80 1.22795
9 81 1.25405
9 82 1.07543
9 83 1.07543
9 84 1.07543
9 85 1.07543
9 86 1.07543
9 87 1.14533
9 88 1.17279
9 89 1.20884
9 90 1.22623
9 91 1.07293
9 92 1.07293
9 93 1.07293
9 94 1.07293
9 95 1.07293
9 96 1.13176
9 97 1.15458
9 98 1.18201
9 99 1.19417
9 100 1.06959
9 101 1.06959
9 102 1.06959
9 103 1.06959
9 104 1.06959
9 105 1.11424
9 106 1.13445
9 107 1.15373
9 108 1.16345
9 109 1.07281
9 110 1.07281
9 111 1.07281
9 112 1.07281
9 113 1.07281
9 114 1.13544
9 115 1.15622
9 116 1.17815
9 117 1.1931
9 118 1.07201
9 119 1.07201
9 120 1.07201
9 121 1.07201
9 122 1.07201
9 123 1.13057
9 124 1.14662
9 125 1.16732
9 126 1.17957
9 127 1.06993
9 128 1.06993
9 129 1.06993
9 130 1.06993
9 131 1.06993
9 132 1.12004
9 133 1.13601
9 134 1.15306
9 135 1.16204
9 136 1.06714
9 137 1.06714
9 138 1.06714
9 139 1.06714
9 140 1.06714
9 141 1.10401
9 142 1.12034
9 143 1.13502
9 144 1.14244
10 1 1.14591
10 2 1.14591
10 3 1.14591
10 4 1.14591
10 5 1.14591
10 6 1.1076
10 7 1.09445
10 8 1.08286
10 9 1.07678
10 10 1.30276
10 11 1.30276
10 12 1.30276
10 13 1.30276
10 14 1.30276
10 15 1.11896
10 16 1.09728
10 17 1.08347
10 18 1.07793
10 19 1.16064
10 20 1.16064
10 21 1.16064
10 22 1.16064
10 23 1.16064
10 24 1.11072
10 25 1.09459
10 26 1.08228
10 27 1.0766
10 28 1.12513
10 29 1.12513
10 30 1.12513
10 31 1.12513
10 32 1.12513
10 33 1.09982
10 34 1.08872
10 35 1.079
10 36 1.07426
10 37 1.12836
10 38 1.12836
10 39 1.12836
10 40 1.12836
10 41 1.12836
10 42 1.10141
10 43 1.09155
10 44 1.08249
10 45 1.07721
10 46 1.14563
10 47 1.14563
10 48 1.14563
10 49 1.14563
10 50 1.14563
10 51 1.10741
10 52 1.09423
10 53 1.08309
10 54 1.07827
10 55 1.13409
10 56 1.13409
10 57 1.13409
10 58 1.13409
10 59 1.13409
10 60 1.10402
10 61 1.09268
10 62 1.082
10 63 1.07677
10 64 1.1163
10 65 1.1163
10 66 1.1163
10 67 1.1163
10 68 1.1163
10 69 1.09655
10 70 1.08723
10 71 1.07859
10 72 1.07429
10 73 1.11111
10 74 1.11111
10 75 1.11111
10 76 1.11111
10 77 1.11111
10 78 1.09317
10 79 1.08623
10 80 1.07986
10 81 1.0754
10 82 1.1176
10 83 1.1176
10 84 1.1176
10 85 1.1176
10 86 1.1176
10 87 1.09674
10 88 1.08851
10 89 1.08065
10 90 1.07636
10 91 1.11344
10 92 1.11344
10 93 1.11344
10 94 1.11344
10 95 1.11344
10 96 1.09586
10 97 1.08767
10 98 1.07938
10 99 1.07495
10 100 1.10444
10 101 1.10444
10 102 1.10444
10 103 1.10444
10 104 1.10444
10 105 1.0902
10 106 1.08305
10 107 1.07617
10 108 1.07266
10 109 1.09714
10 110 1.09714
10 111 1.09714
10 112 1.09714
10 113 1.09714
10 114 1.08499
10 115 1.08079
10 116 1.07592
10 117 1.07221
10 118 1.10025
10 119 1.10025
10 120 1.10025
10 121 1.10025
10 122 1.10025
10 123 1.08685
10 124 1.0819
10 125 1.07667
10 126 1.07302
10 127 1.09819
10 128 1.09819
10 129 1.09819
10 130 1.09819
10 131 1.09819
10 132 1.08647
10 133 1.08107
10 134 1.07536
10 135 1.07186
10 136 1.09315
10 137 1.09315
10 138 1.09315
10 139 1.09315
10 140 1.09315
10 141 1.08292
10 142 1.07774
10 143 1.07258
10 144 1.06988
11 1 1.14591
11 2 1.14591
11 3 1.14591
11 4 1.14591
11 5 1.14591
11 6 1.1076
11 7 1.09445
11 8 1.08286
11 9 1.07678
11 10 1.30276
11 11 1.30276
11 12 1.30276
11 13 1.30276
11 14 1.30276
11 15 1.11896
11 16 1.09728
11 17 1.08347
11 18 1.07793
11 19 1.16064
11 20 1.16064
11 21 1.16064
11 22 1.16064
11 23 1.16064
11 24 1.11072
11 25 1.09459
11 26 1.08228
11 27 1.0766
11 28 1.12513
11 29 1.12513
11 30 1.12513
11 31 1.12513
11 32 1.12513
11 33 1.09982
11 34 1.08872
11 35 1.079
11 36 1.07426
11 37 1.12836
11 38 1.12836
11 39 1.12836
11 40 1.12836
11 41 1.12836
11 42 1.10141
11 43 1.09155
11 44 1.08249
11 45 1.07721
11 46 1.14563
11 47 1.14563
11 48 1.14563
11 49 1.14563
11 50 1.14563
11 51 1.10741
11 52 1.09423
11 53 1.08309
11 54 1.07827
11 55 1.13409
11 56 1.13409
11 57 1.13409
11 58 1.13409
11 59 1.13409
11 60 1.10402
11 61 1.09268
11 62 1.082
11 63 1.07677
11 64 1.1163
11 65 1.1163
11 66 1.1163
11 67 1.1163
11 68 1.1163
11 69 1.09655
11 70 1.08723
11 71 1.07859
11 72 1.07429
11 73 1.11111
11 74 1.11111
11 75 1.11111
11 76 1.11111
11 77 1.11111
11 78 1.09317
11 79 1.08623
11 80 1.07986
11 81 1.0754
11 82 1.1176
11 83 1.1176
11 84 1.1176
11 85 1.1176
11 86 1.1176
11 87 1.09674
11 88 1.08851
11 89 1.08065
11 90 1.07636
11 91 1.11344
11 92 1.11344
11 93 1.11344
11 94 1.11344
11 95 1.11344
11 96 1.09586
11 97 1.08767
11 98 1.07938
11 99 1.07495
11 100 1.10444
11 101 1.10444
11 102 1.10444
11 103 1.10444
11 104 1.10444
11 105 1.0902
11 106 1.08305
11 107 1.07617
11 108 1.07266
11 109 1.09714
11 110 1.09714
11 111 1.09714
11 112 1.09714
11 113 1.09714
11 114 1.08499
11 115 1.08079
11 116 1.07592
11 117 1.07221
11 118 1.10025
11 119 1.10025
11 120 1.10025
11 121 1.10025
11 122 1.10025
11 123 1.08685
11 124 1.0819
11 125 1.07667
11 126 1.07302
11 127 1.09819
11 128 1.09819
11 129 1.09819
11 130 1.09819
11 131 1.09819
11 132 1.08647
11 133 1.08107
11 134 1.07536
11 135 1.07186
11 136 1.09315
11 137 1.09315
11 138 1.09315
11 139 1.09315
11 140 1.09315
11 141 1.08292
11 142 1.07774
11 143 1.07258
11 144 1.06988
12 1 1.14591
12 2 1.14591
12 3 1.14591
12 4 1.14591
12 5 1.14591
12 6 1.1076
12 7 1.09445
12 8 1.08286
12 9 1.07678
12 10 1.30276
12 11 1.30276
12 12 1.30276
12 13 1.30276
12 14 1.30276
12 15 1.11896
12 16 1.09728
12 17 1.08347
12 18 1.07793
12 19 1.16064
12 20 1.16064
12 21 1.16064
12 22 1.16064
12 23 1.16064
12 24 1.11072
12 25 1.09459
12 26 1.08228
12 27 1.0766
12 28 1.12513
12 29 1.12513
12 30 1.12513
12 31 1.12513
12 32 1.12513
12 33 1.09982
12 34 1.08872
12 35 1.079
12 36 1.07426
12 37 1.12836
12 38 1.12836
12 39 1.12836
12 40 1.12836
12 41 1.12836
12 42 1.10141
12 43 1.09155
12 44 1.08249
12 45 1.07721
12 46 1.14563
12 47 1.14563
12 48 1.14563
12 49 1.14563
12 50 1.14563
12 51 1.10741
12 52 1.09423
12 53 1.08309
12 54 1.07827
12 55 1.13409
12 56 1.13409
12 57 1.13409
12 58 1.13409
12 59 1.13409
12 60 1.10402
12 61 1.09268
12 62 1.082
12 63 1.07677
12 64 1.1163
12 65 1.1163
12 66 1.1163
12 67 1.1163
12 68 1.1163
12 69 1.09655
12 70 1.08723
12 71 1.07859
12 72 1.07429
12 73 1.11111
12 74 1.11111
12 75 1.11111
12 76 1.11111
12 77 1.11111
12 78 1.09317
12 79 1.08623
12 80 1.07986
12 81 1.0754
12 82 1.1176
12 83 1.1176
12 84 1.1176
12 85 1.1176
12 86 1.1176
12 87 1.09674
12 88 1.08851
12 89 1.08065
12 90 1.07636
12 91 1.11344
12 92 1.11344
12 93 1.11344
12 94 1.11344
12 95 1.11344
12 96 1.09586
12 97 1.08767
12 98 1.07938
12 99 1.07495
12 100 1.10444
12 101 1.10444
12 102 1.10444
12 103 1.10444
12 104 1.10444
12 105 1.0902
12 106 1.08305
12 107 1.07617
12 108 1.07266
12 109 1.09714
12 110 1.09714
12 111 1.09714
12 112 1.09714
12 113 1.09714
12 114 1.08499
12 115 1.08079
12 116 1.07592
12 117 1.07221
12 118 1.10025
12 119 1.10025
12 120 1.10025
12 121 1.10025
12 122 1.10025
12 123 1.08685
12 124 1.0819
12 125 1.07667
12 126 1.07302
12 127 1.09819
12 128 1.09819
12 129 1.09819
12 130 1.09819
12 131 1.09819
12 132 1.08647
12 133 1.08107
12 134 1.07536
12 135 1.07186
12 136 1.09315
12 137 1.09315
12 138 1.09315
12 139 1.09315
12 140 1.09315
12 141 1.08292
12 142 1.07774
12 143 1.07258
12 144 1.06988
13 1 1.14591
13 2 1.14591
13 3 1.14591
13 4 1.14591
13 5 1.14591
13 6 1.1076
13 7 1.09445
13 8 1.08286
13 9 1.07678
13 10 1.30276
13 11 1.30276
13 12 1.30276
13 13 1.30276
13 14 1.30276
13 15 1.11896
13 16 1.09728
13 17 1.08347
13 18 1.07793
13 19 1.16064
13 20 1.16064
13 21 1.16064
13 22 1.16064
13 23 1.16064
13 24 1.11072
13 25 1.09459
13 26 1.08228
13 27 1.0766
13 28 1.12513
13 29 1.12513
13 30 1.12513
13 31 1.12513
13 32 1.12513
13 33 1.09982
13 34 1.08872
13 35 1.079
13 36 1.07426
13 37 1.12836
13 38 1.12836
13 39 1.12836
13 40 1.12836
13 41 1.12836
13 42 1.10141
13 43 1.09155
13 44 1.08249
13 45 1.07721
13 46 1.14563
13 47 1.14563
13 48 1.14563
13 49 1.14563
13 50 1.14563
13 51 1.10741
13 52 1.09423
13 53 1.08309
13 54 1.07827
13 55 1.13409
13 56 1.13409
13 57 1.13409
13 58 1.13409
13 59 1.13409
13 60 1.10402
13 61 1.09268
13 62 1.082
13 63 1.07677
13 64 1.1163
13 65 1.1163
13 66 1.1163
13 67 1.1163
13 68 1.1163
13 69 1.09655
13 70 1.08723
13 71 1.07859
13 72 1.07429
13 73 1.11111
13 74 1.11111
13 75 1.11111
13 76 1.11111
13 77 1.11111
13 78 1.09317
13 79 1.08623
13 80 1.07986
13 81 1.0754
13 82 1.1176
13 83 1.1176
13 84 1.1176
13 85 1.1176
13 86 1.1176
13 87 1.09674
13 88 1.08851
13 89 1.08065
13 90 1.07636
13 91 1.11344
13 92 1.11344
13 93 1.11344
13 94 1.11344
13 95 1.11344
13 96 1.09586
13 97 1.08767
13 98 1.07938
13 99 1.07495
13 100 1.10444
13 101 1.10444
13 102 1.10444
13 103 1.10444
13 104 1.10444
13 105 1.0902
13 106 1.08305
13 107 1.07617
13 108 1.07266
13 109 1.09714
13 110 1.09714
13 111 1.09714
13 112 1.09714
13 113 1.09714
13 114 1.08499
13 115 1.08079
13 116 1.07592
13 117 1.07221
13 118 1.10025
13 119 1.10025
13 120 1.10025
13 121 1.10025
13 122 1.10025
13 123 1.08685
13 124 1.0819
13 125 1.07667
13 126 1.07302
13 127 1.09819
13 128 1.09819
13 129 1.09819
13 130 1.09819
13 131 1.09819
13 132 1.08647
13 133 1.08107
13 134 1.07536
13 135 1.07186
13 136 1.09315
13 137 1.09315
13 138 1.09315
13 139 1.09315
13 140 1.09315
13 141 1.08292
13 142 1.07774
13 143 1.07258
13 144 1.06988
14 1 1.14591
14 2 1.14591
14 3 1.14591
14 4 1.14591
14 5 1.14591
14 6 1.1076
14 7 1.09445
14 8 1.08286
14 9 1.07678
14 10 1.30276
14 11 1.30276
14 12 1.30276
14 13 1.30276
14 14 1.30276
14 15 1.11896
14 16 1.09728
14 17 1.08347
14 18 1.07793
14 19 1.16064
14 20 1.16064
14 21 1.16064
14 22 1.16064
14 23 1.16064
14 24 1.11072
14 25 1.09459
14 26 1.08228
14 27 1.0766
14 28 1.12513
14 29 1.12513
14 30 1.12513
14 31 1.12513
14 32 1.12513
14 33 1.09982
14 34 1.08872
14 35 1.079
14 36 1.07426
14 37 1.12836
14 38 1.12836
14 39 1.12836
14 40 1.12836
14 41 1.12836
14 42 1.10141
14 43 1.09155
14 44 1.08249
14 45 1.07721
14 46 1.14563
14 47 1.14563
14 48 1.14563
14 49 1.14563
14 50 1.14563
14 51 1.10741
14 52 1.09423
14 53 1.08309
14 54 1.07827
14 55 1.13409
14 56 1.13409
14 57 1.13409
14 58 1.13409
14 59 1.13409
14 60 1.10402
14 61 1.09268
14 62 1.082
14 63 1.07677
14 64 1.1163
14 65 1.1163
14 66 1.1163
14 67 1.1163
14 68 1.1163
14 69 1.09655
14 70 1.08723
14 71 1.07859
14 72 1.07429
14 73 1.11111
14 74 1.11111
14 75 1.11111
14 76 1.11111
14 77 1.11111
14 78 1.09317
14 79 1.08623
14 80 1.07986
14 81 1.0754
14 82 1.1176
14 83 1.1176
14 84 1.1176
14 85 1.1176
14 86 1.1176
14 87 1.09674
14 88 1.08851
14 89 1.08065
14 90 1.07636
14 91 1.11344
14 92 1.11344
14 93 1.11344
14 94 1.11344
14 95 1.11344
14 96 1.09586
14 97 1.08767
14 98 1.07938
14 99 1.07495
14 100 1.10444
14 101 1.10444
14 102 1.10444
14 103 1.10444
14 104 1.10444
14 105 1.0902
14 106 1.08305
14 107 1.07617
14 108 1.07266
14 109 1.09714
14 110 1.09714
14 111 1.09714
14 112 1.09714
14 113 1.09714
14 114 1.08499
14 115 1.08079
14 116 1.07592
14 117 1.07221
14 118 1.10025
14 119 1.10025
14 120 1.10025
14 121 1.10025
14 122 1.10025
14 123 1.08685
14 124 1.0819
14 125 1.07667
14 126 1.07302
14 127 1.09819
14 128 1.09819
14 129 1.09819
14 130 1.09819
14 131 1.09819
14 132 1.08647
14 133 1.08107
14 134 1.07536
14 135 1.07186
14 136 1.09315
14 137 1.09315
14 138 1.09315
14 139 1.09315
14 140 1.09315
14 141 1.08292
14 142 1.07774
14 143 1.07258
14 144 1.06988
15 1 1.10815
15 2 1.10815
15 3 1.10815
15 4 1.10815
15 5 1.10815
15 6 1.38962
15 7 1.32674
15 8 1.23035
15 9 1.17639
15 10 1.11896
15 11 1.11896
15 12 1.11896
15 13 1.11896
15 14 1.11896
15 15 5.97311
15 16 1.90616
15 17 1.31922
15 18 1.20072
15 19 1.10985
15 20 1.10985
15 21 1.10985
15 22 1.10985
15 23 1.10985
15 24 1.54234
15 25 1.39105
15 26 1.24689
15 27 1.18108
15 28 1.09826
15 29 1.09826
15 30 1.09826
15 31 1.09826
15 32 1.09826
15 33 1.21587
15 34 1.20684
15 35 1.17322
15 36 1.15279
15 37 1.10388
15 38 1.10388
15 39 1.10388
15 40 1.10388
15 41 1.10388
15 42 1.24657
15 43 1.23021
15 44 1.19165
15 45 1.16531
15 46 1.11097
15 47 1.11097
15 48 1.11097
15 49 1.11097
15 50 1.11097
15 51 1.32077
15 52 1.28151
15 53 1.21406
15 54 1.17949
15 55 1.10504
15 56 1.10504
15 57 1.10504
15 58 1.10504
15 59 1.10504
15 60 1.24941
15 61 1.23616
15 62 1.19422
15 63 1.16638
15 64 1.09581
15 65 1.09581
15 66 1.09581
15 67 1.09581
15 68 1.09581
15 69 1.17213
15 70 1.17213
15 71 1.15578
15 72 1.14476
15 73 1.09569
15 74 1.09569
15 75 1.09569
15 76 1.09569
15 77 1.09569
15 78 1.16792
15 79 1.16616
15 80 1.15582
15 81 1.14513
15 82 1.09959
15 83 1.09959
15 84 1.09959
15 85 1.09959
15 86 1.09959
15 87 1.18182
15 88 1.17604
15 89 1.16359
15 90 1.15265
15 91 1.09637
15 92 1.09637
15 93 1.09637
15 94 1.09637
15 95 1.09637
15 96 1.16638
15 97 1.16495
15 98 1.15395
15 99 1.14476
15 100 1.0901
15 101 1.0901
15 102 1.0901
15 103 1.0901
15 104 1.0901
15 105 1.13374
15 106 1.13823
15 107 1.13419
15 108 1.13058
15 109 1.08714
15 110 1.08714
15 111 1.08714
15 112 1.08714
15 113 1.08714
15 114 1.1264
15 115 1.13199
15 116 1.12897
15 117 1.12504
15 118 1.08924
15 119 1.08924
15 120 1.08924
15 121 1.08924
15 122 1.08924
15 123 1.13299
15 124 1.13396
15 125 1.13237
15 126 1.12917
15 127 1.08732
15 128 1.08732
15 129 1.08732
15 130 1.08732
15 131 1.08732
15 132 1.12612
15 133 1.12855
15 134 1.12694
15 135 1.12448
15 136 1.0833
15 137 1.0833
15 138 1.0833
15 139 1.0833
15 140 1.0833
15 141 1.1091
15 142 1.11459
15 143 1.11563
15 144 1.11539
16 1 1.09296
16 2 1.09296
16 3 1.09296
16 4 1.09296
16 5 1.09296
16 6 1.32568
16 7 1.40791
16 8 1.31985
16 9 1.24653
16 10 1.09728
16 11 1.09728
16 12 1.09728
16 13 1.09728
16 14 1.09728
16 15 1.90616
16 16 6.01316
16 17 1.77145
16 18 1.31654
16 19 1.09321
16 20 1.09321
16 21 1.09321
16 22 1.09321
16 23 1.09321
16 24 1.38939
16 25 1.57348
16 26 1.38595
16 27 1.26433
16 28 1.08685
16 29 1.08685
16 30 1.08685
16 31 1.08685
16 32 1.08685
16 33 1.20916
16 34 1.24169
16 35 1.22489
16 36 1.20598
16 37 1.09131
16 38 1.09131
16 39 1.09131
16 40 1.09131
16 41 1.09131
16 42 1.23446
16 43 1.25961
16 44 1.24111
16 45 1.21855
16 46 1.09522
16 47 1.09522
16 48 1.09522
16 49 1.09522
16 50 1.09522
16 51 1.26873
16 52 1.34446
16 53 1.29666
16 54 1.24979
16 55 1.09161
16 56 1.09161
16 57 1.09161
16 58 1.09161
16 59 1.09161
16 60 1.23042
16 61 1.2751
16 62 1.25758
16 63 1.22694
16 64 1.0858
16 65 1.0858
16 66 1.0858
16 67 1.0858
16 68 1.0858
16 69 1.17325
16 70 1.19523
16 71 1.19463
16 72 1.18887
16 73 1.08637
16 74 1.08637
16 75 1.08637
16 76 1.08637
16 77 1.08637
16 78 1.17214
16 79 1.1841
16 80 1.18653
16 81 1.18218
16 82 1.08894
16 83 1.08894
16 84 1.08894
16 85 1.08894
16 86 1.08894
16 87 1.17997
16 88 1.19427
16 89 1.20052
16 90 1.19582
16 91 1.08662
16 92 1.08662
16 93 1.08662
16 94 1.08662
16 95 1.08662
16 96 1.167
16 97 1.18261
16 98 1.18809
16 99 1.18519
16 100 1.08216
16 101 1.08216
16 102 1.08216
16 103 1.08216
16 104 1.08216
16 105 1.1388
16 106 1.1549
16 107 1.1621
16 108 1.16379
16 109 1.0804
16 110 1.0804
16 111 1.0804
16 112 1.0804
16 113 1.0804
16 114 1.1339
16 115 1.14608
16 116 1.15016
16 117 1.15095
16 118 1.08191
16 119 1.08191
16 120 1.08191
16 121 1.08191
16 122 1.08191
16 123 1.13946
16 124 1.14758
16 125 1.1552
16 126 1.15748
16 127 1.08038
16 128 1.08038
16 129 1.08038
16 130 1.08038
16 131 1.08038
16 132 1.13203
16 133 1.14206
16 134 1.14941
16 135 1.15193
16 136 1.07728
16 137 1.07728
16 138 1.07728
16 139 1.07728
16 140 1.07728
16 141 1.11487
16 142 1.12758
16 143 1.13603
16 144 1.13961
17 1 1.08156
17 2 1.08156
17 3 1.08156
17 4 1.08156
17 5 1.08156
17 6 1.22479
17 7 1.30203
17 8 1.36339
17 9 1.32328
17 10 1.08347
17 11 1.08347
17 12 1.08347
17 13 1.08347
17 14 1.08347
17 15 1.31922
17 16 1.77145
17 17 4.12913
17 18 1.5368
17 19 1.08151
17 20 1.08151
17 21 1.08151
17 22 1.08151
17 23 1.08151
17 24 1.24398
17 25 1.37341
17 26 1.50252
17 27 1.36904
17 28 1.0781
17 29 1.0781
17 30 1.0781
17 31 1.0781
17 32 1.0781
17 33 1.17713
17 34 1.225
17 35 1.25848
17 36 1.2615
17 37 1.08142
17 38 1.08142
17 39 1.08142
17 40 1.08142
17 41 1.08142
17 42 1.19399
17 43 1.23474
17 44 1.26732
17 45 1.27038
17 46 1.08366
17 47 1.08366
17 48 1.08366
17 49 1.08366
17 50 1.08366
17 51 1.20353
17 52 1.28504
17 53 1.36098
17 54 1.32935
17 55 1.08153
17 56 1.08153
17 57 1.08153
17 58 1.08153
17 59 1.08153
17 60 1.18973
17 61 1.2496
17 62 1.30261
17 63 1.29292
17 64 1.07798
17 65 1.07798
17 66 1.07798
17 67 1.07798
17 68 1.07798
17 69 1.15936
17 70 1.19567
17 71 1.2242
17 72 1.23355
17 73 1.07868
17 74 1.07868
17 75 1.07868
17 76 1.07868
17 77 1.07868
17 78 1.16189
17 79 1.18421
17 80 1.20642
17 81 1.21532
17 82 1.08042
17 83 1.08042
17 84 1.08042
17 85 1.08042
17 86 1.08042
17 87 1.16492
17 88 1.19323
17 89 1.22755
17 90 1.23729
17 91 1.07885
17 92 1.07885
17 93 1.07885
17 94 1.07885
17 95 1.07885
17 96 1.15626
17 97 1.18466
17 98 1.21463
17 99 1.22482
17 100 1.0758
17 101 1.0758
17 102 1.0758
17 103 1.0758
17 104 1.0758
17 105 1.13675
17 106 1.16291
17 107 1.18553
17 108 1.19589
17 109 1.07468
17 110 1.07468
17 111 1.07468
17 112 1.07468
17 113 1.07468
17 114 1.13463
17 115 1.15208
17 116 1.16546
17 117 1.17316
17 118 1.07581
17 119 1.07581
17 120 1.07581
17 121 1.07581
17 122 1.07581
17 123 1.13905
17 124 1.15372
17 125 1.17271
17 126 1.18277
17 127 1.07466
17 128 1.07466
17 129 1.07466
17 130 1.07466
17 131 1.07466
17 132 1.13235
17 133 1.14946
17 134 1.1678
17 135 1.17718
17 136 1.07236
17 137 1.07236
17 138 1.07236
17 139 1.07236
17 140 1.07236
17 141 1.11741
17 142 1.13676
17 143 1.15375
17 144 1.16216
18 1 1.0768
18 2 1.0768
18 3 1.0768
18 4 1.0768
18 5 1.0768
18 6 1.18087
18 7 1.24055
18 8 1.32089
18 9 1.37012
18 10 1.07793
18 11 1.07793
18 12 1.07793
18 13 1.07793
18 14 1.07793
18 15 1.20072
18 16 1.31654
18 17 1.5368
18 18 2.10926
18 19 1.07663
18 20 1.07663
18 21 1.07663
18 22 1.07663
18 23 1.07663
18 24 1.18565
18 25 1.26588
18 26 1.37456
18 27 1.43631
18 28 1.07428
18 29 1.07428
18 30 1.07428
18 31 1.07428
18 32 1.07428
18 33 1.15869
18 34 1.20726
18 35 1.26043
18 36 1.28875
18 37 1.07703
18 38 1.07703
18 39 1.07703
18 40 1.07703
18 41 1.07703
18 42 1.1706
18 43 1.21159
18 44 1.26262
18 45 1.29232
18 46 1.07859
18 47 1.07859
18 48 1.07859
18 49 1.07859
18 50 1.07859
18 51 1.17053
18 52 1.23483
18 53 1.31886
18 54 1.36253
18 55 1.07703
18 56 1.07703
18 57 1.07703
18 58 1.07703
18 59 1.07703
18 60 1.16502
18 61 1.21889
18 62 1.28804
18 63 1.31914
18 64 1.07439
18 65 1.07439
18 66 1.07439
18 67 1.07439
18 68 1.07439
18 69 1.14836
18 70 1.18778
18 71 1.22966
18 72 1.25147
18 73 1.07507
18 74 1.07507
18 75 1.07507
18 76 1.07507
18 77 1.07507
18 78 1.15261
18 79 1.17793
18 80 1.20915
18 81 1.2268
18 82 1.0764
18 83 1.0764
18 84 1.0764
18 85 1.0764
18 86 1.0764
18 87 1.15288
18 88 1.18408
18 89 1.22858
18 90 1.25053
18 91 1.07515
18 92 1.07515
18 93 1.07515
18 94 1.07515
18 95 1.07515
18 96 1.14643
18 97 1.17786
18 98 1.21805
18 99 1.2381
18 100 1.07273
18 101 1.07273
18 102 1.07273
18 103 1.07273
18 104 1.07273
18 105 1.13243
18 106 1.16191
18 107 1.1918
18 108 1.20734
18 109 1.07184
18 110 1.07184
18 111 1.07184
18 112 1.07184
18 113 1.07184
18 114 1.13188
18 115 1.15098
18 116 1.16878
18 117 1.18017
18 118 1.07276
18 119 1.07276
18 120 1.07276
18 121 1.07276
18 122 1.07276
18 123 1.13528
18 124 1.15224
18 125 1.17613
18 126 1.19031
18 127 1.07179
18 128 1.07179
18 129 1.07179
18 130 1.07179
18 131 1.07179
18 132 1.12927
18 133 1.14886
18 134 1.17208
18 135 1.18504
18 136 1.06987
18 137 1.06987
18 138 1.06987
18 139 1.06987
18 140 1.06987
18 141 1.11633
18 142 1.13807
18 143 1.15886
18 144 1.16963
19 1 1.11745
19 2 1.11745
19 3 1.11745
19 4 1.11745
19 5 1.11745
19 6 1.09629
19 7 1.08732
19 8 1.0787
19 9 1.07399
19 10 1.16064
19 11 1.16064
19 12 1.16064
19 13 1.16064
19 14 1.16064
19 15 1.10985
19 16 1.09321
19 17 1.08151
19 18 1.07663
19 19 1.30332
19 20 1.30332
19 21 1.30332
19 22 1.30332
19 23 1.30332
19 24 1.11729
19 25 1.09694
19 26 1.08288
19 27 1.07679
19 28 1.16132
19 29 1.16132
19 30 1.16132
19 31 1.16132
19 32 1.16132
19 33 1.11066
19 34 1.0945
19 35 1.08178
19 36 1.07581
19 37 1.11084
19 38 1.11084
19 39 1.11084
19 40 1.11084
19 41 1.11084
19 42 1.09344
19 43 1.08601
19 44 1.07882
19 45 1.07447
19 46 1.13398
19 47 1.13398
19 48 1.13398
19 49 1.13398
19 50 1.13398
19 51 1.10245
19 52 1.09102
19 53 1.08119
19 54 1.07692
19 55 1.14609
19 56 1.14609
19 57 1.14609
19 58 1.14609
19 59 1.14609
19 60 1.10621
19 61 1.09368
19 62 1.08219
19 63 1.07682
19 64 1.13482
19 65 1.13482
19 66 1.13482
19 67 1.13482
19 68 1.13482
19 69 1.10365
19 70 1.09141
19 71 1.08081
19 72 1.07565
19 73 1.10105
19 74 1.10105
19 75 1.10105
19 76 1.10105
19 77 1.10105
19 78 1.08788
19 79 1.08223
19 80 1.07681
19 81 1.07294
19 82 1.1134
19 83 1.1134
19 84 1.1134
19 85 1.1134
19 86 1.1134
19 87 1.09392
19 88 1.08624
19 89 1.07903
19 90 1.07513
19 91 1.11783
19 92 1.11783
19 93 1.11783
19 94 1.11783
19 95 1.11783
19 96 1.09637
19 97 1.08785
19 98 1.07935
19 99 1.07494
19 100 1.11404
19 101 1.11404
19 102 1.11404
19 103 1.11404
19 104 1.11404
19 105 1.09456
19 106 1.08584
19 107 1.07784
19 108 1.07382
19 109 1.09107
19 110 1.09107
19 111 1.09107
19 112 1.09107
19 113 1.09107
19 114 1.08135
19 115 1.07783
19 116 1.07345
19 117 1.07008
19 118 1.09817
19 119 1.09817
19 120 1.09817
19 121 1.09817
19 122 1.09817
19 123 1.08508
19 124 1.08026
19 125 1.07538
19 126 1.07199
19 127 1.10038
19 128 1.10038
19 129 1.10038
19 130 1.10038
19 131 1.10038
19 132 1.08665
19 133 1.08096
19 134 1.07527
19 135 1.07184
19 136 1.09865
19 137 1.09865
19 138 1.09865
19 139 1.09865
19 140 1.09865
19 141 1.08577
19 142 1.07966
19 143 1.07386
19 144 1.07088
20 1 1.11745
20 2 1.11745
20 3 1.11745
20 4 1.11745
20 5 1.11745
20 6 1.09629
20 7 1.08732
20 8 1.0787
20 9 1.07399
20 10 1.16064
20 11 1.16064
20 12 1.16064
20 13 1.16064
20 14 1.16064
20 15 1.10985
20 16 1.09321
20 17 1.08151
20 18 1.07663
20 19 1.30332
20 20 1.30332
20 21 1.30332
20 22 1.30332
20 23 1.30332
20 24 1.11729
20 25 1.09694
20 26 1.08288
20 27 1.07679
20 28 1.16132
20 29 1.16132
20 30 1.16132
20 31 1.16132
20 32 1.16132
20 33 1.11066
20 34 1.0945
20 35 1.08178
20 36 1.07581
20 37 1.11084
20 38 1.11084
20 39 1.11084
20 40 1.11084
20 41 1.11084
20 42 1.09344
20 43 1.08601
20 44 1.07882
20 45 1.07447
20 46 1.13398
20 47 1.13398
20 48 1.13398
20 49 1.13398
20 50 1.13398
20 51 1.10245
20 52 1.09102
20 53 1.08119
20 54 1.07692
20 55 1.14609
20 56 1.14609
20 57 1.14609
20 58 1.14609
20 59 1.14609
20 60 1.10621
20 61 1.09368
20 62 1.08219
20 63 1.07682
20 64 1.13482
20 65 1.13482
20 66 1.13482
20 67 1.13482
20 68 1.13482
20 69 1.10365
20 70 1.09141
20 71 1.08081
20 72 1.07565
20 73 1.10105
20 74 1.10105
20 75 1.10105
20 76 1.10105
20 77 1.10105
20 78 1.08788
20 79 1.08223
20 80 1.07681
20 81 1.07294
20 82 1.1134
20 83 1.1134
20 84 1.1134
20 85 1.1134
20 86 1.1134
20 87 1.09392
20 88 1.08624
20 89 1.07903
20 90 1.07513
20 91 1.11783
20 92 1.11783
20 93 1.11783
20 94 1.11783
20 95 1.11783
20 96 1.09637
20 97 1.08785
20 98 1.07935
20 99 1.07494
20 100 1.11404
20 101 1.11404
20 102 1.11404
20 103 1.11404
20 104 1.11404
20 105 1.09456
20 106 1.08584
20 107 1.07784
20 108 1.07382
20 109 1.09107
20 110 1.09107
20 111 1.09107
20 112 1.09107
20 113 1.09107
20 114 1.08135
20 115 1.07783
20 116 1.07345
20 117 1.07008
20 118 1.09817
20 119 1.09817
20 120 1.09817
20 121 1.09817
20 122 1.09817
20 123 1.08508
20 124 1.08026
20 125 1.07538
20 126 1.07199
20 127 1.10038
20 128 1.10038
20 129 1.10038
20 130 1.10038
20 131 1.10038
20 132 1.08665
20 133 1.08096
20 134 1.07527
20 135 1.07184
20 136 1.09865
20 137 1.09865
20 138 1.09865
20 139 1.09865
20 140 1.09865
20 141 1.08577
20 142 1.07966
20 143 1.07386
20 144 1.07088
21 1 1.11745
21 2 1.11745
21 3 1.11745
21 4 1.11745
21 5 1.11745
21 6 1.09629
21 7 1.08732
21 8 1.0787
21 9 1.07399
21 10 1.16064
21 11 1.16064
21 12 1.16064
21 13 1.16064
21 14 1.16064
21 15 1.10985
21 16 1.09321
21 17 1.08151
21 18 1.07663
21 19 1.30332
21 20 1.30332
21 21 1.30332
21 22 1.30332
21 23 1.30332
21 24 1.11729
21 25 1.09694
21 26 1.08288
21 27 1.07679
21 28 1.16132
21 29 1.16132
21 30 1.16132
21 31 1.16132
21 32 1.16132
21 33 1.11066
21 34 1.0945
21 35 1.08178
21 36 1.07581
21 37 1.11084
21 38 1.11084
21 39 1.11084
21 40 1.11084
21 41 1.11084
