injected_el measured_el potential
1 1 1.30488
1 2 1.30488
1 3 1.30488
1 4 1.30488
1 5 1.30488
1 6 1.11824
1 7 1.09718
1 8 1.0827
1 9 1.0762
1 10 1.1467
1 11 1.1467
1 12 1.1467
1 13 1.1467
1 14 1.1467
1 15 1.10661
1 16 1.09176
1 17 1.07993
1 18 1.07437
1 19 1.11796
1 20 1.11796
1 21 1.11796
1 22 1.11796
1 23 1.11796
1 24 1.09532
1 25 1.08517
1 26 1.07628
1 27 1.07193
1 28 1.10042
1 29 1.10042
1 30 1.10042
1 31 1.10042
1 32 1.10042
1 33 1.08579
1 34 1.07872
1 35 1.07226
1 36 1.06903
1 37 1.14763
1 38 1.14763
1 39 1.14763
1 40 1.14763
1 41 1.14763
1 42 1.10722
1 43 1.09293
1 44 1.08127
1 45 1.07606
1 46 1.12906
1 47 1.12906
1 48 1.12906
1 49 1.12906
1 50 1.12906
1 51 1.10096
1 52 1.08883
1 53 1.07884
1 54 1.07419
1 55 1.11135
1 56 1.11135
1 57 1.11135
1 58 1.11135
1 59 1.11135
1 60 1.09236
1 61 1.08353
1 62 1.07567
1 63 1.07179
1 64 1.09735
1 65 1.09735
1 66 1.09735
1 67 1.09735
1 68 1.09735
1 69 1.08425
1 70 1.07784
1 71 1.07192
1 72 1.06897
1 73 1.11912
1 74 1.11912
1 75 1.11912
1 76 1.11912
1 77 1.11912
1 78 1.09663
1 79 1.08697
1 80 1.07813
1 81 1.07433
1 82 1.11151
1 83 1.11151
1 84 1.11151
1 85 1.11151
1 86 1.11151
1 87 1.09299
1 88 1.08395
1 89 1.07612
1 90 1.07254
1 91 1.1014
1 92 1.1014
1 93 1.1014
1 94 1.1014
1 95 1.1014
1 96 1.08702
1 97 1.07996
1 98 1.07348
1 99 1.0703
1 100 1.09147
1 101 1.09147
1 102 1.09147
1 103 1.09147
1 104 1.09147
1 105 1.08066
1 106 1.07525
1 107 1.0702
1 108 1.06767
1 109 1.10143
1 110 1.10143
1 111 1.10143
1 112 1.10143
1 113 1.10143
1 114 1.08748
1 115 1.0807
1 116 1.07423
1 117 1.07152
1 118 1.09729
1 119 1.09729
1 120 1.09729
1 121 1.09729
1 122 1.09729
1 123 1.0852
1 124 1.07844
1 125 1.07251
1 126 1.06989
1 127 1.09124
1 128 1.09124
1 129 1.09124
1 130 1.09124
1 131 1.09124
1 132 1.08082
1 133 1.07536
1 134 1.07034
1 135 1.06787
1 136 1.08443
1 137 1.08443
1 138 1.08443
1 139 1.08443
1 140 1.08443
1 141 1.07596
1 142 1.07163
1 143 1.06755
1 144 1.06549
2 1 1.30488
2 2 1.30488
2 3 1.30488
2 4 1.30488
2 5 1.30488
2 6 1.11824
2 7 1.09718
2 8 1.0827
2 9 1.0762
2 10 1.1467
2 11 1.1467
2 12 1.1467
2 13 1.1467
2 14 1.1467
2 15 1.10661
2 16 1.09176
2 17 1.07993
2 18 1.07437
2 19 1.11796
2 20 1.11796
2 21 1.11796
2 22 1.11796
2 23 1.11796
2 24 1.09532
2 25 1.08517
2 26 1.07628
2 27 1.07193
2 28 1.10042
2 29 1.10042
2 30 1.10042
2 31 1.10042
2 32 1.10042
2 33 1.08579
2 34 1.07872
2 35 1.07226
2 36 1.06903
2 37 1.14763
2 38 1.14763
2 39 1.14763
2 40 1.14763
2 41 1.14763
2 42 1.10722
2 43 1.09293
2 44 1.08127
2 45 1.07606
2 46 1.12906
2 47 1.12906
2 48 1.12906
2 49 1.12906
2 50 1.12906
2 51 1.10096
2 52 1.08883
2 53 1.07884
2 54 1.07419
2 55 1.11135
2 56 1.11135
2 57 1.11135
2 58 1.11135
2 59 1.11135
2 60 1.09236
2 61 1.08353
2 62 1.07567
2 63 1.07179
2 64 1.09735
2 65 1.09735
2 66 1.09735
2 67 1.09735
2 68 1.09735
2 69 1.08425
2 70 1.07784
2 71 1.07192
2 72 1.06897
2 73 1.11912
2 74 1.11912
2 75 1.11912
2 76 1.11912
2 77 1.11912
2 78 1.09663
2 79 1.08697
2 80 1.07813
2 81 1.07433
2 82 1.11151
2 83 1.11151
2 84 1.11151
2 85 1.11151
2 86 1.11151
2 87 1.09299
2 88 1.08395
2 89 1.07612
2 90 1.07254
2 91 1.1014
2 92 1.1014
2 93 1.1014
2 94 1.1014
2 95 1.1014
2 96 1.08702
2 97 1.07996
2 98 1.07348
2 99 1.0703
2 100 1.09147
2 101 1.09147
2 102 1.09147
2 103 1.09147
2 104 1.09147
2 105 1.08066
2 106 1.07525
2 107 1.0702
2 108 1.06767
2 109 1.10143
2 110 1.10143
2 111 1.10143
2 112 1.10143
2 113 1.10143
2 114 1.08748
2 115 1.0807
2 116 1.07423
2 117 1.07152
2 118 1.09729
2 119 1.09729
2 120 1.09729
2 121 1.09729
2 122 1.09729
2 123 1.0852
2 124 1.07844
2 125 1.07251
2 126 1.06989
2 127 1.09124
2 128 1.09124
2 129 1.09124
2 130 1.09124
2 131 1.09124
2 132 1.08082
2 133 1.07536
2 134 1.07034
2 135 1.06787
2 136 1.08443
2 137 1.08443
2 138 1.08443
2 139 1.08443
2 140 1.08443
2 141 1.07596
2 142 1.07163
2 143 1.06755
2 144 1.06549
3 1 1.30488
3 2 1.30488
3 3 1.30488
3 4 1.30488
3 5 1.30488
3 6 1.11824
3 7 1.09718
3 8 1.0827
3 9 1.0762
3 10 1.1467
3 11 1.1467
3 12 1.1467
3 13 1.1467
3 14 1.1467
3 15 1.10661
3 16 1.09176
3 17 1.07993
3 18 1.07437
3 19 1.11796
3 20 1.11796
3 21 1.11796
3 22 1.11796
3 23 1.11796
3 24 1.09532
3 25 1.08517
3 26 1.07628
3 27 1.07193
3 28 1.10042
3 29 1.10042
3 30 1.10042
3 31 1.10042
3 32 1.10042
3 33 1.08579
3 34 1.07872
3 35 1.07226
3 36 1.06903
3 37 1.14763
3 38 1.14763
3 39 1.14763
3 40 1.14763
3 41 1.14763
3 42 1.10722
3 43 1.09293
3 44 1.08127
3 45 1.07606
3 46 1.12906
3 47 1.12906
3 48 1.12906
3 49 1.12906
3 50 1.12906
3 51 1.10096
3 52 1.08883
3 53 1.07884
3 54 1.07419
3 55 1.11135
3 56 1.11135
3 57 1.11135
3 58 1.11135
3 59 1.11135
3 60 1.09236
3 61 1.08353
3 62 1.07567
3 63 1.07179
3 64 1.09735
3 65 1.09735
3 66 1.09735
3 67 1.09735
3 68 1.09735
3 69 1.08425
3 70 1.07784
3 71 1.07192
3 72 1.06897
3 73 1.11912
3 74 1.11912
3 75 1.11912
3 76 1.11912
3 77 1.11912
3 78 1.09663
3 79 1.08697
3 80 1.07813
3 81 1.07433
3 82 1.11151
3 83 1.11151
3 84 1.11151
3 85 1.11151
3 86 1.11151
3 87 1.09299
3 88 1.08395
3 89 1.07612
3 90 1.07254
3 91 1.1014
3 92 1.1014
3 93 1.1014
3 94 1.1014
3 95 1.1014
3 96 1.08702
3 97 1.07996
3 98 1.07348
3 99 1.0703
3 100 1.09147
3 101 1.09147
3 102 1.09147
3 103 1.09147
3 104 1.09147
3 105 1.08066
3 106 1.07525
3 107 1.0702
3 108 1.06767
3 109 1.10143
3 110 1.10143
3 111 1.10143
3 112 1.10143
3 113 1.10143
3 114 1.08748
3 115 1.0807
3 116 1.07423
3 117 1.07152
3 118 1.09729
3 119 1.09729
3 120 1.09729
3 121 1.09729
3 122 1.09729
3 123 1.0852
3 124 1.07844
3 125 1.07251
3 126 1.06989
3 127 1.09124
3 128 1.09124
3 129 1.09124
3 130 1.09124
3 131 1.09124
3 132 1.08082
3 133 1.07536
3 134 1.07034
3 135 1.06787
3 136 1.08443
3 137 1.08443
3 138 1.08443
3 139 1.08443
3 140 1.08443
3 141 1.07596
3 142 1.07163
3 143 1.06755
3 144 1.06549
4 1 1.30488
4 2 1.30488
4 3 1.30488
4 4 1.30488
4 5 1.30488
4 6 1.11824
4 7 1.09718
4 8 1.0827
4 9 1.0762
4 10 1.1467
4 11 1.1467
4 12 1.1467
4 13 1.1467
4 14 1.1467
4 15 1.10661
4 16 1.09176
4 17 1.07993
4 18 1.07437
4 19 1.11796
4 20 1.11796
4 21 1.11796
4 22 1.11796
4 23 1.11796
4 24 1.09532
4 25 1.08517
4 26 1.07628
4 27 1.07193
4 28 1.10042
4 29 1.10042
4 30 1.10042
4 31 1.10042
4 32 1.10042
4 33 1.08579
4 34 1.07872
4 35 1.07226
4 36 1.06903
4 37 1.14763
4 38 1.14763
4 39 1.14763
4 40 1.14763
4 41 1.14763
4 42 1.10722
4 43 1.09293
4 44 1.08127
4 45 1.07606
4 46 1.12906
4 47 1.12906
4 48 1.12906
4 49 1.12906
4 50 1.12906
4 51 1.10096
4 52 1.08883
4 53 1.07884
4 54 1.07419
4 55 1.11135
4 56 1.11135
4 57 1.11135
4 58 1.11135
4 59 1.11135
4 60 1.09236
4 61 1.08353
4 62 1.07567
4 63 1.07179
4 64 1.09735
4 65 1.09735
4 66 1.09735
4 67 1.09735
4 68 1.09735
4 69 1.08425
4 70 1.07784
4 71 1.07192
4 72 1.06897
4 73 1.11912
4 74 1.11912
4 75 1.11912
4 76 1.11912
4 77 1.11912
4 78 1.09663
4 79 1.08697
4 80 1.07813
4 81 1.07433
4 82 1.11151
4 83 1.11151
4 84 1.11151
4 85 1.11151
4 86 1.11151
4 87 1.09299
4 88 1.08395
4 89 1.07612
4 90 1.07254
4 91 1.1014
4 92 1.1014
4 93 1.1014
4 94 1.1014
4 95 1.1014
4 96 1.08702
4 97 1.07996
4 98 1.07348
4 99 1.0703
4 100 1.09147
4 101 1.09147
4 102 1.09147
4 103 1.09147
4 104 1.09147
4 105 1.08066
4 106 1.07525
4 107 1.0702
4 108 1.06767
4 109 1.10143
4 110 1.10143
4 111 1.10143
4 112 1.10143
4 113 1.10143
4 114 1.08748
4 115 1.0807
4 116 1.07423
4 117 1.07152
4 118 1.09729
4 119 1.09729
4 120 1.09729
4 121 1.09729
4 122 1.09729
4 123 1.0852
4 124 1.07844
4 125 1.07251
4 126 1.06989
4 127 1.09124
4 128 1.09124
4 129 1.09124
4 130 1.09124
4 131 1.09124
4 132 1.08082
4 133 1.07536
4 134 1.07034
4 135 1.06787
4 136 1.08443
4 137 1.08443
4 138 1.08443
4 139 1.08443
4 140 1.08443
4 141 1.07596
4 142 1.07163
4 143 1.06755
4 144 1.06549
5 1 1.30488
5 2 1.30488
5 3 1.30488
5 4 1.30488
5 5 1.30488
5 6 1.11824
5 7 1.09718
5 8 1.0827
5 9 1.0762
5 10 1.1467
5 11 1.1467
5 12 1.1467
5 13 1.1467
5 14 1.1467
5 15 1.10661
5 16 1.09176
5 17 1.07993
5 18 1.07437
5 19 1.11796
5 20 1.11796
5 21 1.11796
5 22 1.11796
5 23 1.11796
5 24 1.09532
5 25 1.08517
5 26 1.07628
5 27 1.07193
5 28 1.10042
5 29 1.10042
5 30 1.10042
5 31 1.10042
5 32 1.10042
5 33 1.08579
5 34 1.07872
5 35 1.07226
5 36 1.06903
5 37 1.14763
5 38 1.14763
5 39 1.14763
5 40 1.14763
5 41 1.14763
5 42 1.10722
5 43 1.09293
5 44 1.08127
5 45 1.07606
5 46 1.12906
5 47 1.12906
5 48 1.12906
5 49 1.12906
5 50 1.12906
5 51 1.10096
5 52 1.08883
5 53 1.07884
5 54 1.07419
5 55 1.11135
5 56 1.11135
5 57 1.11135
5 58 1.11135
5 59 1.11135
5 60 1.09236
5 61 1.08353
5 62 1.07567
5 63 1.07179
5 64 1.09735
5 65 1.09735
5 66 1.09735
5 67 1.09735
5 68 1.09735
5 69 1.08425
5 70 1.07784
5 71 1.07192
5 72 1.06897
5 73 1.11912
5 74 1.11912
5 75 1.11912
5 76 1.11912
5 77 1.11912
5 78 1.09663
5 79 1.08697
5 80 1.07813
5 81 1.07433
5 82 1.11151
5 83 1.11151
5 84 1.11151
5 85 1.11151
5 86 1.11151
5 87 1.09299
5 88 1.08395
5 89 1.07612
5 90 1.07254
5 91 1.1014
5 92 1.1014
5 93 1.1014
5 94 1.1014
5 95 1.1014
5 96 1.08702
5 97 1.07996
5 98 1.07348
5 99 1.0703
5 100 1.09147
5 101 1.09147
5 102 1.09147
5 103 1.09147
5 104 1.09147
5 105 1.08066
5 106 1.07525
5 107 1.0702
5 108 1.06767
5 109 1.10143
5 110 1.10143
5 111 1.10143
5 112 1.10143
5 113 1.10143
5 114 1.08748
5 115 1.0807
5 116 1.07423
5 117 1.07152
5 118 1.09729
5 119 1.09729
5 120 1.09729
5 121 1.09729
5 122 1.09729
5 123 1.0852
5 124 1.07844
5 125 1.07251
5 126 1.06989
5 127 1.09124
5 128 1.09124
5 129 1.09124
5 130 1.09124
5 131 1.09124
5 132 1.08082
5 133 1.07536
5 134 1.07034
5 135 1.06787
5 136 1.08443
5 137 1.08443
5 138 1.08443
5 139 1.08443
5 140 1.08443
5 141 1.07596
5 142 1.07163
5 143 1.06755
5 144 1.06549
6 1 1.11824
6 2 1.11824
6 3 1.11824
6 4 1.11824
6 5 1.11824
6 6 6.87489
6 7 2.12131
6 8 1.38497
6 9 1.20421
6 10 1.10642
6 11 1.10642
6 12 1.10642
6 13 1.10642
6 14 1.10642
6 15 1.43762
6 16 1.359
6 17 1.2395
6 18 1.17856
6 19 1.09511
6 20 1.09511
6 21 1.09511
6 22 1.09511
6 23 1.09511
6 24 1.19077
6 25 1.19027
6 26 1.16597
6 27 1.14967
6 28 1.08559
6 29 1.08559
6 30 1.08559
6 31 1.08559
6 32 1.08559
6 33 1.12334
6 34 1.12968
6 35 1.1279
6 36 1.12541
6 37 1.10835
6 38 1.10835
6 39 1.10835
6 40 1.10835
6 41 1.10835
6 42 1.41042
6 43 1.34372
6 44 1.2341
6 45 1.18042
6 46 1.1011
6 47 1.1011
6 48 1.1011
6 49 1.1011
6 50 1.1011
6 51 1.24923
6 52 1.23697
6 53 1.19074
6 54 1.16315
6 55 1.09235
6 56 1.09235
6 57 1.09235
6 58 1.09235
6 59 1.09235
6 60 1.15626
6 61 1.16078
6 62 1.14965
6 63 1.14095
6 64 1.08416
6 65 1.08416
6 66 1.08416
6 67 1.08416
6 68 1.08416
6 69 1.11446
6 70 1.12092
6 71 1.1215
6 72 1.12062
6 73 1.09771
6 74 1.09771
6 75 1.09771
6 76 1.09771
6 77 1.09771
6 78 1.18215
6 79 1.18428
6 80 1.16387
6 81 1.15174
6 82 1.09319
6 83 1.09319
6 84 1.09319
6 85 1.09319
6 86 1.09319
6 87 1.15159
6 88 1.15792
6 89 1.14866
6 90 1.14138
6 91 1.08704
6 92 1.08704
6 93 1.08704
6 94 1.08704
6 95 1.08704
6 96 1.12298
6 97 1.12969
6 98 1.1288
6 99 1.12672
6 100 1.08063
6 101 1.08063
6 102 1.08063
6 103 1.08063
6 104 1.08063
6 105 1.10206
6 106 1.10817
6 107 1.11096
6 108 1.11171
6 109 1.08809
6 110 1.08809
6 111 1.08809
6 112 1.08809
6 113 1.08809
6 114 1.12192
6 115 1.12798
6 116 1.12807
6 117 1.12701
6 118 1.08512
6 119 1.08512
6 120 1.08512
6 121 1.08512
6 122 1.08512
6 123 1.11174
6 124 1.11885
6 125 1.12095
6 126 1.12076
6 127 1.08081
6 128 1.08081
6 129 1.08081
6 130 1.08081
6 131 1.08081
6 132 1.10118
6 133 1.10733
6 134 1.11064
6 135 1.11152
6 136 1.07597
6 137 1.07597
6 138 1.07597
6 139 1.07597
6 140 1.07597
6 141 1.0906
6 142 1.09588
6 143 1.09957
6 144 1.10112
7 1 1.09718
7 2 1.09718
7 3 1.09718
7 4 1.09718
7 5 1.09718
7 6 2.12131
7 7 6.83942
7 8 1.972
7 9 1.31219
7 10 1.09161
7 11 1.09161
7 12 1.09161
7 13 1.09161
7 14 1.09161
7 15 1.35882
7 16 1.45849
7 17 1.33633
7 18 1.24812
7 19 1.08492
7 20 1.08492
7 21 1.08492
7 22 1.08492
7 23 1.08492
7 24 1.19012
7 25 1.2172
7 26 1.20783
7 27 1.19497
7 28 1.07849
7 29 1.07849
7 30 1.07849
7 31 1.07849
7 32 1.07849
7 33 1.12969
7 34 1.14647
7 35 1.15417
7 36 1.1561
7 37 1.09355
7 38 1.09355
7 39 1.09355
7 40 1.09355
7 41 1.09355
7 42 1.33872
7 43 1.43511
7 44 1.3262
7 45 1.24947
7 46 1.08912
7 47 1.08912
7 48 1.08912
7 49 1.08912
7 50 1.08912
7 51 1.23612
7 52 1.2753
7 53 1.24607
7 54 1.21732
7 55 1.08346
7 56 1.08346
7 57 1.08346
7 58 1.08346
7 59 1.08346
7 60 1.16037
7 61 1.18215
7 62 1.18394
7 63 1.17992
7 64 1.0777
7 65 1.0777
7 66 1.0777
7 67 1.0777
7 68 1.0777
7 69 1.12089
7 70 1.13619
7 71 1.14518
7 72 1.14838
7 73 1.08765
7 74 1.08765
7 75 1.08765
7 76 1.08765
7 77 1.08765
7 78 1.18095
7 79 1.20873
7 80 1.20388
7 81 1.19583
7 82 1.08439
7 83 1.08439
7 84 1.08439
7 85 1.08439
7 86 1.08439
7 87 1.155
7 88 1.17879
7 89 1.1826
7 90 1.17977
7 91 1.07996
7 92 1.07996
7 93 1.07996
7 94 1.07996
7 95 1.07996
7 96 1.12903
7 97 1.14613
7 98 1.1549
7 99 1.15722
7 100 1.07518
7 101 1.07518
7 102 1.07518
7 103 1.07518
7 104 1.07518
7 105 1.10812
7 106 1.12118
7 107 1.13078
7 108 1.13494
7 109 1.08123
7 110 1.08123
7 111 1.08123
7 112 1.08123
7 113 1.08123
7 114 1.12707
7 115 1.14323
7 116 1.15319
7 117 1.15621
7 118 1.07884
7 119 1.07884
7 120 1.07884
7 121 1.07884
7 122 1.07884
7 123 1.11691
7 124 1.1333
7 125 1.14407
7 126 1.14757
7 127 1.07545
7 128 1.07545
7 129 1.07545
7 130 1.07545
7 131 1.07545
7 132 1.10681
7 133 1.11995
7 134 1.13015
7 135 1.13435
7 136 1.07162
7 137 1.07162
7 138 1.07162
7 139 1.07162
7 140 1.07162
7 141 1.09582
7 142 1.10644
7 143 1.11538
7 144 1.11959
8 1 1.0827
8 2 1.0827
8 3 1.0827
8 4 1.0827
8 5 1.0827
8 6 1.38497
8 7 1.972
8 8 6.04977
8 9 1.54227
8 10 1.07987
8 11 1.07987
8 12 1.07987
8 13 1.07987
8 14 1.07987
8 15 1.23958
8 16 1.33635
8 17 1.39555
8 18 1.33354
8 19 1.07617
8 20 1.07617
8 21 1.07617
8 22 1.07617
8 23 1.07617
8 24 1.16612
8 25 1.20788
8 26 1.23609
8 27 1.24247
8 28 1.07215
8 29 1.07215
8 30 1.07215
8 31 1.07215
8 32 1.07215
8 33 1.12814
8 34 1.15428
8 35 1.17625
8 36 1.18634
8 37 1.08174
8 38 1.08174
8 39 1.08174
8 40 1.08174
8 41 1.08174
8 42 1.23132
8 43 1.32567
8 44 1.38565
8 45 1.33356
8 46 1.0791
8 47 1.0791
8 48 1.0791
8 49 1.0791
8 50 1.0791
8 51 1.19004
8 52 1.24665
8 53 1.27994
8 54 1.27668
8 55 1.07568
8 56 1.07568
8 57 1.07568
8 58 1.07568
8 59 1.07568
8 60 1.14935
8 61 1.18382
8 62 1.21002
8 63 1.21952
8 64 1.0719
8 65 1.0719
8 66 1.0719
8 67 1.0719
8 68 1.0719
8 69 1.12164
8 70 1.14523
8 71 1.16574
8 72 1.17548
8 73 1.07886
8 74 1.07886
8 75 1.07886
8 76 1.07886
8 77 1.07886
8 78 1.16029
8 79 1.20243
8 80 1.23228
8 81 1.24106
8 82 1.07661
8 83 1.07661
8 84 1.07661
8 85 1.07661
8 86 1.07661
8 87 1.14504
8 88 1.18173
8 89 1.20902
8 90 1.21842
8 91 1.07361
8 92 1.07361
8 93 1.07361
8 94 1.07361
8 95 1.07361
8 96 1.12783
8 97 1.15433
8 98 1.17704
8 99 1.18716
8 100 1.07023
8 101 1.07023
8 102 1.07023
8 103 1.07023
8 104 1.07023
8 105 1.11095
8 106 1.13069
8 107 1.14857
8 108 1.15733
8 109 1.07494
8 110 1.07494
8 111 1.07494
8 112 1.07494
8 113 1.07494
8 114 1.12542
8 115 1.15096
8 116 1.17437
8 117 1.18419
8 118 1.0731
8 119 1.0731
8 120 1.0731
8 121 1.0731
8 122 1.0731
8 123 1.11729
8 124 1.14239
8 125 1.16427
8 126 1.17334
8 127 1.07054
8 128 1.07054
8 129 1.07054
8 130 1.07054
8 131 1.07054
8 132 1.10941
8 133 1.12927
8 134 1.14766
8 135 1.15621
8 136 1.06762
8 137 1.06762
8 138 1.06762
8 139 1.06762
8 140 1.06762
8 141 1.09943
8 142 1.11519
8 143 1.12987
8 144 1.13717
9 1 1.0762
9 2 1.0762
9 3 1.0762
9 4 1.0762
9 5 1.0762
9 6 1.20421
9 7 1.31219
9 8 1.54227
9 9 2.14217
9 10 1.07436
9 11 1.07436
9 12 1.07436
9 13 1.07436
9 14 1.07436
9 15 1.17902
9 16 1.2487
9 17 1.33409
9 18 1.38581
9 19 1.07193
9 20 1.07193
9 21 1.07193
9 22 1.07193
9 23 1.07193
9 24 1.15006
9 25 1.19504
9 26 1.24229
9 27 1.26731
9 28 1.06902
9 29 1.06902
9 30 1.06902
9 31 1.06902
9 32 1.06902
9 33 1.12568
9 34 1.15605
9 35 1.18606
9 36 1.20154
9 37 1.07616
9 38 1.07616
9 39 1.07616
9 40 1.07616
9 41 1.07616
9 42 1.17606
9 43 1.24493
9 44 1.32946
9 45 1.38279
9 46 1.07427
9 47 1.07427
9 48 1.07427
9 49 1.07427
9 50 1.07427
9 51 1.16162
9 52 1.21705
9 53 1.27652
9 54 1.30747
9 55 1.07184
9 56 1.07184
9 57 1.07184
9 58 1.07184
9 59 1.07184
9 60 1.14054
9 61 1.17938
9 62 1.21894
9 63 1.23913
9 64 1.06899
9 65 1.06899
9 66 1.06899
9 67 1.06899
9 68 1.06899
9 69 1.12059
9 70 1.14802
9 71 1.17491
9 72 1.1887
9 73 1.07454
9 74 1.07454
9 75 1.07454
9 76 1.07454
9 77 1.07454
9 78 1.14606
9 79 1.19131
9 80 1.23832
9 81 1.26317
9 82 1.07275
9 83 1.07275
9 84 1.07275
9 85 1.07275
9 86 1.07275
9 87 1.13693
9 88 1.17798
9 89 1.2179
9 90 1.23701
9 91 1.07042
9 92 1.07042
9 93 1.07042
9 94 1.07042
9 95 1.07042
9 96 1.12532
9 97 1.15592
9 98 1.1863
9 99 1.20148
9 100 1.06773
9 101 1.06773
9 102 1.06773
9 103 1.06773
9 104 1.06773
9 105 1.1114
9 106 1.13433
9 107 1.15665
9 108 1.16802
9 109 1.07176
9 110 1.07176
9 111 1.07176
9 112 1.07176
9 113 1.07176
9 114 1.12282
9 115 1.15249
9 116 1.18309
9 117 1.19725
9 118 1.07018
9 119 1.07018
9 120 1.07018
9 121 1.07018
9 122 1.07018
9 123 1.11608
9 124 1.14512
9 125 1.1729
9 126 1.18536
9 127 1.06803
9 128 1.06803
9 129 1.06803
9 130 1.06803
9 131 1.06803
9 132 1.10974
9 133 1.13276
9 134 1.15544
9 135 1.16644
9 136 1.06556
9 137 1.06556
9 138 1.06556
9 139 1.06556
9 140 1.06556
9 141 1.10064
9 142 1.11887
9 143 1.13651
9 144 1.14544
10 1 1.1467
10 2 1.1467
10 3 1.1467
10 4 1.1467
10 5 1.1467
10 6 1.10642
10 7 1.09161
10 8 1.07987
10 9 1.07436
10 10 1.30403
10 11 1.30403
10 12 1.30403
10 13 1.30403
10 14 1.30403
10 15 1.11739
10 16 1.09621
10 17 1.0816
10 18 1.07504
10 19 1.16149
10 20 1.16149
10 21 1.16149
10 22 1.16149
10 23 1.16149
10 24 1.10997
10 25 1.09325
10 26 1.08029
10 27 1.07422
10 28 1.12568
10 29 1.12568
10 30 1.12568
10 31 1.12568
10 32 1.12568
10 33 1.09878
10 34 1.08723
10 35 1.0773
10 36 1.07247
10 37 1.12901
10 38 1.12901
10 39 1.12901
10 40 1.12901
10 41 1.12901
10 42 1.10022
10 43 1.0886
10 44 1.07875
10 45 1.07426
10 46 1.14682
10 47 1.14682
10 48 1.14682
10 49 1.14682
10 50 1.14682
10 51 1.10659
10 52 1.0917
10 53 1.08001
10 54 1.07474
10 55 1.13497
10 56 1.13497
10 57 1.13497
10 58 1.13497
10 59 1.13497
10 60 1.10282
10 61 1.08986
10 62 1.07905
10 63 1.07388
10 64 1.11683
10 65 1.11683
10 66 1.11683
10 67 1.11683
10 68 1.11683
10 69 1.09505
10 70 1.08518
10 71 1.07647
10 72 1.07219
10 73 1.11146
10 74 1.11146
10 75 1.11146
10 76 1.11146
10 77 1.11146
10 78 1.09227
10 79 1.08377
10 80 1.07602
10 81 1.07265
10 82 1.11826
10 83 1.11826
10 84 1.11826
10 85 1.11826
10 86 1.11826
10 87 1.09577
10 88 1.08556
10 89 1.07681
10 90 1.07294
10 91 1.11404
10 92 1.11404
10 93 1.11404
10 94 1.11404
10 95 1.11404
10 96 1.09366
10 97 1.08438
10 98 1.0761
10 99 1.0721
10 100 1.10484
10 101 1.10484
10 102 1.10484
10 103 1.10484
10 104 1.10484
10 105 1.08872
10 106 1.08103
10 107 1.07403
10 108 1.07056
10 109 1.09727
10 110 1.09727
10 111 1.09727
10 112 1.09727
10 113 1.09727
10 114 1.08467
10 115 1.07837
10 116 1.07249
10 117 1.07002
10 118 1.10052
10 119 1.10052
10 120 1.10052
10 121 1.10052
10 122 1.10052
10 123 1.08657
10 124 1.0793
10 125 1.07289
10 126 1.07015
10 127 1.09848
10 128 1.09848
10 129 1.09848
10 130 1.09848
10 131 1.09848
10 132 1.08499
10 133 1.07835
10 134 1.07228
10 135 1.06937
10 136 1.09339
10 137 1.09339
10 138 1.09339
10 139 1.09339
10 140 1.09339
10 141 1.08174
10 142 1.076
10 143 1.07066
10 144 1.068
11 1 1.1467
11 2 1.1467
11 3 1.1467
11 4 1.1467
11 5 1.1467
11 6 1.10642
11 7 1.09161
11 8 1.07987
11 9 1.07436
11 10 1.30403
11 11 1.30403
11 12 1.30403
11 13 1.30403
11 14 1.30403
11 15 1.11739
11 16 1.09621
11 17 1.0816
11 18 1.07504
11 19 1.16149
11 20 1.16149
11 21 1.16149
11 22 1.16149
11 23 1.16149
11 24 1.10997
11 25 1.09325
11 26 1.08029
11 27 1.07422
11 28 1.12568
11 29 1.12568
11 30 1.12568
11 31 1.12568
11 32 1.12568
11 33 1.09878
11 34 1.08723
11 35 1.0773
11 36 1.07247
11 37 1.12901
11 38 1.12901
11 39 1.12901
11 40 1.12901
11 41 1.12901
11 42 1.10022
11 43 1.0886
11 44 1.07875
11 45 1.07426
11 46 1.14682
11 47 1.14682
11 48 1.14682
11 49 1.14682
11 50 1.14682
11 51 1.10659
11 52 1.0917
11 53 1.08001
11 54 1.07474
11 55 1.13497
11 56 1.13497
11 57 1.13497
11 58 1.13497
11 59 1.13497
11 60 1.10282
11 61 1.08986
11 62 1.07905
11 63 1.07388
11 64 1.11683
11 65 1.11683
11 66 1.11683
11 67 1.11683
11 68 1.11683
11 69 1.09505
11 70 1.08518
11 71 1.07647
11 72 1.07219
11 73 1.11146
11 74 1.11146
11 75 1.11146
11 76 1.11146
11 77 1.11146
11 78 1.09227
11 79 1.08377
11 80 1.07602
11 81 1.07265
11 82 1.11826
11 83 1.11826
11 84 1.11826
11 85 1.11826
11 86 1.11826
11 87 1.09577
11 88 1.08556
11 89 1.07681
11 90 1.07294
11 91 1.11404
11 92 1.11404
11 93 1.11404
11 94 1.11404
11 95 1.11404
11 96 1.09366
11 97 1.08438
11 98 1.0761
11 99 1.0721
11 100 1.10484
11 101 1.10484
11 102 1.10484
11 103 1.10484
11 104 1.10484
11 105 1.08872
11 106 1.08103
11 107 1.07403
11 108 1.07056
11 109 1.09727
11 110 1.09727
11 111 1.09727
11 112 1.09727
11 113 1.09727
11 114 1.08467
11 115 1.07837
11 116 1.07249
11 117 1.07002
11 118 1.10052
11 119 1.10052
11 120 1.10052
11 121 1.10052
11 122 1.10052
11 123 1.08657
11 124 1.0793
11 125 1.07289
11 126 1.07015
11 127 1.09848
11 128 1.09848
11 129 1.09848
11 130 1.09848
11 131 1.09848
11 132 1.08499
11 133 1.07835
11 134 1.07228
11 135 1.06937
11 136 1.09339
11 137 1.09339
11 138 1.09339
11 139 1.09339
11 140 1.09339
11 141 1.08174
11 142 1.076
11 143 1.07066
11 144 1.068
12 1 1.1467
12 2 1.1467
12 3 1.1467
12 4 1.1467
12 5 1.1467
12 6 1.10642
12 7 1.09161
12 8 1.07987
12 9 1.07436
12 10 1.30403
12 11 1.30403
12 12 1.30403
12 13 1.30403
12 14 1.30403
12 15 1.11739
12 16 1.09621
12 17 1.0816
12 18 1.07504
12 19 1.16149
12 20 1.16149
12 21 1.16149
12 22 1.16149
12 23 1.16149
12 24 1.10997
12 25 1.09325
12 26 1.08029
12 27 1.07422
12 28 1.12568
12 29 1.12568
12 30 1.12568
12 31 1.12568
12 32 1.12568
12 33 1.09878
12 34 1.08723
12 35 1.0773
12 36 1.07247
12 37 1.12901
12 38 1.12901
12 39 1.12901
12 40 1.12901
12 41 1.12901
12 42 1.10022
12 43 1.0886
12 44 1.07875
12 45 1.07426
12 46 1.14682
12 47 1.14682
12 48 1.14682
12 49 1.14682
12 50 1.14682
12 51 1.10659
12 52 1.0917
12 53 1.08001
12 54 1.07474
12 55 1.13497
12 56 1.13497
12 57 1.13497
12 58 1.13497
12 59 1.13497
12 60 1.10282
12 61 1.08986
12 62 1.07905
12 63 1.07388
12 64 1.11683
12 65 1.11683
12 66 1.11683
12 67 1.11683
12 68 1.11683
12 69 1.09505
12 70 1.08518
12 71 1.07647
12 72 1.07219
12 73 1.11146
12 74 1.11146
12 75 1.11146
12 76 1.11146
12 77 1.11146
12 78 1.09227
12 79 1.08377
12 80 1.07602
12 81 1.07265
12 82 1.11826
12 83 1.11826
12 84 1.11826
12 85 1.11826
12 86 1.11826
12 87 1.09577
12 88 1.08556
12 89 1.07681
12 90 1.07294
12 91 1.11404
12 92 1.11404
12 93 1.11404
12 94 1.11404
12 95 1.11404
12 96 1.09366
12 97 1.08438
12 98 1.0761
12 99 1.0721
12 100 1.10484
12 101 1.10484
12 102 1.10484
12 103 1.10484
12 104 1.10484
12 105 1.08872
12 106 1.08103
12 107 1.07403
12 108 1.07056
12 109 1.09727
12 110 1.09727
12 111 1.09727
12 112 1.09727
12 113 1.09727
12 114 1.08467
12 115 1.07837
12 116 1.07249
12 117 1.07002
12 118 1.10052
12 119 1.10052
12 120 1.10052
12 121 1.10052
12 122 1.10052
12 123 1.08657
12 124 1.0793
12 125 1.07289
12 126 1.07015
12 127 1.09848
12 128 1.09848
12 129 1.09848
12 130 1.09848
12 131 1.09848
12 132 1.08499
12 133 1.07835
12 134 1.07228
12 135 1.06937
12 136 1.09339
12 137 1.09339
12 138 1.09339
12 139 1.09339
12 140 1.09339
12 141 1.08174
12 142 1.076
12 143 1.07066
12 144 1.068
13 1 1.1467
13 2 1.1467
13 3 1.1467
13 4 1.1467
13 5 1.1467
13 6 1.10642
13 7 1.09161
13 8 1.07987
13 9 1.07436
13 10 1.30403
13 11 1.30403
13 12 1.30403
13 13 1.30403
13 14 1.30403
13 15 1.11739
13 16 1.09621
13 17 1.0816
13 18 1.07504
13 19 1.16149
13 20 1.16149
13 21 1.16149
13 22 1.16149
13 23 1.16149
13 24 1.10997
13 25 1.09325
13 26 1.08029
13 27 1.07422
13 28 1.12568
13 29 1.12568
13 30 1.12568
13 31 1.12568
13 32 1.12568
13 33 1.09878
13 34 1.08723
13 35 1.0773
13 36 1.07247
13 37 1.12901
13 38 1.12901
13 39 1.12901
13 40 1.12901
13 41 1.12901
13 42 1.10022
13 43 1.0886
13 44 1.07875
13 45 1.07426
13 46 1.14682
13 47 1.14682
13 48 1.14682
13 49 1.14682
13 50 1.14682
13 51 1.10659
13 52 1.0917
13 53 1.08001
13 54 1.07474
13 55 1.13497
13 56 1.13497
13 57 1.13497
13 58 1.13497
13 59 1.13497
13 60 1.10282
13 61 1.08986
13 62 1.07905
13 63 1.07388
13 64 1.11683
13 65 1.11683
13 66 1.11683
13 67 1.11683
13 68 1.11683
13 69 1.09505
13 70 1.08518
13 71 1.07647
13 72 1.07219
13 73 1.11146
13 74 1.11146
13 75 1.11146
13 76 1.11146
13 77 1.11146
13 78 1.09227
13 79 1.08377
13 80 1.07602
13 81 1.07265
13 82 1.11826
13 83 1.11826
13 84 1.11826
13 85 1.11826
13 86 1.11826
13 87 1.09577
13 88 1.08556
13 89 1.07681
13 90 1.07294
13 91 1.11404
13 92 1.11404
13 93 1.11404
13 94 1.11404
13 95 1.11404
13 96 1.09366
13 97 1.08438
13 98 1.0761
13 99 1.0721
13 100 1.10484
13 101 1.10484
13 102 1.10484
13 103 1.10484
13 104 1.10484
13 105 1.08872
13 106 1.08103
13 107 1.07403
13 108 1.07056
13 109 1.09727
13 110 1.09727
13 111 1.09727
13 112 1.09727
13 113 1.09727
13 114 1.08467
13 115 1.07837
13 116 1.07249
13 117 1.07002
13 118 1.10052
13 119 1.10052
13 120 1.10052
13 121 1.10052
13 122 1.10052
13 123 1.08657
13 124 1.0793
13 125 1.07289
13 126 1.07015
13 127 1.09848
13 128 1.09848
13 129 1.09848
13 130 1.09848
13 131 1.09848
13 132 1.08499
13 133 1.07835
13 134 1.07228
13 135 1.06937
13 136 1.09339
13 137 1.09339
13 138 1.09339
13 139 1.09339
13 140 1.09339
13 141 1.08174
13 142 1.076
13 143 1.07066
13 144 1.068
14 1 1.1467
14 2 1.1467
14 3 1.1467
14 4 1.1467
14 5 1.1467
14 6 1.10642
14 7 1.09161
14 8 1.07987
14 9 1.07436
14 10 1.30403
14 11 1.30403
14 12 1.30403
14 13 1.30403
14 14 1.30403
14 15 1.11739
14 16 1.09621
14 17 1.0816
14 18 1.07504
14 19 1.16149
14 20 1.16149
14 21 1.16149
14 22 1.16149
14 23 1.16149
14 24 1.10997
14 25 1.09325
14 26 1.08029
14 27 1.07422
14 28 1.12568
14 29 1.12568
14 30 1.12568
14 31 1.12568
14 32 1.12568
14 33 1.09878
14 34 1.08723
14 35 1.0773
14 36 1.07247
14 37 1.12901
14 38 1.12901
14 39 1.12901
14 40 1.12901
14 41 1.12901
14 42 1.10022
14 43 1.0886
14 44 1.07875
14 45 1.07426
14 46 1.14682
14 47 1.14682
14 48 1.14682
14 49 1.14682
14 50 1.14682
14 51 1.10659
14 52 1.0917
14 53 1.08001
14 54 1.07474
14 55 1.13497
14 56 1.13497
14 57 1.13497
14 58 1.13497
14 59 1.13497
14 60 1.10282
14 61 1.08986
14 62 1.07905
14 63 1.07388
14 64 1.11683
14 65 1.11683
14 66 1.11683
14 67 1.11683
14 68 1.11683
14 69 1.09505
14 70 1.08518
14 71 1.07647
14 72 1.07219
14 73 1.11146
14 74 1.11146
14 75 1.11146
14 76 1.11146
14 77 1.11146
14 78 1.09227
14 79 1.08377
14 80 1.07602
14 81 1.07265
14 82 1.11826
14 83 1.11826
14 84 1.11826
14 85 1.11826
14 86 1.11826
14 87 1.09577
14 88 1.08556
14 89 1.07681
14 90 1.07294
14 91 1.11404
14 92 1.11404
14 93 1.11404
14 94 1.11404
14 95 1.11404
14 96 1.09366
14 97 1.08438
14 98 1.0761
14 99 1.0721
14 100 1.10484
14 101 1.10484
14 102 1.10484
14 103 1.10484
14 104 1.10484
14 105 1.08872
14 106 1.08103
14 107 1.07403
14 108 1.07056
14 109 1.09727
14 110 1.09727
14 111 1.09727
14 112 1.09727
14 113 1.09727
14 114 1.08467
14 115 1.07837
14 116 1.07249
14 117 1.07002
14 118 1.10052
14 119 1.10052
14 120 1.10052
14 121 1.10052
14 122 1.10052
14 123 1.08657
14 124 1.0793
14 125 1.07289
14 126 1.07015
14 127 1.09848
14 128 1.09848
14 129 1.09848
14 130 1.09848
14 131 1.09848
14 132 1.08499
14 133 1.07835
14 134 1.07228
14 135 1.06937
14 136 1.09339
14 137 1.09339
14 138 1.09339
14 139 1.09339
14 140 1.09339
14 141 1.08174
14 142 1.076
14 143 1.07066
14 144 1.068
15 1 1.10661
15 2 1.10661
15 3 1.10661
15 4 1.10661
15 5 1.10661
15 6 1.43762
15 7 1.35882
15 8 1.23958
15 9 1.17902
15 10 1.11739
15 11 1.11739
15 12 1.11739
15 13 1.11739
15 14 1.11739
15 15 6.9117
15 16 2.13637
15 17 1.38872
15 18 1.20375
15 19 1.10985
15 20 1.10985
15 21 1.10985
15 22 1.10985
15 23 1.10985
15 24 1.67786
15 25 1.48137
15 26 1.27942
15 27 1.18767
15 28 1.09862
15 29 1.09862
15 30 1.09862
15 31 1.09862
15 32 1.09862
15 33 1.24059
15 34 1.23045
15 35 1.18633
15 36 1.15919
15 37 1.10126
15 38 1.10126
15 39 1.10126
15 40 1.10126
15 41 1.10126
15 42 1.24037
15 43 1.23091
15 44 1.18832
15 45 1.1632
15 46 1.10697
15 47 1.10697
15 48 1.10697
15 49 1.10697
15 50 1.10697
15 51 1.43293
15 52 1.35539
15 53 1.2368
15 54 1.17892
15 55 1.1029
15 56 1.1029
15 57 1.1029
15 58 1.1029
15 59 1.1029
15 60 1.3056
15 61 1.27914
15 62 1.20902
15 63 1.16885
15 64 1.09496
15 65 1.09496
15 66 1.09496
15 67 1.09496
15 68 1.09496
15 69 1.18294
15 70 1.18417
15 71 1.16288
15 72 1.14827
15 73 1.09324
15 74 1.09324
15 75 1.09324
15 76 1.09324
15 77 1.09324
15 78 1.14822
15 79 1.15444
15 80 1.14672
15 81 1.14107
15 82 1.09623
15 83 1.09623
15 84 1.09623
15 85 1.09623
15 86 1.09623
15 87 1.18144
15 88 1.18452
15 89 1.16301
15 90 1.14984
15 91 1.09381
15 92 1.09381
15 93 1.09381
15 94 1.09381
15 95 1.09381
15 96 1.16716
15 97 1.17077
15 98 1.15531
15 99 1.14433
15 100 1.08869
15 101 1.08869
15 102 1.08869
15 103 1.08869
15 104 1.08869
15 105 1.13444
15 106 1.14043
15 107 1.13588
15 108 1.13156
15 109 1.08506
15 110 1.08506
15 111 1.08506
15 112 1.08506
15 113 1.08506
15 114 1.11116
15 115 1.11727
15 116 1.11996
15 117 1.12032
15 118 1.0867
15 119 1.0867
15 120 1.0867
15 121 1.0867
15 122 1.0867
15 123 1.1182
15 124 1.12577
15 125 1.12601
15 126 1.12511
15 127 1.08512
15 128 1.08512
15 129 1.08512
15 130 1.08512
15 131 1.08512
15 132 1.11588
15 133 1.12251
15 134 1.123
15 135 1.12211
15 136 1.08176
15 137 1.08176
15 138 1.08176
15 139 1.08176
15 140 1.08176
15 141 1.10583
15 142 1.11206
15 143 1.11422
15 144 1.1145
16 1 1.09176
16 2 1.09176
16 3 1.09176
16 4 1.09176
16 5 1.09176
16 6 1.359
16 7 1.45849
16 8 1.33635
16 9 1.2487
16 10 1.09621
16 11 1.09621
16 12 1.09621
16 13 1.09621
16 14 1.09621
16 15 2.13637
16 16 6.9053
16 17 1.98352
16 18 1.31201
16 19 1.09306
16 20 1.09306
16 21 1.09306
16 22 1.09306
16 23 1.09306
16 24 1.48067
16 25 1.69471
16 26 1.42756
16 27 1.26798
16 28 1.087
16 29 1.087
16 30 1.087
16 31 1.087
16 32 1.087
16 33 1.23023
16 34 1.26667
16 35 1.23847
16 36 1.21132
16 37 1.08929
16 38 1.08929
16 39 1.08929
16 40 1.08929
16 41 1.08929
16 42 1.22874
16 43 1.26769
16 44 1.24251
16 45 1.21725
16 46 1.09216
16 47 1.09216
16 48 1.09216
16 49 1.09216
16 50 1.09216
16 51 1.35445
16 52 1.45482
16 53 1.33243
16 54 1.24837
16 55 1.08984
16 56 1.08984
16 57 1.08984
16 58 1.08984
16 59 1.08984
16 60 1.27827
16 61 1.33075
16 62 1.27581
16 63 1.22862
16 64 1.08503
16 65 1.08503
16 66 1.08503
16 67 1.08503
16 68 1.08503
16 69 1.184
16 70 1.20919
16 71 1.20254
16 72 1.19208
16 73 1.08448
16 74 1.08448
16 75 1.08448
16 76 1.08448
16 77 1.08448
16 78 1.15204
16 79 1.17461
16 80 1.18003
16 81 1.17923
16 82 1.08616
16 83 1.08616
16 84 1.08616
16 85 1.08616
16 86 1.08616
16 87 1.1806
16 88 1.21092
16 89 1.20412
16 90 1.19447
16 91 1.08444
16 92 1.08444
16 93 1.08444
16 94 1.08444
16 95 1.08444
16 96 1.16964
16 97 1.19365
16 98 1.192
16 99 1.18553
16 100 1.08095
16 101 1.08095
16 102 1.08095
16 103 1.08095
16 104 1.08095
16 105 1.14033
16 106 1.15851
16 107 1.16464
16 108 1.16506
16 109 1.07883
16 110 1.07883
16 111 1.07883
16 112 1.07883
16 113 1.07883
16 114 1.11671
16 115 1.13142
16 116 1.14284
16 117 1.14691
16 118 1.07982
16 119 1.07982
16 120 1.07982
16 121 1.07982
16 122 1.07982
16 123 1.12331
16 124 1.14165
16 125 1.15152
16 126 1.15476
16 127 1.07851
16 128 1.07851
16 129 1.07851
16 130 1.07851
16 131 1.07851
16 132 1.12178
16 133 1.13782
16 134 1.14721
16 135 1.1505
16 136 1.07598
16 137 1.07598
16 138 1.07598
16 139 1.07598
16 140 1.07598
16 141 1.11198
16 142 1.12574
16 143 1.13525
16 144 1.1392
17 1 1.07993
17 2 1.07993
17 3 1.07993
17 4 1.07993
17 5 1.07993
17 6 1.2395
17 7 1.33633
17 8 1.39555
17 9 1.33409
17 10 1.0816
17 11 1.0816
17 12 1.0816
17 13 1.0816
17 14 1.0816
17 15 1.38872
17 16 1.98352
17 17 6.14738
17 18 1.54267
17 19 1.08016
17 20 1.08016
17 21 1.08016
17 22 1.08016
17 23 1.08016
17 24 1.27813
17 25 1.42518
17 26 1.5488
17 27 1.37624
17 28 1.07714
17 29 1.07714
17 30 1.07714
17 31 1.07714
17 32 1.07714
17 33 1.18585
17 34 1.23771
17 35 1.26864
17 36 1.2677
17 37 1.07922
17 38 1.07922
17 39 1.07922
17 40 1.07922
17 41 1.07922
17 42 1.18567
17 43 1.24081
17 44 1.27588
17 45 1.27609
17 46 1.08036
17 47 1.08036
17 48 1.08036
17 49 1.08036
17 50 1.08036
17 51 1.23664
17 52 1.33453
17 53 1.39186
17 54 1.33329
17 55 1.07905
17 56 1.07905
17 57 1.07905
17 58 1.07905
17 59 1.07905
17 60 1.208
17 61 1.27488
17 62 1.3114
17 63 1.29649
17 64 1.07639
17 65 1.07639
17 66 1.07639
17 67 1.07639
17 68 1.07639
17 69 1.16258
17 70 1.20207
17 71 1.22939
17 72 1.23735
17 73 1.07671
17 74 1.07671
17 75 1.07671
17 76 1.07671
17 77 1.07671
17 78 1.14304
17 79 1.17786
17 80 1.20606
17 81 1.21738
17 82 1.07742
17 83 1.07742
17 84 1.07742
17 85 1.07742
17 86 1.07742
17 87 1.15911
17 88 1.20374
17 89 1.23292
17 90 1.2408
17 91 1.07623
17 92 1.07623
17 93 1.07623
17 94 1.07623
17 95 1.07623
17 96 1.15383
17 97 1.19109
17 98 1.21836
17 99 1.22766
17 100 1.07401
17 101 1.07401
17 102 1.07401
17 103 1.07401
17 104 1.07401
17 105 1.13562
17 106 1.16425
17 107 1.18775
17 108 1.19819
17 109 1.07312
17 110 1.07312
17 111 1.07312
17 112 1.07312
17 113 1.07312
17 114 1.11748
17 115 1.14044
17 116 1.16283
17 117 1.17239
17 118 1.07357
17 119 1.07357
17 120 1.07357
17 121 1.07357
17 122 1.07357
17 123 1.12193
17 124 1.14987
17 125 1.17329
17 126 1.18362
17 127 1.07251
17 128 1.07251
17 129 1.07251
17 130 1.07251
17 131 1.07251
17 132 1.12147
17 133 1.14615
17 134 1.16791
17 135 1.1781
17 136 1.07069
17 137 1.07069
17 138 1.07069
17 139 1.07069
17 140 1.07069
17 141 1.11392
17 142 1.13487
17 143 1.15375
17 144 1.16296
18 1 1.07437
18 2 1.07437
18 3 1.07437
18 4 1.07437
18 5 1.07437
18 6 1.17856
18 7 1.24812
18 8 1.33354
18 9 1.38581
18 10 1.07504
18 11 1.07504
18 12 1.07504
18 13 1.07504
18 14 1.07504
18 15 1.20375
18 16 1.31201
18 17 1.54267
18 18 2.14326
18 19 1.07422
18 20 1.07422
18 21 1.07422
18 22 1.07422
18 23 1.07422
18 24 1.18789
18 25 1.26787
18 26 1.37696
18 27 1.45433
18 28 1.07245
18 29 1.07245
18 30 1.07245
18 31 1.07245
18 32 1.07245
18 33 1.1594
18 34 1.21123
18 35 1.26804
18 36 1.2994
18 37 1.07436
18 38 1.07436
18 39 1.07436
18 40 1.07436
18 41 1.07436
18 42 1.15909
18 43 1.21307
18 44 1.27329
18 45 1.30668
18 46 1.07482
18 47 1.07482
18 48 1.07482
18 49 1.07482
18 50 1.07482
18 51 1.17678
18 52 1.24753
18 53 1.33208
18 54 1.38445
18 55 1.07394
18 56 1.07394
18 57 1.07394
18 58 1.07394
18 59 1.07394
18 60 1.16824
18 61 1.22785
18 62 1.29621
18 63 1.335
18 64 1.07221
18 65 1.07221
18 66 1.07221
18 67 1.07221
18 68 1.07221
18 69 1.14824
18 70 1.19172
18 71 1.23725
18 72 1.26151
18 73 1.07285
18 74 1.07285
18 75 1.07285
18 76 1.07285
18 77 1.07285
18 78 1.13569
18 79 1.1748
18 80 1.21524
18 81 1.23595
18 82 1.07315
18 83 1.07315
18 84 1.07315
18 85 1.07315
18 86 1.07315
18 87 1.14459
18 88 1.19213
18 89 1.23942
18 90 1.26442
18 91 1.07222
18 92 1.07222
18 93 1.07222
18 94 1.07222
18 95 1.07222
18 96 1.14258
18 97 1.18392
18 98 1.22681
18 99 1.24939
18 100 1.07061
18 101 1.07061
18 102 1.07061
18 103 1.07061
18 104 1.07061
18 105 1.13126
18 106 1.16444
18 107 1.19784
18 108 1.21519
18 109 1.07024
18 110 1.07024
18 111 1.07024
18 112 1.07024
18 113 1.07024
18 114 1.11659
18 115 1.1434
18 116 1.17165
18 117 1.1845
18 118 1.07045
18 119 1.07045
18 120 1.07045
18 121 1.07045
18 122 1.07045
18 123 1.11971
18 124 1.15191
18 125 1.18277
18 126 1.1977
18 127 1.06953
18 128 1.06953
18 129 1.06953
18 130 1.06953
18 131 1.06953
18 132 1.11995
18 133 1.14862
18 134 1.17726
18 135 1.1918
18 136 1.06806
18 137 1.06806
18 138 1.06806
18 139 1.06806
18 140 1.06806
18 141 1.11402
18 142 1.13847
18 143 1.16252
18 144 1.17486
19 1 1.11796
19 2 1.11796
19 3 1.11796
19 4 1.11796
19 5 1.11796
19 6 1.09511
19 7 1.08492
19 8 1.07617
19 9 1.07193
19 10 1.16149
19 11 1.16149
19 12 1.16149
19 13 1.16149
19 14 1.16149
19 15 1.10985
19 16 1.09306
19 17 1.08016
19 18 1.07422
19 19 1.3041
19 20 1.3041
19 21 1.3041
19 22 1.3041
19 23 1.3041
19 24 1.11747
19 25 1.0963
19 26 1.08156
19 27 1.07485
19 28 1.16186
19 29 1.16186
19 30 1.16186
19 31 1.16186
19 32 1.16186
19 33 1.11031
19 34 1.09355
19 35 1.08051
19 36 1.07438
19 37 1.11129
19 38 1.11129
19 39 1.11129
19 40 1.11129
19 41 1.11129
19 42 1.09169
19 43 1.08304
19 44 1.07543
19 45 1.07189
19 46 1.13493
19 47 1.13493
19 48 1.13493
19 49 1.13493
19 50 1.13493
19 51 1.10252
19 52 1.08943
19 53 1.07875
19 54 1.07392
19 55 1.14694
19 56 1.14694
19 57 1.14694
19 58 1.14694
19 59 1.14694
19 60 1.10667
19 61 1.09191
19 62 1.08002
19 63 1.07442
19 64 1.13536
19 65 1.13536
19 66 1.13536
19 67 1.13536
19 68 1.13536
19 69 1.10319
19 70 1.09014
19 71 1.07921
19 72 1.07396
19 73 1.1013
19 74 1.1013
19 75 1.1013
19 76 1.1013
19 77 1.1013
19 78 1.08635
19 79 1.07951
19 80 1.07322
19 81 1.07047
19 82 1.11396
19 83 1.11396
19 84 1.11396
19 85 1.11396
19 86 1.11396
19 87 1.09334
19 88 1.08394
19 89 1.07575
19 90 1.07216
19 91 1.11841
19 92 1.11841
19 93 1.11841
19 94 1.11841
19 95 1.11841
19 96 1.09563
19 97 1.08562
19 98 1.07677
19 99 1.07253
19 100 1.11446
19 101 1.11446
19 102 1.11446
19 103 1.11446
19 104 1.11446
19 105 1.09392
19 106 1.08454
19 107 1.07621
19 108 1.07211
19 109 1.09114
19 110 1.09114
19 111 1.09114
19 112 1.09114
19 113 1.09114
19 114 1.08058
19 115 1.07517
19 116 1.07019
19 117 1.06808
19 118 1.09839
19 119 1.09839
19 120 1.09839
19 121 1.09839
19 122 1.09839
19 123 1.08489
19 124 1.07807
19 125 1.072
19 126 1.06945
19 127 1.10066
19 128 1.10066
19 129 1.10066
19 130 1.10066
19 131 1.10066
19 132 1.08602
19 133 1.07908
19 134 1.07272
19 135 1.0697
19 136 1.0989
19 137 1.0989
19 138 1.0989
19 139 1.0989
19 140 1.0989
19 141 1.08509
19 142 1.07844
19 143 1.07234
19 144 1.06931
20 1 1.11796
20 2 1.11796
20 3 1.11796
20 4 1.11796
20 5 1.11796
20 6 1.09511
20 7 1.08492
20 8 1.07617
20 9 1.07193
20 10 1.16149
20 11 1.16149
20 12 1.16149
20 13 1.16149
20 14 1.16149
20 15 1.10985
20 16 1.09306
20 17 1.08016
20 18 1.07422
20 19 1.3041
20 20 1.3041
20 21 1.3041
20 22 1.3041
20 23 1.3041
20 24 1.11747
20 25 1.0963
20 26 1.08156
20 27 1.07485
20 28 1.16186
20 29 1.16186
20 30 1.16186
20 31 1.16186
20 32 1.16186
20 33 1.11031
20 34 1.09355
20 35 1.08051
20 36 1.07438
20 37 1.11129
20 38 1.11129
20 39 1.11129
20 40 1.11129
20 41 1.11129
20 42 1.09169
20 43 1.08304
20 44 1.07543
20 45 1.07189
20 46 1.13493
20 47 1.13493
20 48 1.13493
20 49 1.13493
20 50 1.13493
20 51 1.10252
20 52 1.08943
20 53 1.07875
20 54 1.07392
20 55 1.14694
20 56 1.14694
20 57 1.14694
20 58 1.14694
20 59 1.14694
20 60 1.10667
20 61 1.09191
20 62 1.08002
20 63 1.07442
20 64 1.13536
20 65 1.13536
20 66 1.13536
20 67 1.13536
20 68 1.13536
20 69 1.10319
20 70 1.09014
20 71 1.07921
20 72 1.07396
20 73 1.1013
20 74 1.1013
20 75 1.1013
20 76 1.1013
20 77 1.1013
20 78 1.08635
20 79 1.07951
20 80 1.07322
20 81 1.07047
20 82 1.11396
20 83 1.11396
20 84 1.11396
20 85 1.11396
20 86 1.11396
20 87 1.09334
20 88 1.08394
20 89 1.07575
20 90 1.07216
20 91 1.11841
20 92 1.11841
20 93 1.11841
20 94 1.11841
20 95 1.11841
20 96 1.09563
20 97 1.08562
20 98 1.07677
20 99 1.07253
20 100 1.11446
20 101 1.11446
20 102 1.11446
20 103 1.11446
20 104 1.11446
20 105 1.09392
20 106 1.08454
20 107 1.07621
20 108 1.07211
20 109 1.09114
20 110 1.09114
20 111 1.09114
20 112 1.09114
20 113 1.09114
20 114 1.08058
20 115 1.07517
20 116 1.07019
20 117 1.06808
20 118 1.09839
20 119 1.09839
20 120 1.09839
20 121 1.09839
20 122 1.09839
20 123 1.08489
20 124 1.07807
20 125 1.072
20 126 1.06945
20 127 1.10066
20 128 1.10066
20 129 1.10066
20 130 1.10066
20 131 1.10066
20 132 1.08602
20 133 1.07908
20 134 1.07272
20 135 1.0697
20 136 1.0989
20 137 1.0989
20 138 1.0989
20 139 1.0989
20 140 1.0989
20 141 1.08509
20 142 1.07844
20 143 1.07234
20 144 1.06931
21 1 1.11796
21 2 1.11796
21 3 1.11796
21 4 1.11796
21 5 1.11796
21 6 1.09511
21 7 1.08492
21 8 1.07617
21 9 1.07193
21 10 1.16149
21 11 1.16149
21 12 1.16149
21 13 1.16149
21 14 1.16149
21 15 1.10985
21 16 1.09306
21 17 1.08016
21 18 1.07422
21 19 1.3041
21 20 1.3041
21 21 1.3041
21 22 1.3041
21 23 1.3041
21 24 1.11747
21 25 1.0963
21 26 1.08156
21 27 1.07485
21 28 1.16186
21 29 1.16186
21 30 1.16186
21 31 1.16186
21 32 1.16186
21 33 1.11031
21 34 1.09355
21 35 1.08051
21 36 1.07438
21 37 1.11129
21 38 1.11129
21 39 1.11129
