injected_el measured_el potential
1 1 1.30415
1 2 1.30415
1 3 1.30415
1 4 1.30415
1 5 1.30415
1 6 1.11512
1 7 1.0983
1 8 1.08536
1 9 1.07858
1 10 1.14538
1 11 1.14538
1 12 1.14538
1 13 1.14538
1 14 1.14538
1 15 1.10433
1 16 1.09599
1 17 1.08523
1 18 1.07858
1 19 1.117
1 20 1.117
1 21 1.117
1 22 1.117
1 23 1.117
1 24 1.09789
1 25 1.09132
1 26 1.08221
1 27 1.07618
1 28 1.09994
1 29 1.09994
1 30 1.09994
1 31 1.09994
1 32 1.09994
1 33 1.08957
1 34 1.08314
1 35 1.07596
1 36 1.07212
1 37 1.14726
1 38 1.14726
1 39 1.14726
1 40 1.14726
1 41 1.14726
1 42 1.10627
1 43 1.09379
1 44 1.08357
1 45 1.07804
1 46 1.12828
1 47 1.12828
1 48 1.12828
1 49 1.12828
1 50 1.12828
1 51 1.09892
1 52 1.09266
1 53 1.08445
1 54 1.07796
1 55 1.1107
1 56 1.1107
1 57 1.1107
1 58 1.1107
1 59 1.1107
1 60 1.09583
1 61 1.09064
1 62 1.08175
1 63 1.07555
1 64 1.09698
1 65 1.09698
1 66 1.09698
1 67 1.09698
1 68 1.09698
1 69 1.08711
1 70 1.08166
1 71 1.07532
1 72 1.07184
1 73 1.11904
1 74 1.11904
1 75 1.11904
1 76 1.11904
1 77 1.11904
1 78 1.09668
1 79 1.08798
1 80 1.08002
1 81 1.07562
1 82 1.11124
1 83 1.11124
1 84 1.11124
1 85 1.11124
1 86 1.11124
1 87 1.09293
1 88 1.08745
1 89 1.08051
1 90 1.07512
1 91 1.1011
1 92 1.1011
1 93 1.1011
1 94 1.1011
1 95 1.1011
1 96 1.08936
1 97 1.085
1 98 1.07775
1 99 1.07305
1 100 1.09126
1 101 1.09126
1 102 1.09126
1 103 1.09126
1 104 1.09126
1 105 1.08246
1 106 1.07788
1 107 1.07274
1 108 1.06994
1 109 1.10152
1 110 1.10152
1 111 1.10152
1 112 1.10152
1 113 1.10152
1 114 1.08763
1 115 1.08141
1 116 1.07533
1 117 1.07211
1 118 1.09729
1 119 1.09729
1 120 1.09729
1 121 1.09729
1 122 1.09729
1 123 1.0853
1 124 1.08103
1 125 1.07508
1 126 1.07135
1 127 1.09116
1 128 1.09116
1 129 1.09116
1 130 1.09116
1 131 1.09116
1 132 1.08198
1 133 1.07836
1 134 1.0728
1 135 1.06959
1 136 1.08434
1 137 1.08434
1 138 1.08434
1 139 1.08434
1 140 1.08434
1 141 1.07698
1 142 1.07322
1 143 1.0692
1 144 1.06706
2 1 1.30415
2 2 1.30415
2 3 1.30415
2 4 1.30415
2 5 1.30415
2 6 1.11512
2 7 1.0983
2 8 1.08536
2 9 1.07858
2 10 1.14538
2 11 1.14538
2 12 1.14538
2 13 1.14538
2 14 1.14538
2 15 1.10433
2 16 1.09599
2 17 1.08523
2 18 1.07858
2 19 1.117
2 20 1.117
2 21 1.117
2 22 1.117
2 23 1.117
2 24 1.09789
2 25 1.09132
2 26 1.08221
2 27 1.07618
2 28 1.09994
2 29 1.09994
2 30 1.09994
2 31 1.09994
2 32 1.09994
2 33 1.08957
2 34 1.08314
2 35 1.07596
2 36 1.07212
2 37 1.14726
2 38 1.14726
2 39 1.14726
2 40 1.14726
2 41 1.14726
2 42 1.10627
2 43 1.09379
2 44 1.08357
2 45 1.07804
2 46 1.12828
2 47 1.12828
2 48 1.12828
2 49 1.12828
2 50 1.12828
2 51 1.09892
2 52 1.09266
2 53 1.08445
2 54 1.07796
2 55 1.1107
2 56 1.1107
2 57 1.1107
2 58 1.1107
2 59 1.1107
2 60 1.09583
2 61 1.09064
2 62 1.08175
2 63 1.07555
2 64 1.09698
2 65 1.09698
2 66 1.09698
2 67 1.09698
2 68 1.09698
2 69 1.08711
2 70 1.08166
2 71 1.07532
2 72 1.07184
2 73 1.11904
2 74 1.11904
2 75 1.11904
2 76 1.11904
2 77 1.11904
2 78 1.09668
2 79 1.08798
2 80 1.08002
2 81 1.07562
2 82 1.11124
2 83 1.11124
2 84 1.11124
2 85 1.11124
2 86 1.11124
2 87 1.09293
2 88 1.08745
2 89 1.08051
2 90 1.07512
2 91 1.1011
2 92 1.1011
2 93 1.1011
2 94 1.1011
2 95 1.1011
2 96 1.08936
2 97 1.085
2 98 1.07775
2 99 1.07305
2 100 1.09126
2 101 1.09126
2 102 1.09126
2 103 1.09126
2 104 1.09126
2 105 1.08246
2 106 1.07788
2 107 1.07274
2 108 1.06994
2 109 1.10152
2 110 1.10152
2 111 1.10152
2 112 1.10152
2 113 1.10152
2 114 1.08763
2 115 1.08141
2 116 1.07533
2 117 1.07211
2 118 1.09729
2 119 1.09729
2 120 1.09729
2 121 1.09729
2 122 1.09729
2 123 1.0853
2 124 1.08103
2 125 1.07508
2 126 1.07135
2 127 1.09116
2 128 1.09116
2 129 1.09116
2 130 1.09116
2 131 1.09116
2 132 1.08198
2 133 1.07836
2 134 1.0728
2 135 1.06959
2 136 1.08434
2 137 1.08434
2 138 1.08434
2 139 1.08434
2 140 1.08434
2 141 1.07698
2 142 1.07322
2 143 1.0692
2 144 1.06706
3 1 1.30415
3 2 1.30415
3 3 1.30415
3 4 1.30415
3 5 1.30415
3 6 1.11512
3 7 1.0983
3 8 1.08536
3 9 1.07858
3 10 1.14538
3 11 1.14538
3 12 1.14538
3 13 1.14538
3 14 1.14538
3 15 1.10433
3 16 1.09599
3 17 1.08523
3 18 1.07858
3 19 1.117
3 20 1.117
3 21 1.117
3 22 1.117
3 23 1.117
3 24 1.09789
3 25 1.09132
3 26 1.08221
3 27 1.07618
3 28 1.09994
3 29 1.09994
3 30 1.09994
3 31 1.09994
3 32 1.09994
3 33 1.08957
3 34 1.08314
3 35 1.07596
3 36 1.07212
3 37 1.14726
3 38 1.14726
3 39 1.14726
3 40 1.14726
3 41 1.14726
3 42 1.10627
3 43 1.09379
3 44 1.08357
3 45 1.07804
3 46 1.12828
3 47 1.12828
3 48 1.12828
3 49 1.12828
3 50 1.12828
3 51 1.09892
3 52 1.09266
3 53 1.08445
3 54 1.07796
3 55 1.1107
3 56 1.1107
3 57 1.1107
3 58 1.1107
3 59 1.1107
3 60 1.09583
3 61 1.09064
3 62 1.08175
3 63 1.07555
3 64 1.09698
3 65 1.09698
3 66 1.09698
3 67 1.09698
3 68 1.09698
3 69 1.08711
3 70 1.08166
3 71 1.07532
3 72 1.07184
3 73 1.11904
3 74 1.11904
3 75 1.11904
3 76 1.11904
3 77 1.11904
3 78 1.09668
3 79 1.08798
3 80 1.08002
3 81 1.07562
3 82 1.11124
3 83 1.11124
3 84 1.11124
3 85 1.11124
3 86 1.11124
3 87 1.09293
3 88 1.08745
3 89 1.08051
3 90 1.07512
3 91 1.1011
3 92 1.1011
3 93 1.1011
3 94 1.1011
3 95 1.1011
3 96 1.08936
3 97 1.085
3 98 1.07775
3 99 1.07305
3 100 1.09126
3 101 1.09126
3 102 1.09126
3 103 1.09126
3 104 1.09126
3 105 1.08246
3 106 1.07788
3 107 1.07274
3 108 1.06994
3 109 1.10152
3 110 1.10152
3 111 1.10152
3 112 1.10152
3 113 1.10152
3 114 1.08763
3 115 1.08141
3 116 1.07533
3 117 1.07211
3 118 1.09729
3 119 1.09729
3 120 1.09729
3 121 1.09729
3 122 1.09729
3 123 1.0853
3 124 1.08103
3 125 1.07508
3 126 1.07135
3 127 1.09116
3 128 1.09116
3 129 1.09116
3 130 1.09116
3 131 1.09116
3 132 1.08198
3 133 1.07836
3 134 1.0728
3 135 1.06959
3 136 1.08434
3 137 1.08434
3 138 1.08434
3 139 1.08434
3 140 1.08434
3 141 1.07698
3 142 1.07322
3 143 1.0692
3 144 1.06706
4 1 1.30415
4 2 1.30415
4 3 1.30415
4 4 1.30415
4 5 1.30415
4 6 1.11512
4 7 1.0983
4 8 1.08536
4 9 1.07858
4 10 1.14538
4 11 1.14538
4 12 1.14538
4 13 1.14538
4 14 1.14538
4 15 1.10433
4 16 1.09599
4 17 1.08523
4 18 1.07858
4 19 1.117
4 20 1.117
4 21 1.117
4 22 1.117
4 23 1.117
4 24 1.09789
4 25 1.09132
4 26 1.08221
4 27 1.07618
4 28 1.09994
4 29 1.09994
4 30 1.09994
4 31 1.09994
4 32 1.09994
4 33 1.08957
4 34 1.08314
4 35 1.07596
4 36 1.07212
4 37 1.14726
4 38 1.14726
4 39 1.14726
4 40 1.14726
4 41 1.14726
4 42 1.10627
4 43 1.09379
4 44 1.08357
4 45 1.07804
4 46 1.12828
4 47 1.12828
4 48 1.12828
4 49 1.12828
4 50 1.12828
4 51 1.09892
4 52 1.09266
4 53 1.08445
4 54 1.07796
4 55 1.1107
4 56 1.1107
4 57 1.1107
4 58 1.1107
4 59 1.1107
4 60 1.09583
4 61 1.09064
4 62 1.08175
4 63 1.07555
4 64 1.09698
4 65 1.09698
4 66 1.09698
4 67 1.09698
4 68 1.09698
4 69 1.08711
4 70 1.08166
4 71 1.07532
4 72 1.07184
4 73 1.11904
4 74 1.11904
4 75 1.11904
4 76 1.11904
4 77 1.11904
4 78 1.09668
4 79 1.08798
4 80 1.08002
4 81 1.07562
4 82 1.11124
4 83 1.11124
4 84 1.11124
4 85 1.11124
4 86 1.11124
4 87 1.09293
4 88 1.08745
4 89 1.08051
4 90 1.07512
4 91 1.1011
4 92 1.1011
4 93 1.1011
4 94 1.1011
4 95 1.1011
4 96 1.08936
4 97 1.085
4 98 1.07775
4 99 1.07305
4 100 1.09126
4 101 1.09126
4 102 1.09126
4 103 1.09126
4 104 1.09126
4 105 1.08246
4 106 1.07788
4 107 1.07274
4 108 1.06994
4 109 1.10152
4 110 1.10152
4 111 1.10152
4 112 1.10152
4 113 1.10152
4 114 1.08763
4 115 1.08141
4 116 1.07533
4 117 1.07211
4 118 1.09729
4 119 1.09729
4 120 1.09729
4 121 1.09729
4 122 1.09729
4 123 1.0853
4 124 1.08103
4 125 1.07508
4 126 1.07135
4 127 1.09116
4 128 1.09116
4 129 1.09116
4 130 1.09116
4 131 1.09116
4 132 1.08198
4 133 1.07836
4 134 1.0728
4 135 1.06959
4 136 1.08434
4 137 1.08434
4 138 1.08434
4 139 1.08434
4 140 1.08434
4 141 1.07698
4 142 1.07322
4 143 1.0692
4 144 1.06706
5 1 1.30415
5 2 1.30415
5 3 1.30415
5 4 1.30415
5 5 1.30415
5 6 1.11512
5 7 1.0983
5 8 1.08536
5 9 1.07858
5 10 1.14538
5 11 1.14538
5 12 1.14538
5 13 1.14538
5 14 1.14538
5 15 1.10433
5 16 1.09599
5 17 1.08523
5 18 1.07858
5 19 1.117
5 20 1.117
5 21 1.117
5 22 1.117
5 23 1.117
5 24 1.09789
5 25 1.09132
5 26 1.08221
5 27 1.07618
5 28 1.09994
5 29 1.09994
5 30 1.09994
5 31 1.09994
5 32 1.09994
5 33 1.08957
5 34 1.08314
5 35 1.07596
5 36 1.07212
5 37 1.14726
5 38 1.14726
5 39 1.14726
5 40 1.14726
5 41 1.14726
5 42 1.10627
5 43 1.09379
5 44 1.08357
5 45 1.07804
5 46 1.12828
5 47 1.12828
5 48 1.12828
5 49 1.12828
5 50 1.12828
5 51 1.09892
5 52 1.09266
5 53 1.08445
5 54 1.07796
5 55 1.1107
5 56 1.1107
5 57 1.1107
5 58 1.1107
5 59 1.1107
5 60 1.09583
5 61 1.09064
5 62 1.08175
5 63 1.07555
5 64 1.09698
5 65 1.09698
5 66 1.09698
5 67 1.09698
5 68 1.09698
5 69 1.08711
5 70 1.08166
5 71 1.07532
5 72 1.07184
5 73 1.11904
5 74 1.11904
5 75 1.11904
5 76 1.11904
5 77 1.11904
5 78 1.09668
5 79 1.08798
5 80 1.08002
5 81 1.07562
5 82 1.11124
5 83 1.11124
5 84 1.11124
5 85 1.11124
5 86 1.11124
5 87 1.09293
5 88 1.08745
5 89 1.08051
5 90 1.07512
5 91 1.1011
5 92 1.1011
5 93 1.1011
5 94 1.1011
5 95 1.1011
5 96 1.08936
5 97 1.085
5 98 1.07775
5 99 1.07305
5 100 1.09126
5 101 1.09126
5 102 1.09126
5 103 1.09126
5 104 1.09126
5 105 1.08246
5 106 1.07788
5 107 1.07274
5 108 1.06994
5 109 1.10152
5 110 1.10152
5 111 1.10152
5 112 1.10152
5 113 1.10152
5 114 1.08763
5 115 1.08141
5 116 1.07533
5 117 1.07211
5 118 1.09729
5 119 1.09729
5 120 1.09729
5 121 1.09729
5 122 1.09729
5 123 1.0853
5 124 1.08103
5 125 1.07508
5 126 1.07135
5 127 1.09116
5 128 1.09116
5 129 1.09116
5 130 1.09116
5 131 1.09116
5 132 1.08198
5 133 1.07836
5 134 1.0728
5 135 1.06959
5 136 1.08434
5 137 1.08434
5 138 1.08434
5 139 1.08434
5 140 1.08434
5 141 1.07698
5 142 1.07322
5 143 1.0692
5 144 1.06706
6 1 1.11512
6 2 1.11512
6 3 1.11512
6 4 1.11512
6 5 1.11512
6 6 5.65611
6 7 1.90118
6 8 1.34842
6 9 1.19673
6 10 1.1096
6 11 1.1096
6 12 1.1096
6 13 1.1096
6 14 1.1096
6 15 1.35271
6 16 1.32137
6 17 1.23666
6 18 1.18622
6 19 1.10007
6 20 1.10007
6 21 1.10007
6 22 1.10007
6 23 1.10007
6 24 1.20548
6 25 1.21187
6 26 1.18803
6 27 1.16255
6 28 1.08953
6 29 1.08953
6 30 1.08953
6 31 1.08953
6 32 1.08953
6 33 1.1494
6 34 1.15274
6 35 1.14329
6 36 1.13608
6 37 1.10577
6 38 1.10577
6 39 1.10577
6 40 1.10577
6 41 1.10577
6 42 1.36807
6 43 1.30984
6 44 1.22501
6 45 1.17677
6 46 1.10301
6 47 1.10301
6 48 1.10301
6 49 1.10301
6 50 1.10301
6 51 1.24489
6 52 1.23945
6 53 1.2043
6 54 1.172
6 55 1.09632
6 56 1.09632
6 57 1.09632
6 58 1.09632
6 59 1.09632
6 60 1.19766
6 61 1.20326
6 62 1.17541
6 63 1.15358
6 64 1.08779
6 65 1.08779
6 66 1.08779
6 67 1.08779
6 68 1.08779
6 69 1.13803
6 70 1.14453
6 71 1.13751
6 72 1.13173
6 73 1.0958
6 74 1.0958
6 75 1.0958
6 76 1.0958
6 77 1.0958
6 78 1.18184
6 79 1.18569
6 80 1.16603
6 81 1.15155
6 82 1.09405
6 83 1.09405
6 84 1.09405
6 85 1.09405
6 86 1.09405
6 87 1.17586
6 88 1.18409
6 89 1.16579
6 90 1.14917
6 91 1.08948
6 92 1.08948
6 93 1.08948
6 94 1.08948
6 95 1.08948
6 96 1.15398
6 97 1.16454
6 98 1.14845
6 99 1.1372
6 100 1.08342
6 101 1.08342
6 102 1.08342
6 103 1.08342
6 104 1.08342
6 105 1.11816
6 106 1.12567
6 107 1.12387
6 108 1.12141
6 109 1.08669
6 110 1.08669
6 111 1.08669
6 112 1.08669
6 113 1.08669
6 114 1.12563
6 115 1.13393
6 116 1.13152
6 117 1.12859
6 118 1.08543
6 119 1.08543
6 120 1.08543
6 121 1.08543
6 122 1.08543
6 123 1.1278
6 124 1.13915
6 125 1.13231
6 126 1.1271
6 127 1.08228
6 128 1.08228
6 129 1.08228
6 130 1.08228
6 131 1.08228
6 132 1.11739
6 133 1.12791
6 134 1.12299
6 135 1.11956
6 136 1.07798
6 137 1.07798
6 138 1.07798
6 139 1.07798
6 140 1.07798
6 141 1.10041
6 142 1.10711
6 143 1.10884
6 144 1.10887
7 1 1.0983
7 2 1.0983
7 3 1.0983
7 4 1.0983
7 5 1.0983
7 6 1.90118
7 7 5.63901
7 8 1.84432
7 9 1.28115
7 10 1.0981
7 11 1.0981
7 12 1.0981
7 13 1.0981
7 14 1.0981
7 15 1.32119
7 16 1.37698
7 17 1.29619
7 18 1.23817
7 19 1.09235
7 20 1.09235
7 21 1.09235
7 22 1.09235
7 23 1.09235
7 24 1.20979
7 25 1.23145
7 26 1.2198
7 27 1.19643
7 28 1.08421
7 29 1.08421
7 30 1.08421
7 31 1.08421
7 32 1.08421
7 33 1.15528
7 34 1.16606
7 35 1.16342
7 36 1.15931
7 37 1.09438
7 38 1.09438
7 39 1.09438
7 40 1.09438
7 41 1.09438
7 42 1.31583
7 43 1.38968
7 44 1.30033
7 45 1.23073
7 46 1.09413
7 47 1.09413
7 48 1.09413
7 49 1.09413
7 50 1.09413
7 51 1.25011
7 52 1.26858
7 53 1.24346
7 54 1.21308
7 55 1.08984
7 56 1.08984
7 57 1.08984
7 58 1.08984
7 59 1.08984
7 60 1.20658
7 61 1.22234
7 62 1.20156
7 63 1.18317
7 64 1.08307
7 65 1.08307
7 66 1.08307
7 67 1.08307
7 68 1.08307
7 69 1.14481
7 70 1.15766
7 71 1.15614
7 72 1.15306
7 73 1.08812
7 74 1.08812
7 75 1.08812
7 76 1.08812
7 77 1.08812
7 78 1.18552
7 79 1.20909
7 80 1.19901
7 81 1.18687
7 82 1.08755
7 83 1.08755
7 84 1.08755
7 85 1.08755
7 86 1.08755
7 87 1.18638
7 88 1.2046
7 89 1.19243
7 90 1.17926
7 91 1.08434
7 92 1.08434
7 93 1.08434
7 94 1.08434
7 95 1.08434
7 96 1.16356
7 97 1.18103
7 98 1.16942
7 99 1.16104
7 100 1.07949
7 101 1.07949
7 102 1.07949
7 103 1.07949
7 104 1.07949
7 105 1.12456
7 106 1.13723
7 107 1.13987
7 108 1.13964
7 109 1.0814
7 110 1.0814
7 111 1.0814
7 112 1.0814
7 113 1.0814
7 114 1.13242
7 115 1.14855
7 116 1.15259
7 117 1.15274
7 118 1.08074
7 119 1.08074
7 120 1.08074
7 121 1.08074
7 122 1.08074
7 123 1.13622
7 124 1.15378
7 125 1.15135
7 126 1.14892
7 127 1.07836
7 128 1.07836
7 129 1.07836
7 130 1.07836
7 131 1.07836
7 132 1.12474
7 133 1.14048
7 134 1.1392
7 135 1.13797
7 136 1.07484
7 137 1.07484
7 138 1.07484
7 139 1.07484
7 140 1.07484
7 141 1.10571
7 142 1.11652
7 143 1.12186
7 144 1.1237
8 1 1.08536
8 2 1.08536
8 3 1.08536
8 4 1.08536
8 5 1.08536
8 6 1.34842
8 7 1.84432
8 8 6.1345
8 9 1.5146
8 10 1.08575
8 11 1.08575
8 12 1.08575
8 13 1.08575
8 14 1.08575
8 15 1.23002
8 16 1.27996
8 17 1.32351
8 18 1.31011
8 19 1.08227
8 20 1.08227
8 21 1.08227
8 22 1.08227
8 23 1.08227
8 24 1.17771
8 25 1.20621
8 26 1.2311
8 27 1.23014
8 28 1.07663
8 29 1.07663
8 30 1.07663
8 31 1.07663
8 32 1.07663
8 33 1.14226
8 34 1.16111
8 35 1.17455
8 36 1.18002
8 37 1.0837
8 38 1.0837
8 39 1.0837
8 40 1.0837
8 41 1.0837
8 42 1.22779
8 43 1.30311
8 44 1.36394
8 45 1.3145
8 46 1.08367
8 47 1.08367
8 48 1.08367
8 49 1.08367
8 50 1.08367
8 51 1.20322
8 52 1.22861
8 53 1.2541
8 54 1.26011
8 55 1.08085
8 56 1.08085
8 57 1.08085
8 58 1.08085
8 59 1.08085
8 60 1.17792
8 61 1.19875
8 62 1.20736
8 63 1.21018
8 64 1.076
8 65 1.076
8 66 1.076
8 67 1.076
8 68 1.076
8 69 1.13478
8 70 1.15382
8 71 1.16556
8 72 1.17071
8 73 1.07998
8 74 1.07998
8 75 1.07998
8 76 1.07998
8 77 1.07998
8 78 1.16657
8 79 1.20154
8 80 1.22487
8 81 1.23151
8 82 1.07942
8 83 1.07942
8 84 1.07942
8 85 1.07942
8 86 1.07942
8 87 1.1678
8 88 1.19121
8 89 1.20366
8 90 1.21014
8 91 1.07707
8 92 1.07707
8 93 1.07707
8 94 1.07707
8 95 1.07707
8 96 1.15068
8 97 1.17232
8 98 1.17796
8 99 1.18197
8 100 1.07343
8 101 1.07343
8 102 1.07343
8 103 1.07343
8 104 1.07343
8 105 1.12001
8 106 1.13757
8 107 1.14912
8 108 1.15439
8 109 1.07537
8 110 1.07537
8 111 1.07537
8 112 1.07537
8 113 1.07537
8 114 1.13058
8 115 1.15441
8 116 1.17198
8 117 1.18032
8 118 1.07461
8 119 1.07461
8 120 1.07461
8 121 1.07461
8 122 1.07461
8 123 1.13233
8 124 1.15416
8 125 1.16397
8 126 1.17022
8 127 1.07269
8 128 1.07269
8 129 1.07269
8 130 1.07269
8 131 1.07269
8 132 1.12179
8 133 1.14139
8 134 1.14918
8 135 1.15403
8 136 1.06989
8 137 1.06989
8 138 1.06989
8 139 1.06989
8 140 1.06989
8 141 1.10482
8 142 1.11957
8 143 1.13056
8 144 1.13574
9 1 1.07858
9 2 1.07858
9 3 1.07858
9 4 1.07858
9 5 1.07858
9 6 1.19673
9 7 1.28115
9 8 1.5146
9 9 2.12818
9 10 1.07901
9 11 1.07901
9 12 1.07901
9 13 1.07901
9 14 1.07901
9 15 1.17932
9 16 1.21681
9 17 1.28962
9 18 1.36219
9 19 1.07664
9 20 1.07664
9 21 1.07664
9 22 1.07664
9 23 1.07664
9 24 1.15731
9 25 1.1878
9 26 1.23264
9 27 1.25092
9 28 1.07235
9 29 1.07235
9 30 1.07235
9 31 1.07235
9 32 1.07235
9 33 1.13365
9 34 1.15696
9 35 1.18044
9 36 1.19247
9 37 1.07787
9 38 1.07787
9 39 1.07787
9 40 1.07787
9 41 1.07787
9 42 1.17691
9 43 1.23245
9 44 1.31528
9 45 1.37322
9 46 1.07785
9 47 1.07785
9 48 1.07785
9 49 1.07785
9 50 1.07785
9 51 1.17318
9 52 1.19886
9 53 1.24914
9 54 1.29048
9 55 1.07578
9 56 1.07578
9 57 1.07578
9 58 1.07578
9 59 1.07578
9 60 1.15894
9 61 1.18157
9 62 1.20849
9 63 1.22673
9 64 1.07199
9 65 1.07199
9 66 1.07199
9 67 1.07199
9 68 1.07199
9 69 1.12799
9 70 1.1505
9 71 1.17065
9 72 1.18128
9 73 1.0754
9 74 1.0754
9 75 1.0754
9 76 1.0754
9 77 1.0754
9 78 1.15224
9 79 1.19061
9 80 1.23328
9 81 1.25899
9 82 1.07482
9 83 1.07482
9 84 1.07482
9 85 1.07482
9 86 1.07482
9 87 1.15438
9 88 1.17963
9 89 1.20771
9 90 1.22899
9 91 1.07293
9 92 1.07293
9 93 1.07293
9 94 1.07293
9 95 1.07293
9 96 1.14146
9 97 1.16501
9 98 1.18199
9 99 1.19452
9 100 1.06998
9 101 1.06998
9 102 1.06998
9 103 1.06998
9 104 1.06998
9 105 1.1167
9 106 1.13706
9 107 1.15429
9 108 1.16315
9 109 1.07192
9 110 1.07192
9 111 1.07192
9 112 1.07192
9 113 1.07192
9 114 1.12806
9 115 1.15599
9 116 1.18233
9 117 1.19667
9 118 1.0711
9 119 1.0711
9 120 1.0711
9 121 1.0711
9 122 1.0711
9 123 1.1288
9 124 1.15279
9 125 1.17065
9 126 1.18287
9 127 1.06945
9 128 1.06945
9 129 1.06945
9 130 1.06945
9 131 1.06945
9 132 1.11924
9 133 1.1409
9 134 1.15463
9 135 1.16351
9 136 1.06706
9 137 1.06706
9 138 1.06706
9 139 1.06706
9 140 1.06706
9 141 1.10395
9 142 1.12099
9 143 1.13552
9 144 1.14282
10 1 1.14538
10 2 1.14538
10 3 1.14538
10 4 1.14538
10 5 1.14538
10 6 1.1096
10 7 1.0981
10 8 1.08575
10 9 1.07901
10 10 1.30096
10 11 1.30096
10 12 1.30096
10 13 1.30096
10 14 1.30096
10 15 1.11835
10 16 1.10524
10 17 1.09097
10 18 1.08202
10 19 1.15923
10 20 1.15923
10 21 1.15923
10 22 1.15923
10 23 1.15923
10 24 1.11416
10 25 1.10259
10 26 1.08909
10 27 1.08091
10 28 1.12446
10 29 1.12446
10 30 1.12446
10 31 1.12446
10 32 1.12446
10 33 1.10386
10 34 1.09349
10 35 1.08284
10 36 1.0773
10 37 1.12814
10 38 1.12814
10 39 1.12814
10 40 1.12814
10 41 1.12814
10 42 1.10325
10 43 1.09403
10 44 1.08412
10 45 1.0785
10 46 1.14524
10 47 1.14524
10 48 1.14524
10 49 1.14524
10 50 1.14524
10 51 1.10884
10 52 1.10039
10 53 1.0896
10 54 1.08117
10 55 1.13349
10 56 1.13349
10 57 1.13349
10 58 1.13349
10 59 1.13349
10 60 1.1082
10 61 1.10005
10 62 1.08812
10 63 1.07994
10 64 1.11588
10 65 1.11588
10 66 1.11588
10 67 1.11588
10 68 1.11588
10 69 1.09898
10 70 1.09061
10 71 1.08161
10 72 1.07678
10 73 1.11103
10 74 1.11103
10 75 1.11103
10 76 1.11103
10 77 1.11103
10 78 1.09469
10 79 1.08797
10 80 1.08026
10 81 1.07588
10 82 1.11755
10 83 1.11755
10 84 1.11755
10 85 1.11755
10 86 1.11755
10 87 1.09884
10 88 1.09275
10 89 1.08426
10 90 1.07768
10 91 1.11328
10 92 1.11328
10 93 1.11328
10 94 1.11328
10 95 1.11328
10 96 1.0977
10 97 1.09165
10 98 1.08264
10 99 1.07676
10 100 1.10422
10 101 1.10422
10 102 1.10422
10 103 1.10422
10 104 1.10422
10 105 1.0914
10 106 1.08494
10 107 1.07804
10 108 1.07433
10 109 1.09711
10 110 1.09711
10 111 1.09711
10 112 1.09711
10 113 1.09711
10 114 1.08602
10 115 1.08087
10 116 1.07519
10 117 1.07213
10 118 1.10026
10 119 1.10026
10 120 1.10026
10 121 1.10026
10 122 1.10026
10 123 1.0885
10 124 1.08425
10 125 1.07751
10 126 1.07326
10 127 1.09813
10 128 1.09813
10 129 1.09813
10 130 1.09813
10 131 1.09813
10 132 1.08733
10 133 1.08294
10 134 1.0764
10 135 1.07259
10 136 1.09304
10 137 1.09304
10 138 1.09304
10 139 1.09304
10 140 1.09304
10 141 1.08346
10 142 1.07859
10 143 1.0735
10 144 1.0708
11 1 1.14538
11 2 1.14538
11 3 1.14538
11 4 1.14538
11 5 1.14538
11 6 1.1096
11 7 1.0981
11 8 1.08575
11 9 1.07901
11 10 1.30096
11 11 1.30096
11 12 1.30096
11 13 1.30096
11 14 1.30096
11 15 1.11835
11 16 1.10524
11 17 1.09097
11 18 1.08202
11 19 1.15923
11 20 1.15923
11 21 1.15923
11 22 1.15923
11 23 1.15923
11 24 1.11416
11 25 1.10259
11 26 1.08909
11 27 1.08091
11 28 1.12446
11 29 1.12446
11 30 1.12446
11 31 1.12446
11 32 1.12446
11 33 1.10386
11 34 1.09349
11 35 1.08284
11 36 1.0773
11 37 1.12814
11 38 1.12814
11 39 1.12814
11 40 1.12814
11 41 1.12814
11 42 1.10325
11 43 1.09403
11 44 1.08412
11 45 1.0785
11 46 1.14524
11 47 1.14524
11 48 1.14524
11 49 1.14524
11 50 1.14524
11 51 1.10884
11 52 1.10039
11 53 1.0896
11 54 1.08117
11 55 1.13349
11 56 1.13349
11 57 1.13349
11 58 1.13349
11 59 1.13349
11 60 1.1082
11 61 1.10005
11 62 1.08812
11 63 1.07994
11 64 1.11588
11 65 1.11588
11 66 1.11588
11 67 1.11588
11 68 1.11588
11 69 1.09898
11 70 1.09061
11 71 1.08161
11 72 1.07678
11 73 1.11103
11 74 1.11103
11 75 1.11103
11 76 1.11103
11 77 1.11103
11 78 1.09469
11 79 1.08797
11 80 1.08026
11 81 1.07588
11 82 1.11755
11 83 1.11755
11 84 1.11755
11 85 1.11755
11 86 1.11755
11 87 1.09884
11 88 1.09275
11 89 1.08426
11 90 1.07768
11 91 1.11328
11 92 1.11328
11 93 1.11328
11 94 1.11328
11 95 1.11328
11 96 1.0977
11 97 1.09165
11 98 1.08264
11 99 1.07676
11 100 1.10422
11 101 1.10422
11 102 1.10422
11 103 1.10422
11 104 1.10422
11 105 1.0914
11 106 1.08494
11 107 1.07804
11 108 1.07433
11 109 1.09711
11 110 1.09711
11 111 1.09711
11 112 1.09711
11 113 1.09711
11 114 1.08602
11 115 1.08087
11 116 1.07519
11 117 1.07213
11 118 1.10026
11 119 1.10026
11 120 1.10026
11 121 1.10026
11 122 1.10026
11 123 1.0885
11 124 1.08425
11 125 1.07751
11 126 1.07326
11 127 1.09813
11 128 1.09813
11 129 1.09813
11 130 1.09813
11 131 1.09813
11 132 1.08733
11 133 1.08294
11 134 1.0764
11 135 1.07259
11 136 1.09304
11 137 1.09304
11 138 1.09304
11 139 1.09304
11 140 1.09304
11 141 1.08346
11 142 1.07859
11 143 1.0735
11 144 1.0708
12 1 1.14538
12 2 1.14538
12 3 1.14538
12 4 1.14538
12 5 1.14538
12 6 1.1096
12 7 1.0981
12 8 1.08575
12 9 1.07901
12 10 1.30096
12 11 1.30096
12 12 1.30096
12 13 1.30096
12 14 1.30096
12 15 1.11835
12 16 1.10524
12 17 1.09097
12 18 1.08202
12 19 1.15923
12 20 1.15923
12 21 1.15923
12 22 1.15923
12 23 1.15923
12 24 1.11416
12 25 1.10259
12 26 1.08909
12 27 1.08091
12 28 1.12446
12 29 1.12446
12 30 1.12446
12 31 1.12446
12 32 1.12446
12 33 1.10386
12 34 1.09349
12 35 1.08284
12 36 1.0773
12 37 1.12814
12 38 1.12814
12 39 1.12814
12 40 1.12814
12 41 1.12814
12 42 1.10325
12 43 1.09403
12 44 1.08412
12 45 1.0785
12 46 1.14524
12 47 1.14524
12 48 1.14524
12 49 1.14524
12 50 1.14524
12 51 1.10884
12 52 1.10039
12 53 1.0896
12 54 1.08117
12 55 1.13349
12 56 1.13349
12 57 1.13349
12 58 1.13349
12 59 1.13349
12 60 1.1082
12 61 1.10005
12 62 1.08812
12 63 1.07994
12 64 1.11588
12 65 1.11588
12 66 1.11588
12 67 1.11588
12 68 1.11588
12 69 1.09898
12 70 1.09061
12 71 1.08161
12 72 1.07678
12 73 1.11103
12 74 1.11103
12 75 1.11103
12 76 1.11103
12 77 1.11103
12 78 1.09469
12 79 1.08797
12 80 1.08026
12 81 1.07588
12 82 1.11755
12 83 1.11755
12 84 1.11755
12 85 1.11755
12 86 1.11755
12 87 1.09884
12 88 1.09275
12 89 1.08426
12 90 1.07768
12 91 1.11328
12 92 1.11328
12 93 1.11328
12 94 1.11328
12 95 1.11328
12 96 1.0977
12 97 1.09165
12 98 1.08264
12 99 1.07676
12 100 1.10422
12 101 1.10422
12 102 1.10422
12 103 1.10422
12 104 1.10422
12 105 1.0914
12 106 1.08494
12 107 1.07804
12 108 1.07433
12 109 1.09711
12 110 1.09711
12 111 1.09711
12 112 1.09711
12 113 1.09711
12 114 1.08602
12 115 1.08087
12 116 1.07519
12 117 1.07213
12 118 1.10026
12 119 1.10026
12 120 1.10026
12 121 1.10026
12 122 1.10026
12 123 1.0885
12 124 1.08425
12 125 1.07751
12 126 1.07326
12 127 1.09813
12 128 1.09813
12 129 1.09813
12 130 1.09813
12 131 1.09813
12 132 1.08733
12 133 1.08294
12 134 1.0764
12 135 1.07259
12 136 1.09304
12 137 1.09304
12 138 1.09304
12 139 1.09304
12 140 1.09304
12 141 1.08346
12 142 1.07859
12 143 1.0735
12 144 1.0708
13 1 1.14538
13 2 1.14538
13 3 1.14538
13 4 1.14538
13 5 1.14538
13 6 1.1096
13 7 1.0981
13 8 1.08575
13 9 1.07901
13 10 1.30096
13 11 1.30096
13 12 1.30096
13 13 1.30096
13 14 1.30096
13 15 1.11835
13 16 1.10524
13 17 1.09097
13 18 1.08202
13 19 1.15923
13 20 1.15923
13 21 1.15923
13 22 1.15923
13 23 1.15923
13 24 1.11416
13 25 1.10259
13 26 1.08909
13 27 1.08091
13 28 1.12446
13 29 1.12446
13 30 1.12446
13 31 1.12446
13 32 1.12446
13 33 1.10386
13 34 1.09349
13 35 1.08284
13 36 1.0773
13 37 1.12814
13 38 1.12814
13 39 1.12814
13 40 1.12814
13 41 1.12814
13 42 1.10325
13 43 1.09403
13 44 1.08412
13 45 1.0785
13 46 1.14524
13 47 1.14524
13 48 1.14524
13 49 1.14524
13 50 1.14524
13 51 1.10884
13 52 1.10039
13 53 1.0896
13 54 1.08117
13 55 1.13349
13 56 1.13349
13 57 1.13349
13 58 1.13349
13 59 1.13349
13 60 1.1082
13 61 1.10005
13 62 1.08812
13 63 1.07994
13 64 1.11588
13 65 1.11588
13 66 1.11588
13 67 1.11588
13 68 1.11588
13 69 1.09898
13 70 1.09061
13 71 1.08161
13 72 1.07678
13 73 1.11103
13 74 1.11103
13 75 1.11103
13 76 1.11103
13 77 1.11103
13 78 1.09469
13 79 1.08797
13 80 1.08026
13 81 1.07588
13 82 1.11755
13 83 1.11755
13 84 1.11755
13 85 1.11755
13 86 1.11755
13 87 1.09884
13 88 1.09275
13 89 1.08426
13 90 1.07768
13 91 1.11328
13 92 1.11328
13 93 1.11328
13 94 1.11328
13 95 1.11328
13 96 1.0977
13 97 1.09165
13 98 1.08264
13 99 1.07676
13 100 1.10422
13 101 1.10422
13 102 1.10422
13 103 1.10422
13 104 1.10422
13 105 1.0914
13 106 1.08494
13 107 1.07804
13 108 1.07433
13 109 1.09711
13 110 1.09711
13 111 1.09711
13 112 1.09711
13 113 1.09711
13 114 1.08602
13 115 1.08087
13 116 1.07519
13 117 1.07213
13 118 1.10026
13 119 1.10026
13 120 1.10026
13 121 1.10026
13 122 1.10026
13 123 1.0885
13 124 1.08425
13 125 1.07751
13 126 1.07326
13 127 1.09813
13 128 1.09813
13 129 1.09813
13 130 1.09813
13 131 1.09813
13 132 1.08733
13 133 1.08294
13 134 1.0764
13 135 1.07259
13 136 1.09304
13 137 1.09304
13 138 1.09304
13 139 1.09304
13 140 1.09304
13 141 1.08346
13 142 1.07859
13 143 1.0735
13 144 1.0708
14 1 1.14538
14 2 1.14538
14 3 1.14538
14 4 1.14538
14 5 1.14538
14 6 1.1096
14 7 1.0981
14 8 1.08575
14 9 1.07901
14 10 1.30096
14 11 1.30096
14 12 1.30096
14 13 1.30096
14 14 1.30096
14 15 1.11835
14 16 1.10524
14 17 1.09097
14 18 1.08202
14 19 1.15923
14 20 1.15923
14 21 1.15923
14 22 1.15923
14 23 1.15923
14 24 1.11416
14 25 1.10259
14 26 1.08909
14 27 1.08091
14 28 1.12446
14 29 1.12446
14 30 1.12446
14 31 1.12446
14 32 1.12446
14 33 1.10386
14 34 1.09349
14 35 1.08284
14 36 1.0773
14 37 1.12814
14 38 1.12814
14 39 1.12814
14 40 1.12814
14 41 1.12814
14 42 1.10325
14 43 1.09403
14 44 1.08412
14 45 1.0785
14 46 1.14524
14 47 1.14524
14 48 1.14524
14 49 1.14524
14 50 1.14524
14 51 1.10884
14 52 1.10039
14 53 1.0896
14 54 1.08117
14 55 1.13349
14 56 1.13349
14 57 1.13349
14 58 1.13349
14 59 1.13349
14 60 1.1082
14 61 1.10005
14 62 1.08812
14 63 1.07994
14 64 1.11588
14 65 1.11588
14 66 1.11588
14 67 1.11588
14 68 1.11588
14 69 1.09898
14 70 1.09061
14 71 1.08161
14 72 1.07678
14 73 1.11103
14 74 1.11103
14 75 1.11103
14 76 1.11103
14 77 1.11103
14 78 1.09469
14 79 1.08797
14 80 1.08026
14 81 1.07588
14 82 1.11755
14 83 1.11755
14 84 1.11755
14 85 1.11755
14 86 1.11755
14 87 1.09884
14 88 1.09275
14 89 1.08426
14 90 1.07768
14 91 1.11328
14 92 1.11328
14 93 1.11328
14 94 1.11328
14 95 1.11328
14 96 1.0977
14 97 1.09165
14 98 1.08264
14 99 1.07676
14 100 1.10422
14 101 1.10422
14 102 1.10422
14 103 1.10422
14 104 1.10422
14 105 1.0914
14 106 1.08494
14 107 1.07804
14 108 1.07433
14 109 1.09711
14 110 1.09711
14 111 1.09711
14 112 1.09711
14 113 1.09711
14 114 1.08602
14 115 1.08087
14 116 1.07519
14 117 1.07213
14 118 1.10026
14 119 1.10026
14 120 1.10026
14 121 1.10026
14 122 1.10026
14 123 1.0885
14 124 1.08425
14 125 1.07751
14 126 1.07326
14 127 1.09813
14 128 1.09813
14 129 1.09813
14 130 1.09813
14 131 1.09813
14 132 1.08733
14 133 1.08294
14 134 1.0764
14 135 1.07259
14 136 1.09304
14 137 1.09304
14 138 1.09304
14 139 1.09304
14 140 1.09304
14 141 1.08346
14 142 1.07859
14 143 1.0735
14 144 1.0708
15 1 1.10433
15 2 1.10433
15 3 1.10433
15 4 1.10433
15 5 1.10433
15 6 1.35271
15 7 1.32119
15 8 1.23002
15 9 1.17932
15 10 1.11835
15 11 1.11835
15 12 1.11835
15 13 1.11835
15 14 1.11835
15 15 2.48485
15 16 1.56564
15 17 1.318
15 18 1.21071
15 19 1.11268
15 20 1.11268
15 21 1.11268
15 22 1.11268
15 23 1.11268
15 24 1.37458
15 25 1.34407
15 26 1.25909
15 27 1.19638
15 28 1.09991
15 29 1.09991
15 30 1.09991
15 31 1.09991
15 32 1.09991
15 33 1.2252
15 34 1.21909
15 35 1.18544
15 36 1.16392
15 37 1.10021
15 38 1.10021
15 39 1.10021
15 40 1.10021
15 41 1.10021
15 42 1.23819
15 43 1.24283
15 44 1.19929
15 45 1.16993
15 46 1.10877
15 47 1.10877
15 48 1.10877
15 49 1.10877
15 50 1.10877
15 51 1.35976
15 52 1.32825
15 53 1.25393
15 54 1.19354
15 55 1.10621
15 56 1.10621
15 57 1.10621
15 58 1.10621
15 59 1.10621
15 60 1.30573
15 61 1.2988
15 62 1.23162
15 63 1.18261
15 64 1.09714
15 65 1.09714
15 66 1.09714
15 67 1.09714
15 68 1.09714
15 69 1.19194
15 70 1.19619
15 71 1.17347
15 72 1.15751
15 73 1.09298
15 74 1.09298
15 75 1.09298
15 76 1.09298
15 77 1.09298
15 78 1.16677
15 79 1.17999
15 80 1.16303
15 81 1.15036
15 82 1.09766
15 83 1.09766
15 84 1.09766
15 85 1.09766
15 86 1.09766
15 87 1.22007
15 88 1.22907
15 89 1.19438
15 90 1.16462
15 91 1.09613
15 92 1.09613
15 93 1.09613
15 94 1.09613
15 95 1.09613
15 96 1.20335
15 97 1.21421
15 98 1.18136
15 99 1.15835
15 100 1.09079
15 101 1.09079
15 102 1.09079
15 103 1.09079
15 104 1.09079
15 105 1.14864
15 106 1.15728
15 107 1.14906
15 108 1.14192
15 109 1.08519
15 110 1.08519
15 111 1.08519
15 112 1.08519
15 113 1.08519
15 114 1.12482
15 115 1.13524
15 116 1.13265
15 117 1.12948
15 118 1.08785
15 119 1.08785
15 120 1.08785
15 121 1.08785
15 122 1.08785
15 123 1.14551
15 124 1.16045
15 125 1.1473
15 126 1.13766
15 127 1.08686
15 128 1.08686
15 129 1.08686
15 130 1.08686
15 131 1.08686
15 132 1.13849
15 133 1.15189
15 134 1.14149
15 135 1.13418
15 136 1.08357
15 137 1.08357
15 138 1.08357
15 139 1.08357
15 140 1.08357
15 141 1.11715
15 142 1.12553
15 143 1.12559
15 144 1.12411
16 1 1.09599
16 2 1.09599
16 3 1.09599
16 4 1.09599
16 5 1.09599
16 6 1.32137
16 7 1.37698
16 8 1.27996
16 9 1.21681
16 10 1.10524
16 11 1.10524
16 12 1.10524
16 13 1.10524
16 14 1.10524
16 15 1.56564
16 16 2.58538
16 17 1.52542
16 18 1.27059
16 19 1.10211
16 20 1.10211
16 21 1.10211
16 22 1.10211
16 23 1.10211
16 24 1.33546
16 25 1.4097
16 26 1.32908
16 27 1.24236
16 28 1.0929
16 29 1.0929
16 30 1.0929
16 31 1.0929
16 32 1.0929
16 33 1.22192
16 34 1.23753
16 35 1.21355
16 36 1.19328
16 37 1.09363
16 38 1.09363
16 39 1.09363
16 40 1.09363
16 41 1.09363
16 42 1.23999
16 43 1.27062
16 44 1.23125
16 45 1.20019
16 46 1.10021
16 47 1.10021
16 48 1.10021
16 49 1.10021
16 50 1.10021
16 51 1.3439
16 52 1.37459
16 53 1.3017
16 54 1.23216
16 55 1.09842
16 56 1.09842
16 57 1.09842
16 58 1.09842
16 59 1.09842
16 60 1.30097
16 61 1.32842
16 62 1.26757
16 63 1.21624
16 64 1.09127
16 65 1.09127
16 66 1.09127
16 67 1.09127
16 68 1.09127
16 69 1.19466
16 70 1.2114
16 71 1.19601
16 72 1.18236
16 73 1.08816
16 74 1.08816
16 75 1.08816
16 76 1.08816
16 77 1.08816
16 78 1.17402
16 79 1.19657
16 80 1.18388
16 81 1.17273
16 82 1.092
16 83 1.092
16 84 1.092
16 85 1.092
16 86 1.092
16 87 1.22854
16 88 1.25099
16 89 1.21963
16 90 1.19045
16 91 1.09076
16 92 1.09076
16 93 1.09076
16 94 1.09076
16 95 1.09076
16 96 1.21048
16 97 1.23239
16 98 1.20348
16 99 1.18215
16 100 1.08631
16 101 1.08631
16 102 1.08631
16 103 1.08631
16 104 1.08631
16 105 1.15388
16 106 1.16929
16 107 1.16618
16 108 1.16129
16 109 1.08173
16 110 1.08173
16 111 1.08173
16 112 1.08173
16 113 1.08173
16 114 1.13082
16 115 1.14623
16 116 1.14722
16 117 1.14574
16 118 1.084
16 119 1.084
16 120 1.084
16 121 1.084
16 122 1.084
16 123 1.15315
16 124 1.1739
16 125 1.16356
16 126 1.15556
16 127 1.08314
16 128 1.08314
16 129 1.08314
16 130 1.08314
16 131 1.08314
16 132 1.14514
16 133 1.16398
16 134 1.15669
16 135 1.15112
16 136 1.08028
16 137 1.08028
16 138 1.08028
16 139 1.08028
16 140 1.08028
16 141 1.122
16 142 1.1347
16 143 1.13843
16 144 1.13873
17 1 1.08523
17 2 1.08523
17 3 1.08523
17 4 1.08523
17 5 1.08523
17 6 1.23666
17 7 1.29619
17 8 1.32351
17 9 1.28962
17 10 1.09097
17 11 1.09097
17 12 1.09097
17 13 1.09097
17 14 1.09097
17 15 1.318
17 16 1.52542
17 17 3.80091
17 18 1.48011
17 19 1.08941
17 20 1.08941
17 21 1.08941
17 22 1.08941
17 23 1.08941
17 24 1.25674
17 25 1.33698
17 26 1.46076
17 27 1.34835
17 28 1.08364
17 29 1.08364
17 30 1.08364
17 31 1.08364
17 32 1.08364
17 33 1.19492
17 34 1.23036
17 35 1.25141
17 36 1.24932
17 37 1.0839
17 38 1.0839
17 39 1.0839
17 40 1.0839
17 41 1.0839
17 42 1.19752
17 43 1.23736
17 44 1.25019
17 45 1.24657
17 46 1.08821
17 47 1.08821
17 48 1.08821
17 49 1.08821
17 50 1.08821
17 51 1.25686
17 52 1.29291
17 53 1.32492
17 54 1.29767
17 55 1.08722
17 56 1.08722
17 57 1.08722
17 58 1.08722
17 59 1.08722
17 60 1.23747
17 61 1.27258
17 62 1.28545
17 63 1.27186
17 64 1.08258
17 65 1.08258
17 66 1.08258
17 67 1.08258
17 68 1.08258
17 69 1.17401
17 70 1.20343
17 71 1.21852
17 72 1.22194
17 73 1.08022
17 74 1.08022
17 75 1.08022
17 76 1.08022
17 77 1.08022
17 78 1.15797
17 79 1.18711
17 80 1.19773
17 81 1.20145
17 82 1.08283
17 83 1.08283
17 84 1.08283
17 85 1.08283
17 86 1.08283
17 87 1.19496
17 88 1.22224
17 89 1.22634
17 90 1.22361
17 91 1.08205
17 92 1.08205
17 93 1.08205
17 94 1.08205
17 95 1.08205
17 96 1.18342
17 97 1.21077
17 98 1.21343
17 99 1.21354
17 100 1.07905
17 101 1.07905
17 102 1.07905
17 103 1.07905
17 104 1.07905
17 105 1.14486
17 106 1.16849
17 107 1.18235
17 108 1.18781
17 109 1.07551
17 110 1.07551
17 111 1.07551
17 112 1.07551
17 113 1.07551
17 114 1.12647
17 115 1.14724
17 116 1.15915
17 117 1.16451
17 118 1.07712
17 119 1.07712
17 120 1.07712
17 121 1.07712
17 122 1.07712
17 123 1.1437
17 124 1.16791
17 125 1.17289
17 126 1.1758
17 127 1.07652
17 128 1.07652
17 129 1.07652
17 130 1.07652
17 131 1.07652
17 132 1.13761
17 133 1.16066
17 134 1.16723
17 135 1.17087
17 136 1.0745
17 137 1.0745
17 138 1.0745
17 139 1.0745
17 140 1.0745
17 141 1.11981
17 142 1.13813
17 143 1.15096
17 144 1.15673
18 1 1.07858
18 2 1.07858
18 3 1.07858
18 4 1.07858
18 5 1.07858
18 6 1.18622
18 7 1.23817
18 8 1.31011
18 9 1.36219
18 10 1.08202
18 11 1.08202
18 12 1.08202
18 13 1.08202
18 14 1.08202
18 15 1.21071
18 16 1.27059
18 17 1.48011
18 18 2.08886
18 19 1.08103
18 20 1.08103
18 21 1.08103
18 22 1.08103
18 23 1.08103
18 24 1.19525
18 25 1.24941
18 26 1.35688
18 27 1.41665
18 28 1.0772
18 29 1.0772
18 30 1.0772
18 31 1.0772
18 32 1.0772
18 33 1.16673
18 34 1.2069
18 35 1.25355
18 36 1.27889
18 37 1.07788
18 38 1.07788
18 39 1.07788
18 40 1.07788
18 41 1.07788
18 42 1.17056
18 43 1.21373
18 44 1.26078
18 45 1.28997
18 46 1.08054
18 47 1.08054
18 48 1.08054
18 49 1.08054
18 50 1.08054
18 51 1.19971
18 52 1.23166
18 53 1.29855
18 54 1.35445
18 55 1.0798
18 56 1.0798
18 57 1.0798
18 58 1.0798
18 59 1.0798
18 60 1.19016
18 61 1.22306
18 62 1.27403
18 63 1.30955
18 64 1.07659
18 65 1.07659
18 66 1.07659
18 67 1.07659
18 68 1.07659
18 69 1.15502
18 70 1.18988
18 71 1.22539
18 72 1.24491
18 73 1.07529
18 74 1.07529
18 75 1.07529
18 76 1.07529
18 77 1.07529
18 78 1.14774
18 79 1.18128
18 80 1.20996
18 81 1.22692
18 82 1.07692
18 83 1.07692
18 84 1.07692
18 85 1.07692
18 86 1.07692
18 87 1.17065
18 88 1.19955
18 89 1.22861
18 90 1.24989
18 91 1.07627
18 92 1.07627
18 93 1.07627
18 94 1.07627
18 95 1.07627
18 96 1.16239
18 97 1.19191
18 98 1.21694
18 99 1.23513
18 100 1.07405
18 101 1.07405
18 102 1.07405
18 103 1.07405
18 104 1.07405
18 105 1.13631
18 106 1.16464
18 107 1.19046
18 108 1.20404
18 109 1.07167
18 110 1.07167
18 111 1.07167
18 112 1.07167
18 113 1.07167
18 114 1.12425
18 115 1.14912
18 116 1.16967
18 117 1.18062
18 118 1.07269
18 119 1.07269
18 120 1.07269
18 121 1.07269
18 122 1.07269
18 123 1.13681
18 124 1.16318
18 125 1.1799
18 126 1.19152
18 127 1.07214
18 128 1.07214
18 129 1.07214
18 130 1.07214
18 131 1.07214
18 132 1.13151
18 133 1.15716
18 134 1.17397
18 135 1.18469
18 136 1.07054
18 137 1.07054
18 138 1.07054
18 139 1.07054
18 140 1.07054
18 141 1.11726
18 142 1.13917
18 143 1.15842
18 144 1.16818
19 1 1.117
19 2 1.117
19 3 1.117
19 4 1.117
19 5 1.117
19 6 1.10007
19 7 1.09235
19 8 1.08227
19 9 1.07664
19 10 1.15923
19 11 1.15923
19 12 1.15923
19 13 1.15923
19 14 1.15923
19 15 1.11268
19 16 1.10211
19 17 1.08941
19 18 1.08103
19 19 1.30117
19 20 1.30117
19 21 1.30117
19 22 1.30117
19 23 1.30117
19 24 1.11926
19 25 1.10433
19 26 1.08954
19 27 1.08123
19 28 1.16029
19 29 1.16029
19 30 1.16029
19 31 1.16029
19 32 1.16029
19 33 1.11317
19 34 1.09846
19 35 1.08539
19 36 1.07889
19 37 1.11063
19 38 1.11063
19 39 1.11063
19 40 1.11063
19 41 1.11063
19 42 1.09601
19 43 1.08954
19 44 1.08116
19 45 1.07627
19 46 1.13352
19 47 1.13352
19 48 1.13352
19 49 1.13352
19 50 1.13352
19 51 1.10632
19 52 1.0986
19 53 1.08831
19 54 1.08026
19 55 1.14529
19 56 1.14529
19 57 1.14529
19 58 1.14529
19 59 1.14529
19 60 1.10971
19 61 1.10037
19 62 1.0884
19 63 1.08023
19 64 1.13418
19 65 1.13418
19 66 1.13418
19 67 1.13418
19 68 1.13418
19 69 1.10563
19 70 1.09439
19 71 1.08377
19 72 1.07825
19 73 1.10097
19 74 1.10097
19 75 1.10097
19 76 1.10097
19 77 1.10097
19 78 1.08947
19 79 1.08445
19 80 1.07774
19 81 1.07388
19 82 1.11331
19 83 1.11331
19 84 1.11331
19 85 1.11331
19 86 1.11331
19 87 1.09705
19 88 1.0914
19 89 1.08324
19 90 1.07691
19 91 1.11759
19 92 1.11759
19 93 1.11759
19 94 1.11759
19 95 1.11759
19 96 1.09883
19 97 1.09189
19 98 1.08293
19 99 1.07705
19 100 1.11371
19 101 1.11371
19 102 1.11371
19 103 1.11371
19 104 1.11371
19 105 1.09596
19 106 1.08783
19 107 1.07985
19 108 1.07567
19 109 1.09103
19 110 1.09103
19 111 1.09103
19 112 1.09103
19 113 1.09103
19 114 1.08226
19 115 1.07806
19 116 1.07309
19 117 1.07037
19 118 1.09815
19 119 1.09815
19 120 1.09815
19 121 1.09815
19 122 1.09815
19 123 1.08723
19 124 1.08324
19 125 1.07672
19 126 1.07261
19 127 1.10028
19 128 1.10028
19 129 1.10028
19 130 1.10028
19 131 1.10028
19 132 1.08825
19 133 1.08334
19 134 1.07674
19 135 1.07287
19 136 1.09847
19 137 1.09847
19 138 1.09847
19 139 1.09847
19 140 1.09847
19 141 1.08661
19 142 1.08079
19 143 1.07502
19 144 1.072
20 1 1.117
20 2 1.117
20 3 1.117
20 4 1.117
20 5 1.117
20 6 1.10007
20 7 1.09235
20 8 1.08227
20 9 1.07664
20 10 1.15923
20 11 1.15923
20 12 1.15923
20 13 1.15923
20 14 1.15923
20 15 1.11268
20 16 1.10211
20 17 1.08941
20 18 1.08103
20 19 1.30117
20 20 1.30117
20 21 1.30117
20 22 1.30117
20 23 1.30117
20 24 1.11926
20 25 1.10433
20 26 1.08954
20 27 1.08123
20 28 1.16029
20 29 1.16029
20 30 1.16029
20 31 1.16029
20 32 1.16029
20 33 1.11317
20 34 1.09846
20 35 1.08539
20 36 1.07889
20 37 1.11063
20 38 1.11063
20 39 1.11063
20 40 1.11063
20 41 1.11063
20 42 1.09601
20 43 1.08954
20 44 1.08116
20 45 1.07627
20 46 1.13352
20 47 1.13352
20 48 1.13352
20 49 1.13352
20 50 1.13352
20 51 1.10632
20 52 1.0986
20 53 1.08831
20 54 1.08026
20 55 1.14529
20 56 1.14529
20 57 1.14529
20 58 1.14529
20 59 1.14529
20 60 1.10971
20 61 1.10037
20 62 1.0884
20 63 1.08023
20 64 1.13418
20 65 1.13418
20 66 1.13418
20 67 1.13418
20 68 1.13418
20 69 1.10563
20 70 1.09439
20 71 1.08377
20 72 1.07825
20 73 1.10097
20 74 1.10097
20 75 1.10097
20 76 1.10097
20 77 1.10097
20 78 1.08947
20 79 1.08445
20 80 1.07774
20 81 1.07388
20 82 1.11331
20 83 1.11331
20 84 1.11331
20 85 1.11331
20 86 1.11331
20 87 1.09705
20 88 1.0914
20 89 1.08324
20 90 1.07691
20 91 1.11759
20 92 1.11759
20 93 1.11759
20 94 1.11759
20 95 1.11759
20 96 1.09883
20 97 1.09189
20 98 1.08293
20 99 1.07705
20 100 1.11371
20 101 1.11371
20 102 1.11371
20 103 1.11371
20 104 1.11371
20 105 1.09596
20 106 1.08783
20 107 1.07985
20 108 1.07567
20 109 1.09103
20 110 1.09103
20 111 1.09103
20 112 1.09103
20 113 1.09103
20 114 1.08226
20 115 1.07806
20 116 1.07309
20 117 1.07037
20 118 1.09815
20 119 1.09815
20 120 1.09815
20 121 1.09815
20 122 1.09815
20 123 1.08723
20 124 1.08324
20 125 1.07672
20 126 1.07261
20 127 1.10028
20 128 1.10028
20 129 1.10028
20 130 1.10028
20 131 1.10028
20 132 1.08825
20 133 1.08334
20 134 1.07674
20 135 1.07287
20 136 1.09847
20 137 1.09847
20 138 1.09847
20 139 1.09847
20 140 1.09847
20 141 1.08661
20 142 1.08079
20 143 1.07502
20 144 1.072
21 1 1.117
21 2 1.117
21 3 1.117
21 4 1.117
21 5 1.117
21 6 1.10007
21 7 1.09235
21 8 1.08227
21 9 1.07664
21 10 1.15923
21 11 1.15923
21 12 1.15923
21 13 1.15923
21 14 1.15923
21 15 1.11268
21 16 1.10211
21 17 1.08941
21 18 1.08103
21 19 1.30117
21 20 1.30117
21 21 1.30117
21 22 1.30117
21 23 1.30117
21 24 1.11926
21 25 1.10433
21 26 1.08954
21 27 1.08123
21 28 1.16029
21 29 1.16029
21 30 1.16029
21 31 1.16029
21 32 1.16029
21 33 1.11317
21 34 1.09846
21 35 1.08539
21 36 1.07889
21 37 1.11063
21 38 1.11063
21 39 1.11063
21 40 1.11063
21 41 1.11063
21 42 1.09601
