injected_el measured_el potential
1 1 1.30403
1 2 1.30403
1 3 1.30403
1 4 1.30403
1 5 1.30403
1 6 1.11523
1 7 1.09879
1 8 1.08567
1 9 1.07867
1 10 1.14546
1 11 1.14546
1 12 1.14546
1 13 1.14546
1 14 1.14546
1 15 1.1069
1 16 1.09521
1 17 1.08365
1 18 1.07822
1 19 1.11713
1 20 1.11713
1 21 1.11713
1 22 1.11713
1 23 1.11713
1 24 1.09741
1 25 1.0888
1 26 1.08033
1 27 1.07551
1 28 1.09997
1 29 1.09997
1 30 1.09997
1 31 1.09997
1 32 1.09997
1 33 1.08865
1 34 1.08201
1 35 1.07521
1 36 1.07169
1 37 1.14712
1 38 1.14712
1 39 1.14712
1 40 1.14712
1 41 1.14712
1 42 1.10535
1 43 1.0937
1 44 1.08406
1 45 1.07845
1 46 1.12812
1 47 1.12812
1 48 1.12812
1 49 1.12812
1 50 1.12812
1 51 1.09943
1 52 1.09226
1 53 1.08407
1 54 1.07828
1 55 1.11065
1 56 1.11065
1 57 1.11065
1 58 1.11065
1 59 1.11065
1 60 1.09563
1 61 1.08937
1 62 1.08101
1 63 1.07553
1 64 1.09697
1 65 1.09697
1 66 1.09697
1 67 1.09697
1 68 1.09697
1 69 1.08705
1 70 1.08136
1 71 1.07509
1 72 1.07174
1 73 1.11893
1 74 1.11893
1 75 1.11893
1 76 1.11893
1 77 1.11893
1 78 1.09592
1 79 1.08798
1 80 1.08076
1 81 1.07615
1 82 1.11112
1 83 1.11112
1 84 1.11112
1 85 1.11112
1 86 1.11112
1 87 1.09259
1 88 1.08727
1 89 1.08097
1 90 1.07573
1 91 1.10103
1 92 1.10103
1 93 1.10103
1 94 1.10103
1 95 1.10103
1 96 1.08971
1 97 1.08495
1 98 1.07804
1 99 1.07339
1 100 1.09123
1 101 1.09123
1 102 1.09123
1 103 1.09123
1 104 1.09123
1 105 1.08266
1 106 1.07804
1 107 1.07288
1 108 1.07008
1 109 1.10144
1 110 1.10144
1 111 1.10144
1 112 1.10144
1 113 1.10144
1 114 1.08746
1 115 1.08203
1 116 1.07613
1 117 1.07265
1 118 1.09722
1 119 1.09722
1 120 1.09722
1 121 1.09722
1 122 1.09722
1 123 1.08521
1 124 1.08177
1 125 1.07616
1 126 1.072
1 127 1.09111
1 128 1.09111
1 129 1.09111
1 130 1.09111
1 131 1.09111
1 132 1.08246
1 133 1.0793
1 134 1.07365
1 135 1.07008
1 136 1.08431
1 137 1.08431
1 138 1.08431
1 139 1.08431
1 140 1.08431
1 141 1.07727
1 142 1.07362
1 143 1.06955
1 144 1.06734
2 1 1.30403
2 2 1.30403
2 3 1.30403
2 4 1.30403
2 5 1.30403
2 6 1.11523
2 7 1.09879
2 8 1.08567
2 9 1.07867
2 10 1.14546
2 11 1.14546
2 12 1.14546
2 13 1.14546
2 14 1.14546
2 15 1.1069
2 16 1.09521
2 17 1.08365
2 18 1.07822
2 19 1.11713
2 20 1.11713
2 21 1.11713
2 22 1.11713
2 23 1.11713
2 24 1.09741
2 25 1.0888
2 26 1.08033
2 27 1.07551
2 28 1.09997
2 29 1.09997
2 30 1.09997
2 31 1.09997
2 32 1.09997
2 33 1.08865
2 34 1.08201
2 35 1.07521
2 36 1.07169
2 37 1.14712
2 38 1.14712
2 39 1.14712
2 40 1.14712
2 41 1.14712
2 42 1.10535
2 43 1.0937
2 44 1.08406
2 45 1.07845
2 46 1.12812
2 47 1.12812
2 48 1.12812
2 49 1.12812
2 50 1.12812
2 51 1.09943
2 52 1.09226
2 53 1.08407
2 54 1.07828
2 55 1.11065
2 56 1.11065
2 57 1.11065
2 58 1.11065
2 59 1.11065
2 60 1.09563
2 61 1.08937
2 62 1.08101
2 63 1.07553
2 64 1.09697
2 65 1.09697
2 66 1.09697
2 67 1.09697
2 68 1.09697
2 69 1.08705
2 70 1.08136
2 71 1.07509
2 72 1.07174
2 73 1.11893
2 74 1.11893
2 75 1.11893
2 76 1.11893
2 77 1.11893
2 78 1.09592
2 79 1.08798
2 80 1.08076
2 81 1.07615
2 82 1.11112
2 83 1.11112
2 84 1.11112
2 85 1.11112
2 86 1.11112
2 87 1.09259
2 88 1.08727
2 89 1.08097
2 90 1.07573
2 91 1.10103
2 92 1.10103
2 93 1.10103
2 94 1.10103
2 95 1.10103
2 96 1.08971
2 97 1.08495
2 98 1.07804
2 99 1.07339
2 100 1.09123
2 101 1.09123
2 102 1.09123
2 103 1.09123
2 104 1.09123
2 105 1.08266
2 106 1.07804
2 107 1.07288
2 108 1.07008
2 109 1.10144
2 110 1.10144
2 111 1.10144
2 112 1.10144
2 113 1.10144
2 114 1.08746
2 115 1.08203
2 116 1.07613
2 117 1.07265
2 118 1.09722
2 119 1.09722
2 120 1.09722
2 121 1.09722
2 122 1.09722
2 123 1.08521
2 124 1.08177
2 125 1.07616
2 126 1.072
2 127 1.09111
2 128 1.09111
2 129 1.09111
2 130 1.09111
2 131 1.09111
2 132 1.08246
2 133 1.0793
2 134 1.07365
2 135 1.07008
2 136 1.08431
2 137 1.08431
2 138 1.08431
2 139 1.08431
2 140 1.08431
2 141 1.07727
2 142 1.07362
2 143 1.06955
2 144 1.06734
3 1 1.30403
3 2 1.30403
3 3 1.30403
3 4 1.30403
3 5 1.30403
3 6 1.11523
3 7 1.09879
3 8 1.08567
3 9 1.07867
3 10 1.14546
3 11 1.14546
3 12 1.14546
3 13 1.14546
3 14 1.14546
3 15 1.1069
3 16 1.09521
3 17 1.08365
3 18 1.07822
3 19 1.11713
3 20 1.11713
3 21 1.11713
3 22 1.11713
3 23 1.11713
3 24 1.09741
3 25 1.0888
3 26 1.08033
3 27 1.07551
3 28 1.09997
3 29 1.09997
3 30 1.09997
3 31 1.09997
3 32 1.09997
3 33 1.08865
3 34 1.08201
3 35 1.07521
3 36 1.07169
3 37 1.14712
3 38 1.14712
3 39 1.14712
3 40 1.14712
3 41 1.14712
3 42 1.10535
3 43 1.0937
3 44 1.08406
3 45 1.07845
3 46 1.12812
3 47 1.12812
3 48 1.12812
3 49 1.12812
3 50 1.12812
3 51 1.09943
3 52 1.09226
3 53 1.08407
3 54 1.07828
3 55 1.11065
3 56 1.11065
3 57 1.11065
3 58 1.11065
3 59 1.11065
3 60 1.09563
3 61 1.08937
3 62 1.08101
3 63 1.07553
3 64 1.09697
3 65 1.09697
3 66 1.09697
3 67 1.09697
3 68 1.09697
3 69 1.08705
3 70 1.08136
3 71 1.07509
3 72 1.07174
3 73 1.11893
3 74 1.11893
3 75 1.11893
3 76 1.11893
3 77 1.11893
3 78 1.09592
3 79 1.08798
3 80 1.08076
3 81 1.07615
3 82 1.11112
3 83 1.11112
3 84 1.11112
3 85 1.11112
3 86 1.11112
3 87 1.09259
3 88 1.08727
3 89 1.08097
3 90 1.07573
3 91 1.10103
3 92 1.10103
3 93 1.10103
3 94 1.10103
3 95 1.10103
3 96 1.08971
3 97 1.08495
3 98 1.07804
3 99 1.07339
3 100 1.09123
3 101 1.09123
3 102 1.09123
3 103 1.09123
3 104 1.09123
3 105 1.08266
3 106 1.07804
3 107 1.07288
3 108 1.07008
3 109 1.10144
3 110 1.10144
3 111 1.10144
3 112 1.10144
3 113 1.10144
3 114 1.08746
3 115 1.08203
3 116 1.07613
3 117 1.07265
3 118 1.09722
3 119 1.09722
3 120 1.09722
3 121 1.09722
3 122 1.09722
3 123 1.08521
3 124 1.08177
3 125 1.07616
3 126 1.072
3 127 1.09111
3 128 1.09111
3 129 1.09111
3 130 1.09111
3 131 1.09111
3 132 1.08246
3 133 1.0793
3 134 1.07365
3 135 1.07008
3 136 1.08431
3 137 1.08431
3 138 1.08431
3 139 1.08431
3 140 1.08431
3 141 1.07727
3 142 1.07362
3 143 1.06955
3 144 1.06734
4 1 1.30403
4 2 1.30403
4 3 1.30403
4 4 1.30403
4 5 1.30403
4 6 1.11523
4 7 1.09879
4 8 1.08567
4 9 1.07867
4 10 1.14546
4 11 1.14546
4 12 1.14546
4 13 1.14546
4 14 1.14546
4 15 1.1069
4 16 1.09521
4 17 1.08365
4 18 1.07822
4 19 1.11713
4 20 1.11713
4 21 1.11713
4 22 1.11713
4 23 1.11713
4 24 1.09741
4 25 1.0888
4 26 1.08033
4 27 1.07551
4 28 1.09997
4 29 1.09997
4 30 1.09997
4 31 1.09997
4 32 1.09997
4 33 1.08865
4 34 1.08201
4 35 1.07521
4 36 1.07169
4 37 1.14712
4 38 1.14712
4 39 1.14712
4 40 1.14712
4 41 1.14712
4 42 1.10535
4 43 1.0937
4 44 1.08406
4 45 1.07845
4 46 1.12812
4 47 1.12812
4 48 1.12812
4 49 1.12812
4 50 1.12812
4 51 1.09943
4 52 1.09226
4 53 1.08407
4 54 1.07828
4 55 1.11065
4 56 1.11065
4 57 1.11065
4 58 1.11065
4 59 1.11065
4 60 1.09563
4 61 1.08937
4 62 1.08101
4 63 1.07553
4 64 1.09697
4 65 1.09697
4 66 1.09697
4 67 1.09697
4 68 1.09697
4 69 1.08705
4 70 1.08136
4 71 1.07509
4 72 1.07174
4 73 1.11893
4 74 1.11893
4 75 1.11893
4 76 1.11893
4 77 1.11893
4 78 1.09592
4 79 1.08798
4 80 1.08076
4 81 1.07615
4 82 1.11112
4 83 1.11112
4 84 1.11112
4 85 1.11112
4 86 1.11112
4 87 1.09259
4 88 1.08727
4 89 1.08097
4 90 1.07573
4 91 1.10103
4 92 1.10103
4 93 1.10103
4 94 1.10103
4 95 1.10103
4 96 1.08971
4 97 1.08495
4 98 1.07804
4 99 1.07339
4 100 1.09123
4 101 1.09123
4 102 1.09123
4 103 1.09123
4 104 1.09123
4 105 1.08266
4 106 1.07804
4 107 1.07288
4 108 1.07008
4 109 1.10144
4 110 1.10144
4 111 1.10144
4 112 1.10144
4 113 1.10144
4 114 1.08746
4 115 1.08203
4 116 1.07613
4 117 1.07265
4 118 1.09722
4 119 1.09722
4 120 1.09722
4 121 1.09722
4 122 1.09722
4 123 1.08521
4 124 1.08177
4 125 1.07616
4 126 1.072
4 127 1.09111
4 128 1.09111
4 129 1.09111
4 130 1.09111
4 131 1.09111
4 132 1.08246
4 133 1.0793
4 134 1.07365
4 135 1.07008
4 136 1.08431
4 137 1.08431
4 138 1.08431
4 139 1.08431
4 140 1.08431
4 141 1.07727
4 142 1.07362
4 143 1.06955
4 144 1.06734
5 1 1.30403
5 2 1.30403
5 3 1.30403
5 4 1.30403
5 5 1.30403
5 6 1.11523
5 7 1.09879
5 8 1.08567
5 9 1.07867
5 10 1.14546
5 11 1.14546
5 12 1.14546
5 13 1.14546
5 14 1.14546
5 15 1.1069
5 16 1.09521
5 17 1.08365
5 18 1.07822
5 19 1.11713
5 20 1.11713
5 21 1.11713
5 22 1.11713
5 23 1.11713
5 24 1.09741
5 25 1.0888
5 26 1.08033
5 27 1.07551
5 28 1.09997
5 29 1.09997
5 30 1.09997
5 31 1.09997
5 32 1.09997
5 33 1.08865
5 34 1.08201
5 35 1.07521
5 36 1.07169
5 37 1.14712
5 38 1.14712
5 39 1.14712
5 40 1.14712
5 41 1.14712
5 42 1.10535
5 43 1.0937
5 44 1.08406
5 45 1.07845
5 46 1.12812
5 47 1.12812
5 48 1.12812
5 49 1.12812
5 50 1.12812
5 51 1.09943
5 52 1.09226
5 53 1.08407
5 54 1.07828
5 55 1.11065
5 56 1.11065
5 57 1.11065
5 58 1.11065
5 59 1.11065
5 60 1.09563
5 61 1.08937
5 62 1.08101
5 63 1.07553
5 64 1.09697
5 65 1.09697
5 66 1.09697
5 67 1.09697
5 68 1.09697
5 69 1.08705
5 70 1.08136
5 71 1.07509
5 72 1.07174
5 73 1.11893
5 74 1.11893
5 75 1.11893
5 76 1.11893
5 77 1.11893
5 78 1.09592
5 79 1.08798
5 80 1.08076
5 81 1.07615
5 82 1.11112
5 83 1.11112
5 84 1.11112
5 85 1.11112
5 86 1.11112
5 87 1.09259
5 88 1.08727
5 89 1.08097
5 90 1.07573
5 91 1.10103
5 92 1.10103
5 93 1.10103
5 94 1.10103
5 95 1.10103
5 96 1.08971
5 97 1.08495
5 98 1.07804
5 99 1.07339
5 100 1.09123
5 101 1.09123
5 102 1.09123
5 103 1.09123
5 104 1.09123
5 105 1.08266
5 106 1.07804
5 107 1.07288
5 108 1.07008
5 109 1.10144
5 110 1.10144
5 111 1.10144
5 112 1.10144
5 113 1.10144
5 114 1.08746
5 115 1.08203
5 116 1.07613
5 117 1.07265
5 118 1.09722
5 119 1.09722
5 120 1.09722
5 121 1.09722
5 122 1.09722
5 123 1.08521
5 124 1.08177
5 125 1.07616
5 126 1.072
5 127 1.09111
5 128 1.09111
5 129 1.09111
5 130 1.09111
5 131 1.09111
5 132 1.08246
5 133 1.0793
5 134 1.07365
5 135 1.07008
5 136 1.08431
5 137 1.08431
5 138 1.08431
5 139 1.08431
5 140 1.08431
5 141 1.07727
5 142 1.07362
5 143 1.06955
5 144 1.06734
6 1 1.11523
6 2 1.11523
6 3 1.11523
6 4 1.11523
6 5 1.11523
6 6 5.04527
6 7 1.86511
6 8 1.35232
6 9 1.19917
6 10 1.10925
6 11 1.10925
6 12 1.10925
6 13 1.10925
6 14 1.10925
6 15 1.38373
6 16 1.33769
6 17 1.23326
6 18 1.18676
6 19 1.09873
6 20 1.09873
6 21 1.09873
6 22 1.09873
6 23 1.09873
6 24 1.19154
6 25 1.1957
6 26 1.17948
6 27 1.15999
6 28 1.08863
6 29 1.08863
6 30 1.08863
6 31 1.08863
6 32 1.08863
6 33 1.13864
6 34 1.14301
6 35 1.1383
6 36 1.13388
6 37 1.10631
6 38 1.10631
6 39 1.10631
6 40 1.10631
6 41 1.10631
6 42 1.36229
6 43 1.31041
6 44 1.22957
6 45 1.1805
6 46 1.10387
6 47 1.10387
6 48 1.10387
6 49 1.10387
6 50 1.10387
6 51 1.24502
6 52 1.23764
6 53 1.20378
6 54 1.17472
6 55 1.09641
6 56 1.09641
6 57 1.09641
6 58 1.09641
6 59 1.09641
6 60 1.18572
6 61 1.18914
6 62 1.17051
6 63 1.15353
6 64 1.08752
6 65 1.08752
6 66 1.08752
6 67 1.08752
6 68 1.08752
6 69 1.13388
6 70 1.13959
6 71 1.13499
6 72 1.13087
6 73 1.09646
6 74 1.09646
6 75 1.09646
6 76 1.09646
6 77 1.09646
6 78 1.186
6 79 1.19003
6 80 1.17075
6 81 1.15489
6 82 1.09486
6 83 1.09486
6 84 1.09486
6 85 1.09486
6 86 1.09486
6 87 1.17942
6 88 1.18197
6 89 1.16767
6 90 1.15208
6 91 1.08998
6 92 1.08998
6 93 1.08998
6 94 1.08998
6 95 1.08998
6 96 1.15495
6 97 1.16086
6 98 1.14844
6 99 1.13843
6 100 1.08354
6 101 1.08354
6 102 1.08354
6 103 1.08354
6 104 1.08354
6 105 1.11803
6 106 1.12491
6 107 1.12364
6 108 1.12164
6 109 1.08736
6 110 1.08736
6 111 1.08736
6 112 1.08736
6 113 1.08736
6 114 1.13076
6 115 1.14099
6 116 1.13587
6 117 1.13148
6 118 1.08616
6 119 1.08616
6 120 1.08616
6 121 1.08616
6 122 1.08616
6 123 1.13444
6 124 1.14387
6 125 1.13639
6 126 1.12983
6 127 1.08283
6 128 1.08283
6 129 1.08283
6 130 1.08283
6 131 1.08283
6 132 1.12254
6 133 1.13201
6 134 1.12575
6 135 1.12137
6 136 1.07828
6 137 1.07828
6 138 1.07828
6 139 1.07828
6 140 1.07828
6 141 1.10198
6 142 1.10866
6 143 1.10998
6 144 1.1098
7 1 1.09879
7 2 1.09879
7 3 1.09879
7 4 1.09879
7 5 1.09879
7 6 1.86511
7 7 5.07817
7 8 1.81184
7 9 1.28081
7 10 1.09751
7 11 1.09751
7 12 1.09751
7 13 1.09751
7 14 1.09751
7 15 1.33426
7 16 1.4047
7 17 1.29638
7 18 1.23901
7 19 1.09079
7 20 1.09079
7 21 1.09079
7 22 1.09079
7 23 1.09079
7 24 1.19233
7 25 1.21531
7 26 1.21257
7 27 1.19417
7 28 1.08315
7 29 1.08315
7 30 1.08315
7 31 1.08315
7 32 1.08315
7 33 1.14351
7 34 1.15566
7 35 1.15828
7 36 1.1571
7 37 1.09524
7 38 1.09524
7 39 1.09524
7 40 1.09524
7 41 1.09524
7 42 1.32124
7 43 1.38891
7 44 1.30185
7 45 1.23326
7 46 1.09494
7 47 1.09494
7 48 1.09494
7 49 1.09494
7 50 1.09494
7 51 1.2464
7 52 1.26566
7 53 1.24288
7 54 1.21543
7 55 1.08979
7 56 1.08979
7 57 1.08979
7 58 1.08979
7 59 1.08979
7 60 1.19166
7 61 1.20602
7 62 1.19653
7 63 1.18295
7 64 1.08269
7 65 1.08269
7 66 1.08269
7 67 1.08269
7 68 1.08269
7 69 1.13965
7 70 1.15185
7 71 1.15326
7 72 1.15203
7 73 1.08903
7 74 1.08903
7 75 1.08903
7 76 1.08903
7 77 1.08903
7 78 1.19252
7 79 1.2141
7 80 1.20296
7 81 1.18944
7 82 1.08845
7 83 1.08845
7 84 1.08845
7 85 1.08845
7 86 1.08845
7 87 1.18955
7 88 1.20122
7 89 1.19361
7 90 1.18157
7 91 1.08483
7 92 1.08483
7 93 1.08483
7 94 1.08483
7 95 1.08483
7 96 1.1636
7 97 1.17598
7 98 1.16885
7 99 1.16188
7 100 1.07956
7 101 1.07956
7 102 1.07956
7 103 1.07956
7 104 1.07956
7 105 1.12398
7 106 1.13597
7 107 1.13929
7 108 1.13962
7 109 1.08227
7 110 1.08227
7 111 1.08227
7 112 1.08227
7 113 1.08227
7 114 1.13878
7 115 1.15631
7 116 1.15659
7 117 1.15514
7 118 1.08159
7 119 1.08159
7 120 1.08159
7 121 1.08159
7 122 1.08159
7 123 1.14386
7 124 1.1584
7 125 1.1549
7 126 1.15117
7 127 1.07896
7 128 1.07896
7 129 1.07896
7 130 1.07896
7 131 1.07896
7 132 1.13035
7 133 1.1445
7 134 1.1416
7 135 1.13943
7 136 1.07514
7 137 1.07514
7 138 1.07514
7 139 1.07514
7 140 1.07514
7 141 1.10723
7 142 1.11794
7 143 1.12279
7 144 1.1244
8 1 1.08567
8 2 1.08567
8 3 1.08567
8 4 1.08567
8 5 1.08567
8 6 1.35232
8 7 1.81184
8 8 6.02228
8 9 1.51004
8 10 1.08529
8 11 1.08529
8 12 1.08529
8 13 1.08529
8 14 1.08529
8 15 1.23369
8 16 1.30239
8 17 1.33416
8 18 1.31161
8 19 1.08122
8 20 1.08122
8 21 1.08122
8 22 1.08122
8 23 1.08122
8 24 1.16737
8 25 1.20231
8 26 1.23307
8 27 1.23095
8 28 1.076
8 29 1.076
8 30 1.076
8 31 1.076
8 32 1.076
8 33 1.13584
8 34 1.15644
8 35 1.17309
8 36 1.17991
8 37 1.08431
8 38 1.08431
8 39 1.08431
8 40 1.08431
8 41 1.08431
8 42 1.23206
8 43 1.29999
8 44 1.3546
8 45 1.31227
8 46 1.08431
8 47 1.08431
8 48 1.08431
8 49 1.08431
8 50 1.08431
8 51 1.2005
8 52 1.22905
8 53 1.25509
8 54 1.2599
8 55 1.08095
8 56 1.08095
8 57 1.08095
8 58 1.08095
8 59 1.08095
8 60 1.1689
8 61 1.1911
8 62 1.20704
8 63 1.21029
8 64 1.07587
8 65 1.07587
8 66 1.07587
8 67 1.07587
8 68 1.07587
8 69 1.1324
8 70 1.15135
8 71 1.16473
8 72 1.17062
8 73 1.08066
8 74 1.08066
8 75 1.08066
8 76 1.08066
8 77 1.08066
8 78 1.1716
8 79 1.20245
8 80 1.22342
8 81 1.23041
8 82 1.08017
8 83 1.08017
8 84 1.08017
8 85 1.08017
8 86 1.08017
8 87 1.17075
8 88 1.1889
8 89 1.20336
8 90 1.20963
8 91 1.07757
8 92 1.07757
8 93 1.07757
8 94 1.07757
8 95 1.07757
8 96 1.15174
8 97 1.16947
8 98 1.17778
8 99 1.18189
8 100 1.07362
8 101 1.07362
8 102 1.07362
8 103 1.07362
8 104 1.07362
8 105 1.12032
8 106 1.13735
8 107 1.14904
8 108 1.1544
8 109 1.07603
8 110 1.07603
8 111 1.07603
8 112 1.07603
8 113 1.07603
8 114 1.1353
8 115 1.15867
8 116 1.17249
8 117 1.18005
8 118 1.07532
8 119 1.07532
8 120 1.07532
8 121 1.07532
8 122 1.07532
8 123 1.13902
8 124 1.15688
8 125 1.16478
8 126 1.17023
8 127 1.07325
8 128 1.07325
8 129 1.07325
8 130 1.07325
8 131 1.07325
8 132 1.12699
8 133 1.14453
8 134 1.15029
8 135 1.15425
8 136 1.07023
8 137 1.07023
8 138 1.07023
8 139 1.07023
8 140 1.07023
8 141 1.10636
8 142 1.12087
8 143 1.13115
8 144 1.13597
9 1 1.07867
9 2 1.07867
9 3 1.07867
9 4 1.07867
9 5 1.07867
9 6 1.19917
9 7 1.28081
9 8 1.51004
9 9 2.12584
9 10 1.07853
9 11 1.07853
9 12 1.07853
9 13 1.07853
9 14 1.07853
9 15 1.1779
9 16 1.23101
9 17 1.30264
9 18 1.36262
9 19 1.07578
9 20 1.07578
9 21 1.07578
9 22 1.07578
9 23 1.07578
9 24 1.15074
9 25 1.1897
9 26 1.23812
9 27 1.25269
9 28 1.07188
9 29 1.07188
9 30 1.07188
9 31 1.07188
9 32 1.07188
9 33 1.13005
9 34 1.15519
9 35 1.18056
9 36 1.19306
9 37 1.07824
9 38 1.07824
9 39 1.07824
9 40 1.07824
9 41 1.07824
9 42 1.17979
9 43 1.23051
9 44 1.30986
9 45 1.3695
9 46 1.07828
9 47 1.07828
9 48 1.07828
9 49 1.07828
9 50 1.07828
9 51 1.17079
9 52 1.20044
9 53 1.25063
9 54 1.28767
9 55 1.07585
9 56 1.07585
9 57 1.07585
9 58 1.07585
9 59 1.07585
9 60 1.15318
9 61 1.17867
9 62 1.21006
9 63 1.22615
9 64 1.07191
9 65 1.07191
9 66 1.07191
9 67 1.07191
9 68 1.07191
9 69 1.12693
9 70 1.14959
9 71 1.17048
9 72 1.18118
9 73 1.07586
9 74 1.07586
9 75 1.07586
9 76 1.07586
9 77 1.07586
9 78 1.15601
9 79 1.18965
9 80 1.22962
9 81 1.25625
9 82 1.07538
9 83 1.07538
9 84 1.07538
9 85 1.07538
9 86 1.07538
9 87 1.15688
9 88 1.17778
9 89 1.20618
9 90 1.22634
9 91 1.07333
9 92 1.07333
9 93 1.07333
9 94 1.07333
9 95 1.07333
9 96 1.14279
9 97 1.16319
9 98 1.18154
9 99 1.19335
9 100 1.07015
9 101 1.07015
9 102 1.07015
9 103 1.07015
9 104 1.07015
9 105 1.11726
9 106 1.13713
9 107 1.15408
9 108 1.16274
9 109 1.07239
9 110 1.07239
9 111 1.07239
9 112 1.07239
9 113 1.07239
9 114 1.1317
9 115 1.15807
9 116 1.18092
9 117 1.19507
9 118 1.07165
9 119 1.07165
9 120 1.07165
9 121 1.07165
9 122 1.07165
9 123 1.13458
9 124 1.15403
9 125 1.16953
9 126 1.18134
9 127 1.06989
9 128 1.06989
9 129 1.06989
9 130 1.06989
9 131 1.06989
9 132 1.12385
9 133 1.14314
9 134 1.15461
9 135 1.16268
9 136 1.06734
9 137 1.06734
9 138 1.06734
9 139 1.06734
9 140 1.06734
9 141 1.10527
9 142 1.12194
9 143 1.13561
9 144 1.14248
10 1 1.14546
10 2 1.14546
10 3 1.14546
10 4 1.14546
10 5 1.14546
10 6 1.10925
10 7 1.09751
10 8 1.08529
10 9 1.07853
10 10 1.30134
10 11 1.30134
10 12 1.30134
10 13 1.30134
10 14 1.30134
10 15 1.11986
10 16 1.10207
10 17 1.08765
10 18 1.08079
10 19 1.15969
10 20 1.15969
10 21 1.15969
10 22 1.15969
10 23 1.15969
10 24 1.11314
10 25 1.09849
10 26 1.08578
10 27 1.07937
10 28 1.12464
10 29 1.12464
10 30 1.12464
10 31 1.12464
10 32 1.12464
10 33 1.10235
10 34 1.09158
10 35 1.08137
10 36 1.07627
10 37 1.12814
10 38 1.12814
10 39 1.12814
10 40 1.12814
10 41 1.12814
10 42 1.10285
10 43 1.09384
10 44 1.08428
10 45 1.07849
10 46 1.14518
10 47 1.14518
10 48 1.14518
10 49 1.14518
10 50 1.14518
10 51 1.10793
10 52 1.09819
10 53 1.08796
10 54 1.08084
10 55 1.13355
10 56 1.13355
10 57 1.13355
10 58 1.13355
10 59 1.13355
10 60 1.10696
10 61 1.0974
10 62 1.08628
10 63 1.07926
10 64 1.11596
10 65 1.11596
10 66 1.11596
10 67 1.11596
10 68 1.11596
10 69 1.09841
10 70 1.08967
10 71 1.08079
10 72 1.07615
10 73 1.11102
10 74 1.11102
10 75 1.11102
10 76 1.11102
10 77 1.11102
10 78 1.0944
10 79 1.08827
10 80 1.08089
10 81 1.07613
10 82 1.11751
10 83 1.11751
10 84 1.11751
10 85 1.11751
10 86 1.11751
10 87 1.09795
10 88 1.09152
10 89 1.08408
10 90 1.07787
10 91 1.11327
10 92 1.11327
10 93 1.11327
10 94 1.11327
10 95 1.11327
10 96 1.0973
10 97 1.09066
10 98 1.08226
10 99 1.07664
10 100 1.10425
10 101 1.10425
10 102 1.10425
10 103 1.10425
10 104 1.10425
10 105 1.09121
10 106 1.08461
10 107 1.07773
10 108 1.07406
10 109 1.09711
10 110 1.09711
10 111 1.09711
10 112 1.09711
10 113 1.09711
10 114 1.08615
10 115 1.08185
10 116 1.07598
10 117 1.07248
10 118 1.10024
10 119 1.10024
10 120 1.10024
10 121 1.10024
10 122 1.10024
10 123 1.08828
10 124 1.08466
10 125 1.07834
10 126 1.07364
10 127 1.09813
10 128 1.09813
10 129 1.09813
10 130 1.09813
10 131 1.09813
10 132 1.08739
10 133 1.08335
10 134 1.07689
10 135 1.07276
10 136 1.09306
10 137 1.09306
10 138 1.09306
10 139 1.09306
10 140 1.09306
10 141 1.0835
10 142 1.07867
10 143 1.07353
10 144 1.07078
11 1 1.14546
11 2 1.14546
11 3 1.14546
11 4 1.14546
11 5 1.14546
11 6 1.10925
11 7 1.09751
11 8 1.08529
11 9 1.07853
11 10 1.30134
11 11 1.30134
11 12 1.30134
11 13 1.30134
11 14 1.30134
11 15 1.11986
11 16 1.10207
11 17 1.08765
11 18 1.08079
11 19 1.15969
11 20 1.15969
11 21 1.15969
11 22 1.15969
11 23 1.15969
11 24 1.11314
11 25 1.09849
11 26 1.08578
11 27 1.07937
11 28 1.12464
11 29 1.12464
11 30 1.12464
11 31 1.12464
11 32 1.12464
11 33 1.10235
11 34 1.09158
11 35 1.08137
11 36 1.07627
11 37 1.12814
11 38 1.12814
11 39 1.12814
11 40 1.12814
11 41 1.12814
11 42 1.10285
11 43 1.09384
11 44 1.08428
11 45 1.07849
11 46 1.14518
11 47 1.14518
11 48 1.14518
11 49 1.14518
11 50 1.14518
11 51 1.10793
11 52 1.09819
11 53 1.08796
11 54 1.08084
11 55 1.13355
11 56 1.13355
11 57 1.13355
11 58 1.13355
11 59 1.13355
11 60 1.10696
11 61 1.0974
11 62 1.08628
11 63 1.07926
11 64 1.11596
11 65 1.11596
11 66 1.11596
11 67 1.11596
11 68 1.11596
11 69 1.09841
11 70 1.08967
11 71 1.08079
11 72 1.07615
11 73 1.11102
11 74 1.11102
11 75 1.11102
11 76 1.11102
11 77 1.11102
11 78 1.0944
11 79 1.08827
11 80 1.08089
11 81 1.07613
11 82 1.11751
11 83 1.11751
11 84 1.11751
11 85 1.11751
11 86 1.11751
11 87 1.09795
11 88 1.09152
11 89 1.08408
11 90 1.07787
11 91 1.11327
11 92 1.11327
11 93 1.11327
11 94 1.11327
11 95 1.11327
11 96 1.0973
11 97 1.09066
11 98 1.08226
11 99 1.07664
11 100 1.10425
11 101 1.10425
11 102 1.10425
11 103 1.10425
11 104 1.10425
11 105 1.09121
11 106 1.08461
11 107 1.07773
11 108 1.07406
11 109 1.09711
11 110 1.09711
11 111 1.09711
11 112 1.09711
11 113 1.09711
11 114 1.08615
11 115 1.08185
11 116 1.07598
11 117 1.07248
11 118 1.10024
11 119 1.10024
11 120 1.10024
11 121 1.10024
11 122 1.10024
11 123 1.08828
11 124 1.08466
11 125 1.07834
11 126 1.07364
11 127 1.09813
11 128 1.09813
11 129 1.09813
11 130 1.09813
11 131 1.09813
11 132 1.08739
11 133 1.08335
11 134 1.07689
11 135 1.07276
11 136 1.09306
11 137 1.09306
11 138 1.09306
11 139 1.09306
11 140 1.09306
11 141 1.0835
11 142 1.07867
11 143 1.07353
11 144 1.07078
12 1 1.14546
12 2 1.14546
12 3 1.14546
12 4 1.14546
12 5 1.14546
12 6 1.10925
12 7 1.09751
12 8 1.08529
12 9 1.07853
12 10 1.30134
12 11 1.30134
12 12 1.30134
12 13 1.30134
12 14 1.30134
12 15 1.11986
12 16 1.10207
12 17 1.08765
12 18 1.08079
12 19 1.15969
12 20 1.15969
12 21 1.15969
12 22 1.15969
12 23 1.15969
12 24 1.11314
12 25 1.09849
12 26 1.08578
12 27 1.07937
12 28 1.12464
12 29 1.12464
12 30 1.12464
12 31 1.12464
12 32 1.12464
12 33 1.10235
12 34 1.09158
12 35 1.08137
12 36 1.07627
12 37 1.12814
12 38 1.12814
12 39 1.12814
12 40 1.12814
12 41 1.12814
12 42 1.10285
12 43 1.09384
12 44 1.08428
12 45 1.07849
12 46 1.14518
12 47 1.14518
12 48 1.14518
12 49 1.14518
12 50 1.14518
12 51 1.10793
12 52 1.09819
12 53 1.08796
12 54 1.08084
12 55 1.13355
12 56 1.13355
12 57 1.13355
12 58 1.13355
12 59 1.13355
12 60 1.10696
12 61 1.0974
12 62 1.08628
12 63 1.07926
12 64 1.11596
12 65 1.11596
12 66 1.11596
12 67 1.11596
12 68 1.11596
12 69 1.09841
12 70 1.08967
12 71 1.08079
12 72 1.07615
12 73 1.11102
12 74 1.11102
12 75 1.11102
12 76 1.11102
12 77 1.11102
12 78 1.0944
12 79 1.08827
12 80 1.08089
12 81 1.07613
12 82 1.11751
12 83 1.11751
12 84 1.11751
12 85 1.11751
12 86 1.11751
12 87 1.09795
12 88 1.09152
12 89 1.08408
12 90 1.07787
12 91 1.11327
12 92 1.11327
12 93 1.11327
12 94 1.11327
12 95 1.11327
12 96 1.0973
12 97 1.09066
12 98 1.08226
12 99 1.07664
12 100 1.10425
12 101 1.10425
12 102 1.10425
12 103 1.10425
12 104 1.10425
12 105 1.09121
12 106 1.08461
12 107 1.07773
12 108 1.07406
12 109 1.09711
12 110 1.09711
12 111 1.09711
12 112 1.09711
12 113 1.09711
12 114 1.08615
12 115 1.08185
12 116 1.07598
12 117 1.07248
12 118 1.10024
12 119 1.10024
12 120 1.10024
12 121 1.10024
12 122 1.10024
12 123 1.08828
12 124 1.08466
12 125 1.07834
12 126 1.07364
12 127 1.09813
12 128 1.09813
12 129 1.09813
12 130 1.09813
12 131 1.09813
12 132 1.08739
12 133 1.08335
12 134 1.07689
12 135 1.07276
12 136 1.09306
12 137 1.09306
12 138 1.09306
12 139 1.09306
12 140 1.09306
12 141 1.0835
12 142 1.07867
12 143 1.07353
12 144 1.07078
13 1 1.14546
13 2 1.14546
13 3 1.14546
13 4 1.14546
13 5 1.14546
13 6 1.10925
13 7 1.09751
13 8 1.08529
13 9 1.07853
13 10 1.30134
13 11 1.30134
13 12 1.30134
13 13 1.30134
13 14 1.30134
13 15 1.11986
13 16 1.10207
13 17 1.08765
13 18 1.08079
13 19 1.15969
13 20 1.15969
13 21 1.15969
13 22 1.15969
13 23 1.15969
13 24 1.11314
13 25 1.09849
13 26 1.08578
13 27 1.07937
13 28 1.12464
13 29 1.12464
13 30 1.12464
13 31 1.12464
13 32 1.12464
13 33 1.10235
13 34 1.09158
13 35 1.08137
13 36 1.07627
13 37 1.12814
13 38 1.12814
13 39 1.12814
13 40 1.12814
13 41 1.12814
13 42 1.10285
13 43 1.09384
13 44 1.08428
13 45 1.07849
13 46 1.14518
13 47 1.14518
13 48 1.14518
13 49 1.14518
13 50 1.14518
13 51 1.10793
13 52 1.09819
13 53 1.08796
13 54 1.08084
13 55 1.13355
13 56 1.13355
13 57 1.13355
13 58 1.13355
13 59 1.13355
13 60 1.10696
13 61 1.0974
13 62 1.08628
13 63 1.07926
13 64 1.11596
13 65 1.11596
13 66 1.11596
13 67 1.11596
13 68 1.11596
13 69 1.09841
13 70 1.08967
13 71 1.08079
13 72 1.07615
13 73 1.11102
13 74 1.11102
13 75 1.11102
13 76 1.11102
13 77 1.11102
13 78 1.0944
13 79 1.08827
13 80 1.08089
13 81 1.07613
13 82 1.11751
13 83 1.11751
13 84 1.11751
13 85 1.11751
13 86 1.11751
13 87 1.09795
13 88 1.09152
13 89 1.08408
13 90 1.07787
13 91 1.11327
13 92 1.11327
13 93 1.11327
13 94 1.11327
13 95 1.11327
13 96 1.0973
13 97 1.09066
13 98 1.08226
13 99 1.07664
13 100 1.10425
13 101 1.10425
13 102 1.10425
13 103 1.10425
13 104 1.10425
13 105 1.09121
13 106 1.08461
13 107 1.07773
13 108 1.07406
13 109 1.09711
13 110 1.09711
13 111 1.09711
13 112 1.09711
13 113 1.09711
13 114 1.08615
13 115 1.08185
13 116 1.07598
13 117 1.07248
13 118 1.10024
13 119 1.10024
13 120 1.10024
13 121 1.10024
13 122 1.10024
13 123 1.08828
13 124 1.08466
13 125 1.07834
13 126 1.07364
13 127 1.09813
13 128 1.09813
13 129 1.09813
13 130 1.09813
13 131 1.09813
13 132 1.08739
13 133 1.08335
13 134 1.07689
13 135 1.07276
13 136 1.09306
13 137 1.09306
13 138 1.09306
13 139 1.09306
13 140 1.09306
13 141 1.0835
13 142 1.07867
13 143 1.07353
13 144 1.07078
14 1 1.14546
14 2 1.14546
14 3 1.14546
14 4 1.14546
14 5 1.14546
14 6 1.10925
14 7 1.09751
14 8 1.08529
14 9 1.07853
14 10 1.30134
14 11 1.30134
14 12 1.30134
14 13 1.30134
14 14 1.30134
14 15 1.11986
14 16 1.10207
14 17 1.08765
14 18 1.08079
14 19 1.15969
14 20 1.15969
14 21 1.15969
14 22 1.15969
14 23 1.15969
14 24 1.11314
14 25 1.09849
14 26 1.08578
14 27 1.07937
14 28 1.12464
14 29 1.12464
14 30 1.12464
14 31 1.12464
14 32 1.12464
14 33 1.10235
14 34 1.09158
14 35 1.08137
14 36 1.07627
14 37 1.12814
14 38 1.12814
14 39 1.12814
14 40 1.12814
14 41 1.12814
14 42 1.10285
14 43 1.09384
14 44 1.08428
14 45 1.07849
14 46 1.14518
14 47 1.14518
14 48 1.14518
14 49 1.14518
14 50 1.14518
14 51 1.10793
14 52 1.09819
14 53 1.08796
14 54 1.08084
14 55 1.13355
14 56 1.13355
14 57 1.13355
14 58 1.13355
14 59 1.13355
14 60 1.10696
14 61 1.0974
14 62 1.08628
14 63 1.07926
14 64 1.11596
14 65 1.11596
14 66 1.11596
14 67 1.11596
14 68 1.11596
14 69 1.09841
14 70 1.08967
14 71 1.08079
14 72 1.07615
14 73 1.11102
14 74 1.11102
14 75 1.11102
14 76 1.11102
14 77 1.11102
14 78 1.0944
14 79 1.08827
14 80 1.08089
14 81 1.07613
14 82 1.11751
14 83 1.11751
14 84 1.11751
14 85 1.11751
14 86 1.11751
14 87 1.09795
14 88 1.09152
14 89 1.08408
14 90 1.07787
14 91 1.11327
14 92 1.11327
14 93 1.11327
14 94 1.11327
14 95 1.11327
14 96 1.0973
14 97 1.09066
14 98 1.08226
14 99 1.07664
14 100 1.10425
14 101 1.10425
14 102 1.10425
14 103 1.10425
14 104 1.10425
14 105 1.09121
14 106 1.08461
14 107 1.07773
14 108 1.07406
14 109 1.09711
14 110 1.09711
14 111 1.09711
14 112 1.09711
14 113 1.09711
14 114 1.08615
14 115 1.08185
14 116 1.07598
14 117 1.07248
14 118 1.10024
14 119 1.10024
14 120 1.10024
14 121 1.10024
14 122 1.10024
14 123 1.08828
14 124 1.08466
14 125 1.07834
14 126 1.07364
14 127 1.09813
14 128 1.09813
14 129 1.09813
14 130 1.09813
14 131 1.09813
14 132 1.08739
14 133 1.08335
14 134 1.07689
14 135 1.07276
14 136 1.09306
14 137 1.09306
14 138 1.09306
14 139 1.09306
14 140 1.09306
14 141 1.0835
14 142 1.07867
14 143 1.07353
14 144 1.07078
15 1 1.1069
15 2 1.1069
15 3 1.1069
15 4 1.1069
15 5 1.1069
15 6 1.38373
15 7 1.33426
15 8 1.23369
15 9 1.1779
15 10 1.11986
15 11 1.11986
15 12 1.11986
15 13 1.11986
15 14 1.11986
15 15 3.37849
15 16 1.64126
15 17 1.2985
15 18 1.203
15 19 1.11118
15 20 1.11118
15 21 1.11118
15 22 1.11118
15 23 1.11118
15 24 1.37661
15 25 1.31437
15 26 1.23362
15 27 1.18409
15 28 1.09884
15 29 1.09884
15 30 1.09884
15 31 1.09884
15 32 1.09884
15 33 1.20457
15 34 1.19785
15 35 1.17128
15 36 1.15454
15 37 1.10288
15 38 1.10288
15 39 1.10288
15 40 1.10288
15 41 1.10288
15 42 1.25573
15 43 1.25112
15 44 1.20296
15 45 1.17015
15 46 1.11141
15 47 1.11141
15 48 1.11141
15 49 1.11141
15 50 1.11141
15 51 1.34477
15 52 1.30135
15 53 1.23734
15 54 1.18915
15 55 1.10693
15 56 1.10693
15 57 1.10693
15 58 1.10693
15 59 1.10693
15 60 1.27277
15 61 1.25919
15 62 1.21095
15 63 1.17463
15 64 1.09695
15 65 1.09695
15 66 1.09695
15 67 1.09695
15 68 1.09695
15 69 1.17982
15 70 1.18104
15 71 1.16264
15 72 1.1501
15 73 1.09519
15 74 1.09519
15 75 1.09519
15 76 1.09519
15 77 1.09519
15 78 1.17578
15 79 1.18627
15 80 1.16629
15 81 1.15092
15 82 1.09966
15 83 1.09966
15 84 1.09966
15 85 1.09966
15 86 1.09966
15 87 1.21624
15 88 1.2124
15 89 1.1875
15 90 1.16248
15 91 1.09726
15 92 1.09726
15 93 1.09726
15 94 1.09726
15 95 1.09726
15 96 1.19518
15 97 1.19647
15 98 1.17231
15 99 1.15379
15 100 1.09109
15 101 1.09109
15 102 1.09109
15 103 1.09109
15 104 1.09109
15 105 1.14354
15 106 1.14989
15 107 1.14286
15 108 1.13697
15 109 1.08696
15 110 1.08696
15 111 1.08696
15 112 1.08696
15 113 1.08696
15 114 1.13115
15 115 1.14303
15 116 1.13583
15 117 1.1303
15 118 1.0894
15 119 1.0894
15 120 1.0894
15 121 1.0894
15 122 1.0894
15 123 1.14994
15 124 1.16017
15 125 1.14759
15 126 1.13697
15 127 1.0879
15 128 1.0879
15 129 1.0879
15 130 1.0879
15 131 1.0879
15 132 1.14033
15 133 1.15052
15 134 1.13975
15 135 1.13203
15 136 1.08407
15 137 1.08407
15 138 1.08407
15 139 1.08407
15 140 1.08407
15 141 1.11602
15 142 1.12336
15 143 1.12285
15 144 1.12124
16 1 1.09521
16 2 1.09521
16 3 1.09521
16 4 1.09521
16 5 1.09521
16 6 1.33769
16 7 1.4047
16 8 1.30239
16 9 1.23101
16 10 1.10207
16 11 1.10207
16 12 1.10207
16 13 1.10207
16 14 1.10207
16 15 1.64126
16 16 3.87992
16 17 1.61114
16 18 1.29132
16 19 1.09753
16 20 1.09753
16 21 1.09753
16 22 1.09753
16 23 1.09753
16 24 1.31177
16 25 1.42276
16 26 1.33478
16 27 1.24883
16 28 1.08966
16 29 1.08966
16 30 1.08966
16 31 1.08966
16 32 1.08966
16 33 1.20188
16 34 1.2233
16 35 1.2103
16 36 1.19544
16 37 1.0933
16 38 1.0933
16 39 1.0933
16 40 1.0933
16 41 1.0933
16 42 1.25084
16 43 1.28088
16 44 1.24323
16 45 1.21106
16 46 1.09903
16 47 1.09903
16 48 1.09903
16 49 1.09903
16 50 1.09903
16 51 1.31068
16 52 1.34163
16 53 1.29452
16 54 1.24148
16 55 1.09602
16 56 1.09602
16 57 1.09602
16 58 1.09602
16 59 1.09602
16 60 1.25877
16 61 1.28444
16 62 1.25547
16 63 1.22008
16 64 1.08887
16 65 1.08887
16 66 1.08887
16 67 1.08887
16 68 1.08887
16 69 1.18066
16 70 1.19799
16 71 1.1917
16 72 1.18361
16 73 1.08805
16 74 1.08805
16 75 1.08805
16 76 1.08805
16 77 1.08805
16 78 1.18172
16 79 1.20371
16 80 1.19154
16 81 1.1801
16 82 1.09134
16 83 1.09134
16 84 1.09134
16 85 1.09134
16 86 1.09134
16 87 1.21899
16 88 1.23027
16 89 1.21586
16 90 1.19573
16 91 1.0895
16 92 1.0895
16 93 1.0895
16 94 1.0895
16 95 1.0895
16 96 1.19787
16 97 1.21172
16 98 1.19787
16 99 1.18461
16 100 1.08472
16 101 1.08472
16 102 1.08472
16 103 1.08472
16 104 1.08472
16 105 1.14783
16 106 1.16296
16 107 1.16422
16 108 1.16233
16 109 1.08176
16 110 1.08176
16 111 1.08176
16 112 1.08176
16 113 1.08176
16 114 1.13758
16 115 1.15573
16 116 1.15362
16 117 1.15108
16 118 1.08365
16 119 1.08365
16 120 1.08365
16 121 1.08365
16 122 1.08365
16 123 1.1573
16 124 1.17348
16 125 1.16631
16 126 1.15953
16 127 1.0824
16 128 1.0824
16 129 1.0824
16 130 1.0824
16 131 1.0824
16 132 1.14659
16 133 1.16286
16 134 1.15766
16 135 1.15351
16 136 1.07926
16 137 1.07926
16 138 1.07926
16 139 1.07926
16 140 1.07926
16 141 1.12091
16 142 1.13387
16 143 1.1388
16 144 1.14001
17 1 1.08365
17 2 1.08365
17 3 1.08365
17 4 1.08365
17 5 1.08365
17 6 1.23326
17 7 1.29638
17 8 1.33416
17 9 1.30264
17 10 1.08765
17 11 1.08765
17 12 1.08765
17 13 1.08765
17 14 1.08765
17 15 1.2985
17 16 1.61114
17 17 3.62009
17 18 1.50848
17 19 1.08553
17 20 1.08553
17 21 1.08553
17 22 1.08553
17 23 1.08553
17 24 1.23445
17 25 1.3426
17 26 1.48743
17 27 1.36129
17 28 1.08097
17 29 1.08097
17 30 1.08097
17 31 1.08097
17 32 1.08097
17 33 1.18252
17 34 1.22402
17 35 1.25447
17 36 1.25595
17 37 1.08291
17 38 1.08291
17 39 1.08291
17 40 1.08291
17 41 1.08291
17 42 1.20028
17 43 1.23965
17 44 1.25768
17 45 1.25625
17 46 1.08666
17 47 1.08666
17 48 1.08666
17 49 1.08666
17 50 1.08666
17 51 1.23295
17 52 1.27466
17 53 1.3279
17 54 1.31028
17 55 1.08508
17 56 1.08508
17 57 1.08508
17 58 1.08508
17 59 1.08508
17 60 1.21163
17 61 1.25193
17 62 1.28927
17 63 1.28153
17 64 1.08062
17 65 1.08062
17 66 1.08062
17 67 1.08062
17 68 1.08062
17 69 1.16672
17 70 1.19855
17 71 1.22082
17 72 1.22773
17 73 1.07965
17 74 1.07965
17 75 1.07965
17 76 1.07965
17 77 1.07965
17 78 1.16348
17 79 1.19173
17 80 1.20312
17 81 1.20802
17 82 1.08198
17 83 1.08198
17 84 1.08198
17 85 1.08198
17 86 1.08198
17 87 1.19003
17 88 1.2103
17 89 1.22676
17 90 1.23003
17 91 1.08091
17 92 1.08091
17 93 1.08091
17 94 1.08091
17 95 1.08091
17 96 1.17698
17 97 1.19976
17 98 1.21358
17 99 1.219
17 100 1.07777
17 101 1.07777
17 102 1.07777
17 103 1.07777
17 104 1.07777
17 105 1.14251
17 106 1.16687
17 107 1.18432
17 108 1.192
17 109 1.07523
17 110 1.07523
17 111 1.07523
17 112 1.07523
17 113 1.07523
17 114 1.13243
17 115 1.15494
17 116 1.1642
17 117 1.16934
17 118 1.07667
17 119 1.07667
17 120 1.07667
17 121 1.07667
17 122 1.07667
17 123 1.14916
17 124 1.16893
17 125 1.17583
17 126 1.18027
17 127 1.07588
17 128 1.07588
17 129 1.07588
17 130 1.07588
17 131 1.07588
17 132 1.1409
17 133 1.16168
17 134 1.1697
17 135 1.17477
17 136 1.07371
17 137 1.07371
17 138 1.07371
17 139 1.07371
17 140 1.07371
17 141 1.12044
17 142 1.13938
17 143 1.15338
17 144 1.15995
18 1 1.07822
18 2 1.07822
18 3 1.07822
18 4 1.07822
18 5 1.07822
18 6 1.18676
18 7 1.23901
18 8 1.31161
18 9 1.36262
18 10 1.08079
18 11 1.08079
18 12 1.08079
18 13 1.08079
18 14 1.08079
18 15 1.203
18 16 1.29132
18 17 1.50848
18 18 2.08957
18 19 1.07939
18 20 1.07939
18 21 1.07939
18 22 1.07939
18 23 1.07939
18 24 1.18627
18 25 1.2578
18 26 1.37097
18 27 1.42228
18 28 1.0762
18 29 1.0762
18 30 1.0762
18 31 1.0762
18 32 1.0762
18 33 1.16233
18 34 1.20596
18 35 1.25556
18 36 1.28147
18 37 1.07791
18 38 1.07791
18 39 1.07791
18 40 1.07791
18 41 1.07791
18 42 1.17439
18 43 1.215
18 44 1.26062
18 45 1.28878
18 46 1.08049
18 47 1.08049
18 48 1.08049
18 49 1.08049
18 50 1.08049
18 51 1.19124
18 52 1.2283
18 53 1.29983
18 54 1.35272
18 55 1.07935
18 56 1.07935
18 57 1.07935
18 58 1.07935
18 59 1.07935
18 60 1.1799
18 61 1.21822
18 62 1.27733
18 63 1.31028
18 64 1.07607
18 65 1.07607
18 66 1.07607
18 67 1.07607
18 68 1.07607
18 69 1.15294
18 70 1.18873
18 71 1.22605
18 72 1.24598
18 73 1.07552
18 74 1.07552
18 75 1.07552
18 76 1.07552
18 77 1.07552
18 78 1.1529
18 79 1.18357
18 80 1.20937
18 81 1.22597
18 82 1.07717
18 83 1.07717
18 84 1.07717
18 85 1.07717
18 86 1.07717
18 87 1.17112
18 88 1.19418
18 89 1.22679
18 90 1.24815
18 91 1.07631
18 92 1.07631
18 93 1.07631
18 94 1.07631
18 95 1.07631
18 96 1.1614
18 97 1.187
18 98 1.21576
18 99 1.23459
18 100 1.07389
18 101 1.07389
18 102 1.07389
18 103 1.07389
18 104 1.07389
18 105 1.13609
18 106 1.16411
18 107 1.19043
18 108 1.20429
18 109 1.07198
18 110 1.07198
18 111 1.07198
18 112 1.07198
18 113 1.07198
18 114 1.1291
18 115 1.15375
18 116 1.17015
18 117 1.18029
18 118 1.07302
18 119 1.07302
18 120 1.07302
18 121 1.07302
18 122 1.07302
18 123 1.14271
18 124 1.16382
18 125 1.17918
18 126 1.19079
18 127 1.07234
18 128 1.07234
18 129 1.07234
18 130 1.07234
18 131 1.07234
18 132 1.13551
18 133 1.15806
18 134 1.17368
18 135 1.18437
18 136 1.07057
18 137 1.07057
18 138 1.07057
18 139 1.07057
18 140 1.07057
18 141 1.11822
18 142 1.13982
18 143 1.15866
18 144 1.16829
19 1 1.11713
19 2 1.11713
19 3 1.11713
19 4 1.11713
19 5 1.11713
19 6 1.09873
19 7 1.09079
19 8 1.08122
19 9 1.07578
19 10 1.15969
19 11 1.15969
19 12 1.15969
19 13 1.15969
19 14 1.15969
19 15 1.11118
19 16 1.09753
19 17 1.08553
19 18 1.07939
19 19 1.30209
19 20 1.30209
19 21 1.30209
19 22 1.30209
19 23 1.30209
19 24 1.11874
19 25 1.10027
19 26 1.08593
19 27 1.07939
19 28 1.16068
19 29 1.16068
19 30 1.16068
19 31 1.16068
19 32 1.16068
19 33 1.11211
19 34 1.09671
19 35 1.08384
19 36 1.07765
19 37 1.11069
19 38 1.11069
19 39 1.11069
19 40 1.11069
19 41 1.11069
19 42 1.09532
19 43 1.08885
19 44 1.08085
19 45 1.07589
19 46 1.13358
19 47 1.13358
19 48 1.13358
19 49 1.13358
19 50 1.13358
19 51 1.10409
19 52 1.09533
19 53 1.08601
19 54 1.07949
19 55 1.14546
19 56 1.14546
19 57 1.14546
19 58 1.14546
19 59 1.14546
19 60 1.10803
19 61 1.0974
19 62 1.08614
19 63 1.07921
19 64 1.13437
19 65 1.13437
19 66 1.13437
19 67 1.13437
19 68 1.13437
19 69 1.10484
19 70 1.09327
19 71 1.08272
19 72 1.07738
19 73 1.10099
19 74 1.10099
19 75 1.10099
19 76 1.10099
19 77 1.10099
19 78 1.08915
19 79 1.08457
19 80 1.07804
19 81 1.07381
19 82 1.11332
19 83 1.11332
19 84 1.11332
19 85 1.11332
19 86 1.11332
19 87 1.09561
19 88 1.08952
19 89 1.08255
19 90 1.07672
19 91 1.11764
19 92 1.11764
19 93 1.11764
19 94 1.11764
19 95 1.11764
19 96 1.09772
19 97 1.09033
19 98 1.0821
19 99 1.0766
19 100 1.11381
19 101 1.11381
19 102 1.11381
19 103 1.11381
19 104 1.11381
19 105 1.09546
19 106 1.08718
19 107 1.07927
19 108 1.07516
19 109 1.09106
19 110 1.09106
19 111 1.09106
19 112 1.09106
19 113 1.09106
19 114 1.08237
19 115 1.07895
19 116 1.07364
19 117 1.07047
19 118 1.09817
19 119 1.09817
19 120 1.09817
19 121 1.09817
19 122 1.09817
19 123 1.08675
19 124 1.08322
19 125 1.07719
19 126 1.07271
19 127 1.10031
19 128 1.10031
19 129 1.10031
19 130 1.10031
19 131 1.10031
19 132 1.0878
19 133 1.08319
19 134 1.07685
19 135 1.07278
19 136 1.09853
19 137 1.09853
19 138 1.09853
19 139 1.09853
19 140 1.09853
19 141 1.08641
19 142 1.08059
19 143 1.07481
19 144 1.07177
20 1 1.11713
20 2 1.11713
20 3 1.11713
20 4 1.11713
20 5 1.11713
20 6 1.09873
20 7 1.09079
20 8 1.08122
20 9 1.07578
20 10 1.15969
20 11 1.15969
20 12 1.15969
20 13 1.15969
20 14 1.15969
20 15 1.11118
20 16 1.09753
20 17 1.08553
20 18 1.07939
20 19 1.30209
20 20 1.30209
20 21 1.30209
20 22 1.30209
20 23 1.30209
20 24 1.11874
20 25 1.10027
20 26 1.08593
20 27 1.07939
20 28 1.16068
20 29 1.16068
20 30 1.16068
20 31 1.16068
20 32 1.16068
20 33 1.11211
20 34 1.09671
20 35 1.08384
20 36 1.07765
20 37 1.11069
20 38 1.11069
20 39 1.11069
20 40 1.11069
20 41 1.11069
20 42 1.09532
20 43 1.08885
20 44 1.08085
20 45 1.07589
20 46 1.13358
20 47 1.13358
20 48 1.13358
20 49 1.13358
20 50 1.13358
20 51 1.10409
20 52 1.09533
20 53 1.08601
20 54 1.07949
20 55 1.14546
20 56 1.14546
20 57 1.14546
20 58 1.14546
20 59 1.14546
20 60 1.10803
20 61 1.0974
20 62 1.08614
20 63 1.07921
20 64 1.13437
20 65 1.13437
20 66 1.13437
20 67 1.13437
20 68 1.13437
20 69 1.10484
20 70 1.09327
20 71 1.08272
20 72 1.07738
20 73 1.10099
20 74 1.10099
20 75 1.10099
20 76 1.10099
20 77 1.10099
20 78 1.08915
20 79 1.08457
20 80 1.07804
20 81 1.07381
20 82 1.11332
20 83 1.11332
20 84 1.11332
20 85 1.11332
20 86 1.11332
20 87 1.09561
20 88 1.08952
20 89 1.08255
20 90 1.07672
20 91 1.11764
20 92 1.11764
20 93 1.11764
20 94 1.11764
20 95 1.11764
20 96 1.09772
20 97 1.09033
20 98 1.0821
20 99 1.0766
20 100 1.11381
20 101 1.11381
20 102 1.11381
20 103 1.11381
20 104 1.11381
20 105 1.09546
20 106 1.08718
20 107 1.07927
20 108 1.07516
20 109 1.09106
20 110 1.09106
20 111 1.09106
20 112 1.09106
20 113 1.09106
20 114 1.08237
20 115 1.07895
20 116 1.07364
20 117 1.07047
20 118 1.09817
20 119 1.09817
20 120 1.09817
20 121 1.09817
20 122 1.09817
20 123 1.08675
20 124 1.08322
20 125 1.07719
20 126 1.07271
20 127 1.10031
20 128 1.10031
20 129 1.10031
20 130 1.10031
20 131 1.10031
20 132 1.0878
20 133 1.08319
20 134 1.07685
20 135 1.07278
20 136 1.09853
20 137 1.09853
20 138 1.09853
20 139 1.09853
20 140 1.09853
20 141 1.08641
20 142 1.08059
20 143 1.07481
20 144 1.07177
21 1 1.11713
21 2 1.11713
21 3 1.11713
21 4 1.11713
21 5 1.11713
21 6 1.09873
21 7 1.09079
21 8 1.08122
21 9 1.07578
21 10 1.15969
21 11 1.15969
21 12 1.15969
21 13 1.15969
21 14 1.15969
21 15 1.11118
21 16 1.09753
21 17 1.08553
21 18 1.07939
21 19 1.30209
21 20 1.30209
21 21 1.30209
21 22 1.30209
21 23 1.30209
21 24 1.11874
21 25 1.10027
21 26 1.08593
21 27 1.07939
21 28 1.16068
