injected_el measured_el potential
1 1 1.30506
1 2 1.30506
1 3 1.30506
1 4 1.30506
1 5 1.30506
1 6 1.11837
1 7 1.09717
1 8 1.08246
1 9 1.0758
1 10 1.14684
1 11 1.14684
1 12 1.14684
1 13 1.14684
1 14 1.14684
1 15 1.10662
1 16 1.09172
1 17 1.0797
1 18 1.074
1 19 1.11807
1 20 1.11807
1 21 1.11807
1 22 1.11807
1 23 1.11807
1 24 1.09528
1 25 1.08504
1 26 1.07604
1 27 1.07163
1 28 1.10051
1 29 1.10051
1 30 1.10051
1 31 1.10051
1 32 1.10051
1 33 1.08573
1 34 1.07859
1 35 1.07205
1 36 1.06879
1 37 1.1479
1 38 1.1479
1 39 1.1479
1 40 1.1479
1 41 1.1479
1 42 1.10746
1 43 1.09272
1 44 1.08088
1 45 1.07542
1 46 1.12926
1 47 1.12926
1 48 1.12926
1 49 1.12926
1 50 1.12926
1 51 1.10082
1 52 1.08876
1 53 1.07855
1 54 1.07364
1 55 1.11149
1 56 1.11149
1 57 1.11149
1 58 1.11149
1 59 1.11149
1 60 1.09226
1 61 1.08332
1 62 1.07532
1 63 1.07137
1 64 1.09745
1 65 1.09745
1 66 1.09745
1 67 1.09745
1 68 1.09745
1 69 1.08413
1 70 1.07763
1 71 1.07164
1 72 1.06865
1 73 1.11937
1 74 1.11937
1 75 1.11937
1 76 1.11937
1 77 1.11937
1 78 1.09654
1 79 1.0865
1 80 1.07762
1 81 1.07356
1 82 1.11173
1 83 1.11173
1 84 1.11173
1 85 1.11173
1 86 1.11173
1 87 1.0926
1 88 1.08363
1 89 1.07571
1 90 1.07188
1 91 1.10154
1 92 1.10154
1 93 1.10154
1 94 1.10154
1 95 1.10154
1 96 1.08673
1 97 1.07958
1 98 1.07304
1 99 1.0698
1 100 1.09156
1 101 1.09156
1 102 1.09156
1 103 1.09156
1 104 1.09156
1 105 1.08046
1 106 1.07497
1 107 1.06986
1 108 1.0673
1 109 1.1016
1 110 1.1016
1 111 1.1016
1 112 1.1016
1 113 1.1016
1 114 1.08715
1 115 1.0801
1 116 1.07355
1 117 1.07074
1 118 1.09748
1 119 1.09748
1 120 1.09748
1 121 1.09748
1 122 1.09748
1 123 1.08447
1 124 1.07788
1 125 1.07199
1 126 1.06918
1 127 1.09136
1 128 1.09136
1 129 1.09136
1 130 1.09136
1 131 1.09136
1 132 1.08036
1 133 1.07488
1 134 1.06982
1 135 1.06731
1 136 1.0845
1 137 1.0845
1 138 1.0845
1 139 1.0845
1 140 1.0845
1 141 1.0757
1 142 1.07129
1 143 1.06716
1 144 1.06508
2 1 1.30506
2 2 1.30506
2 3 1.30506
2 4 1.30506
2 5 1.30506
2 6 1.11837
2 7 1.09717
2 8 1.08246
2 9 1.0758
2 10 1.14684
2 11 1.14684
2 12 1.14684
2 13 1.14684
2 14 1.14684
2 15 1.10662
2 16 1.09172
2 17 1.0797
2 18 1.074
2 19 1.11807
2 20 1.11807
2 21 1.11807
2 22 1.11807
2 23 1.11807
2 24 1.09528
2 25 1.08504
2 26 1.07604
2 27 1.07163
2 28 1.10051
2 29 1.10051
2 30 1.10051
2 31 1.10051
2 32 1.10051
2 33 1.08573
2 34 1.07859
2 35 1.07205
2 36 1.06879
2 37 1.1479
2 38 1.1479
2 39 1.1479
2 40 1.1479
2 41 1.1479
2 42 1.10746
2 43 1.09272
2 44 1.08088
2 45 1.07542
2 46 1.12926
2 47 1.12926
2 48 1.12926
2 49 1.12926
2 50 1.12926
2 51 1.10082
2 52 1.08876
2 53 1.07855
2 54 1.07364
2 55 1.11149
2 56 1.11149
2 57 1.11149
2 58 1.11149
2 59 1.11149
2 60 1.09226
2 61 1.08332
2 62 1.07532
2 63 1.07137
2 64 1.09745
2 65 1.09745
2 66 1.09745
2 67 1.09745
2 68 1.09745
2 69 1.08413
2 70 1.07763
2 71 1.07164
2 72 1.06865
2 73 1.11937
2 74 1.11937
2 75 1.11937
2 76 1.11937
2 77 1.11937
2 78 1.09654
2 79 1.0865
2 80 1.07762
2 81 1.07356
2 82 1.11173
2 83 1.11173
2 84 1.11173
2 85 1.11173
2 86 1.11173
2 87 1.0926
2 88 1.08363
2 89 1.07571
2 90 1.07188
2 91 1.10154
2 92 1.10154
2 93 1.10154
2 94 1.10154
2 95 1.10154
2 96 1.08673
2 97 1.07958
2 98 1.07304
2 99 1.0698
2 100 1.09156
2 101 1.09156
2 102 1.09156
2 103 1.09156
2 104 1.09156
2 105 1.08046
2 106 1.07497
2 107 1.06986
2 108 1.0673
2 109 1.1016
2 110 1.1016
2 111 1.1016
2 112 1.1016
2 113 1.1016
2 114 1.08715
2 115 1.0801
2 116 1.07355
2 117 1.07074
2 118 1.09748
2 119 1.09748
2 120 1.09748
2 121 1.09748
2 122 1.09748
2 123 1.08447
2 124 1.07788
2 125 1.07199
2 126 1.06918
2 127 1.09136
2 128 1.09136
2 129 1.09136
2 130 1.09136
2 131 1.09136
2 132 1.08036
2 133 1.07488
2 134 1.06982
2 135 1.06731
2 136 1.0845
2 137 1.0845
2 138 1.0845
2 139 1.0845
2 140 1.0845
2 141 1.0757
2 142 1.07129
2 143 1.06716
2 144 1.06508
3 1 1.30506
3 2 1.30506
3 3 1.30506
3 4 1.30506
3 5 1.30506
3 6 1.11837
3 7 1.09717
3 8 1.08246
3 9 1.0758
3 10 1.14684
3 11 1.14684
3 12 1.14684
3 13 1.14684
3 14 1.14684
3 15 1.10662
3 16 1.09172
3 17 1.0797
3 18 1.074
3 19 1.11807
3 20 1.11807
3 21 1.11807
3 22 1.11807
3 23 1.11807
3 24 1.09528
3 25 1.08504
3 26 1.07604
3 27 1.07163
3 28 1.10051
3 29 1.10051
3 30 1.10051
3 31 1.10051
3 32 1.10051
3 33 1.08573
3 34 1.07859
3 35 1.07205
3 36 1.06879
3 37 1.1479
3 38 1.1479
3 39 1.1479
3 40 1.1479
3 41 1.1479
3 42 1.10746
3 43 1.09272
3 44 1.08088
3 45 1.07542
3 46 1.12926
3 47 1.12926
3 48 1.12926
3 49 1.12926
3 50 1.12926
3 51 1.10082
3 52 1.08876
3 53 1.07855
3 54 1.07364
3 55 1.11149
3 56 1.11149
3 57 1.11149
3 58 1.11149
3 59 1.11149
3 60 1.09226
3 61 1.08332
3 62 1.07532
3 63 1.07137
3 64 1.09745
3 65 1.09745
3 66 1.09745
3 67 1.09745
3 68 1.09745
3 69 1.08413
3 70 1.07763
3 71 1.07164
3 72 1.06865
3 73 1.11937
3 74 1.11937
3 75 1.11937
3 76 1.11937
3 77 1.11937
3 78 1.09654
3 79 1.0865
3 80 1.07762
3 81 1.07356
3 82 1.11173
3 83 1.11173
3 84 1.11173
3 85 1.11173
3 86 1.11173
3 87 1.0926
3 88 1.08363
3 89 1.07571
3 90 1.07188
3 91 1.10154
3 92 1.10154
3 93 1.10154
3 94 1.10154
3 95 1.10154
3 96 1.08673
3 97 1.07958
3 98 1.07304
3 99 1.0698
3 100 1.09156
3 101 1.09156
3 102 1.09156
3 103 1.09156
3 104 1.09156
3 105 1.08046
3 106 1.07497
3 107 1.06986
3 108 1.0673
3 109 1.1016
3 110 1.1016
3 111 1.1016
3 112 1.1016
3 113 1.1016
3 114 1.08715
3 115 1.0801
3 116 1.07355
3 117 1.07074
3 118 1.09748
3 119 1.09748
3 120 1.09748
3 121 1.09748
3 122 1.09748
3 123 1.08447
3 124 1.07788
3 125 1.07199
3 126 1.06918
3 127 1.09136
3 128 1.09136
3 129 1.09136
3 130 1.09136
3 131 1.09136
3 132 1.08036
3 133 1.07488
3 134 1.06982
3 135 1.06731
3 136 1.0845
3 137 1.0845
3 138 1.0845
3 139 1.0845
3 140 1.0845
3 141 1.0757
3 142 1.07129
3 143 1.06716
3 144 1.06508
4 1 1.30506
4 2 1.30506
4 3 1.30506
4 4 1.30506
4 5 1.30506
4 6 1.11837
4 7 1.09717
4 8 1.08246
4 9 1.0758
4 10 1.14684
4 11 1.14684
4 12 1.14684
4 13 1.14684
4 14 1.14684
4 15 1.10662
4 16 1.09172
4 17 1.0797
4 18 1.074
4 19 1.11807
4 20 1.11807
4 21 1.11807
4 22 1.11807
4 23 1.11807
4 24 1.09528
4 25 1.08504
4 26 1.07604
4 27 1.07163
4 28 1.10051
4 29 1.10051
4 30 1.10051
4 31 1.10051
4 32 1.10051
4 33 1.08573
4 34 1.07859
4 35 1.07205
4 36 1.06879
4 37 1.1479
4 38 1.1479
4 39 1.1479
4 40 1.1479
4 41 1.1479
4 42 1.10746
4 43 1.09272
4 44 1.08088
4 45 1.07542
4 46 1.12926
4 47 1.12926
4 48 1.12926
4 49 1.12926
4 50 1.12926
4 51 1.10082
4 52 1.08876
4 53 1.07855
4 54 1.07364
4 55 1.11149
4 56 1.11149
4 57 1.11149
4 58 1.11149
4 59 1.11149
4 60 1.09226
4 61 1.08332
4 62 1.07532
4 63 1.07137
4 64 1.09745
4 65 1.09745
4 66 1.09745
4 67 1.09745
4 68 1.09745
4 69 1.08413
4 70 1.07763
4 71 1.07164
4 72 1.06865
4 73 1.11937
4 74 1.11937
4 75 1.11937
4 76 1.11937
4 77 1.11937
4 78 1.09654
4 79 1.0865
4 80 1.07762
4 81 1.07356
4 82 1.11173
4 83 1.11173
4 84 1.11173
4 85 1.11173
4 86 1.11173
4 87 1.0926
4 88 1.08363
4 89 1.07571
4 90 1.07188
4 91 1.10154
4 92 1.10154
4 93 1.10154
4 94 1.10154
4 95 1.10154
4 96 1.08673
4 97 1.07958
4 98 1.07304
4 99 1.0698
4 100 1.09156
4 101 1.09156
4 102 1.09156
4 103 1.09156
4 104 1.09156
4 105 1.08046
4 106 1.07497
4 107 1.06986
4 108 1.0673
4 109 1.1016
4 110 1.1016
4 111 1.1016
4 112 1.1016
4 113 1.1016
4 114 1.08715
4 115 1.0801
4 116 1.07355
4 117 1.07074
4 118 1.09748
4 119 1.09748
4 120 1.09748
4 121 1.09748
4 122 1.09748
4 123 1.08447
4 124 1.07788
4 125 1.07199
4 126 1.06918
4 127 1.09136
4 128 1.09136
4 129 1.09136
4 130 1.09136
4 131 1.09136
4 132 1.08036
4 133 1.07488
4 134 1.06982
4 135 1.06731
4 136 1.0845
4 137 1.0845
4 138 1.0845
4 139 1.0845
4 140 1.0845
4 141 1.0757
4 142 1.07129
4 143 1.06716
4 144 1.06508
5 1 1.30506
5 2 1.30506
5 3 1.30506
5 4 1.30506
5 5 1.30506
5 6 1.11837
5 7 1.09717
5 8 1.08246
5 9 1.0758
5 10 1.14684
5 11 1.14684
5 12 1.14684
5 13 1.14684
5 14 1.14684
5 15 1.10662
5 16 1.09172
5 17 1.0797
5 18 1.074
5 19 1.11807
5 20 1.11807
5 21 1.11807
5 22 1.11807
5 23 1.11807
5 24 1.09528
5 25 1.08504
5 26 1.07604
5 27 1.07163
5 28 1.10051
5 29 1.10051
5 30 1.10051
5 31 1.10051
5 32 1.10051
5 33 1.08573
5 34 1.07859
5 35 1.07205
5 36 1.06879
5 37 1.1479
5 38 1.1479
5 39 1.1479
5 40 1.1479
5 41 1.1479
5 42 1.10746
5 43 1.09272
5 44 1.08088
5 45 1.07542
5 46 1.12926
5 47 1.12926
5 48 1.12926
5 49 1.12926
5 50 1.12926
5 51 1.10082
5 52 1.08876
5 53 1.07855
5 54 1.07364
5 55 1.11149
5 56 1.11149
5 57 1.11149
5 58 1.11149
5 59 1.11149
5 60 1.09226
5 61 1.08332
5 62 1.07532
5 63 1.07137
5 64 1.09745
5 65 1.09745
5 66 1.09745
5 67 1.09745
5 68 1.09745
5 69 1.08413
5 70 1.07763
5 71 1.07164
5 72 1.06865
5 73 1.11937
5 74 1.11937
5 75 1.11937
5 76 1.11937
5 77 1.11937
5 78 1.09654
5 79 1.0865
5 80 1.07762
5 81 1.07356
5 82 1.11173
5 83 1.11173
5 84 1.11173
5 85 1.11173
5 86 1.11173
5 87 1.0926
5 88 1.08363
5 89 1.07571
5 90 1.07188
5 91 1.10154
5 92 1.10154
5 93 1.10154
5 94 1.10154
5 95 1.10154
5 96 1.08673
5 97 1.07958
5 98 1.07304
5 99 1.0698
5 100 1.09156
5 101 1.09156
5 102 1.09156
5 103 1.09156
5 104 1.09156
5 105 1.08046
5 106 1.07497
5 107 1.06986
5 108 1.0673
5 109 1.1016
5 110 1.1016
5 111 1.1016
5 112 1.1016
5 113 1.1016
5 114 1.08715
5 115 1.0801
5 116 1.07355
5 117 1.07074
5 118 1.09748
5 119 1.09748
5 120 1.09748
5 121 1.09748
5 122 1.09748
5 123 1.08447
5 124 1.07788
5 125 1.07199
5 126 1.06918
5 127 1.09136
5 128 1.09136
5 129 1.09136
5 130 1.09136
5 131 1.09136
5 132 1.08036
5 133 1.07488
5 134 1.06982
5 135 1.06731
5 136 1.0845
5 137 1.0845
5 138 1.0845
5 139 1.0845
5 140 1.0845
5 141 1.0757
5 142 1.07129
5 143 1.06716
5 144 1.06508
6 1 1.11837
6 2 1.11837
6 3 1.11837
6 4 1.11837
6 5 1.11837
6 6 6.91555
6 7 2.14088
6 8 1.39229
6 9 1.20528
6 10 1.10654
6 11 1.10654
6 12 1.10654
6 13 1.10654
6 14 1.10654
6 15 1.44486
6 16 1.36582
6 17 1.24277
6 18 1.17949
6 19 1.09519
6 20 1.09519
6 21 1.09519
6 22 1.09519
6 23 1.09519
6 24 1.19328
6 25 1.19274
6 26 1.16742
6 27 1.15051
6 28 1.08564
6 29 1.08564
6 30 1.08564
6 31 1.08564
6 32 1.08564
6 33 1.12428
6 34 1.13069
6 35 1.12871
6 36 1.12607
6 37 1.10789
6 38 1.10789
6 39 1.10789
6 40 1.10789
6 41 1.10789
6 42 1.43511
6 43 1.35961
6 44 1.24041
6 45 1.18066
6 46 1.10087
6 47 1.10087
6 48 1.10087
6 49 1.10087
6 50 1.10087
6 51 1.25689
6 52 1.24391
6 53 1.19393
6 54 1.16365
6 55 1.09223
6 56 1.09223
6 57 1.09223
6 58 1.09223
6 59 1.09223
6 60 1.15895
6 61 1.16326
6 62 1.1509
6 63 1.14157
6 64 1.08408
6 65 1.08408
6 66 1.08408
6 67 1.08408
6 68 1.08408
6 69 1.1153
6 70 1.12184
6 71 1.12219
6 72 1.12114
6 73 1.09706
6 74 1.09706
6 75 1.09706
6 76 1.09706
6 77 1.09706
6 78 1.18758
6 79 1.18885
6 80 1.16601
6 81 1.15167
6 82 1.09271
6 83 1.09271
6 84 1.09271
6 85 1.09271
6 86 1.09271
6 87 1.15724
6 88 1.16199
6 89 1.1504
6 90 1.14166
6 91 1.08675
6 92 1.08675
6 93 1.08675
6 94 1.08675
6 95 1.08675
6 96 1.12483
6 97 1.13137
6 98 1.12963
6 99 1.12712
6 100 1.08045
6 101 1.08045
6 102 1.08045
6 103 1.08045
6 104 1.08045
6 105 1.10256
6 106 1.10878
6 107 1.11142
6 108 1.11206
6 109 1.08748
6 110 1.08748
6 111 1.08748
6 112 1.08748
6 113 1.08748
6 114 1.12126
6 115 1.12843
6 116 1.12788
6 117 1.12679
6 118 1.08454
6 119 1.08454
6 120 1.08454
6 121 1.08454
6 122 1.08454
6 123 1.11333
6 124 1.12032
6 125 1.1214
6 126 1.12086
6 127 1.08042
6 128 1.08042
6 129 1.08042
6 130 1.08042
6 131 1.08042
6 132 1.10178
6 133 1.10806
6 134 1.11092
6 135 1.1117
6 136 1.07572
6 137 1.07572
6 138 1.07572
6 139 1.07572
6 140 1.07572
6 141 1.0907
6 142 1.0961
6 143 1.09976
6 144 1.10129
7 1 1.09717
7 2 1.09717
7 3 1.09717
7 4 1.09717
7 5 1.09717
7 6 2.14088
7 7 6.91132
7 8 1.9906
7 9 1.31359
7 10 1.09163
7 11 1.09163
7 12 1.09163
7 13 1.09163
7 14 1.09163
7 15 1.36554
7 16 1.46676
7 17 1.34036
7 18 1.24926
7 19 1.08493
7 20 1.08493
7 21 1.08493
7 22 1.08493
7 23 1.08493
7 24 1.19263
7 25 1.2199
7 26 1.2095
7 27 1.19604
7 28 1.07849
7 29 1.07849
7 30 1.07849
7 31 1.07849
7 32 1.07849
7 33 1.13068
7 34 1.1476
7 35 1.15516
7 36 1.15695
7 37 1.09304
7 38 1.09304
7 39 1.09304
7 40 1.09304
7 41 1.09304
7 42 1.35787
7 43 1.4585
7 44 1.33655
7 45 1.25028
7 46 1.08881
7 47 1.08881
7 48 1.08881
7 49 1.08881
7 50 1.08881
7 51 1.24364
7 52 1.283
7 53 1.24971
7 54 1.21821
7 55 1.08327
7 56 1.08327
7 57 1.08327
7 58 1.08327
7 59 1.08327
7 60 1.16314
7 61 1.18489
7 62 1.18542
7 63 1.18085
7 64 1.07757
7 65 1.07757
7 66 1.07757
7 67 1.07757
7 68 1.07757
7 69 1.12182
7 70 1.13728
7 71 1.14608
7 72 1.14914
7 73 1.08692
7 74 1.08692
7 75 1.08692
7 76 1.08692
7 77 1.08692
7 78 1.18673
7 79 1.21504
7 80 1.20723
7 81 1.19658
7 82 1.0838
7 83 1.0838
7 84 1.0838
7 85 1.0838
7 86 1.0838
7 87 1.16123
7 88 1.18343
7 89 1.18471
7 90 1.18066
7 91 1.07959
7 92 1.07959
7 93 1.07959
7 94 1.07959
7 95 1.07959
7 96 1.13118
7 97 1.14819
7 98 1.15606
7 99 1.15803
7 100 1.07494
7 101 1.07494
7 102 1.07494
7 103 1.07494
7 104 1.07494
7 105 1.10875
7 106 1.12199
7 107 1.13149
7 108 1.13558
7 109 1.08052
7 110 1.08052
7 111 1.08052
7 112 1.08052
7 113 1.08052
7 114 1.12671
7 115 1.14439
7 116 1.15351
7 117 1.15676
7 118 1.07814
7 119 1.07814
7 120 1.07814
7 121 1.07814
7 122 1.07814
7 123 1.11929
7 124 1.13536
7 125 1.14489
7 126 1.14832
7 127 1.07497
7 128 1.07497
7 129 1.07497
7 130 1.07497
7 131 1.07497
7 132 1.10778
7 133 1.12107
7 134 1.13078
7 135 1.13497
7 136 1.0713
7 137 1.0713
7 138 1.0713
7 139 1.0713
7 140 1.0713
7 141 1.09605
7 142 1.10687
7 143 1.11583
7 144 1.12006
8 1 1.08246
8 2 1.08246
8 3 1.08246
8 4 1.08246
8 5 1.08246
8 6 1.39229
8 7 1.9906
8 8 6.18548
8 9 1.54542
8 10 1.07965
8 11 1.07965
8 12 1.07965
8 13 1.07965
8 14 1.07965
8 15 1.24242
8 16 1.33978
8 17 1.39832
8 18 1.33523
8 19 1.07598
8 20 1.07598
8 21 1.07598
8 22 1.07598
8 23 1.07598
8 24 1.16733
8 25 1.20933
8 26 1.23738
8 27 1.2438
8 28 1.07199
8 29 1.07199
8 30 1.07199
8 31 1.07199
8 32 1.07199
8 33 1.12871
8 34 1.15509
8 35 1.1772
8 36 1.18735
8 37 1.08112
8 38 1.08112
8 39 1.08112
8 40 1.08112
8 41 1.08112
8 42 1.23973
8 43 1.33733
8 44 1.39615
8 45 1.33595
8 46 1.07861
8 47 1.07861
8 48 1.07861
8 49 1.07861
8 50 1.07861
8 51 1.19367
8 52 1.24965
8 53 1.28174
8 54 1.27837
8 55 1.07531
8 56 1.07531
8 57 1.07531
8 58 1.07531
8 59 1.07531
8 60 1.15079
8 61 1.18531
8 62 1.21113
8 63 1.22083
8 64 1.07162
8 65 1.07162
8 66 1.07162
8 67 1.07162
8 68 1.07162
8 69 1.12219
8 70 1.14603
8 71 1.16667
8 72 1.17648
8 73 1.07805
8 74 1.07805
8 75 1.07805
8 76 1.07805
8 77 1.07805
8 78 1.16382
8 79 1.2067
8 80 1.23573
8 81 1.2435
8 82 1.07589
8 83 1.07589
8 84 1.07589
8 85 1.07589
8 86 1.07589
8 87 1.1494
8 88 1.18442
8 89 1.21056
8 90 1.22032
8 91 1.07309
8 92 1.07309
8 93 1.07309
8 94 1.07309
8 95 1.07309
8 96 1.12934
8 97 1.15587
8 98 1.17822
8 99 1.1885
8 100 1.06987
8 101 1.06987
8 102 1.06987
8 103 1.06987
8 104 1.06987
8 105 1.11139
8 106 1.13142
8 107 1.14944
8 108 1.15828
8 109 1.07415
8 110 1.07415
8 111 1.07415
8 112 1.07415
8 113 1.07415
8 114 1.12507
8 115 1.15227
8 116 1.17531
8 117 1.18607
8 118 1.07228
8 119 1.07228
8 120 1.07228
8 121 1.07228
8 122 1.07228
8 123 1.11969
8 124 1.14426
8 125 1.1653
8 126 1.17507
8 127 1.06994
8 128 1.06994
8 129 1.06994
8 130 1.06994
8 131 1.06994
8 132 1.11037
8 133 1.13044
8 134 1.14857
8 135 1.15743
8 136 1.0672
8 137 1.0672
8 138 1.0672
8 139 1.0672
8 140 1.0672
8 141 1.09965
8 142 1.11571
8 143 1.13058
8 144 1.138
9 1 1.0758
9 2 1.0758
9 3 1.0758
9 4 1.0758
9 5 1.0758
9 6 1.20528
9 7 1.31359
9 8 1.54542
9 9 2.14627
9 10 1.074
9 11 1.074
9 12 1.074
9 13 1.074
9 14 1.074
9 15 1.17961
9 16 1.24924
9 17 1.33537
9 18 1.38876
9 19 1.07163
9 20 1.07163
9 21 1.07163
9 22 1.07163
9 23 1.07163
9 24 1.1506
9 25 1.19595
9 26 1.24375
9 27 1.26935
9 28 1.06878
9 29 1.06878
9 30 1.06878
9 31 1.06878
9 32 1.06878
9 33 1.12613
9 34 1.15687
9 35 1.18729
9 36 1.203
9 37 1.07547
9 38 1.07547
9 39 1.07547
9 40 1.07547
9 41 1.07547
9 42 1.17894
9 43 1.24901
9 44 1.33467
9 45 1.38778
9 46 1.07368
9 47 1.07368
9 48 1.07368
9 49 1.07368
9 50 1.07368
9 51 1.16326
9 52 1.21789
9 53 1.27809
9 54 1.31112
9 55 1.0714
9 56 1.0714
9 57 1.0714
9 58 1.0714
9 59 1.0714
9 60 1.14145
9 61 1.18059
9 62 1.22057
9 63 1.24152
9 64 1.06865
9 65 1.06865
9 66 1.06865
9 67 1.06865
9 68 1.06865
9 69 1.12112
9 70 1.14897
9 71 1.1763
9 72 1.19034
9 73 1.0737
9 74 1.0737
9 75 1.0737
9 76 1.0737
9 77 1.0737
9 78 1.14828
9 79 1.19431
9 80 1.24203
9 81 1.26766
9 82 1.07198
9 83 1.07198
9 84 1.07198
9 85 1.07198
9 86 1.07198
9 87 1.14031
9 88 1.17991
9 89 1.21988
9 90 1.24054
9 91 1.06986
9 92 1.06986
9 93 1.06986
9 94 1.06986
9 95 1.06986
9 96 1.12667
9 97 1.15754
9 98 1.18813
9 99 1.20386
9 100 1.06732
9 101 1.06732
9 102 1.06732
9 103 1.06732
9 104 1.06732
9 105 1.11193
9 106 1.13533
9 107 1.15804
9 108 1.16965
9 109 1.07096
9 110 1.07096
9 111 1.07096
9 112 1.07096
9 113 1.07096
9 114 1.12264
9 115 1.15412
9 116 1.18491
9 117 1.20055
9 118 1.06934
9 119 1.06934
9 120 1.06934
9 121 1.06934
9 122 1.06934
9 123 1.1186
9 124 1.14717
9 125 1.17462
9 126 1.18834
9 127 1.0674
9 128 1.0674
9 129 1.0674
9 130 1.0674
9 131 1.0674
9 132 1.11087
9 133 1.13426
9 134 1.15701
9 135 1.16856
9 136 1.06512
9 137 1.06512
9 138 1.06512
9 139 1.06512
9 140 1.06512
9 141 1.10104
9 142 1.11972
9 143 1.13773
9 144 1.1469
10 1 1.14684
10 2 1.14684
10 3 1.14684
10 4 1.14684
10 5 1.14684
10 6 1.10654
10 7 1.09163
10 8 1.07965
10 9 1.074
10 10 1.30417
10 11 1.30417
10 12 1.30417
10 13 1.30417
10 14 1.30417
10 15 1.11749
10 16 1.09626
10 17 1.08146
10 18 1.07472
10 19 1.16161
10 20 1.16161
10 21 1.16161
10 22 1.16161
10 23 1.16161
10 24 1.11
10 25 1.0932
10 26 1.08011
10 27 1.07397
10 28 1.12578
10 29 1.12578
10 30 1.12578
10 31 1.12578
10 32 1.12578
10 33 1.09877
10 34 1.08714
10 35 1.07714
10 36 1.07227
10 37 1.12924
10 38 1.12924
10 39 1.12924
10 40 1.12924
10 41 1.12924
10 42 1.10047
10 43 1.08852
10 44 1.07841
10 45 1.07367
10 46 1.14703
10 47 1.14703
10 48 1.14703
10 49 1.14703
10 50 1.14703
10 51 1.10672
10 52 1.09184
10 53 1.07988
10 54 1.07425
10 55 1.13512
10 56 1.13512
10 57 1.13512
10 58 1.13512
10 59 1.13512
10 60 1.10287
10 61 1.08977
10 62 1.0788
10 63 1.07352
10 64 1.11695
10 65 1.11695
10 66 1.11695
10 67 1.11695
10 68 1.11695
10 69 1.09501
10 70 1.08505
10 71 1.07625
10 72 1.07192
10 73 1.11169
10 74 1.11169
10 75 1.11169
10 76 1.11169
10 77 1.11169
10 78 1.09213
10 79 1.08341
10 80 1.07555
10 81 1.07194
10 82 1.1185
10 83 1.1185
10 84 1.1185
10 85 1.1185
10 86 1.1185
10 87 1.09568
10 88 1.08545
10 89 1.07658
10 90 1.07234
10 91 1.11421
10 92 1.11421
10 93 1.11421
10 94 1.11421
10 95 1.11421
10 96 1.09358
10 97 1.08414
10 98 1.07577
10 99 1.07166
10 100 1.10495
10 101 1.10495
10 102 1.10495
10 103 1.10495
10 104 1.10495
10 105 1.08862
10 106 1.08083
10 107 1.07376
10 108 1.07024
10 109 1.09743
10 110 1.09743
10 111 1.09743
10 112 1.09743
10 113 1.09743
10 114 1.08412
10 115 1.07775
10 116 1.07181
10 117 1.06927
10 118 1.10072
10 119 1.10072
10 120 1.10072
10 121 1.10072
10 122 1.10072
10 123 1.08606
10 124 1.07889
10 125 1.0725
10 126 1.06949
10 127 1.09863
10 128 1.09863
10 129 1.09863
10 130 1.09863
10 131 1.09863
10 132 1.08473
10 133 1.07801
10 134 1.07188
10 135 1.06886
10 136 1.09349
10 137 1.09349
10 138 1.09349
10 139 1.09349
10 140 1.09349
10 141 1.08158
10 142 1.07574
10 143 1.07034
10 144 1.06763
11 1 1.14684
11 2 1.14684
11 3 1.14684
11 4 1.14684
11 5 1.14684
11 6 1.10654
11 7 1.09163
11 8 1.07965
11 9 1.074
11 10 1.30417
11 11 1.30417
11 12 1.30417
11 13 1.30417
11 14 1.30417
11 15 1.11749
11 16 1.09626
11 17 1.08146
11 18 1.07472
11 19 1.16161
11 20 1.16161
11 21 1.16161
11 22 1.16161
11 23 1.16161
11 24 1.11
11 25 1.0932
11 26 1.08011
11 27 1.07397
11 28 1.12578
11 29 1.12578
11 30 1.12578
11 31 1.12578
11 32 1.12578
11 33 1.09877
11 34 1.08714
11 35 1.07714
11 36 1.07227
11 37 1.12924
11 38 1.12924
11 39 1.12924
11 40 1.12924
11 41 1.12924
11 42 1.10047
11 43 1.08852
11 44 1.07841
11 45 1.07367
11 46 1.14703
11 47 1.14703
11 48 1.14703
11 49 1.14703
11 50 1.14703
11 51 1.10672
11 52 1.09184
11 53 1.07988
11 54 1.07425
11 55 1.13512
11 56 1.13512
11 57 1.13512
11 58 1.13512
11 59 1.13512
11 60 1.10287
11 61 1.08977
11 62 1.0788
11 63 1.07352
11 64 1.11695
11 65 1.11695
11 66 1.11695
11 67 1.11695
11 68 1.11695
11 69 1.09501
11 70 1.08505
11 71 1.07625
11 72 1.07192
11 73 1.11169
11 74 1.11169
11 75 1.11169
11 76 1.11169
11 77 1.11169
11 78 1.09213
11 79 1.08341
11 80 1.07555
11 81 1.07194
11 82 1.1185
11 83 1.1185
11 84 1.1185
11 85 1.1185
11 86 1.1185
11 87 1.09568
11 88 1.08545
11 89 1.07658
11 90 1.07234
11 91 1.11421
11 92 1.11421
11 93 1.11421
11 94 1.11421
11 95 1.11421
11 96 1.09358
11 97 1.08414
11 98 1.07577
11 99 1.07166
11 100 1.10495
11 101 1.10495
11 102 1.10495
11 103 1.10495
11 104 1.10495
11 105 1.08862
11 106 1.08083
11 107 1.07376
11 108 1.07024
11 109 1.09743
11 110 1.09743
11 111 1.09743
11 112 1.09743
11 113 1.09743
11 114 1.08412
11 115 1.07775
11 116 1.07181
11 117 1.06927
11 118 1.10072
11 119 1.10072
11 120 1.10072
11 121 1.10072
11 122 1.10072
11 123 1.08606
11 124 1.07889
11 125 1.0725
11 126 1.06949
11 127 1.09863
11 128 1.09863
11 129 1.09863
11 130 1.09863
11 131 1.09863
11 132 1.08473
11 133 1.07801
11 134 1.07188
11 135 1.06886
11 136 1.09349
11 137 1.09349
11 138 1.09349
11 139 1.09349
11 140 1.09349
11 141 1.08158
11 142 1.07574
11 143 1.07034
11 144 1.06763
12 1 1.14684
12 2 1.14684
12 3 1.14684
12 4 1.14684
12 5 1.14684
12 6 1.10654
12 7 1.09163
12 8 1.07965
12 9 1.074
12 10 1.30417
12 11 1.30417
12 12 1.30417
12 13 1.30417
12 14 1.30417
12 15 1.11749
12 16 1.09626
12 17 1.08146
12 18 1.07472
12 19 1.16161
12 20 1.16161
12 21 1.16161
12 22 1.16161
12 23 1.16161
12 24 1.11
12 25 1.0932
12 26 1.08011
12 27 1.07397
12 28 1.12578
12 29 1.12578
12 30 1.12578
12 31 1.12578
12 32 1.12578
12 33 1.09877
12 34 1.08714
12 35 1.07714
12 36 1.07227
12 37 1.12924
12 38 1.12924
12 39 1.12924
12 40 1.12924
12 41 1.12924
12 42 1.10047
12 43 1.08852
12 44 1.07841
12 45 1.07367
12 46 1.14703
12 47 1.14703
12 48 1.14703
12 49 1.14703
12 50 1.14703
12 51 1.10672
12 52 1.09184
12 53 1.07988
12 54 1.07425
12 55 1.13512
12 56 1.13512
12 57 1.13512
12 58 1.13512
12 59 1.13512
12 60 1.10287
12 61 1.08977
12 62 1.0788
12 63 1.07352
12 64 1.11695
12 65 1.11695
12 66 1.11695
12 67 1.11695
12 68 1.11695
12 69 1.09501
12 70 1.08505
12 71 1.07625
12 72 1.07192
12 73 1.11169
12 74 1.11169
12 75 1.11169
12 76 1.11169
12 77 1.11169
12 78 1.09213
12 79 1.08341
12 80 1.07555
12 81 1.07194
12 82 1.1185
12 83 1.1185
12 84 1.1185
12 85 1.1185
12 86 1.1185
12 87 1.09568
12 88 1.08545
12 89 1.07658
12 90 1.07234
12 91 1.11421
12 92 1.11421
12 93 1.11421
12 94 1.11421
12 95 1.11421
12 96 1.09358
12 97 1.08414
12 98 1.07577
12 99 1.07166
12 100 1.10495
12 101 1.10495
12 102 1.10495
12 103 1.10495
12 104 1.10495
12 105 1.08862
12 106 1.08083
12 107 1.07376
12 108 1.07024
12 109 1.09743
12 110 1.09743
12 111 1.09743
12 112 1.09743
12 113 1.09743
12 114 1.08412
12 115 1.07775
12 116 1.07181
12 117 1.06927
12 118 1.10072
12 119 1.10072
12 120 1.10072
12 121 1.10072
12 122 1.10072
12 123 1.08606
12 124 1.07889
12 125 1.0725
12 126 1.06949
12 127 1.09863
12 128 1.09863
12 129 1.09863
12 130 1.09863
12 131 1.09863
12 132 1.08473
12 133 1.07801
12 134 1.07188
12 135 1.06886
12 136 1.09349
12 137 1.09349
12 138 1.09349
12 139 1.09349
12 140 1.09349
12 141 1.08158
12 142 1.07574
12 143 1.07034
12 144 1.06763
13 1 1.14684
13 2 1.14684
13 3 1.14684
13 4 1.14684
13 5 1.14684
13 6 1.10654
13 7 1.09163
13 8 1.07965
13 9 1.074
13 10 1.30417
13 11 1.30417
13 12 1.30417
13 13 1.30417
13 14 1.30417
13 15 1.11749
13 16 1.09626
13 17 1.08146
13 18 1.07472
13 19 1.16161
13 20 1.16161
13 21 1.16161
13 22 1.16161
13 23 1.16161
13 24 1.11
13 25 1.0932
13 26 1.08011
13 27 1.07397
13 28 1.12578
13 29 1.12578
13 30 1.12578
13 31 1.12578
13 32 1.12578
13 33 1.09877
13 34 1.08714
13 35 1.07714
13 36 1.07227
13 37 1.12924
13 38 1.12924
13 39 1.12924
13 40 1.12924
13 41 1.12924
13 42 1.10047
13 43 1.08852
13 44 1.07841
13 45 1.07367
13 46 1.14703
13 47 1.14703
13 48 1.14703
13 49 1.14703
13 50 1.14703
13 51 1.10672
13 52 1.09184
13 53 1.07988
13 54 1.07425
13 55 1.13512
13 56 1.13512
13 57 1.13512
13 58 1.13512
13 59 1.13512
13 60 1.10287
13 61 1.08977
13 62 1.0788
13 63 1.07352
13 64 1.11695
13 65 1.11695
13 66 1.11695
13 67 1.11695
13 68 1.11695
13 69 1.09501
13 70 1.08505
13 71 1.07625
13 72 1.07192
13 73 1.11169
13 74 1.11169
13 75 1.11169
13 76 1.11169
13 77 1.11169
13 78 1.09213
13 79 1.08341
13 80 1.07555
13 81 1.07194
13 82 1.1185
13 83 1.1185
13 84 1.1185
13 85 1.1185
13 86 1.1185
13 87 1.09568
13 88 1.08545
13 89 1.07658
13 90 1.07234
13 91 1.11421
13 92 1.11421
13 93 1.11421
13 94 1.11421
13 95 1.11421
13 96 1.09358
13 97 1.08414
13 98 1.07577
13 99 1.07166
13 100 1.10495
13 101 1.10495
13 102 1.10495
13 103 1.10495
13 104 1.10495
13 105 1.08862
13 106 1.08083
13 107 1.07376
13 108 1.07024
13 109 1.09743
13 110 1.09743
13 111 1.09743
13 112 1.09743
13 113 1.09743
13 114 1.08412
13 115 1.07775
13 116 1.07181
13 117 1.06927
13 118 1.10072
13 119 1.10072
13 120 1.10072
13 121 1.10072
13 122 1.10072
13 123 1.08606
13 124 1.07889
13 125 1.0725
13 126 1.06949
13 127 1.09863
13 128 1.09863
13 129 1.09863
13 130 1.09863
13 131 1.09863
13 132 1.08473
13 133 1.07801
13 134 1.07188
13 135 1.06886
13 136 1.09349
13 137 1.09349
13 138 1.09349
13 139 1.09349
13 140 1.09349
13 141 1.08158
13 142 1.07574
13 143 1.07034
13 144 1.06763
14 1 1.14684
14 2 1.14684
14 3 1.14684
14 4 1.14684
14 5 1.14684
14 6 1.10654
14 7 1.09163
14 8 1.07965
14 9 1.074
14 10 1.30417
14 11 1.30417
14 12 1.30417
14 13 1.30417
14 14 1.30417
14 15 1.11749
14 16 1.09626
14 17 1.08146
14 18 1.07472
14 19 1.16161
14 20 1.16161
14 21 1.16161
14 22 1.16161
14 23 1.16161
14 24 1.11
14 25 1.0932
14 26 1.08011
14 27 1.07397
14 28 1.12578
14 29 1.12578
14 30 1.12578
14 31 1.12578
14 32 1.12578
14 33 1.09877
14 34 1.08714
14 35 1.07714
14 36 1.07227
14 37 1.12924
14 38 1.12924
14 39 1.12924
14 40 1.12924
14 41 1.12924
14 42 1.10047
14 43 1.08852
14 44 1.07841
14 45 1.07367
14 46 1.14703
14 47 1.14703
14 48 1.14703
14 49 1.14703
14 50 1.14703
14 51 1.10672
14 52 1.09184
14 53 1.07988
14 54 1.07425
14 55 1.13512
14 56 1.13512
14 57 1.13512
14 58 1.13512
14 59 1.13512
14 60 1.10287
14 61 1.08977
14 62 1.0788
14 63 1.07352
14 64 1.11695
14 65 1.11695
14 66 1.11695
14 67 1.11695
14 68 1.11695
14 69 1.09501
14 70 1.08505
14 71 1.07625
14 72 1.07192
14 73 1.11169
14 74 1.11169
14 75 1.11169
14 76 1.11169
14 77 1.11169
14 78 1.09213
14 79 1.08341
14 80 1.07555
14 81 1.07194
14 82 1.1185
14 83 1.1185
14 84 1.1185
14 85 1.1185
14 86 1.1185
14 87 1.09568
14 88 1.08545
14 89 1.07658
14 90 1.07234
14 91 1.11421
14 92 1.11421
14 93 1.11421
14 94 1.11421
14 95 1.11421
14 96 1.09358
14 97 1.08414
14 98 1.07577
14 99 1.07166
14 100 1.10495
14 101 1.10495
14 102 1.10495
14 103 1.10495
14 104 1.10495
14 105 1.08862
14 106 1.08083
14 107 1.07376
14 108 1.07024
14 109 1.09743
14 110 1.09743
14 111 1.09743
14 112 1.09743
14 113 1.09743
14 114 1.08412
14 115 1.07775
14 116 1.07181
14 117 1.06927
14 118 1.10072
14 119 1.10072
14 120 1.10072
14 121 1.10072
14 122 1.10072
14 123 1.08606
14 124 1.07889
14 125 1.0725
14 126 1.06949
14 127 1.09863
14 128 1.09863
14 129 1.09863
14 130 1.09863
14 131 1.09863
14 132 1.08473
14 133 1.07801
14 134 1.07188
14 135 1.06886
14 136 1.09349
14 137 1.09349
14 138 1.09349
14 139 1.09349
14 140 1.09349
14 141 1.08158
14 142 1.07574
14 143 1.07034
14 144 1.06763
15 1 1.10662
15 2 1.10662
15 3 1.10662
15 4 1.10662
15 5 1.10662
15 6 1.44486
15 7 1.36554
15 8 1.24242
15 9 1.17961
15 10 1.11749
15 11 1.11749
15 12 1.11749
15 13 1.11749
15 14 1.11749
15 15 6.91958
15 16 2.14476
15 17 1.39377
15 18 1.20442
15 19 1.10996
15 20 1.10996
15 21 1.10996
15 22 1.10996
15 23 1.10996
15 24 1.68127
15 25 1.48473
15 26 1.28133
15 27 1.18852
15 28 1.09871
15 29 1.09871
15 30 1.09871
15 31 1.09871
15 32 1.09871
15 33 1.24181
15 34 1.23175
15 35 1.18732
15 36 1.15993
15 37 1.10094
15 38 1.10094
15 39 1.10094
15 40 1.10094
15 41 1.10094
15 42 1.25331
15 43 1.2415
15 44 1.19246
15 45 1.16364
15 46 1.10686
15 47 1.10686
15 48 1.10686
15 49 1.10686
15 50 1.10686
15 51 1.44422
15 52 1.36528
15 53 1.24223
15 54 1.17953
15 55 1.1029
15 56 1.1029
15 57 1.1029
15 58 1.1029
15 59 1.1029
15 60 1.31034
15 61 1.28324
15 62 1.21118
15 63 1.16972
15 64 1.09498
15 65 1.09498
15 66 1.09498
15 67 1.09498
15 68 1.09498
15 69 1.18439
15 70 1.18568
15 71 1.16397
15 72 1.14902
15 73 1.09277
15 74 1.09277
15 75 1.09277
15 76 1.09277
15 77 1.09277
15 78 1.15365
15 79 1.15961
15 80 1.14895
15 81 1.14147
15 82 1.0959
15 83 1.0959
15 84 1.0959
15 85 1.0959
15 86 1.0959
15 87 1.19098
15 88 1.19108
15 89 1.16649
15 90 1.15055
15 91 1.09366
15 92 1.09366
15 93 1.09366
15 94 1.09366
15 95 1.09366
15 96 1.17104
15 97 1.17397
15 98 1.15711
15 99 1.14513
15 100 1.08862
15 101 1.08862
15 102 1.08862
15 103 1.08862
15 104 1.08862
15 105 1.1356
15 106 1.14169
15 107 1.13681
15 108 1.13224
15 109 1.08459
15 110 1.08459
15 111 1.08459
15 112 1.08459
15 113 1.08459
15 114 1.11107
15 115 1.11855
15 116 1.12024
15 117 1.12055
15 118 1.08628
15 119 1.08628
15 120 1.08628
15 121 1.08628
15 122 1.08628
15 123 1.12173
15 124 1.12875
15 125 1.12752
15 126 1.12568
15 127 1.08487
15 128 1.08487
15 129 1.08487
15 130 1.08487
15 131 1.08487
15 132 1.11777
15 133 1.12437
15 134 1.12412
15 135 1.12272
15 136 1.08163
15 137 1.08163
15 138 1.08163
15 139 1.08163
15 140 1.08163
15 141 1.1065
15 142 1.11286
15 143 1.11486
15 144 1.11502
16 1 1.09172
16 2 1.09172
16 3 1.09172
16 4 1.09172
16 5 1.09172
16 6 1.36582
16 7 1.46676
16 8 1.33978
16 9 1.24924
16 10 1.09626
16 11 1.09626
16 12 1.09626
16 13 1.09626
16 14 1.09626
16 15 2.14476
16 16 6.92451
16 17 1.99656
16 18 1.31248
16 19 1.09314
16 20 1.09314
16 21 1.09314
16 22 1.09314
16 23 1.09314
16 24 1.4846
16 25 1.69965
16 26 1.43032
16 27 1.26894
16 28 1.08708
16 29 1.08708
16 30 1.08708
16 31 1.08708
16 32 1.08708
16 33 1.23171
16 34 1.26835
16 35 1.23973
16 36 1.21221
16 37 1.08892
16 38 1.08892
16 39 1.08892
16 40 1.08892
16 41 1.08892
16 42 1.24059
16 43 1.28036
16 44 1.24771
16 45 1.21793
16 46 1.09199
16 47 1.09199
16 48 1.09199
16 49 1.09199
16 50 1.09199
16 51 1.36517
16 52 1.46645
16 53 1.33944
16 54 1.249
16 55 1.08978
16 56 1.08978
16 57 1.08978
16 58 1.08978
16 59 1.08978
16 60 1.28309
16 61 1.33561
16 62 1.2784
16 63 1.22965
16 64 1.08501
16 65 1.08501
16 66 1.08501
16 67 1.08501
16 68 1.08501
16 69 1.18564
16 70 1.211
16 71 1.20388
16 72 1.19302
16 73 1.08392
16 74 1.08392
16 75 1.08392
16 76 1.08392
16 77 1.08392
16 78 1.15764
16 79 1.18068
16 80 1.18281
16 81 1.18015
16 82 1.08573
16 83 1.08573
16 84 1.08573
16 85 1.08573
16 86 1.08573
16 87 1.19021
16 88 1.21803
16 89 1.2081
16 90 1.19558
16 91 1.08421
16 92 1.08421
16 93 1.08421
16 94 1.08421
16 95 1.08421
16 96 1.17372
16 97 1.19733
16 98 1.19418
16 99 1.18663
16 100 1.08083
16 101 1.08083
16 102 1.08083
16 103 1.08083
16 104 1.08083
16 105 1.14164
16 106 1.16001
16 107 1.16582
16 108 1.16597
16 109 1.07826
16 110 1.07826
16 111 1.07826
16 112 1.07826
16 113 1.07826
16 114 1.11673
16 115 1.13316
16 116 1.14338
16 117 1.14769
16 118 1.07927
16 119 1.07927
16 120 1.07927
16 121 1.07927
16 122 1.07927
16 123 1.12755
16 124 1.14517
16 125 1.15336
16 126 1.15587
16 127 1.07817
16 128 1.07817
16 129 1.07817
16 130 1.07817
16 131 1.07817
16 132 1.12403
16 133 1.1401
16 134 1.14867
16 135 1.15149
16 136 1.07579
16 137 1.07579
16 138 1.07579
16 139 1.07579
16 140 1.07579
16 141 1.1128
16 142 1.12676
16 143 1.13614
16 144 1.13997
17 1 1.0797
17 2 1.0797
17 3 1.0797
17 4 1.0797
17 5 1.0797
17 6 1.24277
17 7 1.34036
17 8 1.39832
17 9 1.33537
17 10 1.08146
17 11 1.08146
17 12 1.08146
17 13 1.08146
17 14 1.08146
17 15 1.39377
17 16 1.99656
17 17 6.26435
17 18 1.54495
17 19 1.08008
17 20 1.08008
17 21 1.08008
17 22 1.08008
17 23 1.08008
17 24 1.28109
17 25 1.42991
17 26 1.55455
17 27 1.37853
17 28 1.07709
17 29 1.07709
17 30 1.07709
17 31 1.07709
17 32 1.07709
17 33 1.18723
17 34 1.2396
17 35 1.27059
17 36 1.26939
17 37 1.07868
17 38 1.07868
17 39 1.07868
17 40 1.07868
17 41 1.07868
17 42 1.19174
17 43 1.24791
17 44 1.27989
17 45 1.27784
17 46 1.07999
17 47 1.07999
17 48 1.07999
17 49 1.07999
17 50 1.07999
17 51 1.24217
17 52 1.33976
17 53 1.39773
17 54 1.33499
17 55 1.07881
17 56 1.07881
17 57 1.07881
17 58 1.07881
17 59 1.07881
17 60 1.21095
17 61 1.27819
17 62 1.31404
17 63 1.29838
17 64 1.07623
17 65 1.07623
17 66 1.07623
17 67 1.07623
17 68 1.07623
17 69 1.16389
17 70 1.20377
17 71 1.23109
17 72 1.23892
17 73 1.07599
17 74 1.07599
17 75 1.07599
17 76 1.07599
17 77 1.07599
17 78 1.14651
17 79 1.18199
17 80 1.20859
17 81 1.21947
17 82 1.07681
17 83 1.07681
17 84 1.07681
17 85 1.07681
17 86 1.07681
17 87 1.16547
17 88 1.20798
17 89 1.23605
17 90 1.24297
17 91 1.07584
17 92 1.07584
17 93 1.07584
17 94 1.07584
17 95 1.07584
17 96 1.15669
17 97 1.19392
17 98 1.22058
17 99 1.22949
17 100 1.07377
17 101 1.07377
17 102 1.07377
17 103 1.07377
17 104 1.07377
17 105 1.1367
17 106 1.1657
17 107 1.18923
17 108 1.19963
17 109 1.07241
17 110 1.07241
17 111 1.07241
17 112 1.07241
17 113 1.07241
17 114 1.11719
17 115 1.14198
17 116 1.16362
17 117 1.17412
17 118 1.07285
17 119 1.07285
17 120 1.07285
17 121 1.07285
17 122 1.07285
17 123 1.12564
17 124 1.15277
17 125 1.17515
17 126 1.18566
17 127 1.07202
17 128 1.07202
17 129 1.07202
17 130 1.07202
17 131 1.07202
17 132 1.12343
17 133 1.14827
17 134 1.16964
17 135 1.17976
17 136 1.07038
17 137 1.07038
17 138 1.07038
17 139 1.07038
17 140 1.07038
17 141 1.11468
17 142 1.13598
17 143 1.15496
17 144 1.1642
18 1 1.074
18 2 1.074
18 3 1.074
18 4 1.074
18 5 1.074
18 6 1.17949
18 7 1.24926
18 8 1.33523
18 9 1.38876
18 10 1.07472
18 11 1.07472
18 12 1.07472
18 13 1.07472
18 14 1.07472
18 15 1.20442
18 16 1.31248
18 17 1.54495
18 18 2.14672
18 19 1.07396
18 20 1.07396
18 21 1.07396
18 22 1.07396
18 23 1.07396
18 24 1.18855
18 25 1.26893
18 26 1.37868
18 27 1.45668
18 28 1.07225
18 29 1.07225
18 30 1.07225
18 31 1.07225
18 32 1.07225
18 33 1.15997
18 34 1.21221
18 35 1.26947
18 36 1.30109
18 37 1.07372
18 38 1.07372
18 39 1.07372
18 40 1.07372
18 41 1.07372
18 42 1.16199
18 43 1.21688
18 44 1.27699
18 45 1.31069
18 46 1.07429
18 47 1.07429
18 48 1.07429
18 49 1.07429
18 50 1.07429
18 51 1.17901
18 52 1.24872
18 53 1.33468
18 54 1.38844
18 55 1.07354
18 56 1.07354
18 57 1.07354
18 58 1.07354
18 59 1.07354
18 60 1.16956
18 61 1.22948
18 62 1.29834
18 63 1.33778
18 64 1.07193
18 65 1.07193
18 66 1.07193
18 67 1.07193
18 68 1.07193
18 69 1.149
18 70 1.19296
18 71 1.23893
18 72 1.26344
18 73 1.07207
18 74 1.07207
18 75 1.07207
18 76 1.07207
18 77 1.07207
18 78 1.13804
18 79 1.17802
18 80 1.21834
18 81 1.23984
18 82 1.07244
18 83 1.07244
18 84 1.07244
18 85 1.07244
18 86 1.07244
18 87 1.14899
18 88 1.19481
18 89 1.24246
18 90 1.26822
18 91 1.07172
18 92 1.07172
18 93 1.07172
18 94 1.07172
18 95 1.07172
18 96 1.14462
18 97 1.18621
18 98 1.22929
18 99 1.25213
18 100 1.07026
18 101 1.07026
18 102 1.07026
18 103 1.07026
18 104 1.07026
18 105 1.13212
18 106 1.16581
18 107 1.19957
18 108 1.21711
18 109 1.06947
18 110 1.06947
18 111 1.06947
18 112 1.06947
18 113 1.06947
18 114 1.11634
18 115 1.14514
18 116 1.17318
18 117 1.18751
18 118 1.06966
18 119 1.06966
18 120 1.06966
18 121 1.06966
18 122 1.06966
18 123 1.12314
18 124 1.15464
18 125 1.18511
18 126 1.20091
18 127 1.06896
18 128 1.06896
18 129 1.06896
18 130 1.06896
18 131 1.06896
18 132 1.12177
18 133 1.15078
18 134 1.17944
18 135 1.19425
18 136 1.06768
18 137 1.06768
18 138 1.06768
18 139 1.06768
18 140 1.06768
18 141 1.11476
18 142 1.1397
18 143 1.16408
18 144 1.17659
19 1 1.11807
19 2 1.11807
19 3 1.11807
19 4 1.11807
19 5 1.11807
19 6 1.09519
19 7 1.08493
19 8 1.07598
19 9 1.07163
19 10 1.16161
19 11 1.16161
19 12 1.16161
19 13 1.16161
19 14 1.16161
19 15 1.10996
19 16 1.09314
19 17 1.08008
19 18 1.07396
19 19 1.30421
19 20 1.30421
19 21 1.30421
19 22 1.30421
19 23 1.30421
19 24 1.11752
19 25 1.09629
19 26 1.08143
19 27 1.07465
19 28 1.16194
19 29 1.16194
19 30 1.16194
19 31 1.16194
19 32 1.16194
19 33 1.11032
19 34 1.0935
19 35 1.08039
19 36 1.07422
19 37 1.11146
19 38 1.11146
19 39 1.11146
19 40 1.11146
19 41 1.11146
19 42 1.09189
19 43 1.08302
19 44 1.07515
19 45 1.0714
19 46 1.13511
19 47 1.13511
19 48 1.13511
19 49 1.13511
19 50 1.13511
19 51 1.10276
19 52 1.08964
19 53 1.07871
19 54 1.07352
19 55 1.14708
19 56 1.14708
19 57 1.14708
19 58 1.14708
19 59 1.14708
19 60 1.10679
19 61 1.0919
19 62 1.07985
19 63 1.07413
19 64 1.13547
19 65 1.13547
19 66 1.13547
19 67 1.13547
19 68 1.13547
19 69 1.10321
19 70 1.09007
19 71 1.07905
19 72 1.07374
19 73 1.10148
19 74 1.10148
19 75 1.10148
19 76 1.10148
19 77 1.10148
19 78 1.08621
19 79 1.07924
19 80 1.07282
19 81 1.06987
19 82 1.11418
19 83 1.11418
19 84 1.11418
19 85 1.11418
19 86 1.11418
19 87 1.09342
19 88 1.08396
19 89 1.07564
19 90 1.07167
19 91 1.11857
19 92 1.11857
19 93 1.11857
19 94 1.11857
19 95 1.11857
19 96 1.09571
19 97 1.0855
19 98 1.07655
19 99 1.07218
19 100 1.11457
19 101 1.11457
19 102 1.11457
19 103 1.11457
19 104 1.11457
19 105 1.0939
19 106 1.08443
19 107 1.076
19 108 1.07185
19 109 1.09127
19 110 1.09127
19 111 1.09127
19 112 1.09127
19 113 1.09127
19 114 1.08
19 115 1.07462
19 116 1.06957
19 117 1.06743
19 118 1.09858
19 119 1.09858
19 120 1.09858
19 121 1.09858
19 122 1.09858
19 123 1.0846
19 124 1.07781
19 125 1.07173
19 126 1.06889
19 127 1.1008
19 128 1.1008
19 129 1.1008
19 130 1.1008
19 131 1.1008
19 132 1.08596
19 133 1.07888
19 134 1.07244
19 135 1.06929
19 136 1.099
19 137 1.099
19 138 1.099
19 139 1.099
19 140 1.099
19 141 1.08503
19 142 1.07828
19 143 1.0721
19 144 1.06902
20 1 1.11807
20 2 1.11807
20 3 1.11807
20 4 1.11807
20 5 1.11807
20 6 1.09519
20 7 1.08493
20 8 1.07598
20 9 1.07163
20 10 1.16161
20 11 1.16161
20 12 1.16161
20 13 1.16161
20 14 1.16161
20 15 1.10996
20 16 1.09314
20 17 1.08008
20 18 1.07396
20 19 1.30421
20 20 1.30421
20 21 1.30421
20 22 1.30421
20 23 1.30421
20 24 1.11752
20 25 1.09629
20 26 1.08143
20 27 1.07465
20 28 1.16194
20 29 1.16194
20 30 1.16194
20 31 1.16194
20 32 1.16194
20 33 1.11032
20 34 1.0935
20 35 1.08039
20 36 1.07422
20 37 1.11146
20 38 1.11146
20 39 1.11146
20 40 1.11146
20 41 1.11146
20 42 1.09189
20 43 1.08302
20 44 1.07515
20 45 1.0714
20 46 1.13511
20 47 1.13511
20 48 1.13511
20 49 1.13511
20 50 1.13511
20 51 1.10276
20 52 1.08964
20 53 1.07871
20 54 1.07352
20 55 1.14708
20 56 1.14708
20 57 1.14708
20 58 1.14708
20 59 1.14708
20 60 1.10679
20 61 1.0919
20 62 1.07985
20 63 1.07413
20 64 1.13547
20 65 1.13547
20 66 1.13547
20 67 1.13547
20 68 1.13547
20 69 1.10321
20 70 1.09007
20 71 1.07905
20 72 1.07374
20 73 1.10148
20 74 1.10148
20 75 1.10148
20 76 1.10148
20 77 1.10148
20 78 1.08621
20 79 1.07924
20 80 1.07282
20 81 1.06987
20 82 1.11418
20 83 1.11418
20 84 1.11418
20 85 1.11418
20 86 1.11418
20 87 1.09342
20 88 1.08396
20 89 1.07564
20 90 1.07167
20 91 1.11857
20 92 1.11857
20 93 1.11857
20 94 1.11857
20 95 1.11857
20 96 1.09571
20 97 1.0855
20 98 1.07655
20 99 1.07218
20 100 1.11457
20 101 1.11457
20 102 1.11457
20 103 1.11457
20 104 1.11457
20 105 1.0939
20 106 1.08443
20 107 1.076
20 108 1.07185
20 109 1.09127
20 110 1.09127
20 111 1.09127
20 112 1.09127
20 113 1.09127
20 114 1.08
20 115 1.07462
20 116 1.06957
20 117 1.06743
20 118 1.09858
20 119 1.09858
20 120 1.09858
20 121 1.09858
20 122 1.09858
20 123 1.0846
20 124 1.07781
20 125 1.07173
20 126 1.06889
20 127 1.1008
20 128 1.1008
20 129 1.1008
20 130 1.1008
20 131 1.1008
20 132 1.08596
20 133 1.07888
20 134 1.07244
20 135 1.06929
20 136 1.099
20 137 1.099
20 138 1.099
20 139 1.099
20 140 1.099
20 141 1.08503
20 142 1.07828
20 143 1.0721
20 144 1.06902
21 1 1.11807
21 2 1.11807
21 3 1.11807
21 4 1.11807
21 5 1.11807
21 6 1.09519
21 7 1.08493
21 8 1.07598
21 9 1.07163
21 10 1.16161
21 11 1.16161
21 12 1.16161
21 13 1.16161
21 14 1.16161
21 15 1.10996
21 16 1.09314
21 17 1.08008
21 18 1.07396
21 19 1.30421
21 20 1.30421
21 21 1.30421
21 22 1.30421
21 23 1.30421
21 24 1.11752
21 25 1.09629
21 26 1.08143
21 27 1.07465
21 28 1.16194
21 29 1.16194
21 30 1.16194
21 31 1.16194
21 32 1.16194
21 33 1.11032
21 34 1.0935
21 35 1.08039
21 36 1.07422
21 37 1.11146
21 38 1.11146
21 39 1.11146
21 40 1.11146
21 41 1.11146
21 42 1.09189
