injected_el measured_el potential
1 1 1.30516
1 2 1.30516
1 3 1.30516
1 4 1.30516
1 5 1.30516
1 6 1.11846
1 7 1.09721
1 8 1.08239
1 9 1.07563
1 10 1.14693
1 11 1.14693
1 12 1.14693
1 13 1.14693
1 14 1.14693
1 15 1.10664
1 16 1.09171
1 17 1.07961
1 18 1.07385
1 19 1.11814
1 20 1.11814
1 21 1.11814
1 22 1.11814
1 23 1.11814
1 24 1.09528
1 25 1.085
1 26 1.07595
1 27 1.07151
1 28 1.10056
1 29 1.10056
1 30 1.10056
1 31 1.10056
1 32 1.10056
1 33 1.08572
1 34 1.07855
1 35 1.07197
1 36 1.06869
1 37 1.14804
1 38 1.14804
1 39 1.14804
1 40 1.14804
1 41 1.14804
1 42 1.10768
1 43 1.09278
1 44 1.08078
1 45 1.07513
1 46 1.12937
1 47 1.12937
1 48 1.12937
1 49 1.12937
1 50 1.12937
1 51 1.10084
1 52 1.08874
1 53 1.07842
1 54 1.07342
1 55 1.11158
1 56 1.11158
1 57 1.11158
1 58 1.11158
1 59 1.11158
1 60 1.09224
1 61 1.08325
1 62 1.07518
1 63 1.07119
1 64 1.09751
1 65 1.09751
1 66 1.09751
1 67 1.09751
1 68 1.09751
1 69 1.0841
1 70 1.07756
1 71 1.07153
1 72 1.06851
1 73 1.11954
1 74 1.11954
1 75 1.11954
1 76 1.11954
1 77 1.11954
1 78 1.09659
1 79 1.08641
1 80 1.07747
1 81 1.07318
1 82 1.11186
1 83 1.11186
1 84 1.11186
1 85 1.11186
1 86 1.11186
1 87 1.09254
1 88 1.08355
1 89 1.07554
1 90 1.07159
1 91 1.10163
1 92 1.10163
1 93 1.10163
1 94 1.10163
1 95 1.10163
1 96 1.08668
1 97 1.07946
1 98 1.07286
1 99 1.06958
1 100 1.09163
1 101 1.09163
1 102 1.09163
1 103 1.09163
1 104 1.09163
1 105 1.08041
1 106 1.07487
1 107 1.06971
1 108 1.06712
1 109 1.10177
1 110 1.10177
1 111 1.10177
1 112 1.10177
1 113 1.10177
1 114 1.08694
1 115 1.07983
1 116 1.07332
1 117 1.07029
1 118 1.09761
1 119 1.09761
1 120 1.09761
1 121 1.09761
1 122 1.09761
1 123 1.08424
1 124 1.07772
1 125 1.07177
1 126 1.06882
1 127 1.09145
1 128 1.09145
1 129 1.09145
1 130 1.09145
1 131 1.09145
1 132 1.08024
1 133 1.07472
1 134 1.06961
1 135 1.06705
1 136 1.08457
1 137 1.08457
1 138 1.08457
1 139 1.08457
1 140 1.08457
1 141 1.07562
1 142 1.07116
1 143 1.06698
1 144 1.06488
2 1 1.30516
2 2 1.30516
2 3 1.30516
2 4 1.30516
2 5 1.30516
2 6 1.11846
2 7 1.09721
2 8 1.08239
2 9 1.07563
2 10 1.14693
2 11 1.14693
2 12 1.14693
2 13 1.14693
2 14 1.14693
2 15 1.10664
2 16 1.09171
2 17 1.07961
2 18 1.07385
2 19 1.11814
2 20 1.11814
2 21 1.11814
2 22 1.11814
2 23 1.11814
2 24 1.09528
2 25 1.085
2 26 1.07595
2 27 1.07151
2 28 1.10056
2 29 1.10056
2 30 1.10056
2 31 1.10056
2 32 1.10056
2 33 1.08572
2 34 1.07855
2 35 1.07197
2 36 1.06869
2 37 1.14804
2 38 1.14804
2 39 1.14804
2 40 1.14804
2 41 1.14804
2 42 1.10768
2 43 1.09278
2 44 1.08078
2 45 1.07513
2 46 1.12937
2 47 1.12937
2 48 1.12937
2 49 1.12937
2 50 1.12937
2 51 1.10084
2 52 1.08874
2 53 1.07842
2 54 1.07342
2 55 1.11158
2 56 1.11158
2 57 1.11158
2 58 1.11158
2 59 1.11158
2 60 1.09224
2 61 1.08325
2 62 1.07518
2 63 1.07119
2 64 1.09751
2 65 1.09751
2 66 1.09751
2 67 1.09751
2 68 1.09751
2 69 1.0841
2 70 1.07756
2 71 1.07153
2 72 1.06851
2 73 1.11954
2 74 1.11954
2 75 1.11954
2 76 1.11954
2 77 1.11954
2 78 1.09659
2 79 1.08641
2 80 1.07747
2 81 1.07318
2 82 1.11186
2 83 1.11186
2 84 1.11186
2 85 1.11186
2 86 1.11186
2 87 1.09254
2 88 1.08355
2 89 1.07554
2 90 1.07159
2 91 1.10163
2 92 1.10163
2 93 1.10163
2 94 1.10163
2 95 1.10163
2 96 1.08668
2 97 1.07946
2 98 1.07286
2 99 1.06958
2 100 1.09163
2 101 1.09163
2 102 1.09163
2 103 1.09163
2 104 1.09163
2 105 1.08041
2 106 1.07487
2 107 1.06971
2 108 1.06712
2 109 1.10177
2 110 1.10177
2 111 1.10177
2 112 1.10177
2 113 1.10177
2 114 1.08694
2 115 1.07983
2 116 1.07332
2 117 1.07029
2 118 1.09761
2 119 1.09761
2 120 1.09761
2 121 1.09761
2 122 1.09761
2 123 1.08424
2 124 1.07772
2 125 1.07177
2 126 1.06882
2 127 1.09145
2 128 1.09145
2 129 1.09145
2 130 1.09145
2 131 1.09145
2 132 1.08024
2 133 1.07472
2 134 1.06961
2 135 1.06705
2 136 1.08457
2 137 1.08457
2 138 1.08457
2 139 1.08457
2 140 1.08457
2 141 1.07562
2 142 1.07116
2 143 1.06698
2 144 1.06488
3 1 1.30516
3 2 1.30516
3 3 1.30516
3 4 1.30516
3 5 1.30516
3 6 1.11846
3 7 1.09721
3 8 1.08239
3 9 1.07563
3 10 1.14693
3 11 1.14693
3 12 1.14693
3 13 1.14693
3 14 1.14693
3 15 1.10664
3 16 1.09171
3 17 1.07961
3 18 1.07385
3 19 1.11814
3 20 1.11814
3 21 1.11814
3 22 1.11814
3 23 1.11814
3 24 1.09528
3 25 1.085
3 26 1.07595
3 27 1.07151
3 28 1.10056
3 29 1.10056
3 30 1.10056
3 31 1.10056
3 32 1.10056
3 33 1.08572
3 34 1.07855
3 35 1.07197
3 36 1.06869
3 37 1.14804
3 38 1.14804
3 39 1.14804
3 40 1.14804
3 41 1.14804
3 42 1.10768
3 43 1.09278
3 44 1.08078
3 45 1.07513
3 46 1.12937
3 47 1.12937
3 48 1.12937
3 49 1.12937
3 50 1.12937
3 51 1.10084
3 52 1.08874
3 53 1.07842
3 54 1.07342
3 55 1.11158
3 56 1.11158
3 57 1.11158
3 58 1.11158
3 59 1.11158
3 60 1.09224
3 61 1.08325
3 62 1.07518
3 63 1.07119
3 64 1.09751
3 65 1.09751
3 66 1.09751
3 67 1.09751
3 68 1.09751
3 69 1.0841
3 70 1.07756
3 71 1.07153
3 72 1.06851
3 73 1.11954
3 74 1.11954
3 75 1.11954
3 76 1.11954
3 77 1.11954
3 78 1.09659
3 79 1.08641
3 80 1.07747
3 81 1.07318
3 82 1.11186
3 83 1.11186
3 84 1.11186
3 85 1.11186
3 86 1.11186
3 87 1.09254
3 88 1.08355
3 89 1.07554
3 90 1.07159
3 91 1.10163
3 92 1.10163
3 93 1.10163
3 94 1.10163
3 95 1.10163
3 96 1.08668
3 97 1.07946
3 98 1.07286
3 99 1.06958
3 100 1.09163
3 101 1.09163
3 102 1.09163
3 103 1.09163
3 104 1.09163
3 105 1.08041
3 106 1.07487
3 107 1.06971
3 108 1.06712
3 109 1.10177
3 110 1.10177
3 111 1.10177
3 112 1.10177
3 113 1.10177
3 114 1.08694
3 115 1.07983
3 116 1.07332
3 117 1.07029
3 118 1.09761
3 119 1.09761
3 120 1.09761
3 121 1.09761
3 122 1.09761
3 123 1.08424
3 124 1.07772
3 125 1.07177
3 126 1.06882
3 127 1.09145
3 128 1.09145
3 129 1.09145
3 130 1.09145
3 131 1.09145
3 132 1.08024
3 133 1.07472
3 134 1.06961
3 135 1.06705
3 136 1.08457
3 137 1.08457
3 138 1.08457
3 139 1.08457
3 140 1.08457
3 141 1.07562
3 142 1.07116
3 143 1.06698
3 144 1.06488
4 1 1.30516
4 2 1.30516
4 3 1.30516
4 4 1.30516
4 5 1.30516
4 6 1.11846
4 7 1.09721
4 8 1.08239
4 9 1.07563
4 10 1.14693
4 11 1.14693
4 12 1.14693
4 13 1.14693
4 14 1.14693
4 15 1.10664
4 16 1.09171
4 17 1.07961
4 18 1.07385
4 19 1.11814
4 20 1.11814
4 21 1.11814
4 22 1.11814
4 23 1.11814
4 24 1.09528
4 25 1.085
4 26 1.07595
4 27 1.07151
4 28 1.10056
4 29 1.10056
4 30 1.10056
4 31 1.10056
4 32 1.10056
4 33 1.08572
4 34 1.07855
4 35 1.07197
4 36 1.06869
4 37 1.14804
4 38 1.14804
4 39 1.14804
4 40 1.14804
4 41 1.14804
4 42 1.10768
4 43 1.09278
4 44 1.08078
4 45 1.07513
4 46 1.12937
4 47 1.12937
4 48 1.12937
4 49 1.12937
4 50 1.12937
4 51 1.10084
4 52 1.08874
4 53 1.07842
4 54 1.07342
4 55 1.11158
4 56 1.11158
4 57 1.11158
4 58 1.11158
4 59 1.11158
4 60 1.09224
4 61 1.08325
4 62 1.07518
4 63 1.07119
4 64 1.09751
4 65 1.09751
4 66 1.09751
4 67 1.09751
4 68 1.09751
4 69 1.0841
4 70 1.07756
4 71 1.07153
4 72 1.06851
4 73 1.11954
4 74 1.11954
4 75 1.11954
4 76 1.11954
4 77 1.11954
4 78 1.09659
4 79 1.08641
4 80 1.07747
4 81 1.07318
4 82 1.11186
4 83 1.11186
4 84 1.11186
4 85 1.11186
4 86 1.11186
4 87 1.09254
4 88 1.08355
4 89 1.07554
4 90 1.07159
4 91 1.10163
4 92 1.10163
4 93 1.10163
4 94 1.10163
4 95 1.10163
4 96 1.08668
4 97 1.07946
4 98 1.07286
4 99 1.06958
4 100 1.09163
4 101 1.09163
4 102 1.09163
4 103 1.09163
4 104 1.09163
4 105 1.08041
4 106 1.07487
4 107 1.06971
4 108 1.06712
4 109 1.10177
4 110 1.10177
4 111 1.10177
4 112 1.10177
4 113 1.10177
4 114 1.08694
4 115 1.07983
4 116 1.07332
4 117 1.07029
4 118 1.09761
4 119 1.09761
4 120 1.09761
4 121 1.09761
4 122 1.09761
4 123 1.08424
4 124 1.07772
4 125 1.07177
4 126 1.06882
4 127 1.09145
4 128 1.09145
4 129 1.09145
4 130 1.09145
4 131 1.09145
4 132 1.08024
4 133 1.07472
4 134 1.06961
4 135 1.06705
4 136 1.08457
4 137 1.08457
4 138 1.08457
4 139 1.08457
4 140 1.08457
4 141 1.07562
4 142 1.07116
4 143 1.06698
4 144 1.06488
5 1 1.30516
5 2 1.30516
5 3 1.30516
5 4 1.30516
5 5 1.30516
5 6 1.11846
5 7 1.09721
5 8 1.08239
5 9 1.07563
5 10 1.14693
5 11 1.14693
5 12 1.14693
5 13 1.14693
5 14 1.14693
5 15 1.10664
5 16 1.09171
5 17 1.07961
5 18 1.07385
5 19 1.11814
5 20 1.11814
5 21 1.11814
5 22 1.11814
5 23 1.11814
5 24 1.09528
5 25 1.085
5 26 1.07595
5 27 1.07151
5 28 1.10056
5 29 1.10056
5 30 1.10056
5 31 1.10056
5 32 1.10056
5 33 1.08572
5 34 1.07855
5 35 1.07197
5 36 1.06869
5 37 1.14804
5 38 1.14804
5 39 1.14804
5 40 1.14804
5 41 1.14804
5 42 1.10768
5 43 1.09278
5 44 1.08078
5 45 1.07513
5 46 1.12937
5 47 1.12937
5 48 1.12937
5 49 1.12937
5 50 1.12937
5 51 1.10084
5 52 1.08874
5 53 1.07842
5 54 1.07342
5 55 1.11158
5 56 1.11158
5 57 1.11158
5 58 1.11158
5 59 1.11158
5 60 1.09224
5 61 1.08325
5 62 1.07518
5 63 1.07119
5 64 1.09751
5 65 1.09751
5 66 1.09751
5 67 1.09751
5 68 1.09751
5 69 1.0841
5 70 1.07756
5 71 1.07153
5 72 1.06851
5 73 1.11954
5 74 1.11954
5 75 1.11954
5 76 1.11954
5 77 1.11954
5 78 1.09659
5 79 1.08641
5 80 1.07747
5 81 1.07318
5 82 1.11186
5 83 1.11186
5 84 1.11186
5 85 1.11186
5 86 1.11186
5 87 1.09254
5 88 1.08355
5 89 1.07554
5 90 1.07159
5 91 1.10163
5 92 1.10163
5 93 1.10163
5 94 1.10163
5 95 1.10163
5 96 1.08668
5 97 1.07946
5 98 1.07286
5 99 1.06958
5 100 1.09163
5 101 1.09163
5 102 1.09163
5 103 1.09163
5 104 1.09163
5 105 1.08041
5 106 1.07487
5 107 1.06971
5 108 1.06712
5 109 1.10177
5 110 1.10177
5 111 1.10177
5 112 1.10177
5 113 1.10177
5 114 1.08694
5 115 1.07983
5 116 1.07332
5 117 1.07029
5 118 1.09761
5 119 1.09761
5 120 1.09761
5 121 1.09761
5 122 1.09761
5 123 1.08424
5 124 1.07772
5 125 1.07177
5 126 1.06882
5 127 1.09145
5 128 1.09145
5 129 1.09145
5 130 1.09145
5 131 1.09145
5 132 1.08024
5 133 1.07472
5 134 1.06961
5 135 1.06705
5 136 1.08457
5 137 1.08457
5 138 1.08457
5 139 1.08457
5 140 1.08457
5 141 1.07562
5 142 1.07116
5 143 1.06698
5 144 1.06488
6 1 1.11846
6 2 1.11846
6 3 1.11846
6 4 1.11846
6 5 1.11846
6 6 6.92077
6 7 2.14583
6 8 1.39496
6 9 1.20572
6 10 1.10661
6 11 1.10661
6 12 1.10661
6 13 1.10661
6 14 1.10661
6 15 1.44654
6 16 1.36759
6 17 1.24377
6 18 1.17996
6 19 1.09525
6 20 1.09525
6 21 1.09525
6 22 1.09525
6 23 1.09525
6 24 1.19399
6 25 1.19348
6 26 1.16798
6 27 1.15094
6 28 1.08568
6 29 1.08568
6 30 1.08568
6 31 1.08568
6 32 1.08568
6 33 1.12461
6 34 1.13108
6 35 1.12907
6 36 1.12641
6 37 1.10782
6 38 1.10782
6 39 1.10782
6 40 1.10782
6 41 1.10782
6 42 1.44494
6 43 1.36638
6 44 1.24367
6 45 1.18103
6 46 1.10086
6 47 1.10086
6 48 1.10086
6 49 1.10086
6 50 1.10086
6 51 1.25926
6 52 1.24621
6 53 1.19517
6 54 1.16413
6 55 1.09224
6 56 1.09224
6 57 1.09224
6 58 1.09224
6 59 1.09224
6 60 1.15985
6 61 1.16417
6 62 1.15152
6 63 1.14201
6 64 1.08409
6 65 1.08409
6 66 1.08409
6 67 1.08409
6 68 1.08409
6 69 1.11567
6 70 1.12226
6 71 1.12257
6 72 1.12149
6 73 1.09684
6 74 1.09684
6 75 1.09684
6 76 1.09684
6 77 1.09684
6 78 1.19264
6 79 1.19273
6 80 1.16817
6 81 1.15207
6 82 1.0926
6 83 1.0926
6 84 1.0926
6 85 1.0926
6 86 1.0926
6 87 1.15952
6 88 1.1639
6 89 1.15148
6 90 1.14214
6 91 1.08669
6 92 1.08669
6 93 1.08669
6 94 1.08669
6 95 1.08669
6 96 1.12568
6 97 1.1322
6 98 1.13021
6 99 1.12754
6 100 1.08041
6 101 1.08041
6 102 1.08041
6 103 1.08041
6 104 1.08041
6 105 1.10289
6 106 1.10917
6 107 1.11178
6 108 1.11239
6 109 1.0872
6 110 1.0872
6 111 1.0872
6 112 1.0872
6 113 1.0872
6 114 1.12339
6 115 1.13035
6 116 1.12897
6 117 1.12718
6 118 1.08435
6 119 1.08435
6 120 1.08435
6 121 1.08435
6 122 1.08435
6 123 1.11492
6 124 1.1216
6 125 1.12217
6 126 1.12129
6 127 1.08031
6 128 1.08031
6 129 1.08031
6 130 1.08031
6 131 1.08031
6 132 1.10244
6 133 1.10871
6 134 1.1114
6 135 1.11207
6 136 1.07564
6 137 1.07564
6 138 1.07564
6 139 1.07564
6 140 1.07564
6 141 1.09094
6 142 1.09641
6 143 1.10006
6 144 1.10157
7 1 1.09721
7 2 1.09721
7 3 1.09721
7 4 1.09721
7 5 1.09721
7 6 2.14583
7 7 6.92451
7 8 1.99738
7 9 1.31401
7 10 1.09167
7 11 1.09167
7 12 1.09167
7 13 1.09167
7 14 1.09167
7 15 1.36746
7 16 1.4691
7 17 1.34162
7 18 1.24983
7 19 1.08495
7 20 1.08495
7 21 1.08495
7 22 1.08495
7 23 1.08495
7 24 1.19343
7 25 1.22081
7 26 1.2102
7 27 1.19658
7 28 1.07851
7 29 1.07851
7 30 1.07851
7 31 1.07851
7 32 1.07851
7 33 1.13106
7 34 1.14807
7 35 1.15562
7 36 1.15739
7 37 1.09291
7 38 1.09291
7 39 1.09291
7 40 1.09291
7 41 1.09291
7 42 1.36616
7 43 1.4674
7 44 1.34112
7 45 1.25081
7 46 1.08875
7 47 1.08875
7 48 1.08875
7 49 1.08875
7 50 1.08875
7 51 1.24611
7 52 1.28563
7 53 1.25119
7 54 1.21888
7 55 1.08323
7 56 1.08323
7 57 1.08323
7 58 1.08323
7 59 1.08323
7 60 1.16413
7 61 1.18595
7 62 1.1862
7 63 1.18146
7 64 1.07754
7 65 1.07754
7 66 1.07754
7 67 1.07754
7 68 1.07754
7 69 1.12226
7 70 1.13781
7 71 1.1466
7 72 1.14963
7 73 1.08662
7 74 1.08662
7 75 1.08662
7 76 1.08662
7 77 1.08662
7 78 1.19201
7 79 1.21972
7 80 1.21003
7 81 1.19741
7 82 1.08362
7 83 1.08362
7 84 1.08362
7 85 1.08362
7 86 1.08362
7 87 1.16373
7 88 1.18559
7 89 1.18604
7 90 1.18146
7 91 1.07948
7 92 1.07948
7 93 1.07948
7 94 1.07948
7 95 1.07948
7 96 1.13215
7 97 1.14921
7 98 1.15686
7 99 1.15868
7 100 1.07486
7 101 1.07486
7 102 1.07486
7 103 1.07486
7 104 1.07486
7 105 1.10916
7 106 1.12251
7 107 1.13201
7 108 1.13608
7 109 1.08013
7 110 1.08013
7 111 1.08013
7 112 1.08013
7 113 1.08013
7 114 1.12937
7 115 1.14688
7 116 1.15502
7 117 1.15768
7 118 1.07786
7 119 1.07786
7 120 1.07786
7 121 1.07786
7 122 1.07786
7 123 1.12129
7 124 1.13693
7 125 1.14595
7 126 1.14915
7 127 1.07479
7 128 1.07479
7 129 1.07479
7 130 1.07479
7 131 1.07479
7 132 1.10862
7 133 1.12195
7 134 1.13151
7 135 1.13562
7 136 1.07118
7 137 1.07118
7 138 1.07118
7 139 1.07118
7 140 1.07118
7 141 1.09639
7 142 1.10732
7 143 1.11631
7 144 1.12054
8 1 1.08239
8 2 1.08239
8 3 1.08239
8 4 1.08239
8 5 1.08239
8 6 1.39496
8 7 1.99738
8 8 6.25188
8 9 1.54662
8 10 1.07959
8 11 1.07959
8 12 1.07959
8 13 1.07959
8 14 1.07959
8 15 1.24358
8 16 1.34133
8 17 1.39976
8 18 1.3362
8 19 1.07592
8 20 1.07592
8 21 1.07592
8 22 1.07592
8 23 1.07592
8 24 1.16791
8 25 1.21009
8 26 1.23818
8 27 1.24459
8 28 1.07194
8 29 1.07194
8 30 1.07194
8 31 1.07194
8 32 1.07194
8 33 1.12905
8 34 1.15557
8 35 1.17778
8 36 1.18798
8 37 1.08088
8 38 1.08088
8 39 1.08088
8 40 1.08088
8 41 1.08088
8 42 1.24367
8 43 1.34157
8 44 1.40001
8 45 1.33708
8 46 1.07844
8 47 1.07844
8 48 1.07844
8 49 1.07844
8 50 1.07844
8 51 1.19506
8 52 1.2511
8 53 1.28289
8 54 1.27942
8 55 1.07518
8 56 1.07518
8 57 1.07518
8 58 1.07518
8 59 1.07518
8 60 1.15147
8 61 1.18614
8 62 1.21197
8 63 1.22171
8 64 1.07152
8 65 1.07152
8 66 1.07152
8 67 1.07152
8 68 1.07152
8 69 1.12256
8 70 1.14656
8 71 1.1673
8 72 1.17716
8 73 1.07765
8 74 1.07765
8 75 1.07765
8 76 1.07765
8 77 1.07765
8 78 1.16738
8 79 1.20983
8 80 1.23823
8 81 1.24509
8 82 1.0756
8 83 1.0756
8 84 1.0756
8 85 1.0756
8 86 1.0756
8 87 1.15122
8 88 1.18591
8 89 1.2118
8 90 1.22158
8 91 1.07289
8 92 1.07289
8 93 1.07289
8 94 1.07289
8 95 1.07289
8 96 1.13012
8 97 1.15678
8 98 1.17914
8 99 1.18945
8 100 1.06972
8 101 1.06972
8 102 1.06972
8 103 1.06972
8 104 1.06972
8 105 1.11176
8 106 1.13197
8 107 1.1501
8 108 1.15899
8 109 1.07365
8 110 1.07365
8 111 1.07365
8 112 1.07365
8 113 1.07365
8 114 1.12754
8 115 1.15455
8 116 1.17701
8 117 1.18776
8 118 1.0719
8 119 1.0719
8 120 1.0719
8 121 1.0719
8 122 1.0719
8 123 1.1216
8 124 1.14567
8 125 1.16651
8 126 1.17641
8 127 1.06967
8 128 1.06967
8 129 1.06967
8 130 1.06967
8 131 1.06967
8 132 1.1112
8 133 1.13136
8 134 1.1495
8 135 1.15841
8 136 1.06701
8 137 1.06701
8 138 1.06701
8 139 1.06701
8 140 1.06701
8 141 1.1
8 142 1.11625
8 143 1.13123
8 144 1.13871
9 1 1.07563
9 2 1.07563
9 3 1.07563
9 4 1.07563
9 5 1.07563
9 6 1.20572
9 7 1.31401
9 8 1.54662
9 9 2.14822
9 10 1.07385
9 11 1.07385
9 12 1.07385
9 13 1.07385
9 14 1.07385
9 15 1.17998
9 16 1.24978
9 17 1.33626
9 18 1.39013
9 19 1.07151
9 20 1.07151
9 21 1.07151
9 22 1.07151
9 23 1.07151
9 24 1.15094
9 25 1.19653
9 26 1.24459
9 27 1.27038
9 28 1.06868
9 29 1.06868
9 30 1.06868
9 31 1.06868
9 32 1.06868
9 33 1.12642
9 34 1.15735
9 35 1.18797
9 36 1.20379
9 37 1.07516
9 38 1.07516
9 39 1.07516
9 40 1.07516
9 41 1.07516
9 42 1.18056
9 43 1.25056
9 44 1.33677
9 45 1.39029
9 46 1.07344
9 47 1.07344
9 48 1.07344
9 49 1.07344
9 50 1.07344
9 51 1.16402
9 52 1.21873
9 53 1.2793
9 54 1.31289
9 55 1.07121
9 56 1.07121
9 57 1.07121
9 58 1.07121
9 59 1.07121
9 60 1.14197
9 61 1.18136
9 62 1.22163
9 63 1.24279
9 64 1.06851
9 65 1.06851
9 66 1.06851
9 67 1.06851
9 68 1.06851
9 69 1.12148
9 70 1.14956
9 71 1.17711
9 72 1.19128
9 73 1.07325
9 74 1.07325
9 75 1.07325
9 76 1.07325
9 77 1.07325
9 78 1.15082
9 79 1.19656
9 80 1.24453
9 81 1.27031
9 82 1.07164
9 83 1.07164
9 84 1.07164
9 85 1.07164
9 86 1.07164
9 87 1.14176
9 88 1.18114
9 89 1.22137
9 90 1.24248
9 91 1.06961
9 92 1.06961
9 93 1.06961
9 94 1.06961
9 95 1.06961
9 96 1.1274
9 97 1.1585
9 98 1.18932
9 99 1.20524
9 100 1.06714
9 101 1.06714
9 102 1.06714
9 103 1.06714
9 104 1.06714
9 105 1.11234
9 106 1.13599
9 107 1.15891
9 108 1.17064
9 109 1.07042
9 110 1.07042
9 111 1.07042
9 112 1.07042
9 113 1.07042
9 114 1.125
9 115 1.15636
9 116 1.18696
9 117 1.20305
9 118 1.06891
9 119 1.06891
9 120 1.06891
9 121 1.06891
9 122 1.06891
9 123 1.1205
9 124 1.14862
9 125 1.17614
9 126 1.19027
9 127 1.0671
9 128 1.0671
9 129 1.0671
9 130 1.0671
9 131 1.0671
9 132 1.11176
9 133 1.13533
9 134 1.15823
9 135 1.16996
9 136 1.0649
9 137 1.0649
9 138 1.0649
9 139 1.0649
9 140 1.0649
9 141 1.10147
9 142 1.1204
9 143 1.13861
9 144 1.14789
10 1 1.14693
10 2 1.14693
10 3 1.14693
10 4 1.14693
10 5 1.14693
10 6 1.10661
10 7 1.09167
10 8 1.07959
10 9 1.07385
10 10 1.30425
10 11 1.30425
10 12 1.30425
10 13 1.30425
10 14 1.30425
10 15 1.11753
10 16 1.09627
10 17 1.0814
10 18 1.0746
10 19 1.16168
10 20 1.16168
10 21 1.16168
10 22 1.16168
10 23 1.16168
10 24 1.11002
10 25 1.09317
10 26 1.08004
10 27 1.07387
10 28 1.12583
10 29 1.12583
10 30 1.12583
10 31 1.12583
10 32 1.12583
10 33 1.09877
10 34 1.08712
10 35 1.07708
10 36 1.07219
10 37 1.12936
10 38 1.12936
10 39 1.12936
10 40 1.12936
10 41 1.12936
10 42 1.10072
10 43 1.08863
10 44 1.07835
10 45 1.07343
10 46 1.14713
10 47 1.14713
10 48 1.14713
10 49 1.14713
10 50 1.14713
10 51 1.10681
10 52 1.09188
10 53 1.0798
10 54 1.07407
10 55 1.13521
10 56 1.13521
10 57 1.13521
10 58 1.13521
10 59 1.13521
10 60 1.1029
10 61 1.08974
10 62 1.0787
10 63 1.07338
10 64 1.11701
10 65 1.11701
10 66 1.11701
10 67 1.11701
10 68 1.11701
10 69 1.09501
10 70 1.08501
10 71 1.07616
10 72 1.07181
10 73 1.11184
10 74 1.11184
10 75 1.11184
10 76 1.11184
10 77 1.11184
10 78 1.09231
10 79 1.08342
10 80 1.07545
10 81 1.07161
10 82 1.11863
10 83 1.11863
10 84 1.11863
10 85 1.11863
10 86 1.11863
10 87 1.09573
10 88 1.08547
10 89 1.07648
10 90 1.07209
10 91 1.11431
10 92 1.11431
10 93 1.11431
10 94 1.11431
10 95 1.11431
10 96 1.09359
10 97 1.08409
10 98 1.07564
10 99 1.07148
10 100 1.10502
10 101 1.10502
10 102 1.10502
10 103 1.10502
10 104 1.10502
10 105 1.08861
10 106 1.08077
10 107 1.07365
10 108 1.0701
10 109 1.09758
10 110 1.09758
10 111 1.09758
10 112 1.09758
10 113 1.09758
10 114 1.08401
10 115 1.07758
10 116 1.07162
10 117 1.06886
10 118 1.10086
10 119 1.10086
10 120 1.10086
10 121 1.10086
10 122 1.10086
10 123 1.08598
10 124 1.07884
10 125 1.07236
10 126 1.06918
10 127 1.09873
10 128 1.09873
10 129 1.09873
10 130 1.09873
10 131 1.09873
10 132 1.0847
10 133 1.07793
10 134 1.07172
10 135 1.06864
10 136 1.09356
10 137 1.09356
10 138 1.09356
10 139 1.09356
10 140 1.09356
10 141 1.08155
10 142 1.07566
10 143 1.0702
10 144 1.06746
11 1 1.14693
11 2 1.14693
11 3 1.14693
11 4 1.14693
11 5 1.14693
11 6 1.10661
11 7 1.09167
11 8 1.07959
11 9 1.07385
11 10 1.30425
11 11 1.30425
11 12 1.30425
11 13 1.30425
11 14 1.30425
11 15 1.11753
11 16 1.09627
11 17 1.0814
11 18 1.0746
11 19 1.16168
11 20 1.16168
11 21 1.16168
11 22 1.16168
11 23 1.16168
11 24 1.11002
11 25 1.09317
11 26 1.08004
11 27 1.07387
11 28 1.12583
11 29 1.12583
11 30 1.12583
11 31 1.12583
11 32 1.12583
11 33 1.09877
11 34 1.08712
11 35 1.07708
11 36 1.07219
11 37 1.12936
11 38 1.12936
11 39 1.12936
11 40 1.12936
11 41 1.12936
11 42 1.10072
11 43 1.08863
11 44 1.07835
11 45 1.07343
11 46 1.14713
11 47 1.14713
11 48 1.14713
11 49 1.14713
11 50 1.14713
11 51 1.10681
11 52 1.09188
11 53 1.0798
11 54 1.07407
11 55 1.13521
11 56 1.13521
11 57 1.13521
11 58 1.13521
11 59 1.13521
11 60 1.1029
11 61 1.08974
11 62 1.0787
11 63 1.07338
11 64 1.11701
11 65 1.11701
11 66 1.11701
11 67 1.11701
11 68 1.11701
11 69 1.09501
11 70 1.08501
11 71 1.07616
11 72 1.07181
11 73 1.11184
11 74 1.11184
11 75 1.11184
11 76 1.11184
11 77 1.11184
11 78 1.09231
11 79 1.08342
11 80 1.07545
11 81 1.07161
11 82 1.11863
11 83 1.11863
11 84 1.11863
11 85 1.11863
11 86 1.11863
11 87 1.09573
11 88 1.08547
11 89 1.07648
11 90 1.07209
11 91 1.11431
11 92 1.11431
11 93 1.11431
11 94 1.11431
11 95 1.11431
11 96 1.09359
11 97 1.08409
11 98 1.07564
11 99 1.07148
11 100 1.10502
11 101 1.10502
11 102 1.10502
11 103 1.10502
11 104 1.10502
11 105 1.08861
11 106 1.08077
11 107 1.07365
11 108 1.0701
11 109 1.09758
11 110 1.09758
11 111 1.09758
11 112 1.09758
11 113 1.09758
11 114 1.08401
11 115 1.07758
11 116 1.07162
11 117 1.06886
11 118 1.10086
11 119 1.10086
11 120 1.10086
11 121 1.10086
11 122 1.10086
11 123 1.08598
11 124 1.07884
11 125 1.07236
11 126 1.06918
11 127 1.09873
11 128 1.09873
11 129 1.09873
11 130 1.09873
11 131 1.09873
11 132 1.0847
11 133 1.07793
11 134 1.07172
11 135 1.06864
11 136 1.09356
11 137 1.09356
11 138 1.09356
11 139 1.09356
11 140 1.09356
11 141 1.08155
11 142 1.07566
11 143 1.0702
11 144 1.06746
12 1 1.14693
12 2 1.14693
12 3 1.14693
12 4 1.14693
12 5 1.14693
12 6 1.10661
12 7 1.09167
12 8 1.07959
12 9 1.07385
12 10 1.30425
12 11 1.30425
12 12 1.30425
12 13 1.30425
12 14 1.30425
12 15 1.11753
12 16 1.09627
12 17 1.0814
12 18 1.0746
12 19 1.16168
12 20 1.16168
12 21 1.16168
12 22 1.16168
12 23 1.16168
12 24 1.11002
12 25 1.09317
12 26 1.08004
12 27 1.07387
12 28 1.12583
12 29 1.12583
12 30 1.12583
12 31 1.12583
12 32 1.12583
12 33 1.09877
12 34 1.08712
12 35 1.07708
12 36 1.07219
12 37 1.12936
12 38 1.12936
12 39 1.12936
12 40 1.12936
12 41 1.12936
12 42 1.10072
12 43 1.08863
12 44 1.07835
12 45 1.07343
12 46 1.14713
12 47 1.14713
12 48 1.14713
12 49 1.14713
12 50 1.14713
12 51 1.10681
12 52 1.09188
12 53 1.0798
12 54 1.07407
12 55 1.13521
12 56 1.13521
12 57 1.13521
12 58 1.13521
12 59 1.13521
12 60 1.1029
12 61 1.08974
12 62 1.0787
12 63 1.07338
12 64 1.11701
12 65 1.11701
12 66 1.11701
12 67 1.11701
12 68 1.11701
12 69 1.09501
12 70 1.08501
12 71 1.07616
12 72 1.07181
12 73 1.11184
12 74 1.11184
12 75 1.11184
12 76 1.11184
12 77 1.11184
12 78 1.09231
12 79 1.08342
12 80 1.07545
12 81 1.07161
12 82 1.11863
12 83 1.11863
12 84 1.11863
12 85 1.11863
12 86 1.11863
12 87 1.09573
12 88 1.08547
12 89 1.07648
12 90 1.07209
12 91 1.11431
12 92 1.11431
12 93 1.11431
12 94 1.11431
12 95 1.11431
12 96 1.09359
12 97 1.08409
12 98 1.07564
12 99 1.07148
12 100 1.10502
12 101 1.10502
12 102 1.10502
12 103 1.10502
12 104 1.10502
12 105 1.08861
12 106 1.08077
12 107 1.07365
12 108 1.0701
12 109 1.09758
12 110 1.09758
12 111 1.09758
12 112 1.09758
12 113 1.09758
12 114 1.08401
12 115 1.07758
12 116 1.07162
12 117 1.06886
12 118 1.10086
12 119 1.10086
12 120 1.10086
12 121 1.10086
12 122 1.10086
12 123 1.08598
12 124 1.07884
12 125 1.07236
12 126 1.06918
12 127 1.09873
12 128 1.09873
12 129 1.09873
12 130 1.09873
12 131 1.09873
12 132 1.0847
12 133 1.07793
12 134 1.07172
12 135 1.06864
12 136 1.09356
12 137 1.09356
12 138 1.09356
12 139 1.09356
12 140 1.09356
12 141 1.08155
12 142 1.07566
12 143 1.0702
12 144 1.06746
13 1 1.14693
13 2 1.14693
13 3 1.14693
13 4 1.14693
13 5 1.14693
13 6 1.10661
13 7 1.09167
13 8 1.07959
13 9 1.07385
13 10 1.30425
13 11 1.30425
13 12 1.30425
13 13 1.30425
13 14 1.30425
13 15 1.11753
13 16 1.09627
13 17 1.0814
13 18 1.0746
13 19 1.16168
13 20 1.16168
13 21 1.16168
13 22 1.16168
13 23 1.16168
13 24 1.11002
13 25 1.09317
13 26 1.08004
13 27 1.07387
13 28 1.12583
13 29 1.12583
13 30 1.12583
13 31 1.12583
13 32 1.12583
13 33 1.09877
13 34 1.08712
13 35 1.07708
13 36 1.07219
13 37 1.12936
13 38 1.12936
13 39 1.12936
13 40 1.12936
13 41 1.12936
13 42 1.10072
13 43 1.08863
13 44 1.07835
13 45 1.07343
13 46 1.14713
13 47 1.14713
13 48 1.14713
13 49 1.14713
13 50 1.14713
13 51 1.10681
13 52 1.09188
13 53 1.0798
13 54 1.07407
13 55 1.13521
13 56 1.13521
13 57 1.13521
13 58 1.13521
13 59 1.13521
13 60 1.1029
13 61 1.08974
13 62 1.0787
13 63 1.07338
13 64 1.11701
13 65 1.11701
13 66 1.11701
13 67 1.11701
13 68 1.11701
13 69 1.09501
13 70 1.08501
13 71 1.07616
13 72 1.07181
13 73 1.11184
13 74 1.11184
13 75 1.11184
13 76 1.11184
13 77 1.11184
13 78 1.09231
13 79 1.08342
13 80 1.07545
13 81 1.07161
13 82 1.11863
13 83 1.11863
13 84 1.11863
13 85 1.11863
13 86 1.11863
13 87 1.09573
13 88 1.08547
13 89 1.07648
13 90 1.07209
13 91 1.11431
13 92 1.11431
13 93 1.11431
13 94 1.11431
13 95 1.11431
13 96 1.09359
13 97 1.08409
13 98 1.07564
13 99 1.07148
13 100 1.10502
13 101 1.10502
13 102 1.10502
13 103 1.10502
13 104 1.10502
13 105 1.08861
13 106 1.08077
13 107 1.07365
13 108 1.0701
13 109 1.09758
13 110 1.09758
13 111 1.09758
13 112 1.09758
13 113 1.09758
13 114 1.08401
13 115 1.07758
13 116 1.07162
13 117 1.06886
13 118 1.10086
13 119 1.10086
13 120 1.10086
13 121 1.10086
13 122 1.10086
13 123 1.08598
13 124 1.07884
13 125 1.07236
13 126 1.06918
13 127 1.09873
13 128 1.09873
13 129 1.09873
13 130 1.09873
13 131 1.09873
13 132 1.0847
13 133 1.07793
13 134 1.07172
13 135 1.06864
13 136 1.09356
13 137 1.09356
13 138 1.09356
13 139 1.09356
13 140 1.09356
13 141 1.08155
13 142 1.07566
13 143 1.0702
13 144 1.06746
14 1 1.14693
14 2 1.14693
14 3 1.14693
14 4 1.14693
14 5 1.14693
14 6 1.10661
14 7 1.09167
14 8 1.07959
14 9 1.07385
14 10 1.30425
14 11 1.30425
14 12 1.30425
14 13 1.30425
14 14 1.30425
14 15 1.11753
14 16 1.09627
14 17 1.0814
14 18 1.0746
14 19 1.16168
14 20 1.16168
14 21 1.16168
14 22 1.16168
14 23 1.16168
14 24 1.11002
14 25 1.09317
14 26 1.08004
14 27 1.07387
14 28 1.12583
14 29 1.12583
14 30 1.12583
14 31 1.12583
14 32 1.12583
14 33 1.09877
14 34 1.08712
14 35 1.07708
14 36 1.07219
14 37 1.12936
14 38 1.12936
14 39 1.12936
14 40 1.12936
14 41 1.12936
14 42 1.10072
14 43 1.08863
14 44 1.07835
14 45 1.07343
14 46 1.14713
14 47 1.14713
14 48 1.14713
14 49 1.14713
14 50 1.14713
14 51 1.10681
14 52 1.09188
14 53 1.0798
14 54 1.07407
14 55 1.13521
14 56 1.13521
14 57 1.13521
14 58 1.13521
14 59 1.13521
14 60 1.1029
14 61 1.08974
14 62 1.0787
14 63 1.07338
14 64 1.11701
14 65 1.11701
14 66 1.11701
14 67 1.11701
14 68 1.11701
14 69 1.09501
14 70 1.08501
14 71 1.07616
14 72 1.07181
14 73 1.11184
14 74 1.11184
14 75 1.11184
14 76 1.11184
14 77 1.11184
14 78 1.09231
14 79 1.08342
14 80 1.07545
14 81 1.07161
14 82 1.11863
14 83 1.11863
14 84 1.11863
14 85 1.11863
14 86 1.11863
14 87 1.09573
14 88 1.08547
14 89 1.07648
14 90 1.07209
14 91 1.11431
14 92 1.11431
14 93 1.11431
14 94 1.11431
14 95 1.11431
14 96 1.09359
14 97 1.08409
14 98 1.07564
14 99 1.07148
14 100 1.10502
14 101 1.10502
14 102 1.10502
14 103 1.10502
14 104 1.10502
14 105 1.08861
14 106 1.08077
14 107 1.07365
14 108 1.0701
14 109 1.09758
14 110 1.09758
14 111 1.09758
14 112 1.09758
14 113 1.09758
14 114 1.08401
14 115 1.07758
14 116 1.07162
14 117 1.06886
14 118 1.10086
14 119 1.10086
14 120 1.10086
14 121 1.10086
14 122 1.10086
14 123 1.08598
14 124 1.07884
14 125 1.07236
14 126 1.06918
14 127 1.09873
14 128 1.09873
14 129 1.09873
14 130 1.09873
14 131 1.09873
14 132 1.0847
14 133 1.07793
14 134 1.07172
14 135 1.06864
14 136 1.09356
14 137 1.09356
14 138 1.09356
14 139 1.09356
14 140 1.09356
14 141 1.08155
14 142 1.07566
14 143 1.0702
14 144 1.06746
15 1 1.10664
15 2 1.10664
15 3 1.10664
15 4 1.10664
15 5 1.10664
15 6 1.44654
15 7 1.36746
15 8 1.24358
15 9 1.17998
15 10 1.11753
15 11 1.11753
15 12 1.11753
15 13 1.11753
15 14 1.11753
15 15 6.92088
15 16 2.1464
15 17 1.39496
15 18 1.20484
15 19 1.11001
15 20 1.11001
15 21 1.11001
15 22 1.11001
15 23 1.11001
15 24 1.68194
15 25 1.48547
15 26 1.2819
15 27 1.18893
15 28 1.09875
15 29 1.09875
15 30 1.09875
15 31 1.09875
15 32 1.09875
15 33 1.24214
15 34 1.23214
15 35 1.18769
15 36 1.16028
15 37 1.10089
15 38 1.10089
15 39 1.10089
15 40 1.10089
15 41 1.10089
15 42 1.25842
15 43 1.24552
15 44 1.1946
15 45 1.1641
15 46 1.10686
15 47 1.10686
15 48 1.10686
15 49 1.10686
15 50 1.10686
15 51 1.44661
15 52 1.36766
15 53 1.2438
15 54 1.18006
15 55 1.10291
15 56 1.10291
15 57 1.10291
15 58 1.10291
15 59 1.10291
15 60 1.31139
15 61 1.28429
15 62 1.21192
15 63 1.17022
15 64 1.095
15 65 1.095
15 66 1.095
15 67 1.095
15 68 1.095
15 69 1.18482
15 70 1.18617
15 71 1.16442
15 72 1.14943
15 73 1.09263
15 74 1.09263
15 75 1.09263
15 76 1.09263
15 77 1.09263
15 78 1.15812
15 79 1.16299
15 80 1.15086
15 81 1.14203
15 82 1.09583
15 83 1.09583
15 84 1.09583
15 85 1.09583
15 86 1.09583
15 87 1.19378
15 88 1.19333
15 89 1.16799
15 90 1.15116
15 91 1.09363
15 92 1.09363
15 93 1.09363
15 94 1.09363
15 95 1.09363
15 96 1.17218
15 97 1.17505
15 98 1.15789
15 99 1.14567
15 100 1.08862
15 101 1.08862
15 102 1.08862
15 103 1.08862
15 104 1.08862
15 105 1.13605
15 106 1.1422
15 107 1.13728
15 108 1.13266
15 109 1.08438
15 110 1.08438
15 111 1.08438
15 112 1.08438
15 113 1.08438
15 114 1.11342
15 115 1.12061
15 116 1.12142
15 117 1.12111
15 118 1.08615
15 119 1.08615
15 120 1.08615
15 121 1.08615
15 122 1.08615
15 123 1.1239
15 124 1.13047
15 125 1.1287
15 126 1.12629
15 127 1.0848
15 128 1.0848
15 129 1.0848
15 130 1.0848
15 131 1.0848
15 132 1.11877
15 133 1.12533
15 134 1.12485
15 135 1.12324
15 136 1.08159
15 137 1.08159
15 138 1.08159
15 139 1.08159
15 140 1.08159
15 141 1.1069
15 142 1.11333
15 143 1.1153
15 144 1.11542
16 1 1.09171
16 2 1.09171
16 3 1.09171
16 4 1.09171
16 5 1.09171
16 6 1.36759
16 7 1.4691
16 8 1.34133
16 9 1.24978
16 10 1.09627
16 11 1.09627
16 12 1.09627
16 13 1.09627
16 14 1.09627
16 15 2.1464
16 16 6.92766
16 17 1.99918
16 18 1.31307
16 19 1.09316
16 20 1.09316
16 21 1.09316
16 22 1.09316
16 23 1.09316
16 24 1.48545
16 25 1.70074
16 26 1.43117
16 27 1.26954
16 28 1.08709
16 29 1.08709
16 30 1.08709
16 31 1.08709
16 32 1.08709
16 33 1.23213
16 34 1.26888
16 35 1.24026
16 36 1.21271
16 37 1.08879
16 38 1.08879
16 39 1.08879
16 40 1.08879
16 41 1.08879
16 42 1.24542
16 43 1.28495
16 44 1.25043
16 45 1.21873
16 46 1.09193
16 47 1.09193
16 48 1.09193
16 49 1.09193
16 50 1.09193
16 51 1.36764
16 52 1.46928
16 53 1.34157
16 54 1.24981
16 55 1.08975
16 56 1.08975
16 57 1.08975
16 58 1.08975
16 59 1.08975
16 60 1.28426
16 61 1.33691
16 62 1.27941
16 63 1.23039
16 64 1.085
16 65 1.085
16 66 1.085
16 67 1.085
16 68 1.085
16 69 1.18616
16 70 1.21165
16 71 1.20451
16 72 1.19362
16 73 1.08367
16 74 1.08367
16 75 1.08367
16 76 1.08367
16 77 1.08367
16 78 1.1623
16 79 1.18456
16 80 1.18524
16 81 1.1812
16 82 1.08558
16 83 1.08558
16 84 1.08558
16 85 1.08558
16 86 1.08558
16 87 1.19317
16 88 1.22055
16 89 1.21
16 90 1.19658
16 91 1.08413
16 92 1.08413
16 93 1.08413
16 94 1.08413
16 95 1.08413
16 96 1.175
16 97 1.19864
16 98 1.19524
16 99 1.18746
16 100 1.08079
16 101 1.08079
16 102 1.08079
16 103 1.08079
16 104 1.08079
16 105 1.14219
16 106 1.16069
16 107 1.16649
16 108 1.1666
16 109 1.07793
16 110 1.07793
16 111 1.07793
16 112 1.07793
16 113 1.07793
16 114 1.11955
16 115 1.13573
16 116 1.14497
16 117 1.14879
16 118 1.07904
16 119 1.07904
16 120 1.07904
16 121 1.07904
16 122 1.07904
16 123 1.13013
16 124 1.14721
16 125 1.15492
16 126 1.15693
16 127 1.07803
16 128 1.07803
16 129 1.07803
16 130 1.07803
16 131 1.07803
16 132 1.12523
16 133 1.14131
16 134 1.14971
16 135 1.15234
16 136 1.0757
16 137 1.0757
16 138 1.0757
16 139 1.0757
16 140 1.0757
16 141 1.11331
16 142 1.1274
16 143 1.13679
16 144 1.14061
17 1 1.07961
17 2 1.07961
17 3 1.07961
17 4 1.07961
17 5 1.07961
17 6 1.24377
17 7 1.34162
17 8 1.39976
17 9 1.33626
17 10 1.0814
17 11 1.0814
17 12 1.0814
17 13 1.0814
17 14 1.0814
17 15 1.39496
17 16 1.99918
17 17 6.28169
17 18 1.54605
17 19 1.08003
17 20 1.08003
17 21 1.08003
17 22 1.08003
17 23 1.08003
17 24 1.28186
17 25 1.4311
17 26 1.55602
17 27 1.37951
17 28 1.07706
17 29 1.07706
17 30 1.07706
17 31 1.07706
17 32 1.07706
17 33 1.18768
17 34 1.24024
17 35 1.27133
17 36 1.27014
17 37 1.07846
17 38 1.07846
17 39 1.07846
17 40 1.07846
17 41 1.07846
17 42 1.1946
17 43 1.25073
17 44 1.28224
17 45 1.2792
17 46 1.07984
17 47 1.07984
17 48 1.07984
17 49 1.07984
17 50 1.07984
17 51 1.24376
17 52 1.34159
17 53 1.39992
17 54 1.33626
17 55 1.07871
17 56 1.07871
17 57 1.07871
17 58 1.07871
17 59 1.07871
17 60 1.21187
17 61 1.27936
17 62 1.31525
17 63 1.29948
17 64 1.07616
17 65 1.07616
17 66 1.07616
17 67 1.07616
17 68 1.07616
17 69 1.1644
17 70 1.20449
17 71 1.23192
17 72 1.23978
17 73 1.07565
17 74 1.07565
17 75 1.07565
17 76 1.07565
17 77 1.07565
17 78 1.15002
17 79 1.185
17 80 1.21098
17 81 1.22119
17 82 1.07657
17 83 1.07657
17 84 1.07657
17 85 1.07657
17 86 1.07657
17 87 1.16772
17 88 1.20991
17 89 1.23796
17 90 1.24447
17 91 1.07568
17 92 1.07568
17 93 1.07568
17 94 1.07568
17 95 1.07568
17 96 1.15778
17 97 1.19516
17 98 1.22182
17 99 1.23068
17 100 1.07366
17 101 1.07366
17 102 1.07366
17 103 1.07366
17 104 1.07366
17 105 1.13725
17 106 1.16645
17 107 1.1901
17 108 1.20053
17 109 1.07197
17 110 1.07197
17 111 1.07197
17 112 1.07197
17 113 1.07197
17 114 1.11986
17 115 1.14445
17 116 1.16543
17 117 1.17589
17 118 1.07252
17 119 1.07252
17 120 1.07252
17 121 1.07252
17 122 1.07252
17 123 1.12808
17 124 1.15465
17 125 1.1769
17 126 1.18724
17 127 1.0718
17 128 1.0718
17 129 1.0718
17 130 1.0718
17 131 1.0718
17 132 1.12461
17 133 1.14955
17 134 1.17091
17 135 1.18098
17 136 1.07024
17 137 1.07024
17 138 1.07024
17 139 1.07024
17 140 1.07024
17 141 1.11522
17 142 1.13673
17 143 1.15582
17 144 1.1651
18 1 1.07385
18 2 1.07385
18 3 1.07385
18 4 1.07385
18 5 1.07385
18 6 1.17996
18 7 1.24983
18 8 1.3362
18 9 1.39013
18 10 1.0746
18 11 1.0746
18 12 1.0746
18 13 1.0746
18 14 1.0746
18 15 1.20484
18 16 1.31307
18 17 1.54605
18 18 2.14803
18 19 1.07387
18 20 1.07387
18 21 1.07387
18 22 1.07387
18 23 1.07387
18 24 1.18894
18 25 1.26954
18 26 1.37953
18 27 1.45769
18 28 1.07218
18 29 1.07218
18 30 1.07218
18 31 1.07218
18 32 1.07218
18 33 1.16029
18 34 1.21272
18 35 1.27016
18 36 1.30187
18 37 1.07345
18 38 1.07345
18 39 1.07345
18 40 1.07345
18 41 1.07345
18 42 1.16367
18 43 1.21855
18 44 1.27894
18 45 1.31272
18 46 1.07409
18 47 1.07409
18 48 1.07409
18 49 1.07409
18 50 1.07409
18 51 1.17994
18 52 1.24972
18 53 1.33619
18 54 1.39017
18 55 1.07339
18 56 1.07339
18 57 1.07339
18 58 1.07339
18 59 1.07339
18 60 1.17018
18 61 1.23035
18 62 1.29947
18 63 1.33907
18 64 1.07182
18 65 1.07182
18 66 1.07182
18 67 1.07182
18 68 1.07182
18 69 1.14942
18 70 1.1936
18 71 1.23979
18 72 1.2644
18 73 1.07168
18 74 1.07168
18 75 1.07168
18 76 1.07168
18 77 1.07168
18 78 1.14078
18 79 1.18042
18 80 1.22071
18 81 1.24216
18 82 1.07215
18 83 1.07215
18 84 1.07215
18 85 1.07215
18 86 1.07215
18 87 1.15075
18 88 1.19631
18 89 1.24431
18 90 1.27016
18 91 1.07151
18 92 1.07151
18 93 1.07151
18 94 1.07151
18 95 1.07151
18 96 1.14553
18 97 1.18734
18 98 1.23062
18 99 1.25356
18 100 1.07012
18 101 1.07012
18 102 1.07012
18 103 1.07012
18 104 1.07012
18 105 1.13262
18 106 1.16656
18 107 1.20051
18 108 1.21815
18 109 1.06899
18 110 1.06899
18 111 1.06899
18 112 1.06899
18 113 1.06899
18 114 1.11887
18 115 1.14751
18 116 1.17516
18 117 1.18979
18 118 1.06927
18 119 1.06927
18 120 1.06927
18 121 1.06927
18 122 1.06927
18 123 1.12543
18 124 1.15639
18 125 1.18698
18 126 1.20289
18 127 1.06869
18 128 1.06869
18 129 1.06869
18 130 1.06869
18 131 1.06869
18 132 1.1229
18 133 1.15207
18 134 1.18086
18 135 1.19573
18 136 1.0675
18 137 1.0675
18 138 1.0675
18 139 1.0675
18 140 1.0675
18 141 1.11531
18 142 1.1405
18 143 1.16506
18 144 1.17765
19 1 1.11814
19 2 1.11814
19 3 1.11814
19 4 1.11814
19 5 1.11814
19 6 1.09525
19 7 1.08495
19 8 1.07592
19 9 1.07151
19 10 1.16168
19 11 1.16168
19 12 1.16168
19 13 1.16168
19 14 1.16168
19 15 1.11001
19 16 1.09316
19 17 1.08003
19 18 1.07387
19 19 1.30427
19 20 1.30427
19 21 1.30427
19 22 1.30427
19 23 1.30427
19 24 1.11754
19 25 1.09628
19 26 1.08138
19 27 1.07458
19 28 1.16199
19 29 1.16199
19 30 1.16199
19 31 1.16199
19 32 1.16199
19 33 1.11033
19 34 1.09348
19 35 1.08034
19 36 1.07416
19 37 1.11157
19 38 1.11157
19 39 1.11157
19 40 1.11157
19 41 1.11157
19 42 1.09211
19 43 1.08312
19 44 1.0751
19 45 1.0712
19 46 1.1352
19 47 1.1352
19 48 1.1352
19 49 1.1352
19 50 1.1352
19 51 1.10286
19 52 1.0897
19 53 1.07867
19 54 1.07337
19 55 1.14716
19 56 1.14716
19 57 1.14716
19 58 1.14716
19 59 1.14716
19 60 1.10684
19 61 1.09189
19 62 1.07979
19 63 1.07402
19 64 1.13553
19 65 1.13553
19 66 1.13553
19 67 1.13553
19 68 1.13553
19 69 1.10322
19 70 1.09005
19 71 1.07899
19 72 1.07366
19 73 1.1016
19 74 1.1016
19 75 1.1016
19 76 1.1016
19 77 1.1016
19 78 1.08642
19 79 1.07929
19 80 1.07276
19 81 1.06959
19 82 1.11429
19 83 1.11429
19 84 1.11429
19 85 1.11429
19 86 1.11429
19 87 1.09352
19 88 1.08402
19 89 1.0756
19 90 1.07147
19 91 1.11866
19 92 1.11866
19 93 1.11866
19 94 1.11866
19 95 1.11866
19 96 1.09576
19 97 1.08549
19 98 1.07646
19 99 1.07203
19 100 1.11464
19 101 1.11464
19 102 1.11464
19 103 1.11464
19 104 1.11464
19 105 1.09392
19 106 1.08439
19 107 1.07592
19 108 1.07174
19 109 1.0914
19 110 1.0914
19 111 1.0914
19 112 1.0914
19 113 1.0914
19 114 1.07994
19 115 1.07451
19 116 1.06943
19 117 1.06708
19 118 1.0987
19 119 1.0987
19 120 1.0987
19 121 1.0987
19 122 1.0987
19 123 1.08461
19 124 1.07783
19 125 1.07166
19 126 1.06863
19 127 1.1009
19 128 1.1009
19 129 1.1009
19 130 1.1009
19 131 1.1009
19 132 1.086
19 133 1.07886
19 134 1.07234
19 135 1.0691
19 136 1.09907
19 137 1.09907
19 138 1.09907
19 139 1.09907
19 140 1.09907
19 141 1.08503
19 142 1.07824
19 143 1.072
19 144 1.06888
20 1 1.11814
20 2 1.11814
20 3 1.11814
20 4 1.11814
20 5 1.11814
20 6 1.09525
20 7 1.08495
20 8 1.07592
20 9 1.07151
20 10 1.16168
20 11 1.16168
20 12 1.16168
20 13 1.16168
20 14 1.16168
20 15 1.11001
20 16 1.09316
20 17 1.08003
20 18 1.07387
20 19 1.30427
20 20 1.30427
20 21 1.30427
20 22 1.30427
20 23 1.30427
20 24 1.11754
20 25 1.09628
20 26 1.08138
20 27 1.07458
20 28 1.16199
20 29 1.16199
20 30 1.16199
20 31 1.16199
20 32 1.16199
20 33 1.11033
20 34 1.09348
20 35 1.08034
20 36 1.07416
20 37 1.11157
20 38 1.11157
20 39 1.11157
20 40 1.11157
20 41 1.11157
20 42 1.09211
20 43 1.08312
20 44 1.0751
20 45 1.0712
20 46 1.1352
20 47 1.1352
20 48 1.1352
20 49 1.1352
20 50 1.1352
20 51 1.10286
20 52 1.0897
20 53 1.07867
20 54 1.07337
20 55 1.14716
20 56 1.14716
20 57 1.14716
20 58 1.14716
20 59 1.14716
20 60 1.10684
20 61 1.09189
20 62 1.07979
20 63 1.07402
20 64 1.13553
20 65 1.13553
20 66 1.13553
20 67 1.13553
20 68 1.13553
20 69 1.10322
20 70 1.09005
20 71 1.07899
20 72 1.07366
20 73 1.1016
20 74 1.1016
20 75 1.1016
20 76 1.1016
20 77 1.1016
20 78 1.08642
20 79 1.07929
20 80 1.07276
20 81 1.06959
20 82 1.11429
20 83 1.11429
20 84 1.11429
20 85 1.11429
20 86 1.11429
20 87 1.09352
20 88 1.08402
20 89 1.0756
20 90 1.07147
20 91 1.11866
20 92 1.11866
20 93 1.11866
20 94 1.11866
20 95 1.11866
20 96 1.09576
20 97 1.08549
20 98 1.07646
20 99 1.07203
20 100 1.11464
20 101 1.11464
20 102 1.11464
20 103 1.11464
20 104 1.11464
20 105 1.09392
20 106 1.08439
20 107 1.07592
20 108 1.07174
20 109 1.0914
20 110 1.0914
20 111 1.0914
20 112 1.0914
20 113 1.0914
20 114 1.07994
20 115 1.07451
20 116 1.06943
20 117 1.06708
20 118 1.0987
20 119 1.0987
20 120 1.0987
20 121 1.0987
20 122 1.0987
20 123 1.08461
20 124 1.07783
20 125 1.07166
20 126 1.06863
20 127 1.1009
20 128 1.1009
20 129 1.1009
20 130 1.1009
20 131 1.1009
20 132 1.086
20 133 1.07886
20 134 1.07234
20 135 1.0691
20 136 1.09907
20 137 1.09907
20 138 1.09907
20 139 1.09907
20 140 1.09907
20 141 1.08503
20 142 1.07824
20 143 1.072
20 144 1.06888
21 1 1.11814
21 2 1.11814
21 3 1.11814
21 4 1.11814
21 5 1.11814
21 6 1.09525
21 7 1.08495
21 8 1.07592
21 9 1.07151
21 10 1.16168
21 11 1.16168
21 12 1.16168
21 13 1.16168
21 14 1.16168
21 15 1.11001
21 16 1.09316
21 17 1.08003
21 18 1.07387
21 19 1.30427
21 20 1.30427
21 21 1.30427
21 22 1.30427
21 23 1.30427
21 24 1.11754
21 25 1.09628
21 26 1.08138
21 27 1.07458
21 28 1.16199
21 29 1.16199
21 30 1.16199
21 31 1.16199
21 32 1.16199
21 33 1.11033
21 34 1.09348
21 35 1.08034
