injected_el measured_el potential
1 1 1.30497
1 2 1.30497
1 3 1.30497
1 4 1.30497
1 5 1.30497
1 6 1.1183
1 7 1.09716
1 8 1.08256
1 9 1.07599
1 10 1.14677
1 11 1.14677
1 12 1.14677
1 13 1.14677
1 14 1.14677
1 15 1.1066
1 16 1.09174
1 17 1.07981
1 18 1.07417
1 19 1.11801
1 20 1.11801
1 21 1.11801
1 22 1.11801
1 23 1.11801
1 24 1.09529
1 25 1.0851
1 26 1.07615
1 27 1.07177
1 28 1.10046
1 29 1.10046
1 30 1.10046
1 31 1.10046
1 32 1.10046
1 33 1.08575
1 34 1.07865
1 35 1.07215
1 36 1.0689
1 37 1.14776
1 38 1.14776
1 39 1.14776
1 40 1.14776
1 41 1.14776
1 42 1.10731
1 43 1.09278
1 44 1.08104
1 45 1.07573
1 46 1.12915
1 47 1.12915
1 48 1.12915
1 49 1.12915
1 50 1.12915
1 51 1.10086
1 52 1.08879
1 53 1.07869
1 54 1.0739
1 55 1.11142
1 56 1.11142
1 57 1.11142
1 58 1.11142
1 59 1.11142
1 60 1.0923
1 61 1.08341
1 62 1.07548
1 63 1.07157
1 64 1.0974
1 65 1.0974
1 66 1.0974
1 67 1.0974
1 68 1.0974
1 69 1.08418
1 70 1.07773
1 71 1.07178
1 72 1.0688
1 73 1.11923
1 74 1.11923
1 75 1.11923
1 76 1.11923
1 77 1.11923
1 78 1.09659
1 79 1.08671
1 80 1.07785
1 81 1.07395
1 82 1.11162
1 83 1.11162
1 84 1.11162
1 85 1.11162
1 86 1.11162
1 87 1.09277
1 88 1.08376
1 89 1.0759
1 90 1.0722
1 91 1.10146
1 92 1.10146
1 93 1.10146
1 94 1.10146
1 95 1.10146
1 96 1.08685
1 97 1.07974
1 98 1.07325
1 99 1.07004
1 100 1.09151
1 101 1.09151
1 102 1.09151
1 103 1.09151
1 104 1.09151
1 105 1.08054
1 106 1.0751
1 107 1.07002
1 108 1.06748
1 109 1.10149
1 110 1.10149
1 111 1.10149
1 112 1.10149
1 113 1.10149
1 114 1.08736
1 115 1.08043
1 116 1.07387
1 117 1.07116
1 118 1.09737
1 119 1.09737
1 120 1.09737
1 121 1.09737
1 122 1.09737
1 123 1.08483
1 124 1.07813
1 125 1.07223
1 126 1.06954
1 127 1.09129
1 128 1.09129
1 129 1.09129
1 130 1.09129
1 131 1.09129
1 132 1.08056
1 133 1.0751
1 134 1.07007
1 135 1.06759
1 136 1.08446
1 137 1.08446
1 138 1.08446
1 139 1.08446
1 140 1.08446
1 141 1.07581
1 142 1.07145
1 143 1.06735
1 144 1.06529
2 1 1.30497
2 2 1.30497
2 3 1.30497
2 4 1.30497
2 5 1.30497
2 6 1.1183
2 7 1.09716
2 8 1.08256
2 9 1.07599
2 10 1.14677
2 11 1.14677
2 12 1.14677
2 13 1.14677
2 14 1.14677
2 15 1.1066
2 16 1.09174
2 17 1.07981
2 18 1.07417
2 19 1.11801
2 20 1.11801
2 21 1.11801
2 22 1.11801
2 23 1.11801
2 24 1.09529
2 25 1.0851
2 26 1.07615
2 27 1.07177
2 28 1.10046
2 29 1.10046
2 30 1.10046
2 31 1.10046
2 32 1.10046
2 33 1.08575
2 34 1.07865
2 35 1.07215
2 36 1.0689
2 37 1.14776
2 38 1.14776
2 39 1.14776
2 40 1.14776
2 41 1.14776
2 42 1.10731
2 43 1.09278
2 44 1.08104
2 45 1.07573
2 46 1.12915
2 47 1.12915
2 48 1.12915
2 49 1.12915
2 50 1.12915
2 51 1.10086
2 52 1.08879
2 53 1.07869
2 54 1.0739
2 55 1.11142
2 56 1.11142
2 57 1.11142
2 58 1.11142
2 59 1.11142
2 60 1.0923
2 61 1.08341
2 62 1.07548
2 63 1.07157
2 64 1.0974
2 65 1.0974
2 66 1.0974
2 67 1.0974
2 68 1.0974
2 69 1.08418
2 70 1.07773
2 71 1.07178
2 72 1.0688
2 73 1.11923
2 74 1.11923
2 75 1.11923
2 76 1.11923
2 77 1.11923
2 78 1.09659
2 79 1.08671
2 80 1.07785
2 81 1.07395
2 82 1.11162
2 83 1.11162
2 84 1.11162
2 85 1.11162
2 86 1.11162
2 87 1.09277
2 88 1.08376
2 89 1.0759
2 90 1.0722
2 91 1.10146
2 92 1.10146
2 93 1.10146
2 94 1.10146
2 95 1.10146
2 96 1.08685
2 97 1.07974
2 98 1.07325
2 99 1.07004
2 100 1.09151
2 101 1.09151
2 102 1.09151
2 103 1.09151
2 104 1.09151
2 105 1.08054
2 106 1.0751
2 107 1.07002
2 108 1.06748
2 109 1.10149
2 110 1.10149
2 111 1.10149
2 112 1.10149
2 113 1.10149
2 114 1.08736
2 115 1.08043
2 116 1.07387
2 117 1.07116
2 118 1.09737
2 119 1.09737
2 120 1.09737
2 121 1.09737
2 122 1.09737
2 123 1.08483
2 124 1.07813
2 125 1.07223
2 126 1.06954
2 127 1.09129
2 128 1.09129
2 129 1.09129
2 130 1.09129
2 131 1.09129
2 132 1.08056
2 133 1.0751
2 134 1.07007
2 135 1.06759
2 136 1.08446
2 137 1.08446
2 138 1.08446
2 139 1.08446
2 140 1.08446
2 141 1.07581
2 142 1.07145
2 143 1.06735
2 144 1.06529
3 1 1.30497
3 2 1.30497
3 3 1.30497
3 4 1.30497
3 5 1.30497
3 6 1.1183
3 7 1.09716
3 8 1.08256
3 9 1.07599
3 10 1.14677
3 11 1.14677
3 12 1.14677
3 13 1.14677
3 14 1.14677
3 15 1.1066
3 16 1.09174
3 17 1.07981
3 18 1.07417
3 19 1.11801
3 20 1.11801
3 21 1.11801
3 22 1.11801
3 23 1.11801
3 24 1.09529
3 25 1.0851
3 26 1.07615
3 27 1.07177
3 28 1.10046
3 29 1.10046
3 30 1.10046
3 31 1.10046
3 32 1.10046
3 33 1.08575
3 34 1.07865
3 35 1.07215
3 36 1.0689
3 37 1.14776
3 38 1.14776
3 39 1.14776
3 40 1.14776
3 41 1.14776
3 42 1.10731
3 43 1.09278
3 44 1.08104
3 45 1.07573
3 46 1.12915
3 47 1.12915
3 48 1.12915
3 49 1.12915
3 50 1.12915
3 51 1.10086
3 52 1.08879
3 53 1.07869
3 54 1.0739
3 55 1.11142
3 56 1.11142
3 57 1.11142
3 58 1.11142
3 59 1.11142
3 60 1.0923
3 61 1.08341
3 62 1.07548
3 63 1.07157
3 64 1.0974
3 65 1.0974
3 66 1.0974
3 67 1.0974
3 68 1.0974
3 69 1.08418
3 70 1.07773
3 71 1.07178
3 72 1.0688
3 73 1.11923
3 74 1.11923
3 75 1.11923
3 76 1.11923
3 77 1.11923
3 78 1.09659
3 79 1.08671
3 80 1.07785
3 81 1.07395
3 82 1.11162
3 83 1.11162
3 84 1.11162
3 85 1.11162
3 86 1.11162
3 87 1.09277
3 88 1.08376
3 89 1.0759
3 90 1.0722
3 91 1.10146
3 92 1.10146
3 93 1.10146
3 94 1.10146
3 95 1.10146
3 96 1.08685
3 97 1.07974
3 98 1.07325
3 99 1.07004
3 100 1.09151
3 101 1.09151
3 102 1.09151
3 103 1.09151
3 104 1.09151
3 105 1.08054
3 106 1.0751
3 107 1.07002
3 108 1.06748
3 109 1.10149
3 110 1.10149
3 111 1.10149
3 112 1.10149
3 113 1.10149
3 114 1.08736
3 115 1.08043
3 116 1.07387
3 117 1.07116
3 118 1.09737
3 119 1.09737
3 120 1.09737
3 121 1.09737
3 122 1.09737
3 123 1.08483
3 124 1.07813
3 125 1.07223
3 126 1.06954
3 127 1.09129
3 128 1.09129
3 129 1.09129
3 130 1.09129
3 131 1.09129
3 132 1.08056
3 133 1.0751
3 134 1.07007
3 135 1.06759
3 136 1.08446
3 137 1.08446
3 138 1.08446
3 139 1.08446
3 140 1.08446
3 141 1.07581
3 142 1.07145
3 143 1.06735
3 144 1.06529
4 1 1.30497
4 2 1.30497
4 3 1.30497
4 4 1.30497
4 5 1.30497
4 6 1.1183
4 7 1.09716
4 8 1.08256
4 9 1.07599
4 10 1.14677
4 11 1.14677
4 12 1.14677
4 13 1.14677
4 14 1.14677
4 15 1.1066
4 16 1.09174
4 17 1.07981
4 18 1.07417
4 19 1.11801
4 20 1.11801
4 21 1.11801
4 22 1.11801
4 23 1.11801
4 24 1.09529
4 25 1.0851
4 26 1.07615
4 27 1.07177
4 28 1.10046
4 29 1.10046
4 30 1.10046
4 31 1.10046
4 32 1.10046
4 33 1.08575
4 34 1.07865
4 35 1.07215
4 36 1.0689
4 37 1.14776
4 38 1.14776
4 39 1.14776
4 40 1.14776
4 41 1.14776
4 42 1.10731
4 43 1.09278
4 44 1.08104
4 45 1.07573
4 46 1.12915
4 47 1.12915
4 48 1.12915
4 49 1.12915
4 50 1.12915
4 51 1.10086
4 52 1.08879
4 53 1.07869
4 54 1.0739
4 55 1.11142
4 56 1.11142
4 57 1.11142
4 58 1.11142
4 59 1.11142
4 60 1.0923
4 61 1.08341
4 62 1.07548
4 63 1.07157
4 64 1.0974
4 65 1.0974
4 66 1.0974
4 67 1.0974
4 68 1.0974
4 69 1.08418
4 70 1.07773
4 71 1.07178
4 72 1.0688
4 73 1.11923
4 74 1.11923
4 75 1.11923
4 76 1.11923
4 77 1.11923
4 78 1.09659
4 79 1.08671
4 80 1.07785
4 81 1.07395
4 82 1.11162
4 83 1.11162
4 84 1.11162
4 85 1.11162
4 86 1.11162
4 87 1.09277
4 88 1.08376
4 89 1.0759
4 90 1.0722
4 91 1.10146
4 92 1.10146
4 93 1.10146
4 94 1.10146
4 95 1.10146
4 96 1.08685
4 97 1.07974
4 98 1.07325
4 99 1.07004
4 100 1.09151
4 101 1.09151
4 102 1.09151
4 103 1.09151
4 104 1.09151
4 105 1.08054
4 106 1.0751
4 107 1.07002
4 108 1.06748
4 109 1.10149
4 110 1.10149
4 111 1.10149
4 112 1.10149
4 113 1.10149
4 114 1.08736
4 115 1.08043
4 116 1.07387
4 117 1.07116
4 118 1.09737
4 119 1.09737
4 120 1.09737
4 121 1.09737
4 122 1.09737
4 123 1.08483
4 124 1.07813
4 125 1.07223
4 126 1.06954
4 127 1.09129
4 128 1.09129
4 129 1.09129
4 130 1.09129
4 131 1.09129
4 132 1.08056
4 133 1.0751
4 134 1.07007
4 135 1.06759
4 136 1.08446
4 137 1.08446
4 138 1.08446
4 139 1.08446
4 140 1.08446
4 141 1.07581
4 142 1.07145
4 143 1.06735
4 144 1.06529
5 1 1.30497
5 2 1.30497
5 3 1.30497
5 4 1.30497
5 5 1.30497
5 6 1.1183
5 7 1.09716
5 8 1.08256
5 9 1.07599
5 10 1.14677
5 11 1.14677
5 12 1.14677
5 13 1.14677
5 14 1.14677
5 15 1.1066
5 16 1.09174
5 17 1.07981
5 18 1.07417
5 19 1.11801
5 20 1.11801
5 21 1.11801
5 22 1.11801
5 23 1.11801
5 24 1.09529
5 25 1.0851
5 26 1.07615
5 27 1.07177
5 28 1.10046
5 29 1.10046
5 30 1.10046
5 31 1.10046
5 32 1.10046
5 33 1.08575
5 34 1.07865
5 35 1.07215
5 36 1.0689
5 37 1.14776
5 38 1.14776
5 39 1.14776
5 40 1.14776
5 41 1.14776
5 42 1.10731
5 43 1.09278
5 44 1.08104
5 45 1.07573
5 46 1.12915
5 47 1.12915
5 48 1.12915
5 49 1.12915
5 50 1.12915
5 51 1.10086
5 52 1.08879
5 53 1.07869
5 54 1.0739
5 55 1.11142
5 56 1.11142
5 57 1.11142
5 58 1.11142
5 59 1.11142
5 60 1.0923
5 61 1.08341
5 62 1.07548
5 63 1.07157
5 64 1.0974
5 65 1.0974
5 66 1.0974
5 67 1.0974
5 68 1.0974
5 69 1.08418
5 70 1.07773
5 71 1.07178
5 72 1.0688
5 73 1.11923
5 74 1.11923
5 75 1.11923
5 76 1.11923
5 77 1.11923
5 78 1.09659
5 79 1.08671
5 80 1.07785
5 81 1.07395
5 82 1.11162
5 83 1.11162
5 84 1.11162
5 85 1.11162
5 86 1.11162
5 87 1.09277
5 88 1.08376
5 89 1.0759
5 90 1.0722
5 91 1.10146
5 92 1.10146
5 93 1.10146
5 94 1.10146
5 95 1.10146
5 96 1.08685
5 97 1.07974
5 98 1.07325
5 99 1.07004
5 100 1.09151
5 101 1.09151
5 102 1.09151
5 103 1.09151
5 104 1.09151
5 105 1.08054
5 106 1.0751
5 107 1.07002
5 108 1.06748
5 109 1.10149
5 110 1.10149
5 111 1.10149
5 112 1.10149
5 113 1.10149
5 114 1.08736
5 115 1.08043
5 116 1.07387
5 117 1.07116
5 118 1.09737
5 119 1.09737
5 120 1.09737
5 121 1.09737
5 122 1.09737
5 123 1.08483
5 124 1.07813
5 125 1.07223
5 126 1.06954
5 127 1.09129
5 128 1.09129
5 129 1.09129
5 130 1.09129
5 131 1.09129
5 132 1.08056
5 133 1.0751
5 134 1.07007
5 135 1.06759
5 136 1.08446
5 137 1.08446
5 138 1.08446
5 139 1.08446
5 140 1.08446
5 141 1.07581
5 142 1.07145
5 143 1.06735
5 144 1.06529
6 1 1.1183
6 2 1.1183
6 3 1.1183
6 4 1.1183
6 5 1.1183
6 6 6.90253
6 7 2.13285
6 8 1.38886
6 9 1.20477
6 10 1.10647
6 11 1.10647
6 12 1.10647
6 13 1.10647
6 14 1.10647
6 15 1.44192
6 16 1.36295
6 17 1.24134
6 18 1.17902
6 19 1.09514
6 20 1.09514
6 21 1.09514
6 22 1.09514
6 23 1.09514
6 24 1.19221
6 25 1.19166
6 26 1.16674
6 27 1.15008
6 28 1.08561
6 29 1.08561
6 30 1.08561
6 31 1.08561
6 32 1.08561
6 33 1.12385
6 34 1.13022
6 35 1.12831
6 36 1.12574
6 37 1.10808
6 38 1.10808
6 39 1.10808
6 40 1.10808
6 41 1.10808
6 42 1.42237
6 43 1.35148
6 44 1.23697
6 45 1.18047
6 46 1.10095
6 47 1.10095
6 48 1.10095
6 49 1.10095
6 50 1.10095
6 51 1.25341
6 52 1.2407
6 53 1.19239
6 54 1.16332
6 55 1.09227
6 56 1.09227
6 57 1.09227
6 58 1.09227
6 59 1.09227
6 60 1.15772
6 61 1.1621
6 62 1.15025
6 63 1.14121
6 64 1.0841
6 65 1.0841
6 66 1.0841
6 67 1.0841
6 68 1.0841
6 69 1.11488
6 70 1.12138
6 71 1.12182
6 72 1.12085
6 73 1.09737
6 74 1.09737
6 75 1.09737
6 76 1.09737
6 77 1.09737
6 78 1.18391
6 79 1.1859
6 80 1.16453
6 81 1.15159
6 82 1.09291
6 83 1.09291
6 84 1.09291
6 85 1.09291
6 86 1.09291
6 87 1.15441
6 88 1.15988
6 89 1.14941
6 90 1.14142
6 91 1.08687
6 92 1.08687
6 93 1.08687
6 94 1.08687
6 95 1.08687
6 96 1.12388
6 97 1.13049
6 98 1.12914
6 99 1.12685
6 100 1.08052
6 101 1.08052
6 102 1.08052
6 103 1.08052
6 104 1.08052
6 105 1.10227
6 106 1.10843
6 107 1.11115
6 108 1.11184
6 109 1.08779
6 110 1.08779
6 111 1.08779
6 112 1.08779
6 113 1.08779
6 114 1.12103
6 115 1.12777
6 116 1.12771
6 117 1.12679
6 118 1.08481
6 119 1.08481
6 120 1.08481
6 121 1.08481
6 122 1.08481
6 123 1.11217
6 124 1.11937
6 125 1.12101
6 126 1.12071
6 127 1.0806
6 128 1.0806
6 129 1.0806
6 130 1.0806
6 131 1.0806
6 132 1.10132
6 133 1.10758
6 134 1.11067
6 135 1.11153
6 136 1.07583
6 137 1.07583
6 138 1.07583
6 139 1.07583
6 140 1.07583
6 141 1.09057
6 142 1.09592
6 143 1.0996
6 144 1.10115
7 1 1.09716
7 2 1.09716
7 3 1.09716
7 4 1.09716
7 5 1.09716
7 6 2.13285
7 7 6.88547
7 8 1.98201
7 9 1.31302
7 10 1.0916
7 11 1.0916
7 12 1.0916
7 13 1.0916
7 14 1.0916
7 15 1.36263
7 16 1.4632
7 17 1.33861
7 18 1.24871
7 19 1.08491
7 20 1.08491
7 21 1.08491
7 22 1.08491
7 23 1.08491
7 24 1.19151
7 25 1.21869
7 26 1.20871
7 27 1.19552
7 28 1.07848
7 29 1.07848
7 30 1.07848
7 31 1.07848
7 32 1.07848
7 33 1.13021
7 34 1.14707
7 35 1.15468
7 36 1.15652
7 37 1.09326
7 38 1.09326
7 39 1.09326
7 40 1.09326
7 41 1.09326
7 42 1.34778
7 43 1.44698
7 44 1.33123
7 45 1.24986
7 46 1.08893
7 47 1.08893
7 48 1.08893
7 49 1.08893
7 50 1.08893
7 51 1.24018
7 52 1.27943
7 53 1.24797
7 54 1.21771
7 55 1.08334
7 56 1.08334
7 57 1.08334
7 58 1.08334
7 59 1.08334
7 60 1.16185
7 61 1.18359
7 62 1.18465
7 63 1.18035
7 64 1.07762
7 65 1.07762
7 66 1.07762
7 67 1.07762
7 68 1.07762
7 69 1.12136
7 70 1.13674
7 71 1.14561
7 72 1.14873
7 73 1.08727
7 74 1.08727
7 75 1.08727
7 76 1.08727
7 77 1.08727
7 78 1.18285
7 79 1.21119
7 80 1.20515
7 81 1.1961
7 82 1.08406
7 83 1.08406
7 84 1.08406
7 85 1.08406
7 86 1.08406
7 87 1.15813
7 88 1.18107
7 89 1.18353
7 90 1.18013
7 91 1.07975
7 92 1.07975
7 93 1.07975
7 94 1.07975
7 95 1.07975
7 96 1.13008
7 97 1.14714
7 98 1.15541
7 99 1.15756
7 100 1.07504
7 101 1.07504
7 102 1.07504
7 103 1.07504
7 104 1.07504
7 105 1.10839
7 106 1.12155
7 107 1.13109
7 108 1.13521
7 109 1.08089
7 110 1.08089
7 111 1.08089
7 112 1.08089
7 113 1.08089
7 114 1.12622
7 115 1.14331
7 116 1.15307
7 117 1.15634
7 118 1.07848
7 119 1.07848
7 120 1.07848
7 121 1.07848
7 122 1.07848
7 123 1.11771
7 124 1.13414
7 125 1.14431
7 126 1.14783
7 127 1.07519
7 128 1.07519
7 129 1.07519
7 130 1.07519
7 131 1.07519
7 132 1.10713
7 133 1.1204
7 134 1.13035
7 135 1.13458
7 136 1.07145
7 137 1.07145
7 138 1.07145
7 139 1.07145
7 140 1.07145
7 141 1.09586
7 142 1.10658
7 143 1.11554
7 144 1.11977
8 1 1.08256
8 2 1.08256
8 3 1.08256
8 4 1.08256
8 5 1.08256
8 6 1.38886
8 7 1.98201
8 8 6.11477
8 9 1.544
8 10 1.07974
8 11 1.07974
8 12 1.07974
8 13 1.07974
8 14 1.07974
8 15 1.24106
8 16 1.3381
8 17 1.39694
8 18 1.33437
8 19 1.07606
8 20 1.07606
8 21 1.07606
8 22 1.07606
8 23 1.07606
8 24 1.16673
8 25 1.20859
8 26 1.23669
8 27 1.24311
8 28 1.07206
8 29 1.07206
8 30 1.07206
8 31 1.07206
8 32 1.07206
8 33 1.12841
8 34 1.15466
8 35 1.1767
8 36 1.18682
8 37 1.08141
8 38 1.08141
8 39 1.08141
8 40 1.08141
8 41 1.08141
8 42 1.23519
8 43 1.33168
8 44 1.3911
8 45 1.3348
8 46 1.07883
8 47 1.07883
8 48 1.07883
8 49 1.07883
8 50 1.07883
8 51 1.19195
8 52 1.24815
8 53 1.28078
8 54 1.27749
8 55 1.07548
8 56 1.07548
8 57 1.07548
8 58 1.07548
8 59 1.07548
8 60 1.15008
8 61 1.18454
8 62 1.21048
8 63 1.22013
8 64 1.07174
8 65 1.07174
8 66 1.07174
8 67 1.07174
8 68 1.07174
8 69 1.12189
8 70 1.1456
8 71 1.16616
8 72 1.17594
8 73 1.07846
8 74 1.07846
8 75 1.07846
8 76 1.07846
8 77 1.07846
8 78 1.16135
8 79 1.20417
8 80 1.23377
8 81 1.24219
8 82 1.07623
8 83 1.07623
8 84 1.07623
8 85 1.07623
8 86 1.07623
8 87 1.14724
8 88 1.18305
8 89 1.20966
8 90 1.2193
8 91 1.07333
8 92 1.07333
8 93 1.07333
8 94 1.07333
8 95 1.07333
8 96 1.12856
8 97 1.15507
8 98 1.17754
8 99 1.18776
8 100 1.07004
8 101 1.07004
8 102 1.07004
8 103 1.07004
8 104 1.07004
8 105 1.11111
8 106 1.131
8 107 1.14895
8 108 1.15775
8 109 1.07458
8 110 1.07458
8 111 1.07458
8 112 1.07458
8 113 1.07458
8 114 1.12463
8 115 1.1512
8 116 1.17463
8 117 1.18496
8 118 1.07269
8 119 1.07269
8 120 1.07269
8 121 1.07269
8 122 1.07269
8 123 1.11815
8 124 1.14321
8 125 1.16463
8 126 1.1741
8 127 1.07023
8 128 1.07023
8 129 1.07023
8 130 1.07023
8 131 1.07023
8 132 1.10974
8 133 1.12976
8 134 1.148
8 135 1.15673
8 136 1.0674
8 137 1.0674
8 138 1.0674
8 139 1.0674
8 140 1.0674
8 141 1.09946
8 142 1.11537
8 143 1.13016
8 144 1.13752
9 1 1.07599
9 2 1.07599
9 3 1.07599
9 4 1.07599
9 5 1.07599
9 6 1.20477
9 7 1.31302
9 8 1.544
9 9 2.14422
9 10 1.07417
9 11 1.07417
9 12 1.07417
9 13 1.07417
9 14 1.07417
9 15 1.17929
9 16 1.24888
9 17 1.33466
9 18 1.38731
9 19 1.07177
9 20 1.07177
9 21 1.07177
9 22 1.07177
9 23 1.07177
9 24 1.1503
9 25 1.19546
9 26 1.24298
9 27 1.26833
9 28 1.06889
9 29 1.06889
9 30 1.06889
9 31 1.06889
9 32 1.06889
9 33 1.12589
9 34 1.15644
9 35 1.18666
9 36 1.20226
9 37 1.07581
9 38 1.07581
9 39 1.07581
9 40 1.07581
9 41 1.07581
9 42 1.1773
9 43 1.24706
9 44 1.33218
9 45 1.38525
9 46 1.07396
9 47 1.07396
9 48 1.07396
9 49 1.07396
9 50 1.07396
9 51 1.16247
9 52 1.21736
9 53 1.27718
9 54 1.30931
9 55 1.07161
9 56 1.07161
9 57 1.07161
9 58 1.07161
9 59 1.07161
9 60 1.14098
9 61 1.17994
9 62 1.21968
9 63 1.24031
9 64 1.06882
9 65 1.06882
9 66 1.06882
9 67 1.06882
9 68 1.06882
9 69 1.12083
9 70 1.14846
9 71 1.17557
9 72 1.18949
9 73 1.07414
9 74 1.07414
9 75 1.07414
9 76 1.07414
9 77 1.07414
9 78 1.14663
9 79 1.19257
9 80 1.24001
9 81 1.26527
9 82 1.07235
9 83 1.07235
9 84 1.07235
9 85 1.07235
9 86 1.07235
9 87 1.13864
9 88 1.17892
9 89 1.21877
9 90 1.23872
9 91 1.07013
9 92 1.07013
9 93 1.07013
9 94 1.07013
9 95 1.07013
9 96 1.12597
9 97 1.1567
9 98 1.18713
9 99 1.20262
9 100 1.06752
9 101 1.06752
9 102 1.06752
9 103 1.06752
9 104 1.06752
9 105 1.11162
9 106 1.13478
9 107 1.15729
9 108 1.16879
9 109 1.0714
9 110 1.0714
9 111 1.0714
9 112 1.0714
9 113 1.0714
9 114 1.12215
9 115 1.15295
9 116 1.18382
9 117 1.19868
9 118 1.06977
9 119 1.06977
9 120 1.06977
9 121 1.06977
9 122 1.06977
9 123 1.11704
9 124 1.14607
9 125 1.17362
9 126 1.18673
9 127 1.06772
9 128 1.06772
9 129 1.06772
9 130 1.06772
9 131 1.06772
9 132 1.11017
9 133 1.13343
9 134 1.15611
9 135 1.16742
9 136 1.06534
9 137 1.06534
9 138 1.06534
9 139 1.06534
9 140 1.06534
9 141 1.10077
9 142 1.11922
9 143 1.13705
9 144 1.14611
10 1 1.14677
10 2 1.14677
10 3 1.14677
10 4 1.14677
10 5 1.14677
10 6 1.10647
10 7 1.0916
10 8 1.07974
10 9 1.07417
10 10 1.3041
10 11 1.3041
10 12 1.3041
10 13 1.3041
10 14 1.3041
10 15 1.11744
10 16 1.09624
10 17 1.08153
10 18 1.07487
10 19 1.16155
10 20 1.16155
10 21 1.16155
10 22 1.16155
10 23 1.16155
10 24 1.10999
10 25 1.09322
10 26 1.08019
10 27 1.07408
10 28 1.12573
10 29 1.12573
10 30 1.12573
10 31 1.12573
10 32 1.12573
10 33 1.09877
10 34 1.08718
10 35 1.07721
10 36 1.07236
10 37 1.12912
10 38 1.12912
10 39 1.12912
10 40 1.12912
10 41 1.12912
10 42 1.10029
10 43 1.08851
10 44 1.07854
10 45 1.07396
10 46 1.14692
10 47 1.14692
10 48 1.14692
10 49 1.14692
10 50 1.14692
10 51 1.10664
10 52 1.09177
10 53 1.07994
10 54 1.07448
10 55 1.13505
10 56 1.13505
10 57 1.13505
10 58 1.13505
10 59 1.13505
10 60 1.10285
10 61 1.0898
10 62 1.07891
10 63 1.07369
10 64 1.11689
10 65 1.11689
10 66 1.11689
10 67 1.11689
10 68 1.11689
10 69 1.09502
10 70 1.08511
10 71 1.07635
10 72 1.07205
10 73 1.11156
10 74 1.11156
10 75 1.11156
10 76 1.11156
10 77 1.11156
10 78 1.09214
10 79 1.08354
10 80 1.07574
10 81 1.0723
10 82 1.11838
10 83 1.11838
10 84 1.11838
10 85 1.11838
10 86 1.11838
10 87 1.0957
10 88 1.08547
10 89 1.07668
10 90 1.07262
10 91 1.11412
10 92 1.11412
10 93 1.11412
10 94 1.11412
10 95 1.11412
10 96 1.0936
10 97 1.08423
10 98 1.07592
10 99 1.07187
10 100 1.10489
10 101 1.10489
10 102 1.10489
10 103 1.10489
10 104 1.10489
10 105 1.08866
10 106 1.08092
10 107 1.07389
10 108 1.07039
10 109 1.09733
10 110 1.09733
10 111 1.09733
10 112 1.09733
10 113 1.09733
10 114 1.0844
10 115 1.07806
10 116 1.07212
10 117 1.06966
10 118 1.10061
10 119 1.10061
10 120 1.10061
10 121 1.10061
10 122 1.10061
10 123 1.08629
10 124 1.07905
10 125 1.07267
10 126 1.06982
10 127 1.09855
10 128 1.09855
10 129 1.09855
10 130 1.09855
10 131 1.09855
10 132 1.08483
10 133 1.07815
10 134 1.07206
10 135 1.06911
10 136 1.09344
10 137 1.09344
10 138 1.09344
10 139 1.09344
10 140 1.09344
10 141 1.08165
10 142 1.07586
10 143 1.07049
10 144 1.06781
11 1 1.14677
11 2 1.14677
11 3 1.14677
11 4 1.14677
11 5 1.14677
11 6 1.10647
11 7 1.0916
11 8 1.07974
11 9 1.07417
11 10 1.3041
11 11 1.3041
11 12 1.3041
11 13 1.3041
11 14 1.3041
11 15 1.11744
11 16 1.09624
11 17 1.08153
11 18 1.07487
11 19 1.16155
11 20 1.16155
11 21 1.16155
11 22 1.16155
11 23 1.16155
11 24 1.10999
11 25 1.09322
11 26 1.08019
11 27 1.07408
11 28 1.12573
11 29 1.12573
11 30 1.12573
11 31 1.12573
11 32 1.12573
11 33 1.09877
11 34 1.08718
11 35 1.07721
11 36 1.07236
11 37 1.12912
11 38 1.12912
11 39 1.12912
11 40 1.12912
11 41 1.12912
11 42 1.10029
11 43 1.08851
11 44 1.07854
11 45 1.07396
11 46 1.14692
11 47 1.14692
11 48 1.14692
11 49 1.14692
11 50 1.14692
11 51 1.10664
11 52 1.09177
11 53 1.07994
11 54 1.07448
11 55 1.13505
11 56 1.13505
11 57 1.13505
11 58 1.13505
11 59 1.13505
11 60 1.10285
11 61 1.0898
11 62 1.07891
11 63 1.07369
11 64 1.11689
11 65 1.11689
11 66 1.11689
11 67 1.11689
11 68 1.11689
11 69 1.09502
11 70 1.08511
11 71 1.07635
11 72 1.07205
11 73 1.11156
11 74 1.11156
11 75 1.11156
11 76 1.11156
11 77 1.11156
11 78 1.09214
11 79 1.08354
11 80 1.07574
11 81 1.0723
11 82 1.11838
11 83 1.11838
11 84 1.11838
11 85 1.11838
11 86 1.11838
11 87 1.0957
11 88 1.08547
11 89 1.07668
11 90 1.07262
11 91 1.11412
11 92 1.11412
11 93 1.11412
11 94 1.11412
11 95 1.11412
11 96 1.0936
11 97 1.08423
11 98 1.07592
11 99 1.07187
11 100 1.10489
11 101 1.10489
11 102 1.10489
11 103 1.10489
11 104 1.10489
11 105 1.08866
11 106 1.08092
11 107 1.07389
11 108 1.07039
11 109 1.09733
11 110 1.09733
11 111 1.09733
11 112 1.09733
11 113 1.09733
11 114 1.0844
11 115 1.07806
11 116 1.07212
11 117 1.06966
11 118 1.10061
11 119 1.10061
11 120 1.10061
11 121 1.10061
11 122 1.10061
11 123 1.08629
11 124 1.07905
11 125 1.07267
11 126 1.06982
11 127 1.09855
11 128 1.09855
11 129 1.09855
11 130 1.09855
11 131 1.09855
11 132 1.08483
11 133 1.07815
11 134 1.07206
11 135 1.06911
11 136 1.09344
11 137 1.09344
11 138 1.09344
11 139 1.09344
11 140 1.09344
11 141 1.08165
11 142 1.07586
11 143 1.07049
11 144 1.06781
12 1 1.14677
12 2 1.14677
12 3 1.14677
12 4 1.14677
12 5 1.14677
12 6 1.10647
12 7 1.0916
12 8 1.07974
12 9 1.07417
12 10 1.3041
12 11 1.3041
12 12 1.3041
12 13 1.3041
12 14 1.3041
12 15 1.11744
12 16 1.09624
12 17 1.08153
12 18 1.07487
12 19 1.16155
12 20 1.16155
12 21 1.16155
12 22 1.16155
12 23 1.16155
12 24 1.10999
12 25 1.09322
12 26 1.08019
12 27 1.07408
12 28 1.12573
12 29 1.12573
12 30 1.12573
12 31 1.12573
12 32 1.12573
12 33 1.09877
12 34 1.08718
12 35 1.07721
12 36 1.07236
12 37 1.12912
12 38 1.12912
12 39 1.12912
12 40 1.12912
12 41 1.12912
12 42 1.10029
12 43 1.08851
12 44 1.07854
12 45 1.07396
12 46 1.14692
12 47 1.14692
12 48 1.14692
12 49 1.14692
12 50 1.14692
12 51 1.10664
12 52 1.09177
12 53 1.07994
12 54 1.07448
12 55 1.13505
12 56 1.13505
12 57 1.13505
12 58 1.13505
12 59 1.13505
12 60 1.10285
12 61 1.0898
12 62 1.07891
12 63 1.07369
12 64 1.11689
12 65 1.11689
12 66 1.11689
12 67 1.11689
12 68 1.11689
12 69 1.09502
12 70 1.08511
12 71 1.07635
12 72 1.07205
12 73 1.11156
12 74 1.11156
12 75 1.11156
12 76 1.11156
12 77 1.11156
12 78 1.09214
12 79 1.08354
12 80 1.07574
12 81 1.0723
12 82 1.11838
12 83 1.11838
12 84 1.11838
12 85 1.11838
12 86 1.11838
12 87 1.0957
12 88 1.08547
12 89 1.07668
12 90 1.07262
12 91 1.11412
12 92 1.11412
12 93 1.11412
12 94 1.11412
12 95 1.11412
12 96 1.0936
12 97 1.08423
12 98 1.07592
12 99 1.07187
12 100 1.10489
12 101 1.10489
12 102 1.10489
12 103 1.10489
12 104 1.10489
12 105 1.08866
12 106 1.08092
12 107 1.07389
12 108 1.07039
12 109 1.09733
12 110 1.09733
12 111 1.09733
12 112 1.09733
12 113 1.09733
12 114 1.0844
12 115 1.07806
12 116 1.07212
12 117 1.06966
12 118 1.10061
12 119 1.10061
12 120 1.10061
12 121 1.10061
12 122 1.10061
12 123 1.08629
12 124 1.07905
12 125 1.07267
12 126 1.06982
12 127 1.09855
12 128 1.09855
12 129 1.09855
12 130 1.09855
12 131 1.09855
12 132 1.08483
12 133 1.07815
12 134 1.07206
12 135 1.06911
12 136 1.09344
12 137 1.09344
12 138 1.09344
12 139 1.09344
12 140 1.09344
12 141 1.08165
12 142 1.07586
12 143 1.07049
12 144 1.06781
13 1 1.14677
13 2 1.14677
13 3 1.14677
13 4 1.14677
13 5 1.14677
13 6 1.10647
13 7 1.0916
13 8 1.07974
13 9 1.07417
13 10 1.3041
13 11 1.3041
13 12 1.3041
13 13 1.3041
13 14 1.3041
13 15 1.11744
13 16 1.09624
13 17 1.08153
13 18 1.07487
13 19 1.16155
13 20 1.16155
13 21 1.16155
13 22 1.16155
13 23 1.16155
13 24 1.10999
13 25 1.09322
13 26 1.08019
13 27 1.07408
13 28 1.12573
13 29 1.12573
13 30 1.12573
13 31 1.12573
13 32 1.12573
13 33 1.09877
13 34 1.08718
13 35 1.07721
13 36 1.07236
13 37 1.12912
13 38 1.12912
13 39 1.12912
13 40 1.12912
13 41 1.12912
13 42 1.10029
13 43 1.08851
13 44 1.07854
13 45 1.07396
13 46 1.14692
13 47 1.14692
13 48 1.14692
13 49 1.14692
13 50 1.14692
13 51 1.10664
13 52 1.09177
13 53 1.07994
13 54 1.07448
13 55 1.13505
13 56 1.13505
13 57 1.13505
13 58 1.13505
13 59 1.13505
13 60 1.10285
13 61 1.0898
13 62 1.07891
13 63 1.07369
13 64 1.11689
13 65 1.11689
13 66 1.11689
13 67 1.11689
13 68 1.11689
13 69 1.09502
13 70 1.08511
13 71 1.07635
13 72 1.07205
13 73 1.11156
13 74 1.11156
13 75 1.11156
13 76 1.11156
13 77 1.11156
13 78 1.09214
13 79 1.08354
13 80 1.07574
13 81 1.0723
13 82 1.11838
13 83 1.11838
13 84 1.11838
13 85 1.11838
13 86 1.11838
13 87 1.0957
13 88 1.08547
13 89 1.07668
13 90 1.07262
13 91 1.11412
13 92 1.11412
13 93 1.11412
13 94 1.11412
13 95 1.11412
13 96 1.0936
13 97 1.08423
13 98 1.07592
13 99 1.07187
13 100 1.10489
13 101 1.10489
13 102 1.10489
13 103 1.10489
13 104 1.10489
13 105 1.08866
13 106 1.08092
13 107 1.07389
13 108 1.07039
13 109 1.09733
13 110 1.09733
13 111 1.09733
13 112 1.09733
13 113 1.09733
13 114 1.0844
13 115 1.07806
13 116 1.07212
13 117 1.06966
13 118 1.10061
13 119 1.10061
13 120 1.10061
13 121 1.10061
13 122 1.10061
13 123 1.08629
13 124 1.07905
13 125 1.07267
13 126 1.06982
13 127 1.09855
13 128 1.09855
13 129 1.09855
13 130 1.09855
13 131 1.09855
13 132 1.08483
13 133 1.07815
13 134 1.07206
13 135 1.06911
13 136 1.09344
13 137 1.09344
13 138 1.09344
13 139 1.09344
13 140 1.09344
13 141 1.08165
13 142 1.07586
13 143 1.07049
13 144 1.06781
14 1 1.14677
14 2 1.14677
14 3 1.14677
14 4 1.14677
14 5 1.14677
14 6 1.10647
14 7 1.0916
14 8 1.07974
14 9 1.07417
14 10 1.3041
14 11 1.3041
14 12 1.3041
14 13 1.3041
14 14 1.3041
14 15 1.11744
14 16 1.09624
14 17 1.08153
14 18 1.07487
14 19 1.16155
14 20 1.16155
14 21 1.16155
14 22 1.16155
14 23 1.16155
14 24 1.10999
14 25 1.09322
14 26 1.08019
14 27 1.07408
14 28 1.12573
14 29 1.12573
14 30 1.12573
14 31 1.12573
14 32 1.12573
14 33 1.09877
14 34 1.08718
14 35 1.07721
14 36 1.07236
14 37 1.12912
14 38 1.12912
14 39 1.12912
14 40 1.12912
14 41 1.12912
14 42 1.10029
14 43 1.08851
14 44 1.07854
14 45 1.07396
14 46 1.14692
14 47 1.14692
14 48 1.14692
14 49 1.14692
14 50 1.14692
14 51 1.10664
14 52 1.09177
14 53 1.07994
14 54 1.07448
14 55 1.13505
14 56 1.13505
14 57 1.13505
14 58 1.13505
14 59 1.13505
14 60 1.10285
14 61 1.0898
14 62 1.07891
14 63 1.07369
14 64 1.11689
14 65 1.11689
14 66 1.11689
14 67 1.11689
14 68 1.11689
14 69 1.09502
14 70 1.08511
14 71 1.07635
14 72 1.07205
14 73 1.11156
14 74 1.11156
14 75 1.11156
14 76 1.11156
14 77 1.11156
14 78 1.09214
14 79 1.08354
14 80 1.07574
14 81 1.0723
14 82 1.11838
14 83 1.11838
14 84 1.11838
14 85 1.11838
14 86 1.11838
14 87 1.0957
14 88 1.08547
14 89 1.07668
14 90 1.07262
14 91 1.11412
14 92 1.11412
14 93 1.11412
14 94 1.11412
14 95 1.11412
14 96 1.0936
14 97 1.08423
14 98 1.07592
14 99 1.07187
14 100 1.10489
14 101 1.10489
14 102 1.10489
14 103 1.10489
14 104 1.10489
14 105 1.08866
14 106 1.08092
14 107 1.07389
14 108 1.07039
14 109 1.09733
14 110 1.09733
14 111 1.09733
14 112 1.09733
14 113 1.09733
14 114 1.0844
14 115 1.07806
14 116 1.07212
14 117 1.06966
14 118 1.10061
14 119 1.10061
14 120 1.10061
14 121 1.10061
14 122 1.10061
14 123 1.08629
14 124 1.07905
14 125 1.07267
14 126 1.06982
14 127 1.09855
14 128 1.09855
14 129 1.09855
14 130 1.09855
14 131 1.09855
14 132 1.08483
14 133 1.07815
14 134 1.07206
14 135 1.06911
14 136 1.09344
14 137 1.09344
14 138 1.09344
14 139 1.09344
14 140 1.09344
14 141 1.08165
14 142 1.07586
14 143 1.07049
14 144 1.06781
15 1 1.1066
15 2 1.1066
15 3 1.1066
15 4 1.1066
15 5 1.1066
15 6 1.44192
15 7 1.36263
15 8 1.24106
15 9 1.17929
15 10 1.11744
15 11 1.11744
15 12 1.11744
15 13 1.11744
15 14 1.11744
15 15 6.91684
15 16 2.14158
15 17 1.39175
15 18 1.20405
15 19 1.10991
15 20 1.10991
15 21 1.10991
15 22 1.10991
15 23 1.10991
15 24 1.67999
15 25 1.48342
15 26 1.28052
15 27 1.1881
15 28 1.09867
15 29 1.09867
15 30 1.09867
15 31 1.09867
15 32 1.09867
15 33 1.24131
15 34 1.23121
15 35 1.18687
15 36 1.15957
15 37 1.10107
15 38 1.10107
15 39 1.10107
15 40 1.10107
15 41 1.10107
15 42 1.24664
15 43 1.23628
15 44 1.19024
15 45 1.16335
15 46 1.10689
15 47 1.10689
15 48 1.10689
15 49 1.10689
15 50 1.10689
15 51 1.43975
15 52 1.36118
15 53 1.23984
15 54 1.17915
15 55 1.10289
15 56 1.10289
15 57 1.10289
15 58 1.10289
15 59 1.10289
15 60 1.30847
15 61 1.28155
15 62 1.21021
15 63 1.16926
15 64 1.09497
15 65 1.09497
15 66 1.09497
15 67 1.09497
15 68 1.09497
15 69 1.18376
15 70 1.18501
15 71 1.16346
15 72 1.14864
15 73 1.09299
15 74 1.09299
15 75 1.09299
15 76 1.09299
15 77 1.09299
15 78 1.15011
15 79 1.15658
15 80 1.14754
15 81 1.14117
15 82 1.09603
15 83 1.09603
15 84 1.09603
15 85 1.09603
15 86 1.09603
15 87 1.18667
15 88 1.18801
15 89 1.16473
15 90 1.15011
15 91 1.09371
15 92 1.09371
15 93 1.09371
15 94 1.09371
15 95 1.09371
15 96 1.16932
15 97 1.17252
15 98 1.15623
15 99 1.14469
15 100 1.08865
15 101 1.08865
15 102 1.08865
15 103 1.08865
15 104 1.08865
15 105 1.13505
15 106 1.14109
15 107 1.13635
15 108 1.13188
15 109 1.08483
15 110 1.08483
15 111 1.08483
15 112 1.08483
15 113 1.08483
15 114 1.11054
15 115 1.11751
15 116 1.11987
15 117 1.12033
15 118 1.08647
15 119 1.08647
15 120 1.08647
15 121 1.08647
15 122 1.08647
15 123 1.11965
15 124 1.12711
15 125 1.1266
15 126 1.12531
15 127 1.08498
15 128 1.08498
15 129 1.08498
15 130 1.08498
15 131 1.08498
15 132 1.11674
15 133 1.1234
15 134 1.12349
15 135 1.12236
15 136 1.08168
15 137 1.08168
15 138 1.08168
15 139 1.08168
15 140 1.08168
15 141 1.10612
15 142 1.11243
15 143 1.1145
15 144 1.11472
16 1 1.09174
16 2 1.09174
16 3 1.09174
16 4 1.09174
16 5 1.09174
16 6 1.36295
16 7 1.4632
16 8 1.3381
16 9 1.24888
16 10 1.09624
16 11 1.09624
16 12 1.09624
16 13 1.09624
16 14 1.09624
16 15 2.14158
16 16 6.91769
16 17 1.99156
16 18 1.3121
16 19 1.09311
16 20 1.09311
16 21 1.09311
16 22 1.09311
16 23 1.09311
16 24 1.48308
16 25 1.69774
16 26 1.42914
16 27 1.26841
16 28 1.08705
16 29 1.08705
16 30 1.08705
16 31 1.08705
16 32 1.08705
16 33 1.23109
16 34 1.26763
16 35 1.23914
16 36 1.21174
16 37 1.08909
16 38 1.08909
16 39 1.08909
16 40 1.08909
16 41 1.08909
16 42 1.23446
16 43 1.27422
16 44 1.24493
16 45 1.21745
16 46 1.09206
16 47 1.09206
16 48 1.09206
16 49 1.09206
16 50 1.09206
16 51 1.36082
16 52 1.46165
16 53 1.3363
16 54 1.24851
16 55 1.08981
16 56 1.08981
16 57 1.08981
16 58 1.08981
16 59 1.08981
16 60 1.28114
16 61 1.33359
16 62 1.2772
16 63 1.22905
16 64 1.08503
16 65 1.08503
16 66 1.08503
16 67 1.08503
16 68 1.08503
16 69 1.18492
16 70 1.21019
16 71 1.20322
16 72 1.19251
16 73 1.0842
16 74 1.0842
16 75 1.0842
16 76 1.0842
16 77 1.0842
16 78 1.15397
16 79 1.17718
16 80 1.18106
16 81 1.17952
16 82 1.08592
16 83 1.08592
16 84 1.08592
16 85 1.08592
16 86 1.08592
16 87 1.18582
16 88 1.21472
16 89 1.20602
16 90 1.19488
16 91 1.08432
16 92 1.08432
16 93 1.08432
16 94 1.08432
16 95 1.08432
16 96 1.17189
16 97 1.19565
16 98 1.19308
16 99 1.18599
16 100 1.08089
16 101 1.08089
16 102 1.08089
16 103 1.08089
16 104 1.08089
16 105 1.14101
16 106 1.15928
16 107 1.1652
16 108 1.16545
16 109 1.07857
16 110 1.07857
16 111 1.07857
16 112 1.07857
16 113 1.07857
16 114 1.11604
16 115 1.13181
16 116 1.14282
16 117 1.14712
16 118 1.07954
16 119 1.07954
16 120 1.07954
16 121 1.07954
16 122 1.07954
16 123 1.12507
16 124 1.14327
16 125 1.15222
16 126 1.15517
16 127 1.07833
16 128 1.07833
16 129 1.07833
16 130 1.07833
16 131 1.07833
16 132 1.1228
16 133 1.13891
16 134 1.14783
16 135 1.15089
16 136 1.07588
16 137 1.07588
16 138 1.07588
16 139 1.07588
16 140 1.07588
16 141 1.11234
16 142 1.1262
16 143 1.13563
16 144 1.13951
17 1 1.07981
17 2 1.07981
17 3 1.07981
17 4 1.07981
17 5 1.07981
17 6 1.24134
17 7 1.33861
17 8 1.39694
17 9 1.33466
17 10 1.08153
17 11 1.08153
17 12 1.08153
17 13 1.08153
17 14 1.08153
17 15 1.39175
17 16 1.99156
17 17 6.22274
17 18 1.54381
17 19 1.08012
17 20 1.08012
17 21 1.08012
17 22 1.08012
17 23 1.08012
17 24 1.27988
17 25 1.42799
17 26 1.55221
17 27 1.37744
17 28 1.07712
17 29 1.07712
17 30 1.07712
17 31 1.07712
17 32 1.07712
17 33 1.18663
17 34 1.23876
17 35 1.26969
17 36 1.26857
17 37 1.07894
17 38 1.07894
17 39 1.07894
17 40 1.07894
17 41 1.07894
17 42 1.18845
17 43 1.2444
17 44 1.2777
17 45 1.2768
17 46 1.08016
17 47 1.08016
17 48 1.08016
17 49 1.08016
17 50 1.08016
17 51 1.23979
17 52 1.33738
17 53 1.39492
17 54 1.33397
17 55 1.07893
17 56 1.07893
17 57 1.07893
17 58 1.07893
17 59 1.07893
17 60 1.20967
17 61 1.27669
17 62 1.31273
17 63 1.29737
17 64 1.07631
17 65 1.07631
17 66 1.07631
17 67 1.07631
17 68 1.07631
17 69 1.16328
17 70 1.20296
17 71 1.23025
17 72 1.23811
17 73 1.07635
17 74 1.07635
17 75 1.07635
17 76 1.07635
17 77 1.07635
17 78 1.14404
17 79 1.17952
17 80 1.20698
17 81 1.21821
17 82 1.07709
17 83 1.07709
17 84 1.07709
17 85 1.07709
17 86 1.07709
17 87 1.16247
17 88 1.2059
17 89 1.23429
17 90 1.24173
17 91 1.07602
17 92 1.07602
17 93 1.07602
17 94 1.07602
17 95 1.07602
17 96 1.15535
17 97 1.19255
17 98 1.2194
17 99 1.22848
17 100 1.07388
17 101 1.07388
17 102 1.07388
17 103 1.07388
17 104 1.07388
17 105 1.13615
17 106 1.16496
17 107 1.18845
17 108 1.19885
17 109 1.07279
17 110 1.07279
17 111 1.07279
17 112 1.07279
17 113 1.07279
17 114 1.11665
17 115 1.14074
17 116 1.16294
17 117 1.17301
17 118 1.07321
17 119 1.07321
17 120 1.07321
17 121 1.07321
17 122 1.07321
17 123 1.12342
17 124 1.15119
17 125 1.17397
17 126 1.18446
17 127 1.07226
17 128 1.07226
17 129 1.07226
17 130 1.07226
17 131 1.07226
17 132 1.12232
17 133 1.14714
17 134 1.16864
17 135 1.17881
17 136 1.07053
17 137 1.07053
17 138 1.07053
17 139 1.07053
17 140 1.07053
17 141 1.11423
17 142 1.13536
17 143 1.15427
17 144 1.1635
18 1 1.07417
18 2 1.07417
18 3 1.07417
18 4 1.07417
18 5 1.07417
18 6 1.17902
18 7 1.24871
18 8 1.33437
18 9 1.38731
18 10 1.07487
18 11 1.07487
18 12 1.07487
18 13 1.07487
18 14 1.07487
18 15 1.20405
18 16 1.3121
18 17 1.54381
18 18 2.14514
18 19 1.07408
18 20 1.07408
18 21 1.07408
18 22 1.07408
18 23 1.07408
18 24 1.1882
18 25 1.26837
18 26 1.37782
18 27 1.45557
18 28 1.07234
18 29 1.07234
18 30 1.07234
18 31 1.07234
18 32 1.07234
18 33 1.15968
18 34 1.21172
18 35 1.26877
18 36 1.30027
18 37 1.07403
18 38 1.07403
18 39 1.07403
18 40 1.07403
18 41 1.07403
18 42 1.1603
18 43 1.21497
18 44 1.27508
18 45 1.30866
18 46 1.07453
18 47 1.07453
18 48 1.07453
18 49 1.07453
18 50 1.07453
18 51 1.17795
18 52 1.24798
18 53 1.33327
18 54 1.38653
18 55 1.07373
18 56 1.07373
18 57 1.07373
18 58 1.07373
18 59 1.07373
18 60 1.16891
18 61 1.22864
18 62 1.29725
18 63 1.33643
18 64 1.07206
18 65 1.07206
18 66 1.07206
18 67 1.07206
18 68 1.07206
18 69 1.14861
18 70 1.19233
18 71 1.23809
18 72 1.26249
18 73 1.07247
18 74 1.07247
18 75 1.07247
18 76 1.07247
18 77 1.07247
18 78 1.13626
18 79 1.17612
18 80 1.21657
18 81 1.23777
18 82 1.07278
18 83 1.07278
18 84 1.07278
18 85 1.07278
18 86 1.07278
18 87 1.14686
18 88 1.19346
18 89 1.2408
18 90 1.2663
18 91 1.07196
18 92 1.07196
18 93 1.07196
18 94 1.07196
18 95 1.07196
18 96 1.14362
18 97 1.18508
18 98 1.22802
18 99 1.25075
18 100 1.07043
18 101 1.07043
18 102 1.07043
18 103 1.07043
18 104 1.07043
18 105 1.13166
18 106 1.16511
18 107 1.19868
18 108 1.21613
18 109 1.06989
18 110 1.06989
18 111 1.06989
18 112 1.06989
18 113 1.06989
18 114 1.11584
18 115 1.14388
18 116 1.17221
18 117 1.1858
18 118 1.07005
18 119 1.07005
18 120 1.07005
18 121 1.07005
18 122 1.07005
18 123 1.1211
18 124 1.1532
18 125 1.18375
18 126 1.1992
18 127 1.06924
18 128 1.06924
18 129 1.06924
18 130 1.06924
18 131 1.06924
18 132 1.12075
18 133 1.14965
18 134 1.17825
18 135 1.19296
18 136 1.06787
18 137 1.06787
18 138 1.06787
18 139 1.06787
18 140 1.06787
18 141 1.11433
18 142 1.13903
18 143 1.16325
18 144 1.17568
19 1 1.11801
19 2 1.11801
19 3 1.11801
19 4 1.11801
19 5 1.11801
19 6 1.09514
19 7 1.08491
19 8 1.07606
19 9 1.07177
19 10 1.16155
19 11 1.16155
19 12 1.16155
19 13 1.16155
19 14 1.16155
19 15 1.10991
19 16 1.09311
19 17 1.08012
19 18 1.07408
19 19 1.30415
19 20 1.30415
19 21 1.30415
19 22 1.30415
19 23 1.30415
19 24 1.1175
19 25 1.0963
19 26 1.08149
19 27 1.07474
19 28 1.1619
19 29 1.1619
19 30 1.1619
19 31 1.1619
19 32 1.1619
19 33 1.11031
19 34 1.09352
19 35 1.08044
19 36 1.0743
19 37 1.11137
19 38 1.11137
19 39 1.11137
19 40 1.11137
19 41 1.11137
19 42 1.09174
19 43 1.08298
19 44 1.07525
19 45 1.07164
19 46 1.13502
19 47 1.13502
19 48 1.13502
19 49 1.13502
19 50 1.13502
19 51 1.10264
19 52 1.08954
19 53 1.07874
19 54 1.0737
19 55 1.14701
19 56 1.14701
19 57 1.14701
19 58 1.14701
19 59 1.14701
19 60 1.10674
19 61 1.0919
19 62 1.07993
19 63 1.07427
19 64 1.13542
19 65 1.13542
19 66 1.13542
19 67 1.13542
19 68 1.13542
19 69 1.1032
19 70 1.0901
19 71 1.07913
19 72 1.07384
19 73 1.10137
19 74 1.10137
19 75 1.10137
19 76 1.10137
19 77 1.10137
19 78 1.08621
19 79 1.07932
19 80 1.07298
19 81 1.07017
19 82 1.11407
19 83 1.11407
19 84 1.11407
19 85 1.11407
19 86 1.11407
19 87 1.09337
19 88 1.08392
19 89 1.07568
19 90 1.0719
19 91 1.11849
19 92 1.11849
19 93 1.11849
19 94 1.11849
19 95 1.11849
19 96 1.09567
19 97 1.08554
19 98 1.07665
19 99 1.07235
19 100 1.11451
19 101 1.11451
19 102 1.11451
19 103 1.11451
19 104 1.11451
19 105 1.0939
19 106 1.08448
19 107 1.0761
19 108 1.07197
19 109 1.09119
19 110 1.09119
19 111 1.09119
19 112 1.09119
19 113 1.09119
19 114 1.08027
19 115 1.07488
19 116 1.06985
19 117 1.06777
19 118 1.09847
19 119 1.09847
19 120 1.09847
19 121 1.09847
19 122 1.09847
19 123 1.08471
19 124 1.07789
19 125 1.07183
19 126 1.06916
19 127 1.10072
19 128 1.10072
19 129 1.10072
19 130 1.10072
19 131 1.10072
19 132 1.08597
19 133 1.07895
19 134 1.07256
19 135 1.06949
19 136 1.09894
19 137 1.09894
19 138 1.09894
19 139 1.09894
19 140 1.09894
19 141 1.08505
19 142 1.07835
19 143 1.07221
19 144 1.06916
20 1 1.11801
20 2 1.11801
20 3 1.11801
20 4 1.11801
20 5 1.11801
20 6 1.09514
20 7 1.08491
20 8 1.07606
20 9 1.07177
20 10 1.16155
20 11 1.16155
20 12 1.16155
20 13 1.16155
20 14 1.16155
20 15 1.10991
20 16 1.09311
20 17 1.08012
20 18 1.07408
20 19 1.30415
20 20 1.30415
20 21 1.30415
20 22 1.30415
20 23 1.30415
20 24 1.1175
20 25 1.0963
20 26 1.08149
20 27 1.07474
20 28 1.1619
20 29 1.1619
20 30 1.1619
20 31 1.1619
20 32 1.1619
20 33 1.11031
20 34 1.09352
20 35 1.08044
20 36 1.0743
20 37 1.11137
20 38 1.11137
20 39 1.11137
20 40 1.11137
20 41 1.11137
20 42 1.09174
20 43 1.08298
20 44 1.07525
20 45 1.07164
20 46 1.13502
20 47 1.13502
20 48 1.13502
20 49 1.13502
20 50 1.13502
20 51 1.10264
20 52 1.08954
20 53 1.07874
20 54 1.0737
20 55 1.14701
20 56 1.14701
20 57 1.14701
20 58 1.14701
20 59 1.14701
20 60 1.10674
20 61 1.0919
20 62 1.07993
20 63 1.07427
20 64 1.13542
20 65 1.13542
20 66 1.13542
20 67 1.13542
20 68 1.13542
20 69 1.1032
20 70 1.0901
20 71 1.07913
20 72 1.07384
20 73 1.10137
20 74 1.10137
20 75 1.10137
20 76 1.10137
20 77 1.10137
20 78 1.08621
20 79 1.07932
20 80 1.07298
20 81 1.07017
20 82 1.11407
20 83 1.11407
20 84 1.11407
20 85 1.11407
20 86 1.11407
20 87 1.09337
20 88 1.08392
20 89 1.07568
20 90 1.0719
20 91 1.11849
20 92 1.11849
20 93 1.11849
20 94 1.11849
20 95 1.11849
20 96 1.09567
20 97 1.08554
20 98 1.07665
20 99 1.07235
20 100 1.11451
20 101 1.11451
20 102 1.11451
20 103 1.11451
20 104 1.11451
20 105 1.0939
20 106 1.08448
20 107 1.0761
20 108 1.07197
20 109 1.09119
20 110 1.09119
20 111 1.09119
20 112 1.09119
20 113 1.09119
20 114 1.08027
20 115 1.07488
20 116 1.06985
20 117 1.06777
20 118 1.09847
20 119 1.09847
20 120 1.09847
20 121 1.09847
20 122 1.09847
20 123 1.08471
20 124 1.07789
20 125 1.07183
20 126 1.06916
20 127 1.10072
20 128 1.10072
20 129 1.10072
20 130 1.10072
20 131 1.10072
20 132 1.08597
20 133 1.07895
20 134 1.07256
20 135 1.06949
20 136 1.09894
20 137 1.09894
20 138 1.09894
20 139 1.09894
20 140 1.09894
20 141 1.08505
20 142 1.07835
20 143 1.07221
20 144 1.06916
21 1 1.11801
21 2 1.11801
21 3 1.11801
21 4 1.11801
21 5 1.11801
21 6 1.09514
21 7 1.08491
21 8 1.07606
21 9 1.07177
21 10 1.16155
21 11 1.16155
21 12 1.16155
21 13 1.16155
21 14 1.16155
21 15 1.10991
21 16 1.09311
21 17 1.08012
21 18 1.07408
21 19 1.30415
21 20 1.30415
21 21 1.30415
21 22 1.30415
21 23 1.30415
21 24 1.1175
21 25 1.0963
21 26 1.08149
21 27 1.07474
21 28 1.1619
21 29 1.1619
21 30 1.1619
21 31 1.1619
21 32 1.1619
21 33 1.11031
21 34 1.09352
21 35 1.08044
