injected_el measured_el potential
1 1 1.30511
1 2 1.30511
1 3 1.30511
1 4 1.30511
1 5 1.30511
1 6 1.11842
1 7 1.0972
1 8 1.08241
1 9 1.0757
1 10 1.14689
1 11 1.14689
1 12 1.14689
1 13 1.14689
1 14 1.14689
1 15 1.10663
1 16 1.09171
1 17 1.07965
1 18 1.07391
1 19 1.11811
1 20 1.11811
1 21 1.11811
1 22 1.11811
1 23 1.11811
1 24 1.09528
1 25 1.08502
1 26 1.07599
1 27 1.07156
1 28 1.10054
1 29 1.10054
1 30 1.10054
1 31 1.10054
1 32 1.10054
1 33 1.08572
1 34 1.07856
1 35 1.07201
1 36 1.06873
1 37 1.14798
1 38 1.14798
1 39 1.14798
1 40 1.14798
1 41 1.14798
1 42 1.10758
1 43 1.09274
1 44 1.08082
1 45 1.07524
1 46 1.12932
1 47 1.12932
1 48 1.12932
1 49 1.12932
1 50 1.12932
1 51 1.10083
1 52 1.08875
1 53 1.07847
1 54 1.0735
1 55 1.11154
1 56 1.11154
1 57 1.11154
1 58 1.11154
1 59 1.11154
1 60 1.09225
1 61 1.08327
1 62 1.07524
1 63 1.07126
1 64 1.09748
1 65 1.09748
1 66 1.09748
1 67 1.09748
1 68 1.09748
1 69 1.08411
1 70 1.07759
1 71 1.07157
1 72 1.06856
1 73 1.11946
1 74 1.11946
1 75 1.11946
1 76 1.11946
1 77 1.11946
1 78 1.09655
1 79 1.08643
1 80 1.07753
1 81 1.07333
1 82 1.11181
1 83 1.11181
1 84 1.11181
1 85 1.11181
1 86 1.11181
1 87 1.09255
1 88 1.08358
1 89 1.07561
1 90 1.0717
1 91 1.10159
1 92 1.10159
1 93 1.10159
1 94 1.10159
1 95 1.10159
1 96 1.08669
1 97 1.0795
1 98 1.07293
1 99 1.06966
1 100 1.0916
1 101 1.0916
1 102 1.0916
1 103 1.0916
1 104 1.0916
1 105 1.08043
1 106 1.07491
1 107 1.06977
1 108 1.06719
1 109 1.10169
1 110 1.10169
1 111 1.10169
1 112 1.10169
1 113 1.10169
1 114 1.08701
1 115 1.07992
1 116 1.0734
1 117 1.07048
1 118 1.09755
1 119 1.09755
1 120 1.09755
1 121 1.09755
1 122 1.09755
1 123 1.08431
1 124 1.07777
1 125 1.07186
1 126 1.06897
1 127 1.09141
1 128 1.09141
1 129 1.09141
1 130 1.09141
1 131 1.09141
1 132 1.08028
1 133 1.07478
1 134 1.06969
1 135 1.06715
1 136 1.08454
1 137 1.08454
1 138 1.08454
1 139 1.08454
1 140 1.08454
1 141 1.07565
1 142 1.07121
1 143 1.06705
1 144 1.06496
2 1 1.30511
2 2 1.30511
2 3 1.30511
2 4 1.30511
2 5 1.30511
2 6 1.11842
2 7 1.0972
2 8 1.08241
2 9 1.0757
2 10 1.14689
2 11 1.14689
2 12 1.14689
2 13 1.14689
2 14 1.14689
2 15 1.10663
2 16 1.09171
2 17 1.07965
2 18 1.07391
2 19 1.11811
2 20 1.11811
2 21 1.11811
2 22 1.11811
2 23 1.11811
2 24 1.09528
2 25 1.08502
2 26 1.07599
2 27 1.07156
2 28 1.10054
2 29 1.10054
2 30 1.10054
2 31 1.10054
2 32 1.10054
2 33 1.08572
2 34 1.07856
2 35 1.07201
2 36 1.06873
2 37 1.14798
2 38 1.14798
2 39 1.14798
2 40 1.14798
2 41 1.14798
2 42 1.10758
2 43 1.09274
2 44 1.08082
2 45 1.07524
2 46 1.12932
2 47 1.12932
2 48 1.12932
2 49 1.12932
2 50 1.12932
2 51 1.10083
2 52 1.08875
2 53 1.07847
2 54 1.0735
2 55 1.11154
2 56 1.11154
2 57 1.11154
2 58 1.11154
2 59 1.11154
2 60 1.09225
2 61 1.08327
2 62 1.07524
2 63 1.07126
2 64 1.09748
2 65 1.09748
2 66 1.09748
2 67 1.09748
2 68 1.09748
2 69 1.08411
2 70 1.07759
2 71 1.07157
2 72 1.06856
2 73 1.11946
2 74 1.11946
2 75 1.11946
2 76 1.11946
2 77 1.11946
2 78 1.09655
2 79 1.08643
2 80 1.07753
2 81 1.07333
2 82 1.11181
2 83 1.11181
2 84 1.11181
2 85 1.11181
2 86 1.11181
2 87 1.09255
2 88 1.08358
2 89 1.07561
2 90 1.0717
2 91 1.10159
2 92 1.10159
2 93 1.10159
2 94 1.10159
2 95 1.10159
2 96 1.08669
2 97 1.0795
2 98 1.07293
2 99 1.06966
2 100 1.0916
2 101 1.0916
2 102 1.0916
2 103 1.0916
2 104 1.0916
2 105 1.08043
2 106 1.07491
2 107 1.06977
2 108 1.06719
2 109 1.10169
2 110 1.10169
2 111 1.10169
2 112 1.10169
2 113 1.10169
2 114 1.08701
2 115 1.07992
2 116 1.0734
2 117 1.07048
2 118 1.09755
2 119 1.09755
2 120 1.09755
2 121 1.09755
2 122 1.09755
2 123 1.08431
2 124 1.07777
2 125 1.07186
2 126 1.06897
2 127 1.09141
2 128 1.09141
2 129 1.09141
2 130 1.09141
2 131 1.09141
2 132 1.08028
2 133 1.07478
2 134 1.06969
2 135 1.06715
2 136 1.08454
2 137 1.08454
2 138 1.08454
2 139 1.08454
2 140 1.08454
2 141 1.07565
2 142 1.07121
2 143 1.06705
2 144 1.06496
3 1 1.30511
3 2 1.30511
3 3 1.30511
3 4 1.30511
3 5 1.30511
3 6 1.11842
3 7 1.0972
3 8 1.08241
3 9 1.0757
3 10 1.14689
3 11 1.14689
3 12 1.14689
3 13 1.14689
3 14 1.14689
3 15 1.10663
3 16 1.09171
3 17 1.07965
3 18 1.07391
3 19 1.11811
3 20 1.11811
3 21 1.11811
3 22 1.11811
3 23 1.11811
3 24 1.09528
3 25 1.08502
3 26 1.07599
3 27 1.07156
3 28 1.10054
3 29 1.10054
3 30 1.10054
3 31 1.10054
3 32 1.10054
3 33 1.08572
3 34 1.07856
3 35 1.07201
3 36 1.06873
3 37 1.14798
3 38 1.14798
3 39 1.14798
3 40 1.14798
3 41 1.14798
3 42 1.10758
3 43 1.09274
3 44 1.08082
3 45 1.07524
3 46 1.12932
3 47 1.12932
3 48 1.12932
3 49 1.12932
3 50 1.12932
3 51 1.10083
3 52 1.08875
3 53 1.07847
3 54 1.0735
3 55 1.11154
3 56 1.11154
3 57 1.11154
3 58 1.11154
3 59 1.11154
3 60 1.09225
3 61 1.08327
3 62 1.07524
3 63 1.07126
3 64 1.09748
3 65 1.09748
3 66 1.09748
3 67 1.09748
3 68 1.09748
3 69 1.08411
3 70 1.07759
3 71 1.07157
3 72 1.06856
3 73 1.11946
3 74 1.11946
3 75 1.11946
3 76 1.11946
3 77 1.11946
3 78 1.09655
3 79 1.08643
3 80 1.07753
3 81 1.07333
3 82 1.11181
3 83 1.11181
3 84 1.11181
3 85 1.11181
3 86 1.11181
3 87 1.09255
3 88 1.08358
3 89 1.07561
3 90 1.0717
3 91 1.10159
3 92 1.10159
3 93 1.10159
3 94 1.10159
3 95 1.10159
3 96 1.08669
3 97 1.0795
3 98 1.07293
3 99 1.06966
3 100 1.0916
3 101 1.0916
3 102 1.0916
3 103 1.0916
3 104 1.0916
3 105 1.08043
3 106 1.07491
3 107 1.06977
3 108 1.06719
3 109 1.10169
3 110 1.10169
3 111 1.10169
3 112 1.10169
3 113 1.10169
3 114 1.08701
3 115 1.07992
3 116 1.0734
3 117 1.07048
3 118 1.09755
3 119 1.09755
3 120 1.09755
3 121 1.09755
3 122 1.09755
3 123 1.08431
3 124 1.07777
3 125 1.07186
3 126 1.06897
3 127 1.09141
3 128 1.09141
3 129 1.09141
3 130 1.09141
3 131 1.09141
3 132 1.08028
3 133 1.07478
3 134 1.06969
3 135 1.06715
3 136 1.08454
3 137 1.08454
3 138 1.08454
3 139 1.08454
3 140 1.08454
3 141 1.07565
3 142 1.07121
3 143 1.06705
3 144 1.06496
4 1 1.30511
4 2 1.30511
4 3 1.30511
4 4 1.30511
4 5 1.30511
4 6 1.11842
4 7 1.0972
4 8 1.08241
4 9 1.0757
4 10 1.14689
4 11 1.14689
4 12 1.14689
4 13 1.14689
4 14 1.14689
4 15 1.10663
4 16 1.09171
4 17 1.07965
4 18 1.07391
4 19 1.11811
4 20 1.11811
4 21 1.11811
4 22 1.11811
4 23 1.11811
4 24 1.09528
4 25 1.08502
4 26 1.07599
4 27 1.07156
4 28 1.10054
4 29 1.10054
4 30 1.10054
4 31 1.10054
4 32 1.10054
4 33 1.08572
4 34 1.07856
4 35 1.07201
4 36 1.06873
4 37 1.14798
4 38 1.14798
4 39 1.14798
4 40 1.14798
4 41 1.14798
4 42 1.10758
4 43 1.09274
4 44 1.08082
4 45 1.07524
4 46 1.12932
4 47 1.12932
4 48 1.12932
4 49 1.12932
4 50 1.12932
4 51 1.10083
4 52 1.08875
4 53 1.07847
4 54 1.0735
4 55 1.11154
4 56 1.11154
4 57 1.11154
4 58 1.11154
4 59 1.11154
4 60 1.09225
4 61 1.08327
4 62 1.07524
4 63 1.07126
4 64 1.09748
4 65 1.09748
4 66 1.09748
4 67 1.09748
4 68 1.09748
4 69 1.08411
4 70 1.07759
4 71 1.07157
4 72 1.06856
4 73 1.11946
4 74 1.11946
4 75 1.11946
4 76 1.11946
4 77 1.11946
4 78 1.09655
4 79 1.08643
4 80 1.07753
4 81 1.07333
4 82 1.11181
4 83 1.11181
4 84 1.11181
4 85 1.11181
4 86 1.11181
4 87 1.09255
4 88 1.08358
4 89 1.07561
4 90 1.0717
4 91 1.10159
4 92 1.10159
4 93 1.10159
4 94 1.10159
4 95 1.10159
4 96 1.08669
4 97 1.0795
4 98 1.07293
4 99 1.06966
4 100 1.0916
4 101 1.0916
4 102 1.0916
4 103 1.0916
4 104 1.0916
4 105 1.08043
4 106 1.07491
4 107 1.06977
4 108 1.06719
4 109 1.10169
4 110 1.10169
4 111 1.10169
4 112 1.10169
4 113 1.10169
4 114 1.08701
4 115 1.07992
4 116 1.0734
4 117 1.07048
4 118 1.09755
4 119 1.09755
4 120 1.09755
4 121 1.09755
4 122 1.09755
4 123 1.08431
4 124 1.07777
4 125 1.07186
4 126 1.06897
4 127 1.09141
4 128 1.09141
4 129 1.09141
4 130 1.09141
4 131 1.09141
4 132 1.08028
4 133 1.07478
4 134 1.06969
4 135 1.06715
4 136 1.08454
4 137 1.08454
4 138 1.08454
4 139 1.08454
4 140 1.08454
4 141 1.07565
4 142 1.07121
4 143 1.06705
4 144 1.06496
5 1 1.30511
5 2 1.30511
5 3 1.30511
5 4 1.30511
5 5 1.30511
5 6 1.11842
5 7 1.0972
5 8 1.08241
5 9 1.0757
5 10 1.14689
5 11 1.14689
5 12 1.14689
5 13 1.14689
5 14 1.14689
5 15 1.10663
5 16 1.09171
5 17 1.07965
5 18 1.07391
5 19 1.11811
5 20 1.11811
5 21 1.11811
5 22 1.11811
5 23 1.11811
5 24 1.09528
5 25 1.08502
5 26 1.07599
5 27 1.07156
5 28 1.10054
5 29 1.10054
5 30 1.10054
5 31 1.10054
5 32 1.10054
5 33 1.08572
5 34 1.07856
5 35 1.07201
5 36 1.06873
5 37 1.14798
5 38 1.14798
5 39 1.14798
5 40 1.14798
5 41 1.14798
5 42 1.10758
5 43 1.09274
5 44 1.08082
5 45 1.07524
5 46 1.12932
5 47 1.12932
5 48 1.12932
5 49 1.12932
5 50 1.12932
5 51 1.10083
5 52 1.08875
5 53 1.07847
5 54 1.0735
5 55 1.11154
5 56 1.11154
5 57 1.11154
5 58 1.11154
5 59 1.11154
5 60 1.09225
5 61 1.08327
5 62 1.07524
5 63 1.07126
5 64 1.09748
5 65 1.09748
5 66 1.09748
5 67 1.09748
5 68 1.09748
5 69 1.08411
5 70 1.07759
5 71 1.07157
5 72 1.06856
5 73 1.11946
5 74 1.11946
5 75 1.11946
5 76 1.11946
5 77 1.11946
5 78 1.09655
5 79 1.08643
5 80 1.07753
5 81 1.07333
5 82 1.11181
5 83 1.11181
5 84 1.11181
5 85 1.11181
5 86 1.11181
5 87 1.09255
5 88 1.08358
5 89 1.07561
5 90 1.0717
5 91 1.10159
5 92 1.10159
5 93 1.10159
5 94 1.10159
5 95 1.10159
5 96 1.08669
5 97 1.0795
5 98 1.07293
5 99 1.06966
5 100 1.0916
5 101 1.0916
5 102 1.0916
5 103 1.0916
5 104 1.0916
5 105 1.08043
5 106 1.07491
5 107 1.06977
5 108 1.06719
5 109 1.10169
5 110 1.10169
5 111 1.10169
5 112 1.10169
5 113 1.10169
5 114 1.08701
5 115 1.07992
5 116 1.0734
5 117 1.07048
5 118 1.09755
5 119 1.09755
5 120 1.09755
5 121 1.09755
5 122 1.09755
5 123 1.08431
5 124 1.07777
5 125 1.07186
5 126 1.06897
5 127 1.09141
5 128 1.09141
5 129 1.09141
5 130 1.09141
5 131 1.09141
5 132 1.08028
5 133 1.07478
5 134 1.06969
5 135 1.06715
5 136 1.08454
5 137 1.08454
5 138 1.08454
5 139 1.08454
5 140 1.08454
5 141 1.07565
5 142 1.07121
5 143 1.06705
5 144 1.06496
6 1 1.11842
6 2 1.11842
6 3 1.11842
6 4 1.11842
6 5 1.11842
6 6 6.91924
6 7 2.14413
6 8 1.39398
6 9 1.20555
6 10 1.10658
6 11 1.10658
6 12 1.10658
6 13 1.10658
6 14 1.10658
6 15 1.44598
6 16 1.36699
6 17 1.24341
6 18 1.17977
6 19 1.09522
6 20 1.09522
6 21 1.09522
6 22 1.09522
6 23 1.09522
6 24 1.19374
6 25 1.19321
6 26 1.16777
6 27 1.15076
6 28 1.08567
6 29 1.08567
6 30 1.08567
6 31 1.08567
6 32 1.08567
6 33 1.12449
6 34 1.13093
6 35 1.12893
6 36 1.12627
6 37 1.10784
6 38 1.10784
6 39 1.10784
6 40 1.10784
6 41 1.10784
6 42 1.44151
6 43 1.36389
6 44 1.24242
6 45 1.18085
6 46 1.10086
6 47 1.10086
6 48 1.10086
6 49 1.10086
6 50 1.10086
6 51 1.25843
6 52 1.2454
6 53 1.1947
6 54 1.16391
6 55 1.09223
6 56 1.09223
6 57 1.09223
6 58 1.09223
6 59 1.09223
6 60 1.15953
6 61 1.16383
6 62 1.15127
6 63 1.14182
6 64 1.08408
6 65 1.08408
6 66 1.08408
6 67 1.08408
6 68 1.08408
6 69 1.11553
6 70 1.1221
6 71 1.12241
6 72 1.12134
6 73 1.09692
6 74 1.09692
6 75 1.09692
6 76 1.09692
6 77 1.09692
6 78 1.1905
6 79 1.1911
6 80 1.16723
6 81 1.15186
6 82 1.09263
6 83 1.09263
6 84 1.09263
6 85 1.09263
6 86 1.09263
6 87 1.15868
6 88 1.16317
6 89 1.15103
6 90 1.14191
6 91 1.08671
6 92 1.08671
6 93 1.08671
6 94 1.08671
6 95 1.08671
6 96 1.12535
6 97 1.13187
6 98 1.12996
6 99 1.12735
6 100 1.08042
6 101 1.08042
6 102 1.08042
6 103 1.08042
6 104 1.08042
6 105 1.10275
6 106 1.109
6 107 1.11162
6 108 1.11224
6 109 1.08731
6 110 1.08731
6 111 1.08731
6 112 1.08731
6 113 1.08731
6 114 1.12225
6 115 1.1294
6 116 1.12838
6 117 1.12696
6 118 1.08442
6 119 1.08442
6 120 1.08442
6 121 1.08442
6 122 1.08442
6 123 1.11425
6 124 1.12104
6 125 1.12181
6 126 1.12107
6 127 1.08035
6 128 1.08035
6 129 1.08035
6 130 1.08035
6 131 1.08035
6 132 1.10216
6 133 1.10842
6 134 1.11117
6 135 1.11188
6 136 1.07567
6 137 1.07567
6 138 1.07567
6 139 1.07567
6 140 1.07567
6 141 1.09083
6 142 1.09627
6 143 1.09992
6 144 1.10144
7 1 1.0972
7 2 1.0972
7 3 1.0972
7 4 1.0972
7 5 1.0972
7 6 2.14413
7 7 6.92019
7 8 1.99484
7 9 1.31385
7 10 1.09165
7 11 1.09165
7 12 1.09165
7 13 1.09165
7 14 1.09165
7 15 1.36679
7 16 1.46828
7 17 1.34115
7 18 1.24959
7 19 1.08494
7 20 1.08494
7 21 1.08494
7 22 1.08494
7 23 1.08494
7 24 1.19314
7 25 1.22047
7 26 1.20992
7 27 1.19636
7 28 1.0785
7 29 1.0785
7 30 1.0785
7 31 1.0785
7 32 1.0785
7 33 1.13091
7 34 1.14789
7 35 1.15543
7 36 1.1572
7 37 1.09296
7 38 1.09296
7 39 1.09296
7 40 1.09296
7 41 1.09296
7 42 1.36318
7 43 1.4642
7 44 1.33941
7 45 1.25057
7 46 1.08877
7 47 1.08877
7 48 1.08877
7 49 1.08877
7 50 1.08877
7 51 1.24523
7 52 1.28468
7 53 1.25062
7 54 1.21858
7 55 1.08324
7 56 1.08324
7 57 1.08324
7 58 1.08324
7 59 1.08324
7 60 1.16376
7 61 1.18555
7 62 1.18588
7 63 1.18119
7 64 1.07755
7 65 1.07755
7 66 1.07755
7 67 1.07755
7 68 1.07755
7 69 1.12208
7 70 1.13759
7 71 1.14638
7 72 1.14941
7 73 1.08673
7 74 1.08673
7 75 1.08673
7 76 1.08673
7 77 1.08673
7 78 1.18978
7 79 1.21778
7 80 1.20883
7 81 1.19702
7 82 1.08369
7 83 1.08369
7 84 1.08369
7 85 1.08369
7 86 1.08369
7 87 1.1628
7 88 1.18475
7 89 1.18548
7 90 1.18109
7 91 1.07952
7 92 1.07952
7 93 1.07952
7 94 1.07952
7 95 1.07952
7 96 1.13177
7 97 1.1488
7 98 1.15651
7 99 1.15838
7 100 1.07489
7 101 1.07489
7 102 1.07489
7 103 1.07489
7 104 1.07489
7 105 1.10899
7 106 1.12229
7 107 1.13178
7 108 1.13585
7 109 1.08029
7 110 1.08029
7 111 1.08029
7 112 1.08029
7 113 1.08029
7 114 1.12798
7 115 1.14567
7 116 1.15422
7 117 1.15722
7 118 1.07797
7 119 1.07797
7 120 1.07797
7 121 1.07797
7 122 1.07797
7 123 1.12046
7 124 1.13624
7 125 1.14545
7 126 1.14875
7 127 1.07486
7 128 1.07486
7 129 1.07486
7 130 1.07486
7 131 1.07486
7 132 1.10826
7 133 1.12156
7 134 1.13117
7 135 1.13532
7 136 1.07122
7 137 1.07122
7 138 1.07122
7 139 1.07122
7 140 1.07122
7 141 1.09624
7 142 1.10712
7 143 1.11608
7 144 1.12031
8 1 1.08241
8 2 1.08241
8 3 1.08241
8 4 1.08241
8 5 1.08241
8 6 1.39398
8 7 1.99484
8 8 6.22612
8 9 1.54614
8 10 1.07961
8 11 1.07961
8 12 1.07961
8 13 1.07961
8 14 1.07961
8 15 1.24313
8 16 1.34071
8 17 1.39916
8 18 1.33578
8 19 1.07594
8 20 1.07594
8 21 1.07594
8 22 1.07594
8 23 1.07594
8 24 1.16767
8 25 1.20978
8 26 1.23783
8 27 1.24425
8 28 1.07196
8 29 1.07196
8 30 1.07196
8 31 1.07196
8 32 1.07196
8 33 1.1289
8 34 1.15537
8 35 1.17753
8 36 1.18771
8 37 1.08097
8 38 1.08097
8 39 1.08097
8 40 1.08097
8 41 1.08097
8 42 1.24222
8 43 1.34006
8 44 1.39862
8 45 1.33661
8 46 1.0785
8 47 1.0785
8 48 1.0785
8 49 1.0785
8 50 1.0785
8 51 1.19453
8 52 1.25052
8 53 1.28239
8 54 1.27897
8 55 1.07523
8 56 1.07523
8 57 1.07523
8 58 1.07523
8 59 1.07523
8 60 1.1512
8 61 1.18579
8 62 1.2116
8 63 1.22132
8 64 1.07155
8 65 1.07155
8 66 1.07155
8 67 1.07155
8 68 1.07155
8 69 1.1224
8 70 1.14633
8 71 1.16702
8 72 1.17685
8 73 1.07781
8 74 1.07781
8 75 1.07781
8 76 1.07781
8 77 1.07781
8 78 1.16585
8 79 1.20851
8 80 1.23715
8 81 1.24439
8 82 1.07571
8 83 1.07571
8 84 1.07571
8 85 1.07571
8 86 1.07571
8 87 1.15052
8 88 1.18529
8 89 1.21124
8 90 1.22102
8 91 1.07297
8 92 1.07297
8 93 1.07297
8 94 1.07297
8 95 1.07297
8 96 1.1298
8 97 1.15639
8 98 1.17873
8 99 1.18902
8 100 1.06978
8 101 1.06978
8 102 1.06978
8 103 1.06978
8 104 1.06978
8 105 1.11159
8 106 1.13173
8 107 1.1498
8 108 1.15867
8 109 1.07386
8 110 1.07386
8 111 1.07386
8 112 1.07386
8 113 1.07386
8 114 1.12624
8 115 1.15344
8 116 1.17613
8 117 1.18697
8 118 1.07205
8 119 1.07205
8 120 1.07205
8 121 1.07205
8 122 1.07205
8 123 1.1208
8 124 1.14503
8 125 1.16593
8 126 1.1758
8 127 1.06978
8 128 1.06978
8 129 1.06978
8 130 1.06978
8 131 1.06978
8 132 1.11084
8 133 1.13094
8 134 1.14907
8 135 1.15796
8 136 1.06708
8 137 1.06708
8 138 1.06708
8 139 1.06708
8 140 1.06708
8 141 1.09983
8 142 1.116
8 143 1.13093
8 144 1.13838
9 1 1.0757
9 2 1.0757
9 3 1.0757
9 4 1.0757
9 5 1.0757
9 6 1.20555
9 7 1.31385
9 8 1.54614
9 9 2.14743
9 10 1.07391
9 11 1.07391
9 12 1.07391
9 13 1.07391
9 14 1.07391
9 15 1.17982
9 16 1.24954
9 17 1.33587
9 18 1.38957
9 19 1.07155
9 20 1.07155
9 21 1.07155
9 22 1.07155
9 23 1.07155
9 24 1.15079
9 25 1.19628
9 26 1.24424
9 27 1.26996
9 28 1.06872
9 29 1.06872
9 30 1.06872
9 31 1.06872
9 32 1.06872
9 33 1.12629
9 34 1.15715
9 35 1.18768
9 36 1.20346
9 37 1.07528
9 38 1.07528
9 39 1.07528
9 40 1.07528
9 41 1.07528
9 42 1.17993
9 43 1.24998
9 44 1.33597
9 45 1.38927
9 46 1.07354
9 47 1.07354
9 48 1.07354
9 49 1.07354
9 50 1.07354
9 51 1.16371
9 52 1.21835
9 53 1.27877
9 54 1.31217
9 55 1.07128
9 56 1.07128
9 57 1.07128
9 58 1.07128
9 59 1.07128
9 60 1.14175
9 61 1.18102
9 62 1.22117
9 63 1.24226
9 64 1.06857
9 65 1.06857
9 66 1.06857
9 67 1.06857
9 68 1.06857
9 69 1.12132
9 70 1.14931
9 71 1.17676
9 72 1.19088
9 73 1.07343
9 74 1.07343
9 75 1.07343
9 76 1.07343
9 77 1.07343
9 78 1.14971
9 79 1.19558
9 80 1.24344
9 81 1.26919
9 82 1.07177
9 83 1.07177
9 84 1.07177
9 85 1.07177
9 86 1.07177
9 87 1.14119
9 88 1.1806
9 89 1.2207
9 90 1.24166
9 91 1.06971
9 92 1.06971
9 93 1.06971
9 94 1.06971
9 95 1.06971
9 96 1.1271
9 97 1.15809
9 98 1.1888
9 99 1.20465
9 100 1.06721
9 101 1.06721
9 102 1.06721
9 103 1.06721
9 104 1.06721
9 105 1.11216
9 106 1.1357
9 107 1.15853
9 108 1.17021
9 109 1.07065
9 110 1.07065
9 111 1.07065
9 112 1.07065
9 113 1.07065
9 114 1.12376
9 115 1.15528
9 116 1.18594
9 117 1.20193
9 118 1.06908
9 119 1.06908
9 120 1.06908
9 121 1.06908
9 122 1.06908
9 123 1.1197
9 124 1.14796
9 125 1.17543
9 126 1.18943
9 127 1.06722
9 128 1.06722
9 129 1.06722
9 130 1.06722
9 131 1.06722
9 132 1.11137
9 133 1.13485
9 134 1.15768
9 135 1.16934
9 136 1.06499
9 137 1.06499
9 138 1.06499
9 139 1.06499
9 140 1.06499
9 141 1.10127
9 142 1.12009
9 143 1.13821
9 144 1.14745
10 1 1.14689
10 2 1.14689
10 3 1.14689
10 4 1.14689
10 5 1.14689
10 6 1.10658
10 7 1.09165
10 8 1.07961
10 9 1.07391
10 10 1.30422
10 11 1.30422
10 12 1.30422
10 13 1.30422
10 14 1.30422
10 15 1.11751
10 16 1.09627
10 17 1.08142
10 18 1.07465
10 19 1.16165
10 20 1.16165
10 21 1.16165
10 22 1.16165
10 23 1.16165
10 24 1.11001
10 25 1.09318
10 26 1.08007
10 27 1.07391
10 28 1.12581
10 29 1.12581
10 30 1.12581
10 31 1.12581
10 32 1.12581
10 33 1.09877
10 34 1.08713
10 35 1.0771
10 36 1.07222
10 37 1.12931
10 38 1.12931
10 39 1.12931
10 40 1.12931
10 41 1.12931
10 42 1.10061
10 43 1.08858
10 44 1.07837
10 45 1.07352
10 46 1.14709
10 47 1.14709
10 48 1.14709
10 49 1.14709
10 50 1.14709
10 51 1.10677
10 52 1.09186
10 53 1.07983
10 54 1.07414
10 55 1.13517
10 56 1.13517
10 57 1.13517
10 58 1.13517
10 59 1.13517
10 60 1.10289
10 61 1.08975
10 62 1.07874
10 63 1.07343
10 64 1.11698
10 65 1.11698
10 66 1.11698
10 67 1.11698
10 68 1.11698
10 69 1.095
10 70 1.08502
10 71 1.0762
10 72 1.07185
10 73 1.11177
10 74 1.11177
10 75 1.11177
10 76 1.11177
10 77 1.11177
10 78 1.09221
10 79 1.0834
10 80 1.07548
10 81 1.07174
10 82 1.11857
10 83 1.11857
10 84 1.11857
10 85 1.11857
10 86 1.11857
10 87 1.0957
10 88 1.08546
10 89 1.07652
10 90 1.07219
10 91 1.11426
10 92 1.11426
10 93 1.11426
10 94 1.11426
10 95 1.11426
10 96 1.09358
10 97 1.08411
10 98 1.07569
10 99 1.07155
10 100 1.10499
10 101 1.10499
10 102 1.10499
10 103 1.10499
10 104 1.10499
10 105 1.08861
10 106 1.0808
10 107 1.07369
10 108 1.07016
10 109 1.09751
10 110 1.09751
10 111 1.09751
10 112 1.09751
10 113 1.09751
10 114 1.08402
10 115 1.07762
10 116 1.07168
10 117 1.06903
10 118 1.1008
10 119 1.1008
10 120 1.1008
10 121 1.1008
10 122 1.1008
10 123 1.08599
10 124 1.07885
10 125 1.07242
10 126 1.06931
10 127 1.09868
10 128 1.09868
10 129 1.09868
10 130 1.09868
10 131 1.09868
10 132 1.0847
10 133 1.07796
10 134 1.07179
10 135 1.06873
10 136 1.09353
10 137 1.09353
10 138 1.09353
10 139 1.09353
10 140 1.09353
10 141 1.08156
10 142 1.07569
10 143 1.07026
10 144 1.06753
11 1 1.14689
11 2 1.14689
11 3 1.14689
11 4 1.14689
11 5 1.14689
11 6 1.10658
11 7 1.09165
11 8 1.07961
11 9 1.07391
11 10 1.30422
11 11 1.30422
11 12 1.30422
11 13 1.30422
11 14 1.30422
11 15 1.11751
11 16 1.09627
11 17 1.08142
11 18 1.07465
11 19 1.16165
11 20 1.16165
11 21 1.16165
11 22 1.16165
11 23 1.16165
11 24 1.11001
11 25 1.09318
11 26 1.08007
11 27 1.07391
11 28 1.12581
11 29 1.12581
11 30 1.12581
11 31 1.12581
11 32 1.12581
11 33 1.09877
11 34 1.08713
11 35 1.0771
11 36 1.07222
11 37 1.12931
11 38 1.12931
11 39 1.12931
11 40 1.12931
11 41 1.12931
11 42 1.10061
11 43 1.08858
11 44 1.07837
11 45 1.07352
11 46 1.14709
11 47 1.14709
11 48 1.14709
11 49 1.14709
11 50 1.14709
11 51 1.10677
11 52 1.09186
11 53 1.07983
11 54 1.07414
11 55 1.13517
11 56 1.13517
11 57 1.13517
11 58 1.13517
11 59 1.13517
11 60 1.10289
11 61 1.08975
11 62 1.07874
11 63 1.07343
11 64 1.11698
11 65 1.11698
11 66 1.11698
11 67 1.11698
11 68 1.11698
11 69 1.095
11 70 1.08502
11 71 1.0762
11 72 1.07185
11 73 1.11177
11 74 1.11177
11 75 1.11177
11 76 1.11177
11 77 1.11177
11 78 1.09221
11 79 1.0834
11 80 1.07548
11 81 1.07174
11 82 1.11857
11 83 1.11857
11 84 1.11857
11 85 1.11857
11 86 1.11857
11 87 1.0957
11 88 1.08546
11 89 1.07652
11 90 1.07219
11 91 1.11426
11 92 1.11426
11 93 1.11426
11 94 1.11426
11 95 1.11426
11 96 1.09358
11 97 1.08411
11 98 1.07569
11 99 1.07155
11 100 1.10499
11 101 1.10499
11 102 1.10499
11 103 1.10499
11 104 1.10499
11 105 1.08861
11 106 1.0808
11 107 1.07369
11 108 1.07016
11 109 1.09751
11 110 1.09751
11 111 1.09751
11 112 1.09751
11 113 1.09751
11 114 1.08402
11 115 1.07762
11 116 1.07168
11 117 1.06903
11 118 1.1008
11 119 1.1008
11 120 1.1008
11 121 1.1008
11 122 1.1008
11 123 1.08599
11 124 1.07885
11 125 1.07242
11 126 1.06931
11 127 1.09868
11 128 1.09868
11 129 1.09868
11 130 1.09868
11 131 1.09868
11 132 1.0847
11 133 1.07796
11 134 1.07179
11 135 1.06873
11 136 1.09353
11 137 1.09353
11 138 1.09353
11 139 1.09353
11 140 1.09353
11 141 1.08156
11 142 1.07569
11 143 1.07026
11 144 1.06753
12 1 1.14689
12 2 1.14689
12 3 1.14689
12 4 1.14689
12 5 1.14689
12 6 1.10658
12 7 1.09165
12 8 1.07961
12 9 1.07391
12 10 1.30422
12 11 1.30422
12 12 1.30422
12 13 1.30422
12 14 1.30422
12 15 1.11751
12 16 1.09627
12 17 1.08142
12 18 1.07465
12 19 1.16165
12 20 1.16165
12 21 1.16165
12 22 1.16165
12 23 1.16165
12 24 1.11001
12 25 1.09318
12 26 1.08007
12 27 1.07391
12 28 1.12581
12 29 1.12581
12 30 1.12581
12 31 1.12581
12 32 1.12581
12 33 1.09877
12 34 1.08713
12 35 1.0771
12 36 1.07222
12 37 1.12931
12 38 1.12931
12 39 1.12931
12 40 1.12931
12 41 1.12931
12 42 1.10061
12 43 1.08858
12 44 1.07837
12 45 1.07352
12 46 1.14709
12 47 1.14709
12 48 1.14709
12 49 1.14709
12 50 1.14709
12 51 1.10677
12 52 1.09186
12 53 1.07983
12 54 1.07414
12 55 1.13517
12 56 1.13517
12 57 1.13517
12 58 1.13517
12 59 1.13517
12 60 1.10289
12 61 1.08975
12 62 1.07874
12 63 1.07343
12 64 1.11698
12 65 1.11698
12 66 1.11698
12 67 1.11698
12 68 1.11698
12 69 1.095
12 70 1.08502
12 71 1.0762
12 72 1.07185
12 73 1.11177
12 74 1.11177
12 75 1.11177
12 76 1.11177
12 77 1.11177
12 78 1.09221
12 79 1.0834
12 80 1.07548
12 81 1.07174
12 82 1.11857
12 83 1.11857
12 84 1.11857
12 85 1.11857
12 86 1.11857
12 87 1.0957
12 88 1.08546
12 89 1.07652
12 90 1.07219
12 91 1.11426
12 92 1.11426
12 93 1.11426
12 94 1.11426
12 95 1.11426
12 96 1.09358
12 97 1.08411
12 98 1.07569
12 99 1.07155
12 100 1.10499
12 101 1.10499
12 102 1.10499
12 103 1.10499
12 104 1.10499
12 105 1.08861
12 106 1.0808
12 107 1.07369
12 108 1.07016
12 109 1.09751
12 110 1.09751
12 111 1.09751
12 112 1.09751
12 113 1.09751
12 114 1.08402
12 115 1.07762
12 116 1.07168
12 117 1.06903
12 118 1.1008
12 119 1.1008
12 120 1.1008
12 121 1.1008
12 122 1.1008
12 123 1.08599
12 124 1.07885
12 125 1.07242
12 126 1.06931
12 127 1.09868
12 128 1.09868
12 129 1.09868
12 130 1.09868
12 131 1.09868
12 132 1.0847
12 133 1.07796
12 134 1.07179
12 135 1.06873
12 136 1.09353
12 137 1.09353
12 138 1.09353
12 139 1.09353
12 140 1.09353
12 141 1.08156
12 142 1.07569
12 143 1.07026
12 144 1.06753
13 1 1.14689
13 2 1.14689
13 3 1.14689
13 4 1.14689
13 5 1.14689
13 6 1.10658
13 7 1.09165
13 8 1.07961
13 9 1.07391
13 10 1.30422
13 11 1.30422
13 12 1.30422
13 13 1.30422
13 14 1.30422
13 15 1.11751
13 16 1.09627
13 17 1.08142
13 18 1.07465
13 19 1.16165
13 20 1.16165
13 21 1.16165
13 22 1.16165
13 23 1.16165
13 24 1.11001
13 25 1.09318
13 26 1.08007
13 27 1.07391
13 28 1.12581
13 29 1.12581
13 30 1.12581
13 31 1.12581
13 32 1.12581
13 33 1.09877
13 34 1.08713
13 35 1.0771
13 36 1.07222
13 37 1.12931
13 38 1.12931
13 39 1.12931
13 40 1.12931
13 41 1.12931
13 42 1.10061
13 43 1.08858
13 44 1.07837
13 45 1.07352
13 46 1.14709
13 47 1.14709
13 48 1.14709
13 49 1.14709
13 50 1.14709
13 51 1.10677
13 52 1.09186
13 53 1.07983
13 54 1.07414
13 55 1.13517
13 56 1.13517
13 57 1.13517
13 58 1.13517
13 59 1.13517
13 60 1.10289
13 61 1.08975
13 62 1.07874
13 63 1.07343
13 64 1.11698
13 65 1.11698
13 66 1.11698
13 67 1.11698
13 68 1.11698
13 69 1.095
13 70 1.08502
13 71 1.0762
13 72 1.07185
13 73 1.11177
13 74 1.11177
13 75 1.11177
13 76 1.11177
13 77 1.11177
13 78 1.09221
13 79 1.0834
13 80 1.07548
13 81 1.07174
13 82 1.11857
13 83 1.11857
13 84 1.11857
13 85 1.11857
13 86 1.11857
13 87 1.0957
13 88 1.08546
13 89 1.07652
13 90 1.07219
13 91 1.11426
13 92 1.11426
13 93 1.11426
13 94 1.11426
13 95 1.11426
13 96 1.09358
13 97 1.08411
13 98 1.07569
13 99 1.07155
13 100 1.10499
13 101 1.10499
13 102 1.10499
13 103 1.10499
13 104 1.10499
13 105 1.08861
13 106 1.0808
13 107 1.07369
13 108 1.07016
13 109 1.09751
13 110 1.09751
13 111 1.09751
13 112 1.09751
13 113 1.09751
13 114 1.08402
13 115 1.07762
13 116 1.07168
13 117 1.06903
13 118 1.1008
13 119 1.1008
13 120 1.1008
13 121 1.1008
13 122 1.1008
13 123 1.08599
13 124 1.07885
13 125 1.07242
13 126 1.06931
13 127 1.09868
13 128 1.09868
13 129 1.09868
13 130 1.09868
13 131 1.09868
13 132 1.0847
13 133 1.07796
13 134 1.07179
13 135 1.06873
13 136 1.09353
13 137 1.09353
13 138 1.09353
13 139 1.09353
13 140 1.09353
13 141 1.08156
13 142 1.07569
13 143 1.07026
13 144 1.06753
14 1 1.14689
14 2 1.14689
14 3 1.14689
14 4 1.14689
14 5 1.14689
14 6 1.10658
14 7 1.09165
14 8 1.07961
14 9 1.07391
14 10 1.30422
14 11 1.30422
14 12 1.30422
14 13 1.30422
14 14 1.30422
14 15 1.11751
14 16 1.09627
14 17 1.08142
14 18 1.07465
14 19 1.16165
14 20 1.16165
14 21 1.16165
14 22 1.16165
14 23 1.16165
14 24 1.11001
14 25 1.09318
14 26 1.08007
14 27 1.07391
14 28 1.12581
14 29 1.12581
14 30 1.12581
14 31 1.12581
14 32 1.12581
14 33 1.09877
14 34 1.08713
14 35 1.0771
14 36 1.07222
14 37 1.12931
14 38 1.12931
14 39 1.12931
14 40 1.12931
14 41 1.12931
14 42 1.10061
14 43 1.08858
14 44 1.07837
14 45 1.07352
14 46 1.14709
14 47 1.14709
14 48 1.14709
14 49 1.14709
14 50 1.14709
14 51 1.10677
14 52 1.09186
14 53 1.07983
14 54 1.07414
14 55 1.13517
14 56 1.13517
14 57 1.13517
14 58 1.13517
14 59 1.13517
14 60 1.10289
14 61 1.08975
14 62 1.07874
14 63 1.07343
14 64 1.11698
14 65 1.11698
14 66 1.11698
14 67 1.11698
14 68 1.11698
14 69 1.095
14 70 1.08502
14 71 1.0762
14 72 1.07185
14 73 1.11177
14 74 1.11177
14 75 1.11177
14 76 1.11177
14 77 1.11177
14 78 1.09221
14 79 1.0834
14 80 1.07548
14 81 1.07174
14 82 1.11857
14 83 1.11857
14 84 1.11857
14 85 1.11857
14 86 1.11857
14 87 1.0957
14 88 1.08546
14 89 1.07652
14 90 1.07219
14 91 1.11426
14 92 1.11426
14 93 1.11426
14 94 1.11426
14 95 1.11426
14 96 1.09358
14 97 1.08411
14 98 1.07569
14 99 1.07155
14 100 1.10499
14 101 1.10499
14 102 1.10499
14 103 1.10499
14 104 1.10499
14 105 1.08861
14 106 1.0808
14 107 1.07369
14 108 1.07016
14 109 1.09751
14 110 1.09751
14 111 1.09751
14 112 1.09751
14 113 1.09751
14 114 1.08402
14 115 1.07762
14 116 1.07168
14 117 1.06903
14 118 1.1008
14 119 1.1008
14 120 1.1008
14 121 1.1008
14 122 1.1008
14 123 1.08599
14 124 1.07885
14 125 1.07242
14 126 1.06931
14 127 1.09868
14 128 1.09868
14 129 1.09868
14 130 1.09868
14 131 1.09868
14 132 1.0847
14 133 1.07796
14 134 1.07179
14 135 1.06873
14 136 1.09353
14 137 1.09353
14 138 1.09353
14 139 1.09353
14 140 1.09353
14 141 1.08156
14 142 1.07569
14 143 1.07026
14 144 1.06753
15 1 1.10663
15 2 1.10663
15 3 1.10663
15 4 1.10663
15 5 1.10663
15 6 1.44598
15 7 1.36679
15 8 1.24313
15 9 1.17982
15 10 1.11751
15 11 1.11751
15 12 1.11751
15 13 1.11751
15 14 1.11751
15 15 6.92047
15 16 2.14588
15 17 1.39455
15 18 1.20466
15 19 1.10999
15 20 1.10999
15 21 1.10999
15 22 1.10999
15 23 1.10999
15 24 1.68172
15 25 1.48522
15 26 1.28169
15 27 1.18876
15 28 1.09874
15 29 1.09874
15 30 1.09874
15 31 1.09874
15 32 1.09874
15 33 1.24202
15 34 1.232
15 35 1.18755
15 36 1.16014
15 37 1.1009
15 38 1.1009
15 39 1.1009
15 40 1.1009
15 41 1.1009
15 42 1.25664
15 43 1.24408
15 44 1.19376
15 45 1.16389
15 46 1.10686
15 47 1.10686
15 48 1.10686
15 49 1.10686
15 50 1.10686
15 51 1.44585
15 52 1.36687
15 53 1.24325
15 54 1.17983
15 55 1.1029
15 56 1.1029
15 57 1.1029
15 58 1.1029
15 59 1.1029
15 60 1.31105
15 61 1.28392
15 62 1.21164
15 63 1.17001
15 64 1.09499
15 65 1.09499
15 66 1.09499
15 67 1.09499
15 68 1.09499
15 69 1.18466
15 70 1.18599
15 71 1.16424
15 72 1.14926
15 73 1.09268
15 74 1.09268
15 75 1.09268
15 76 1.09268
15 77 1.09268
15 78 1.15628
15 79 1.16162
15 80 1.15004
15 81 1.14176
15 82 1.09585
15 83 1.09585
15 84 1.09585
15 85 1.09585
15 86 1.09585
15 87 1.19283
15 88 1.19252
15 89 1.16742
15 90 1.15088
15 91 1.09364
15 92 1.09364
15 93 1.09364
15 94 1.09364
15 95 1.09364
15 96 1.17178
15 97 1.17465
15 98 1.15758
15 99 1.14544
15 100 1.08862
15 101 1.08862
15 102 1.08862
15 103 1.08862
15 104 1.08862
15 105 1.13588
15 106 1.142
15 107 1.13709
15 108 1.13248
15 109 1.08446
15 110 1.08446
15 111 1.08446
15 112 1.08446
15 113 1.08446
15 114 1.11221
15 115 1.11963
15 116 1.12081
15 117 1.12083
15 118 1.08619
15 119 1.08619
15 120 1.08619
15 121 1.08619
15 122 1.08619
15 123 1.12305
15 124 1.12977
15 125 1.12819
15 126 1.12601
15 127 1.08482
15 128 1.08482
15 129 1.08482
15 130 1.08482
15 131 1.08482
15 132 1.11838
15 133 1.12495
15 134 1.12454
15 135 1.12301
15 136 1.0816
15 137 1.0816
15 138 1.0816
15 139 1.0816
15 140 1.0816
15 141 1.10673
15 142 1.11314
15 143 1.11511
15 144 1.11524
16 1 1.09171
16 2 1.09171
16 3 1.09171
16 4 1.09171
16 5 1.09171
16 6 1.36699
16 7 1.46828
16 8 1.34071
16 9 1.24954
16 10 1.09627
16 11 1.09627
16 12 1.09627
16 13 1.09627
16 14 1.09627
16 15 2.14588
16 16 6.9267
16 17 1.99834
16 18 1.31281
16 19 1.09315
16 20 1.09315
16 21 1.09315
16 22 1.09315
16 23 1.09315
16 24 1.48517
16 25 1.70037
16 26 1.43085
16 27 1.26928
16 28 1.08709
16 29 1.08709
16 30 1.08709
16 31 1.08709
16 32 1.08709
16 33 1.23198
16 34 1.26868
16 35 1.24005
16 36 1.2125
16 37 1.08884
16 38 1.08884
16 39 1.08884
16 40 1.08884
16 41 1.08884
16 42 1.24371
16 43 1.28332
16 44 1.24935
16 45 1.21836
16 46 1.09195
16 47 1.09195
16 48 1.09195
16 49 1.09195
16 50 1.09195
16 51 1.36683
16 52 1.46833
16 53 1.34081
16 54 1.24944
16 55 1.08976
16 56 1.08976
16 57 1.08976
16 58 1.08976
16 59 1.08976
16 60 1.28386
16 61 1.33645
16 62 1.27902
16 63 1.23007
16 64 1.08501
16 65 1.08501
16 66 1.08501
16 67 1.08501
16 68 1.08501
16 69 1.18597
16 70 1.2114
16 71 1.20425
16 72 1.19336
16 73 1.08376
16 74 1.08376
16 75 1.08376
16 76 1.08376
16 77 1.08376
16 78 1.16038
16 79 1.18299
16 80 1.18419
16 81 1.18071
16 82 1.08564
16 83 1.08564
16 84 1.08564
16 85 1.08564
16 86 1.08564
16 87 1.19214
16 88 1.21962
16 89 1.20926
16 90 1.19613
16 91 1.08416
16 92 1.08416
16 93 1.08416
16 94 1.08416
16 95 1.08416
16 96 1.17454
16 97 1.19814
16 98 1.1948
16 99 1.1871
16 100 1.0808
16 101 1.0808
16 102 1.0808
16 103 1.0808
16 104 1.0808
16 105 1.14197
16 106 1.16042
16 107 1.1662
16 108 1.16632
16 109 1.07806
16 110 1.07806
16 111 1.07806
16 112 1.07806
16 113 1.07806
16 114 1.11811
16 115 1.13452
16 116 1.14415
16 117 1.14826
16 118 1.07913
16 119 1.07913
16 120 1.07913
16 121 1.07913
16 122 1.07913
16 123 1.12911
16 124 1.14637
16 125 1.15424
16 126 1.15644
16 127 1.07808
16 128 1.07808
16 129 1.07808
16 130 1.07808
16 131 1.07808
16 132 1.12475
16 133 1.14081
16 134 1.14926
16 135 1.15196
16 136 1.07573
16 137 1.07573
16 138 1.07573
16 139 1.07573
16 140 1.07573
16 141 1.11309
16 142 1.12713
16 143 1.1365
16 144 1.14032
17 1 1.07965
17 2 1.07965
17 3 1.07965
17 4 1.07965
17 5 1.07965
17 6 1.24341
17 7 1.34115
17 8 1.39916
17 9 1.33587
17 10 1.08142
17 11 1.08142
17 12 1.08142
17 13 1.08142
17 14 1.08142
17 15 1.39455
17 16 1.99834
17 17 6.27683
17 18 1.54561
17 19 1.08005
17 20 1.08005
17 21 1.08005
17 22 1.08005
17 23 1.08005
17 24 1.28159
17 25 1.43069
17 26 1.5555
17 27 1.37912
17 28 1.07707
17 29 1.07707
17 30 1.07707
17 31 1.07707
17 32 1.07707
17 33 1.18751
17 34 1.23999
17 35 1.27104
17 36 1.26983
17 37 1.07855
17 38 1.07855
17 39 1.07855
17 40 1.07855
17 41 1.07855
17 42 1.19355
17 43 1.24969
17 44 1.28128
17 45 1.2786
17 46 1.0799
17 47 1.0799
17 48 1.0799
17 49 1.0799
17 50 1.0799
17 51 1.24319
17 52 1.34091
17 53 1.39911
17 54 1.33571
17 55 1.07875
17 56 1.07875
17 57 1.07875
17 58 1.07875
17 59 1.07875
17 60 1.21153
17 61 1.27892
17 62 1.31476
17 63 1.29902
17 64 1.07619
17 65 1.07619
17 66 1.07619
17 67 1.07619
17 68 1.07619
17 69 1.1642
17 70 1.2042
17 71 1.23158
17 72 1.23942
17 73 1.07578
17 74 1.07578
17 75 1.07578
17 76 1.07578
17 77 1.07578
17 78 1.14853
17 79 1.18373
17 80 1.20992
17 81 1.22043
17 82 1.07666
17 83 1.07666
17 84 1.07666
17 85 1.07666
17 86 1.07666
17 87 1.1669
17 88 1.20914
17 89 1.23717
17 90 1.24382
17 91 1.07574
17 92 1.07574
17 93 1.07574
17 94 1.07574
17 95 1.07574
17 96 1.15737
17 97 1.19466
17 98 1.2213
17 99 1.23016
17 100 1.0737
17 101 1.0737
17 102 1.0737
17 103 1.0737
17 104 1.0737
17 105 1.13702
17 106 1.16614
17 107 1.18973
17 108 1.20014
17 109 1.07215
17 110 1.07215
17 111 1.07215
17 112 1.07215
17 113 1.07215
17 114 1.11847
17 115 1.14327
17 116 1.1645
17 117 1.17507
17 118 1.07266
17 119 1.07266
17 120 1.07266
17 121 1.07266
17 122 1.07266
17 123 1.12709
17 124 1.15384
17 125 1.17612
17 126 1.18654
17 127 1.07189
17 128 1.07189
17 129 1.07189
17 130 1.07189
17 131 1.07189
17 132 1.12412
17 133 1.14901
17 134 1.17035
17 135 1.18044
17 136 1.07029
17 137 1.07029
17 138 1.07029
17 139 1.07029
17 140 1.07029
17 141 1.11498
17 142 1.1364
17 143 1.15544
17 144 1.1647
18 1 1.07391
18 2 1.07391
18 3 1.07391
18 4 1.07391
18 5 1.07391
18 6 1.17977
18 7 1.24959
18 8 1.33578
18 9 1.38957
18 10 1.07465
18 11 1.07465
18 12 1.07465
18 13 1.07465
18 14 1.07465
18 15 1.20466
18 16 1.31281
18 17 1.54561
18 18 2.14751
18 19 1.0739
18 20 1.0739
18 21 1.0739
18 22 1.0739
18 23 1.0739
18 24 1.18878
18 25 1.26928
18 26 1.37918
18 27 1.45729
18 28 1.07221
18 29 1.07221
18 30 1.07221
18 31 1.07221
18 32 1.07221
18 33 1.16016
18 34 1.21251
18 35 1.26987
18 36 1.30155
18 37 1.07356
18 38 1.07356
18 39 1.07356
18 40 1.07356
18 41 1.07356
18 42 1.16302
18 43 1.21791
18 44 1.27814
18 45 1.31189
18 46 1.07417
18 47 1.07417
18 48 1.07417
18 49 1.07417
18 50 1.07417
18 51 1.17957
18 52 1.24928
18 53 1.33557
18 54 1.38948
18 55 1.07345
18 56 1.07345
18 57 1.07345
18 58 1.07345
18 59 1.07345
18 60 1.16992
18 61 1.22999
18 62 1.299
18 63 1.33854
18 64 1.07186
18 65 1.07186
18 66 1.07186
18 67 1.07186
18 68 1.07186
18 69 1.14925
18 70 1.19333
18 71 1.23943
18 72 1.264
18 73 1.07183
18 74 1.07183
18 75 1.07183
18 76 1.07183
18 77 1.07183
18 78 1.13959
18 79 1.17939
18 80 1.21966
18 81 1.24118
18 82 1.07226
18 83 1.07226
18 84 1.07226
18 85 1.07226
18 86 1.07226
18 87 1.15008
18 88 1.19567
18 89 1.24353
18 90 1.26936
18 91 1.07159
18 92 1.07159
18 93 1.07159
18 94 1.07159
18 95 1.07159
18 96 1.14516
18 97 1.18687
18 98 1.23006
18 99 1.25296
18 100 1.07018
18 101 1.07018
18 102 1.07018
18 103 1.07018
18 104 1.07018
18 105 1.13241
18 106 1.16624
18 107 1.20011
18 108 1.21771
18 109 1.06919
18 110 1.06919
18 111 1.06919
18 112 1.06919
18 113 1.06919
18 114 1.11755
18 115 1.14638
18 116 1.17416
18 117 1.18877
18 118 1.06943
18 119 1.06943
18 120 1.06943
18 121 1.06943
18 122 1.06943
18 123 1.12449
18 124 1.15562
18 125 1.18614
18 126 1.20204
18 127 1.0688
18 128 1.0688
18 129 1.0688
18 130 1.0688
18 131 1.0688
18 132 1.12243
18 133 1.15151
18 134 1.18024
18 135 1.19509
18 136 1.06757
18 137 1.06757
18 138 1.06757
18 139 1.06757
18 140 1.06757
18 141 1.11507
18 142 1.14015
18 143 1.16463
18 144 1.17719
19 1 1.11811
19 2 1.11811
19 3 1.11811
19 4 1.11811
19 5 1.11811
19 6 1.09522
19 7 1.08494
19 8 1.07594
19 9 1.07155
19 10 1.16165
19 11 1.16165
19 12 1.16165
19 13 1.16165
19 14 1.16165
19 15 1.10999
19 16 1.09315
19 17 1.08005
19 18 1.0739
19 19 1.30424
19 20 1.30424
19 21 1.30424
19 22 1.30424
19 23 1.30424
19 24 1.11753
19 25 1.09628
19 26 1.0814
19 27 1.0746
19 28 1.16197
19 29 1.16197
19 30 1.16197
19 31 1.16197
19 32 1.16197
19 33 1.11032
19 34 1.09349
19 35 1.08036
19 36 1.07419
19 37 1.11152
19 38 1.11152
19 39 1.11152
19 40 1.11152
19 41 1.11152
19 42 1.09202
19 43 1.08307
19 44 1.07511
19 45 1.07128
19 46 1.13516
19 47 1.13516
19 48 1.13516
19 49 1.13516
19 50 1.13516
19 51 1.10282
19 52 1.08968
19 53 1.07869
19 54 1.07343
19 55 1.14712
19 56 1.14712
19 57 1.14712
19 58 1.14712
19 59 1.14712
19 60 1.10682
19 61 1.0919
19 62 1.07981
19 63 1.07406
19 64 1.13551
19 65 1.13551
19 66 1.13551
19 67 1.13551
19 68 1.13551
19 69 1.10321
19 70 1.09005
19 71 1.07901
19 72 1.07369
19 73 1.10155
19 74 1.10155
19 75 1.10155
19 76 1.10155
19 77 1.10155
19 78 1.0863
19 79 1.07925
19 80 1.07277
19 81 1.0697
19 82 1.11424
19 83 1.11424
19 84 1.11424
19 85 1.11424
19 86 1.11424
19 87 1.09348
19 88 1.08399
19 89 1.07562
19 90 1.07155
19 91 1.11862
19 92 1.11862
19 93 1.11862
19 94 1.11862
19 95 1.11862
19 96 1.09574
19 97 1.08549
19 98 1.07649
19 99 1.07209
19 100 1.11461
19 101 1.11461
19 102 1.11461
19 103 1.11461
19 104 1.11461
19 105 1.09391
19 106 1.08441
19 107 1.07595
19 108 1.07178
19 109 1.09134
19 110 1.09134
19 111 1.09134
19 112 1.09134
19 113 1.09134
19 114 1.07992
19 115 1.07453
19 116 1.06947
19 117 1.06722
19 118 1.09865
19 119 1.09865
19 120 1.09865
19 121 1.09865
19 122 1.09865
19 123 1.08458
19 124 1.07782
19 125 1.07169
19 126 1.06873
19 127 1.10086
19 128 1.10086
19 129 1.10086
19 130 1.10086
19 131 1.10086
19 132 1.08597
19 133 1.07886
19 134 1.07238
19 135 1.06918
19 136 1.09903
19 137 1.09903
19 138 1.09903
19 139 1.09903
19 140 1.09903
19 141 1.08503
19 142 1.07826
19 143 1.07204
19 144 1.06894
20 1 1.11811
20 2 1.11811
20 3 1.11811
20 4 1.11811
20 5 1.11811
20 6 1.09522
20 7 1.08494
20 8 1.07594
20 9 1.07155
20 10 1.16165
20 11 1.16165
20 12 1.16165
20 13 1.16165
20 14 1.16165
20 15 1.10999
20 16 1.09315
20 17 1.08005
20 18 1.0739
20 19 1.30424
20 20 1.30424
20 21 1.30424
20 22 1.30424
20 23 1.30424
20 24 1.11753
20 25 1.09628
20 26 1.0814
20 27 1.0746
20 28 1.16197
20 29 1.16197
20 30 1.16197
20 31 1.16197
20 32 1.16197
20 33 1.11032
20 34 1.09349
20 35 1.08036
20 36 1.07419
20 37 1.11152
20 38 1.11152
20 39 1.11152
20 40 1.11152
20 41 1.11152
20 42 1.09202
20 43 1.08307
20 44 1.07511
20 45 1.07128
20 46 1.13516
20 47 1.13516
20 48 1.13516
20 49 1.13516
20 50 1.13516
20 51 1.10282
20 52 1.08968
20 53 1.07869
20 54 1.07343
20 55 1.14712
20 56 1.14712
20 57 1.14712
20 58 1.14712
20 59 1.14712
20 60 1.10682
20 61 1.0919
20 62 1.07981
20 63 1.07406
20 64 1.13551
20 65 1.13551
20 66 1.13551
20 67 1.13551
20 68 1.13551
20 69 1.10321
20 70 1.09005
20 71 1.07901
20 72 1.07369
20 73 1.10155
20 74 1.10155
20 75 1.10155
20 76 1.10155
20 77 1.10155
20 78 1.0863
20 79 1.07925
20 80 1.07277
20 81 1.0697
20 82 1.11424
20 83 1.11424
20 84 1.11424
20 85 1.11424
20 86 1.11424
20 87 1.09348
20 88 1.08399
20 89 1.07562
20 90 1.07155
20 91 1.11862
20 92 1.11862
20 93 1.11862
20 94 1.11862
20 95 1.11862
20 96 1.09574
20 97 1.08549
20 98 1.07649
20 99 1.07209
20 100 1.11461
20 101 1.11461
20 102 1.11461
20 103 1.11461
20 104 1.11461
20 105 1.09391
20 106 1.08441
20 107 1.07595
20 108 1.07178
20 109 1.09134
20 110 1.09134
20 111 1.09134
20 112 1.09134
20 113 1.09134
20 114 1.07992
20 115 1.07453
20 116 1.06947
20 117 1.06722
20 118 1.09865
20 119 1.09865
20 120 1.09865
20 121 1.09865
20 122 1.09865
20 123 1.08458
20 124 1.07782
20 125 1.07169
20 126 1.06873
20 127 1.10086
20 128 1.10086
20 129 1.10086
20 130 1.10086
20 131 1.10086
20 132 1.08597
20 133 1.07886
20 134 1.07238
20 135 1.06918
20 136 1.09903
20 137 1.09903
20 138 1.09903
20 139 1.09903
20 140 1.09903
20 141 1.08503
20 142 1.07826
20 143 1.07204
20 144 1.06894
21 1 1.11811
21 2 1.11811
21 3 1.11811
21 4 1.11811
21 5 1.11811
21 6 1.09522
21 7 1.08494
21 8 1.07594
21 9 1.07155
21 10 1.16165
21 11 1.16165
21 12 1.16165
21 13 1.16165
21 14 1.16165
21 15 1.10999
21 16 1.09315
21 17 1.08005
21 18 1.0739
21 19 1.30424
21 20 1.30424
21 21 1.30424
21 22 1.30424
21 23 1.30424
21 24 1.11753
21 25 1.09628
21 26 1.0814
21 27 1.0746
21 28 1.16197
21 29 1.16197
21 30 1.16197
21 31 1.16197
21 32 1.16197
21 33 1.11032
21 34 1.09349
