injected_el measured_el potential
1 1 1.30502
1 2 1.30502
1 3 1.30502
1 4 1.30502
1 5 1.30502
1 6 1.11793
1 7 1.09731
1 8 1.08295
1 9 1.07632
1 10 1.14662
1 11 1.14662
1 12 1.14662
1 13 1.14662
1 14 1.14662
1 15 1.10191
1 16 1.09264
1 17 1.08201
1 18 1.0752
1 19 1.11785
1 20 1.11785
1 21 1.11785
1 22 1.11785
1 23 1.11785
1 24 1.0959
1 25 1.09037
1 26 1.07986
1 27 1.07312
1 28 1.10043
1 29 1.10043
1 30 1.10043
1 31 1.10043
1 32 1.10043
1 33 1.08709
1 34 1.08062
1 35 1.07361
1 36 1.06987
1 37 1.14801
1 38 1.14801
1 39 1.14801
1 40 1.14801
1 41 1.14801
1 42 1.10776
1 43 1.09309
1 44 1.08124
1 45 1.07559
1 46 1.12926
1 47 1.12926
1 48 1.12926
1 49 1.12926
1 50 1.12926
1 51 1.10058
1 52 1.08931
1 53 1.0793
1 54 1.07422
1 55 1.11147
1 56 1.11147
1 57 1.11147
1 58 1.11147
1 59 1.11147
1 60 1.09267
1 61 1.08457
1 62 1.07639
1 63 1.07212
1 64 1.09745
1 65 1.09745
1 66 1.09745
1 67 1.09745
1 68 1.09745
1 69 1.08466
1 70 1.07845
1 71 1.07242
1 72 1.06933
1 73 1.1196
1 74 1.1196
1 75 1.1196
1 76 1.1196
1 77 1.1196
1 78 1.09687
1 79 1.08672
1 80 1.07781
1 81 1.07343
1 82 1.11186
1 83 1.11186
1 84 1.11186
1 85 1.11186
1 86 1.11186
1 87 1.09272
1 88 1.08393
1 89 1.076
1 90 1.07206
1 91 1.10162
1 92 1.10162
1 93 1.10162
1 94 1.10162
1 95 1.10162
1 96 1.08695
1 97 1.07995
1 98 1.07342
1 99 1.07013
1 100 1.09162
1 101 1.09162
1 102 1.09162
1 103 1.09162
1 104 1.09162
1 105 1.08072
1 106 1.07532
1 107 1.07024
1 108 1.06766
1 109 1.1019
1 110 1.1019
1 111 1.1019
1 112 1.1019
1 113 1.1019
1 114 1.08717
1 115 1.08008
1 116 1.07358
1 117 1.07033
1 118 1.09769
1 119 1.09769
1 120 1.09769
1 121 1.09769
1 122 1.09769
1 123 1.08443
1 124 1.07798
1 125 1.07203
1 126 1.06904
1 127 1.0915
1 128 1.0915
1 129 1.0915
1 130 1.0915
1 131 1.0915
1 132 1.08045
1 133 1.075
1 134 1.06991
1 135 1.06734
1 136 1.0846
1 137 1.0846
1 138 1.0846
1 139 1.0846
1 140 1.0846
1 141 1.07581
1 142 1.07142
1 143 1.06728
1 144 1.06519
2 1 1.30502
2 2 1.30502
2 3 1.30502
2 4 1.30502
2 5 1.30502
2 6 1.11793
2 7 1.09731
2 8 1.08295
2 9 1.07632
2 10 1.14662
2 11 1.14662
2 12 1.14662
2 13 1.14662
2 14 1.14662
2 15 1.10191
2 16 1.09264
2 17 1.08201
2 18 1.0752
2 19 1.11785
2 20 1.11785
2 21 1.11785
2 22 1.11785
2 23 1.11785
2 24 1.0959
2 25 1.09037
2 26 1.07986
2 27 1.07312
2 28 1.10043
2 29 1.10043
2 30 1.10043
2 31 1.10043
2 32 1.10043
2 33 1.08709
2 34 1.08062
2 35 1.07361
2 36 1.06987
2 37 1.14801
2 38 1.14801
2 39 1.14801
2 40 1.14801
2 41 1.14801
2 42 1.10776
2 43 1.09309
2 44 1.08124
2 45 1.07559
2 46 1.12926
2 47 1.12926
2 48 1.12926
2 49 1.12926
2 50 1.12926
2 51 1.10058
2 52 1.08931
2 53 1.0793
2 54 1.07422
2 55 1.11147
2 56 1.11147
2 57 1.11147
2 58 1.11147
2 59 1.11147
2 60 1.09267
2 61 1.08457
2 62 1.07639
2 63 1.07212
2 64 1.09745
2 65 1.09745
2 66 1.09745
2 67 1.09745
2 68 1.09745
2 69 1.08466
2 70 1.07845
2 71 1.07242
2 72 1.06933
2 73 1.1196
2 74 1.1196
2 75 1.1196
2 76 1.1196
2 77 1.1196
2 78 1.09687
2 79 1.08672
2 80 1.07781
2 81 1.07343
2 82 1.11186
2 83 1.11186
2 84 1.11186
2 85 1.11186
2 86 1.11186
2 87 1.09272
2 88 1.08393
2 89 1.076
2 90 1.07206
2 91 1.10162
2 92 1.10162
2 93 1.10162
2 94 1.10162
2 95 1.10162
2 96 1.08695
2 97 1.07995
2 98 1.07342
2 99 1.07013
2 100 1.09162
2 101 1.09162
2 102 1.09162
2 103 1.09162
2 104 1.09162
2 105 1.08072
2 106 1.07532
2 107 1.07024
2 108 1.06766
2 109 1.1019
2 110 1.1019
2 111 1.1019
2 112 1.1019
2 113 1.1019
2 114 1.08717
2 115 1.08008
2 116 1.07358
2 117 1.07033
2 118 1.09769
2 119 1.09769
2 120 1.09769
2 121 1.09769
2 122 1.09769
2 123 1.08443
2 124 1.07798
2 125 1.07203
2 126 1.06904
2 127 1.0915
2 128 1.0915
2 129 1.0915
2 130 1.0915
2 131 1.0915
2 132 1.08045
2 133 1.075
2 134 1.06991
2 135 1.06734
2 136 1.0846
2 137 1.0846
2 138 1.0846
2 139 1.0846
2 140 1.0846
2 141 1.07581
2 142 1.07142
2 143 1.06728
2 144 1.06519
3 1 1.30502
3 2 1.30502
3 3 1.30502
3 4 1.30502
3 5 1.30502
3 6 1.11793
3 7 1.09731
3 8 1.08295
3 9 1.07632
3 10 1.14662
3 11 1.14662
3 12 1.14662
3 13 1.14662
3 14 1.14662
3 15 1.10191
3 16 1.09264
3 17 1.08201
3 18 1.0752
3 19 1.11785
3 20 1.11785
3 21 1.11785
3 22 1.11785
3 23 1.11785
3 24 1.0959
3 25 1.09037
3 26 1.07986
3 27 1.07312
3 28 1.10043
3 29 1.10043
3 30 1.10043
3 31 1.10043
3 32 1.10043
3 33 1.08709
3 34 1.08062
3 35 1.07361
3 36 1.06987
3 37 1.14801
3 38 1.14801
3 39 1.14801
3 40 1.14801
3 41 1.14801
3 42 1.10776
3 43 1.09309
3 44 1.08124
3 45 1.07559
3 46 1.12926
3 47 1.12926
3 48 1.12926
3 49 1.12926
3 50 1.12926
3 51 1.10058
3 52 1.08931
3 53 1.0793
3 54 1.07422
3 55 1.11147
3 56 1.11147
3 57 1.11147
3 58 1.11147
3 59 1.11147
3 60 1.09267
3 61 1.08457
3 62 1.07639
3 63 1.07212
3 64 1.09745
3 65 1.09745
3 66 1.09745
3 67 1.09745
3 68 1.09745
3 69 1.08466
3 70 1.07845
3 71 1.07242
3 72 1.06933
3 73 1.1196
3 74 1.1196
3 75 1.1196
3 76 1.1196
3 77 1.1196
3 78 1.09687
3 79 1.08672
3 80 1.07781
3 81 1.07343
3 82 1.11186
3 83 1.11186
3 84 1.11186
3 85 1.11186
3 86 1.11186
3 87 1.09272
3 88 1.08393
3 89 1.076
3 90 1.07206
3 91 1.10162
3 92 1.10162
3 93 1.10162
3 94 1.10162
3 95 1.10162
3 96 1.08695
3 97 1.07995
3 98 1.07342
3 99 1.07013
3 100 1.09162
3 101 1.09162
3 102 1.09162
3 103 1.09162
3 104 1.09162
3 105 1.08072
3 106 1.07532
3 107 1.07024
3 108 1.06766
3 109 1.1019
3 110 1.1019
3 111 1.1019
3 112 1.1019
3 113 1.1019
3 114 1.08717
3 115 1.08008
3 116 1.07358
3 117 1.07033
3 118 1.09769
3 119 1.09769
3 120 1.09769
3 121 1.09769
3 122 1.09769
3 123 1.08443
3 124 1.07798
3 125 1.07203
3 126 1.06904
3 127 1.0915
3 128 1.0915
3 129 1.0915
3 130 1.0915
3 131 1.0915
3 132 1.08045
3 133 1.075
3 134 1.06991
3 135 1.06734
3 136 1.0846
3 137 1.0846
3 138 1.0846
3 139 1.0846
3 140 1.0846
3 141 1.07581
3 142 1.07142
3 143 1.06728
3 144 1.06519
4 1 1.30502
4 2 1.30502
4 3 1.30502
4 4 1.30502
4 5 1.30502
4 6 1.11793
4 7 1.09731
4 8 1.08295
4 9 1.07632
4 10 1.14662
4 11 1.14662
4 12 1.14662
4 13 1.14662
4 14 1.14662
4 15 1.10191
4 16 1.09264
4 17 1.08201
4 18 1.0752
4 19 1.11785
4 20 1.11785
4 21 1.11785
4 22 1.11785
4 23 1.11785
4 24 1.0959
4 25 1.09037
4 26 1.07986
4 27 1.07312
4 28 1.10043
4 29 1.10043
4 30 1.10043
4 31 1.10043
4 32 1.10043
4 33 1.08709
4 34 1.08062
4 35 1.07361
4 36 1.06987
4 37 1.14801
4 38 1.14801
4 39 1.14801
4 40 1.14801
4 41 1.14801
4 42 1.10776
4 43 1.09309
4 44 1.08124
4 45 1.07559
4 46 1.12926
4 47 1.12926
4 48 1.12926
4 49 1.12926
4 50 1.12926
4 51 1.10058
4 52 1.08931
4 53 1.0793
4 54 1.07422
4 55 1.11147
4 56 1.11147
4 57 1.11147
4 58 1.11147
4 59 1.11147
4 60 1.09267
4 61 1.08457
4 62 1.07639
4 63 1.07212
4 64 1.09745
4 65 1.09745
4 66 1.09745
4 67 1.09745
4 68 1.09745
4 69 1.08466
4 70 1.07845
4 71 1.07242
4 72 1.06933
4 73 1.1196
4 74 1.1196
4 75 1.1196
4 76 1.1196
4 77 1.1196
4 78 1.09687
4 79 1.08672
4 80 1.07781
4 81 1.07343
4 82 1.11186
4 83 1.11186
4 84 1.11186
4 85 1.11186
4 86 1.11186
4 87 1.09272
4 88 1.08393
4 89 1.076
4 90 1.07206
4 91 1.10162
4 92 1.10162
4 93 1.10162
4 94 1.10162
4 95 1.10162
4 96 1.08695
4 97 1.07995
4 98 1.07342
4 99 1.07013
4 100 1.09162
4 101 1.09162
4 102 1.09162
4 103 1.09162
4 104 1.09162
4 105 1.08072
4 106 1.07532
4 107 1.07024
4 108 1.06766
4 109 1.1019
4 110 1.1019
4 111 1.1019
4 112 1.1019
4 113 1.1019
4 114 1.08717
4 115 1.08008
4 116 1.07358
4 117 1.07033
4 118 1.09769
4 119 1.09769
4 120 1.09769
4 121 1.09769
4 122 1.09769
4 123 1.08443
4 124 1.07798
4 125 1.07203
4 126 1.06904
4 127 1.0915
4 128 1.0915
4 129 1.0915
4 130 1.0915
4 131 1.0915
4 132 1.08045
4 133 1.075
4 134 1.06991
4 135 1.06734
4 136 1.0846
4 137 1.0846
4 138 1.0846
4 139 1.0846
4 140 1.0846
4 141 1.07581
4 142 1.07142
4 143 1.06728
4 144 1.06519
5 1 1.30502
5 2 1.30502
5 3 1.30502
5 4 1.30502
5 5 1.30502
5 6 1.11793
5 7 1.09731
5 8 1.08295
5 9 1.07632
5 10 1.14662
5 11 1.14662
5 12 1.14662
5 13 1.14662
5 14 1.14662
5 15 1.10191
5 16 1.09264
5 17 1.08201
5 18 1.0752
5 19 1.11785
5 20 1.11785
5 21 1.11785
5 22 1.11785
5 23 1.11785
5 24 1.0959
5 25 1.09037
5 26 1.07986
5 27 1.07312
5 28 1.10043
5 29 1.10043
5 30 1.10043
5 31 1.10043
5 32 1.10043
5 33 1.08709
5 34 1.08062
5 35 1.07361
5 36 1.06987
5 37 1.14801
5 38 1.14801
5 39 1.14801
5 40 1.14801
5 41 1.14801
5 42 1.10776
5 43 1.09309
5 44 1.08124
5 45 1.07559
5 46 1.12926
5 47 1.12926
5 48 1.12926
5 49 1.12926
5 50 1.12926
5 51 1.10058
5 52 1.08931
5 53 1.0793
5 54 1.07422
5 55 1.11147
5 56 1.11147
5 57 1.11147
5 58 1.11147
5 59 1.11147
5 60 1.09267
5 61 1.08457
5 62 1.07639
5 63 1.07212
5 64 1.09745
5 65 1.09745
5 66 1.09745
5 67 1.09745
5 68 1.09745
5 69 1.08466
5 70 1.07845
5 71 1.07242
5 72 1.06933
5 73 1.1196
5 74 1.1196
5 75 1.1196
5 76 1.1196
5 77 1.1196
5 78 1.09687
5 79 1.08672
5 80 1.07781
5 81 1.07343
5 82 1.11186
5 83 1.11186
5 84 1.11186
5 85 1.11186
5 86 1.11186
5 87 1.09272
5 88 1.08393
5 89 1.076
5 90 1.07206
5 91 1.10162
5 92 1.10162
5 93 1.10162
5 94 1.10162
5 95 1.10162
5 96 1.08695
5 97 1.07995
5 98 1.07342
5 99 1.07013
5 100 1.09162
5 101 1.09162
5 102 1.09162
5 103 1.09162
5 104 1.09162
5 105 1.08072
5 106 1.07532
5 107 1.07024
5 108 1.06766
5 109 1.1019
5 110 1.1019
5 111 1.1019
5 112 1.1019
5 113 1.1019
5 114 1.08717
5 115 1.08008
5 116 1.07358
5 117 1.07033
5 118 1.09769
5 119 1.09769
5 120 1.09769
5 121 1.09769
5 122 1.09769
5 123 1.08443
5 124 1.07798
5 125 1.07203
5 126 1.06904
5 127 1.0915
5 128 1.0915
5 129 1.0915
5 130 1.0915
5 131 1.0915
5 132 1.08045
5 133 1.075
5 134 1.06991
5 135 1.06734
5 136 1.0846
5 137 1.0846
5 138 1.0846
5 139 1.0846
5 140 1.0846
5 141 1.07581
5 142 1.07142
5 143 1.06728
5 144 1.06519
6 1 1.11793
6 2 1.11793
6 3 1.11793
6 4 1.11793
6 5 1.11793
6 6 6.89473
6 7 2.12527
6 8 1.38692
6 9 1.20294
6 10 1.10691
6 11 1.10691
6 12 1.10691
6 13 1.10691
6 14 1.10691
6 15 1.35048
6 16 1.3022
6 17 1.23427
6 18 1.17943
6 19 1.09649
6 20 1.09649
6 21 1.09649
6 22 1.09649
6 23 1.09649
6 24 1.21621
6 25 1.21732
6 26 1.17962
6 27 1.15376
6 28 1.08676
6 29 1.08676
6 30 1.08676
6 31 1.08676
6 32 1.08676
6 33 1.13832
6 34 1.14376
6 35 1.13558
6 36 1.12935
6 37 1.10738
6 38 1.10738
6 39 1.10738
6 40 1.10738
6 41 1.10738
6 42 1.43958
6 43 1.36119
6 44 1.24084
6 45 1.17913
6 46 1.10087
6 47 1.10087
6 48 1.10087
6 49 1.10087
6 50 1.10087
6 51 1.24949
6 52 1.23819
6 53 1.19243
6 54 1.16357
6 55 1.09271
6 56 1.09271
6 57 1.09271
6 58 1.09271
6 59 1.09271
6 60 1.16323
6 61 1.16865
6 62 1.15374
6 63 1.14312
6 64 1.08475
6 65 1.08475
6 66 1.08475
6 67 1.08475
6 68 1.08475
6 69 1.1198
6 70 1.12656
6 71 1.12538
6 72 1.12329
6 73 1.09646
6 74 1.09646
6 75 1.09646
6 76 1.09646
6 77 1.09646
6 78 1.19267
6 79 1.19219
6 80 1.1676
6 81 1.15118
6 82 1.09254
6 83 1.09254
6 84 1.09254
6 85 1.09254
6 86 1.09254
6 87 1.15816
6 88 1.16271
6 89 1.15096
6 90 1.14199
6 91 1.08692
6 92 1.08692
6 93 1.08692
6 94 1.08692
6 95 1.08692
6 96 1.12631
6 97 1.13304
6 98 1.13097
6 99 1.12821
6 100 1.08082
6 101 1.08082
6 102 1.08082
6 103 1.08082
6 104 1.08082
6 105 1.10437
6 106 1.11079
6 107 1.11316
6 108 1.11356
6 109 1.08682
6 110 1.08682
6 111 1.08682
6 112 1.08682
6 113 1.08682
6 114 1.12491
6 115 1.13133
6 116 1.12953
6 117 1.12703
6 118 1.08424
6 119 1.08424
6 120 1.08424
6 121 1.08424
6 122 1.08424
6 123 1.1153
6 124 1.12192
6 125 1.12244
6 126 1.12151
6 127 1.0804
6 128 1.0804
6 129 1.0804
6 130 1.0804
6 131 1.0804
6 132 1.10296
6 133 1.10932
6 134 1.112
6 135 1.11265
6 136 1.07588
6 137 1.07588
6 138 1.07588
6 139 1.07588
6 140 1.07588
6 141 1.09169
6 142 1.09727
6 143 1.10093
6 144 1.10242
7 1 1.09731
7 2 1.09731
7 3 1.09731
7 4 1.09731
7 5 1.09731
7 6 2.12527
7 7 6.89989
7 8 1.98683
7 9 1.30827
7 10 1.09281
7 11 1.09281
7 12 1.09281
7 13 1.09281
7 14 1.09281
7 15 1.30795
7 16 1.36886
7 17 1.31872
7 18 1.24509
7 19 1.08692
7 20 1.08692
7 21 1.08692
7 22 1.08692
7 23 1.08692
7 24 1.22157
7 25 1.23899
7 26 1.21527
7 27 1.19593
7 28 1.08008
7 29 1.08008
7 30 1.08008
7 31 1.08008
7 32 1.08008
7 33 1.14521
7 34 1.15959
7 35 1.16003
7 36 1.15813
7 37 1.09291
7 38 1.09291
7 39 1.09291
7 40 1.09291
7 41 1.09291
7 42 1.36095
7 43 1.46129
7 44 1.33661
7 45 1.24689
7 46 1.08931
7 47 1.08931
7 48 1.08931
7 49 1.08931
7 50 1.08931
7 51 1.23859
7 52 1.27504
7 53 1.24535
7 54 1.2158
7 55 1.08421
7 56 1.08421
7 57 1.08421
7 58 1.08421
7 59 1.08421
7 60 1.16864
7 61 1.18919
7 62 1.18606
7 63 1.18034
7 64 1.07859
7 65 1.07859
7 66 1.07859
7 67 1.07859
7 68 1.07859
7 69 1.12645
7 70 1.14135
7 71 1.14797
7 72 1.14977
7 73 1.08651
7 74 1.08651
7 75 1.08651
7 76 1.08651
7 77 1.08651
7 78 1.19197
7 79 1.21875
7 80 1.20856
7 81 1.19538
7 82 1.08391
7 83 1.08391
7 84 1.08391
7 85 1.08391
7 86 1.08391
7 87 1.1625
7 88 1.18367
7 89 1.18423
7 90 1.17985
7 91 1.08004
7 92 1.08004
7 93 1.08004
7 94 1.08004
7 95 1.08004
7 96 1.13282
7 97 1.14941
7 98 1.15642
7 99 1.15796
7 100 1.07556
7 101 1.07556
7 102 1.07556
7 103 1.07556
7 104 1.07556
7 105 1.11051
7 106 1.12358
7 107 1.13242
7 108 1.13609
7 109 1.07988
7 110 1.07988
7 111 1.07988
7 112 1.07988
7 113 1.07988
7 114 1.13116
7 115 1.1478
7 116 1.15526
7 117 1.15704
7 118 1.07795
7 119 1.07795
7 120 1.07795
7 121 1.07795
7 122 1.07795
7 123 1.12171
7 124 1.13694
7 125 1.1456
7 126 1.14861
7 127 1.07508
7 128 1.07508
7 129 1.07508
7 130 1.07508
7 131 1.07508
7 132 1.10907
7 133 1.12219
7 134 1.13145
7 135 1.13541
7 136 1.07161
7 137 1.07161
7 138 1.07161
7 139 1.07161
7 140 1.07161
7 141 1.097
7 142 1.10782
7 143 1.11656
7 144 1.12065
8 1 1.08295
8 2 1.08295
8 3 1.08295
8 4 1.08295
8 5 1.08295
8 6 1.38692
8 7 1.98683
8 8 6.27647
8 9 1.54181
8 10 1.08101
8 11 1.08101
8 12 1.08101
8 13 1.08101
8 14 1.08101
8 15 1.2246
8 16 1.28382
8 17 1.37335
8 18 1.32944
8 19 1.07782
8 20 1.07782
8 21 1.07782
8 22 1.07782
8 23 1.07782
8 24 1.18968
8 25 1.21376
8 26 1.23186
8 27 1.24012
8 28 1.07337
8 29 1.07337
8 30 1.07337
8 31 1.07337
8 32 1.07337
8 33 1.13802
8 34 1.16086
8 35 1.17782
8 36 1.18592
8 37 1.08122
8 38 1.08122
8 39 1.08122
8 40 1.08122
8 41 1.08122
8 42 1.24133
8 43 1.33777
8 44 1.3969
8 45 1.33387
8 46 1.07923
8 47 1.07923
8 48 1.07923
8 49 1.07923
8 50 1.07923
8 51 1.19242
8 52 1.24433
8 53 1.27731
8 54 1.27572
8 55 1.07621
8 56 1.07621
8 57 1.07621
8 58 1.07621
8 59 1.07621
8 60 1.15503
8 61 1.18675
8 62 1.20944
8 63 1.21896
8 64 1.0725
8 65 1.0725
8 66 1.0725
8 67 1.0725
8 68 1.0725
8 69 1.12504
8 70 1.14781
8 71 1.16663
8 72 1.1756
8 73 1.07776
8 74 1.07776
8 75 1.07776
8 76 1.07776
8 77 1.07776
8 78 1.16793
8 79 1.20946
8 80 1.23734
8 81 1.24376
8 82 1.07603
8 83 1.07603
8 84 1.07603
8 85 1.07603
8 86 1.07603
8 87 1.15091
8 88 1.18465
8 89 1.2101
8 90 1.21984
8 91 1.07349
8 92 1.07349
8 93 1.07349
8 94 1.07349
8 95 1.07349
8 96 1.13065
8 97 1.15651
8 98 1.17802
8 99 1.18801
8 100 1.07037
8 101 1.07037
8 102 1.07037
8 103 1.07037
8 104 1.07037
8 105 1.11248
8 106 1.13216
8 107 1.14954
8 108 1.15804
8 109 1.07353
8 110 1.07353
8 111 1.07353
8 112 1.07353
8 113 1.07353
8 114 1.12972
8 115 1.15586
8 116 1.1778
8 117 1.18789
8 118 1.07205
8 119 1.07205
8 120 1.07205
8 121 1.07205
8 122 1.07205
8 123 1.12232
8 124 1.14592
8 125 1.16633
8 126 1.17605
8 127 1.06997
8 128 1.06997
8 129 1.06997
8 130 1.06997
8 131 1.06997
8 132 1.11164
8 133 1.1315
8 134 1.14926
8 135 1.15796
8 136 1.06739
8 137 1.06739
8 138 1.06739
8 139 1.06739
8 140 1.06739
8 141 1.10036
8 142 1.11638
8 143 1.13105
8 144 1.13834
9 1 1.07632
9 2 1.07632
9 3 1.07632
9 4 1.07632
9 5 1.07632
9 6 1.20294
9 7 1.30827
9 8 1.54181
9 9 2.14492
9 10 1.07524
9 11 1.07524
9 12 1.07524
9 13 1.07524
9 14 1.07524
9 15 1.17869
9 16 1.22151
9 17 1.31589
9 18 1.3835
9 19 1.07318
9 20 1.07318
9 21 1.07318
9 22 1.07318
9 23 1.07318
9 24 1.16726
9 25 1.19226
9 26 1.23352
9 27 1.26445
9 28 1.06989
9 29 1.06989
9 30 1.06989
9 31 1.06989
9 32 1.06989
9 33 1.13193
9 34 1.15893
9 35 1.18584
9 36 1.20058
9 37 1.07558
9 38 1.07558
9 39 1.07558
9 40 1.07558
9 41 1.07558
9 42 1.17974
9 43 1.24835
9 44 1.33459
9 45 1.38869
9 46 1.07423
9 47 1.07423
9 48 1.07423
9 49 1.07423
9 50 1.07423
9 51 1.16378
9 52 1.21472
9 53 1.27493
9 54 1.30977
9 55 1.07213
9 56 1.07213
9 57 1.07213
9 58 1.07213
9 59 1.07213
9 60 1.14466
9 61 1.18063
9 62 1.2184
9 63 1.23979
9 64 1.06934
9 65 1.06934
9 66 1.06934
9 67 1.06934
9 68 1.06934
9 69 1.12288
9 70 1.1496
9 71 1.17561
9 72 1.18919
9 73 1.07342
9 74 1.07342
9 75 1.07342
9 76 1.07342
9 77 1.07342
9 78 1.15176
9 79 1.19677
9 80 1.24447
9 81 1.27014
9 82 1.07206
9 83 1.07206
9 84 1.07206
9 85 1.07206
9 86 1.07206
9 87 1.14202
9 88 1.18054
9 89 1.22026
9 90 1.24133
9 91 1.07014
9 92 1.07014
9 93 1.07014
9 94 1.07014
9 95 1.07014
9 96 1.12788
9 97 1.15819
9 98 1.18824
9 99 1.2039
9 100 1.06768
9 101 1.06768
9 102 1.06768
9 103 1.06768
9 104 1.06768
9 105 1.11273
9 106 1.13583
9 107 1.15811
9 108 1.16952
9 109 1.07032
9 110 1.07032
9 111 1.07032
9 112 1.07032
9 113 1.07032
9 114 1.12744
9 115 1.15807
9 116 1.18842
9 117 1.20412
9 118 1.06904
9 119 1.06904
9 120 1.06904
9 121 1.06904
9 122 1.06904
9 123 1.12148
9 124 1.14922
9 125 1.17644
9 126 1.19046
9 127 1.06735
9 128 1.06735
9 129 1.06735
9 130 1.06735
9 131 1.06735
9 132 1.11227
9 133 1.1356
9 134 1.1582
9 135 1.16976
9 136 1.06521
9 137 1.06521
9 138 1.06521
9 139 1.06521
9 140 1.06521
9 141 1.10175
9 142 1.12048
9 143 1.13842
9 144 1.14755
10 1 1.14662
10 2 1.14662
10 3 1.14662
10 4 1.14662
10 5 1.14662
10 6 1.10691
10 7 1.09281
10 8 1.08101
10 9 1.07524
10 10 1.3036
10 11 1.3036
10 12 1.3036
10 13 1.3036
10 14 1.3036
10 15 1.1141
10 16 1.10075
10 17 1.08592
10 18 1.07696
10 19 1.161
10 20 1.161
10 21 1.161
10 22 1.161
10 23 1.161
10 24 1.10996
10 25 1.10073
10 26 1.08588
10 27 1.07647
10 28 1.12547
10 29 1.12547
10 30 1.12547
10 31 1.12547
10 32 1.12547
10 33 1.10037
10 34 1.08991
10 35 1.0795
10 36 1.07407
10 37 1.12918
10 38 1.12918
10 39 1.12918
10 40 1.12918
10 41 1.12918
10 42 1.10118
10 43 1.08949
10 44 1.0794
10 45 1.07446
10 46 1.14683
10 47 1.14683
10 48 1.14683
10 49 1.14683
10 50 1.14683
10 51 1.10716
10 52 1.0935
10 53 1.08157
10 54 1.07558
10 55 1.1349
10 56 1.1349
10 57 1.1349
10 58 1.1349
10 59 1.1349
10 60 1.10372
10 61 1.09193
10 62 1.08073
10 63 1.07499
10 64 1.11678
10 65 1.11678
10 66 1.11678
10 67 1.11678
10 68 1.11678
10 69 1.09578
10 70 1.08634
10 71 1.0776
10 72 1.07318
10 73 1.11178
10 74 1.11178
10 75 1.11178
10 76 1.11178
10 77 1.11178
10 78 1.09287
10 79 1.0841
10 80 1.07622
10 81 1.07231
10 82 1.1185
10 83 1.1185
10 84 1.1185
10 85 1.1185
10 86 1.1185
10 87 1.09621
10 88 1.08631
10 89 1.07747
10 90 1.07308
10 91 1.11416
10 92 1.11416
10 93 1.11416
10 94 1.11416
10 95 1.11416
10 96 1.09412
10 97 1.08499
10 98 1.07669
10 99 1.07253
10 100 1.1049
10 101 1.1049
10 102 1.1049
10 103 1.1049
10 104 1.1049
10 105 1.08908
10 106 1.08153
10 107 1.07456
10 108 1.07107
10 109 1.09763
10 110 1.09763
10 111 1.09763
10 112 1.09763
10 113 1.09763
10 114 1.08451
10 115 1.07812
10 116 1.07222
10 117 1.06926
10 118 1.10085
10 119 1.10085
10 120 1.10085
10 121 1.10085
10 122 1.10085
10 123 1.08639
10 124 1.07942
10 125 1.073
10 126 1.06979
10 127 1.09869
10 128 1.09869
10 129 1.09869
10 130 1.09869
10 131 1.09869
10 132 1.08509
10 133 1.07848
10 134 1.07237
10 135 1.06931
10 136 1.09351
10 137 1.09351
10 138 1.09351
10 139 1.09351
10 140 1.09351
10 141 1.08188
10 142 1.07615
10 143 1.0708
10 144 1.06811
11 1 1.14662
11 2 1.14662
11 3 1.14662
11 4 1.14662
11 5 1.14662
11 6 1.10691
11 7 1.09281
11 8 1.08101
11 9 1.07524
11 10 1.3036
11 11 1.3036
11 12 1.3036
11 13 1.3036
11 14 1.3036
11 15 1.1141
11 16 1.10075
11 17 1.08592
11 18 1.07696
11 19 1.161
11 20 1.161
11 21 1.161
11 22 1.161
11 23 1.161
11 24 1.10996
11 25 1.10073
11 26 1.08588
11 27 1.07647
11 28 1.12547
11 29 1.12547
11 30 1.12547
11 31 1.12547
11 32 1.12547
11 33 1.10037
11 34 1.08991
11 35 1.0795
11 36 1.07407
11 37 1.12918
11 38 1.12918
11 39 1.12918
11 40 1.12918
11 41 1.12918
11 42 1.10118
11 43 1.08949
11 44 1.0794
11 45 1.07446
11 46 1.14683
11 47 1.14683
11 48 1.14683
11 49 1.14683
11 50 1.14683
11 51 1.10716
11 52 1.0935
11 53 1.08157
11 54 1.07558
11 55 1.1349
11 56 1.1349
11 57 1.1349
11 58 1.1349
11 59 1.1349
11 60 1.10372
11 61 1.09193
11 62 1.08073
11 63 1.07499
11 64 1.11678
11 65 1.11678
11 66 1.11678
11 67 1.11678
11 68 1.11678
11 69 1.09578
11 70 1.08634
11 71 1.0776
11 72 1.07318
11 73 1.11178
11 74 1.11178
11 75 1.11178
11 76 1.11178
11 77 1.11178
11 78 1.09287
11 79 1.0841
11 80 1.07622
11 81 1.07231
11 82 1.1185
11 83 1.1185
11 84 1.1185
11 85 1.1185
11 86 1.1185
11 87 1.09621
11 88 1.08631
11 89 1.07747
11 90 1.07308
11 91 1.11416
11 92 1.11416
11 93 1.11416
11 94 1.11416
11 95 1.11416
11 96 1.09412
11 97 1.08499
11 98 1.07669
11 99 1.07253
11 100 1.1049
11 101 1.1049
11 102 1.1049
11 103 1.1049
11 104 1.1049
11 105 1.08908
11 106 1.08153
11 107 1.07456
11 108 1.07107
11 109 1.09763
11 110 1.09763
11 111 1.09763
11 112 1.09763
11 113 1.09763
11 114 1.08451
11 115 1.07812
11 116 1.07222
11 117 1.06926
11 118 1.10085
11 119 1.10085
11 120 1.10085
11 121 1.10085
11 122 1.10085
11 123 1.08639
11 124 1.07942
11 125 1.073
11 126 1.06979
11 127 1.09869
11 128 1.09869
11 129 1.09869
11 130 1.09869
11 131 1.09869
11 132 1.08509
11 133 1.07848
11 134 1.07237
11 135 1.06931
11 136 1.09351
11 137 1.09351
11 138 1.09351
11 139 1.09351
11 140 1.09351
11 141 1.08188
11 142 1.07615
11 143 1.0708
11 144 1.06811
12 1 1.14662
12 2 1.14662
12 3 1.14662
12 4 1.14662
12 5 1.14662
12 6 1.10691
12 7 1.09281
12 8 1.08101
12 9 1.07524
12 10 1.3036
12 11 1.3036
12 12 1.3036
12 13 1.3036
12 14 1.3036
12 15 1.1141
12 16 1.10075
12 17 1.08592
12 18 1.07696
12 19 1.161
12 20 1.161
12 21 1.161
12 22 1.161
12 23 1.161
12 24 1.10996
12 25 1.10073
12 26 1.08588
12 27 1.07647
12 28 1.12547
12 29 1.12547
12 30 1.12547
12 31 1.12547
12 32 1.12547
12 33 1.10037
12 34 1.08991
12 35 1.0795
12 36 1.07407
12 37 1.12918
12 38 1.12918
12 39 1.12918
12 40 1.12918
12 41 1.12918
12 42 1.10118
12 43 1.08949
12 44 1.0794
12 45 1.07446
12 46 1.14683
12 47 1.14683
12 48 1.14683
12 49 1.14683
12 50 1.14683
12 51 1.10716
12 52 1.0935
12 53 1.08157
12 54 1.07558
12 55 1.1349
12 56 1.1349
12 57 1.1349
12 58 1.1349
12 59 1.1349
12 60 1.10372
12 61 1.09193
12 62 1.08073
12 63 1.07499
12 64 1.11678
12 65 1.11678
12 66 1.11678
12 67 1.11678
12 68 1.11678
12 69 1.09578
12 70 1.08634
12 71 1.0776
12 72 1.07318
12 73 1.11178
12 74 1.11178
12 75 1.11178
12 76 1.11178
12 77 1.11178
12 78 1.09287
12 79 1.0841
12 80 1.07622
12 81 1.07231
12 82 1.1185
12 83 1.1185
12 84 1.1185
12 85 1.1185
12 86 1.1185
12 87 1.09621
12 88 1.08631
12 89 1.07747
12 90 1.07308
12 91 1.11416
12 92 1.11416
12 93 1.11416
12 94 1.11416
12 95 1.11416
12 96 1.09412
12 97 1.08499
12 98 1.07669
12 99 1.07253
12 100 1.1049
12 101 1.1049
12 102 1.1049
12 103 1.1049
12 104 1.1049
12 105 1.08908
12 106 1.08153
12 107 1.07456
12 108 1.07107
12 109 1.09763
12 110 1.09763
12 111 1.09763
12 112 1.09763
12 113 1.09763
12 114 1.08451
12 115 1.07812
12 116 1.07222
12 117 1.06926
12 118 1.10085
12 119 1.10085
12 120 1.10085
12 121 1.10085
12 122 1.10085
12 123 1.08639
12 124 1.07942
12 125 1.073
12 126 1.06979
12 127 1.09869
12 128 1.09869
12 129 1.09869
12 130 1.09869
12 131 1.09869
12 132 1.08509
12 133 1.07848
12 134 1.07237
12 135 1.06931
12 136 1.09351
12 137 1.09351
12 138 1.09351
12 139 1.09351
12 140 1.09351
12 141 1.08188
12 142 1.07615
12 143 1.0708
12 144 1.06811
13 1 1.14662
13 2 1.14662
13 3 1.14662
13 4 1.14662
13 5 1.14662
13 6 1.10691
13 7 1.09281
13 8 1.08101
13 9 1.07524
13 10 1.3036
13 11 1.3036
13 12 1.3036
13 13 1.3036
13 14 1.3036
13 15 1.1141
13 16 1.10075
13 17 1.08592
13 18 1.07696
13 19 1.161
13 20 1.161
13 21 1.161
13 22 1.161
13 23 1.161
13 24 1.10996
13 25 1.10073
13 26 1.08588
13 27 1.07647
13 28 1.12547
13 29 1.12547
13 30 1.12547
13 31 1.12547
13 32 1.12547
13 33 1.10037
13 34 1.08991
13 35 1.0795
13 36 1.07407
13 37 1.12918
13 38 1.12918
13 39 1.12918
13 40 1.12918
13 41 1.12918
13 42 1.10118
13 43 1.08949
13 44 1.0794
13 45 1.07446
13 46 1.14683
13 47 1.14683
13 48 1.14683
13 49 1.14683
13 50 1.14683
13 51 1.10716
13 52 1.0935
13 53 1.08157
13 54 1.07558
13 55 1.1349
13 56 1.1349
13 57 1.1349
13 58 1.1349
13 59 1.1349
13 60 1.10372
13 61 1.09193
13 62 1.08073
13 63 1.07499
13 64 1.11678
13 65 1.11678
13 66 1.11678
13 67 1.11678
13 68 1.11678
13 69 1.09578
13 70 1.08634
13 71 1.0776
13 72 1.07318
13 73 1.11178
13 74 1.11178
13 75 1.11178
13 76 1.11178
13 77 1.11178
13 78 1.09287
13 79 1.0841
13 80 1.07622
13 81 1.07231
13 82 1.1185
13 83 1.1185
13 84 1.1185
13 85 1.1185
13 86 1.1185
13 87 1.09621
13 88 1.08631
13 89 1.07747
13 90 1.07308
13 91 1.11416
13 92 1.11416
13 93 1.11416
13 94 1.11416
13 95 1.11416
13 96 1.09412
13 97 1.08499
13 98 1.07669
13 99 1.07253
13 100 1.1049
13 101 1.1049
13 102 1.1049
13 103 1.1049
13 104 1.1049
13 105 1.08908
13 106 1.08153
13 107 1.07456
13 108 1.07107
13 109 1.09763
13 110 1.09763
13 111 1.09763
13 112 1.09763
13 113 1.09763
13 114 1.08451
13 115 1.07812
13 116 1.07222
13 117 1.06926
13 118 1.10085
13 119 1.10085
13 120 1.10085
13 121 1.10085
13 122 1.10085
13 123 1.08639
13 124 1.07942
13 125 1.073
13 126 1.06979
13 127 1.09869
13 128 1.09869
13 129 1.09869
13 130 1.09869
13 131 1.09869
13 132 1.08509
13 133 1.07848
13 134 1.07237
13 135 1.06931
13 136 1.09351
13 137 1.09351
13 138 1.09351
13 139 1.09351
13 140 1.09351
13 141 1.08188
13 142 1.07615
13 143 1.0708
13 144 1.06811
14 1 1.14662
14 2 1.14662
14 3 1.14662
14 4 1.14662
14 5 1.14662
14 6 1.10691
14 7 1.09281
14 8 1.08101
14 9 1.07524
14 10 1.3036
14 11 1.3036
14 12 1.3036
14 13 1.3036
14 14 1.3036
14 15 1.1141
14 16 1.10075
14 17 1.08592
14 18 1.07696
14 19 1.161
14 20 1.161
14 21 1.161
14 22 1.161
14 23 1.161
14 24 1.10996
14 25 1.10073
14 26 1.08588
14 27 1.07647
14 28 1.12547
14 29 1.12547
14 30 1.12547
14 31 1.12547
14 32 1.12547
14 33 1.10037
14 34 1.08991
14 35 1.0795
14 36 1.07407
14 37 1.12918
14 38 1.12918
14 39 1.12918
14 40 1.12918
14 41 1.12918
14 42 1.10118
14 43 1.08949
14 44 1.0794
14 45 1.07446
14 46 1.14683
14 47 1.14683
14 48 1.14683
14 49 1.14683
14 50 1.14683
14 51 1.10716
14 52 1.0935
14 53 1.08157
14 54 1.07558
14 55 1.1349
14 56 1.1349
14 57 1.1349
14 58 1.1349
14 59 1.1349
14 60 1.10372
14 61 1.09193
14 62 1.08073
14 63 1.07499
14 64 1.11678
14 65 1.11678
14 66 1.11678
14 67 1.11678
14 68 1.11678
14 69 1.09578
14 70 1.08634
14 71 1.0776
14 72 1.07318
14 73 1.11178
14 74 1.11178
14 75 1.11178
14 76 1.11178
14 77 1.11178
14 78 1.09287
14 79 1.0841
14 80 1.07622
14 81 1.07231
14 82 1.1185
14 83 1.1185
14 84 1.1185
14 85 1.1185
14 86 1.1185
14 87 1.09621
14 88 1.08631
14 89 1.07747
14 90 1.07308
14 91 1.11416
14 92 1.11416
14 93 1.11416
14 94 1.11416
14 95 1.11416
14 96 1.09412
14 97 1.08499
14 98 1.07669
14 99 1.07253
14 100 1.1049
14 101 1.1049
14 102 1.1049
14 103 1.1049
14 104 1.1049
14 105 1.08908
14 106 1.08153
14 107 1.07456
14 108 1.07107
14 109 1.09763
14 110 1.09763
14 111 1.09763
14 112 1.09763
14 113 1.09763
14 114 1.08451
14 115 1.07812
14 116 1.07222
14 117 1.06926
14 118 1.10085
14 119 1.10085
14 120 1.10085
14 121 1.10085
14 122 1.10085
14 123 1.08639
14 124 1.07942
14 125 1.073
14 126 1.06979
14 127 1.09869
14 128 1.09869
14 129 1.09869
14 130 1.09869
14 131 1.09869
14 132 1.08509
14 133 1.07848
14 134 1.07237
14 135 1.06931
14 136 1.09351
14 137 1.09351
14 138 1.09351
14 139 1.09351
14 140 1.09351
14 141 1.08188
14 142 1.07615
14 143 1.0708
14 144 1.06811
15 1 1.10191
15 2 1.10191
15 3 1.10191
15 4 1.10191
15 5 1.10191
15 6 1.35048
15 7 1.30795
15 8 1.2246
15 9 1.17869
15 10 1.1141
15 11 1.1141
15 12 1.1141
15 13 1.1141
15 14 1.1141
15 15 4.44541
15 16 1.81584
15 17 1.38204
15 18 1.21486
15 19 1.11109
15 20 1.11109
15 21 1.11109
15 22 1.11109
15 23 1.11109
15 24 1.65396
15 25 1.56271
15 26 1.34164
15 27 1.20978
15 28 1.10019
15 29 1.10019
15 30 1.10019
15 31 1.10019
15 32 1.10019
15 33 1.28474
15 34 1.27863
15 35 1.21688
15 36 1.17761
15 37 1.0964
15 38 1.0964
15 39 1.0964
15 40 1.0964
15 41 1.0964
15 42 1.21742
15 43 1.21476
15 44 1.18246
15 45 1.16148
15 46 1.10308
15 47 1.10308
15 48 1.10308
15 49 1.10308
15 50 1.10308
15 51 1.36413
15 52 1.32664
15 53 1.23455
15 54 1.18281
15 55 1.10127
15 56 1.10127
15 57 1.10127
15 58 1.10127
15 59 1.10127
15 60 1.30238
15 61 1.29385
15 62 1.22183
15 63 1.17877
15 64 1.09486
15 65 1.09486
15 66 1.09486
15 67 1.09486
15 68 1.09486
15 69 1.19317
15 70 1.19902
15 71 1.17619
15 72 1.15951
15 73 1.08902
15 74 1.08902
15 75 1.08902
15 76 1.08902
15 77 1.08902
15 78 1.14505
15 79 1.15199
15 80 1.14584
15 81 1.14025
15 82 1.09287
15 83 1.09287
15 84 1.09287
15 85 1.09287
15 86 1.09287
15 87 1.17725
15 88 1.18212
15 89 1.16498
15 90 1.15239
15 91 1.09185
15 92 1.09185
15 93 1.09185
15 94 1.09185
15 95 1.09185
15 96 1.16704
15 97 1.17384
15 98 1.16046
15 99 1.15
15 100 1.08794
15 101 1.08794
15 102 1.08794
15 103 1.08794
15 104 1.08794
15 105 1.13796
15 106 1.14625
15 107 1.14276
15 108 1.13866
15 109 1.08152
15 110 1.08152
15 111 1.08152
15 112 1.08152
15 113 1.08152
15 114 1.10999
15 115 1.11743
15 116 1.11994
15 117 1.12025
15 118 1.08383
15 119 1.08383
15 120 1.08383
15 121 1.08383
15 122 1.08383
15 123 1.1198
15 124 1.1276
15 125 1.12826
15 126 1.12718
15 127 1.08321
15 128 1.08321
15 129 1.08321
15 130 1.08321
15 131 1.08321
15 132 1.11713
15 133 1.12505
15 134 1.12639
15 135 1.12577
15 136 1.08076
15 137 1.08076
15 138 1.08076
15 139 1.08076
15 140 1.08076
15 141 1.1076
15 142 1.11522
15 143 1.11839
15 144 1.11911
16 1 1.09264
16 2 1.09264
16 3 1.09264
16 4 1.09264
16 5 1.09264
16 6 1.3022
16 7 1.36886
16 8 1.28382
16 9 1.22151
16 10 1.10075
16 11 1.10075
16 12 1.10075
16 13 1.10075
16 14 1.10075
16 15 1.81584
16 16 4.11887
16 17 1.74269
16 18 1.28131
16 19 1.10019
16 20 1.10019
16 21 1.10019
16 22 1.10019
16 23 1.10019
16 24 1.56164
16 25 1.68381
16 26 1.43215
16 27 1.26058
16 28 1.09274
16 29 1.09274
16 30 1.09274
16 31 1.09274
16 32 1.09274
16 33 1.27876
16 34 1.3043
16 35 1.25104
16 36 1.211
16 37 1.08894
16 38 1.08894
16 39 1.08894
16 40 1.08894
16 41 1.08894
16 42 1.21053
16 43 1.2397
16 44 1.21723
16 45 1.19538
16 46 1.09389
16 47 1.09389
16 48 1.09389
16 49 1.09389
16 50 1.09389
16 51 1.32288
16 52 1.39363
16 53 1.29589
16 54 1.22625
16 55 1.09311
16 56 1.09311
16 57 1.09311
16 58 1.09311
16 59 1.09311
16 60 1.29066
16 61 1.33288
16 62 1.26561
16 63 1.2167
16 64 1.08862
16 65 1.08862
16 66 1.08862
16 67 1.08862
16 68 1.08862
16 69 1.19593
16 70 1.21716
16 71 1.20238
16 72 1.18765
16 73 1.0835
16 74 1.0835
16 75 1.0835
16 76 1.0835
16 77 1.0835
16 78 1.14843
16 79 1.16608
16 80 1.16766
16 81 1.16488
16 82 1.08657
16 83 1.08657
16 84 1.08657
16 85 1.08657
16 86 1.08657
16 87 1.17881
16 88 1.20065
16 89 1.19191
16 90 1.18105
16 91 1.086
16 92 1.086
16 93 1.086
16 94 1.086
16 95 1.086
16 96 1.17063
16 97 1.19032
16 98 1.18469
16 99 1.17654
16 100 1.0831
16 101 1.0831
16 102 1.0831
16 103 1.0831
16 104 1.0831
16 105 1.14283
16 106 1.15889
16 107 1.16174
16 108 1.16036
16 109 1.07751
16 110 1.07751
16 111 1.07751
16 112 1.07751
16 113 1.07751
16 114 1.11445
16 115 1.12745
16 116 1.13514
16 117 1.13794
16 118 1.07945
16 119 1.07945
16 120 1.07945
16 121 1.07945
16 122 1.07945
16 123 1.12446
16 124 1.1388
16 125 1.14519
16 126 1.14674
16 127 1.07905
16 128 1.07905
16 129 1.07905
16 130 1.07905
16 131 1.07905
16 132 1.12189
16 133 1.13578
16 134 1.1425
16 135 1.14441
16 136 1.07713
16 137 1.07713
16 138 1.07713
16 139 1.07713
16 140 1.07713
16 141 1.11213
16 142 1.12459
16 143 1.13232
16 144 1.13529
17 1 1.08201
17 2 1.08201
17 3 1.08201
17 4 1.08201
17 5 1.08201
17 6 1.23427
17 7 1.31872
17 8 1.37335
17 9 1.31589
17 10 1.08592
17 11 1.08592
17 12 1.08592
17 13 1.08592
17 14 1.08592
17 15 1.38204
17 16 1.74269
17 17 5.98425
17 18 1.51091
17 19 1.08542
17 20 1.08542
17 21 1.08542
17 22 1.08542
17 23 1.08542
17 24 1.33827
17 25 1.41938
17 26 1.49776
17 27 1.35844
17 28 1.08112
17 29 1.08112
17 30 1.08112
17 31 1.08112
17 32 1.08112
17 33 1.2098
17 34 1.25075
17 35 1.26505
17 36 1.25899
17 37 1.08018
17 38 1.08018
17 39 1.08018
17 40 1.08018
17 41 1.08018
17 42 1.18825
17 43 1.23828
17 44 1.26704
17 45 1.26391
17 46 1.08264
17 47 1.08264
17 48 1.08264
17 49 1.08264
17 50 1.08264
17 51 1.24149
17 52 1.32447
17 53 1.37385
17 54 1.31651
17 55 1.08192
17 56 1.08192
17 57 1.08192
17 58 1.08192
17 59 1.08192
17 60 1.22202
17 61 1.27895
17 62 1.29963
17 63 1.28364
17 64 1.07908
17 65 1.07908
17 66 1.07908
17 67 1.07908
17 68 1.07908
17 69 1.16944
17 70 1.20448
17 71 1.2247
17 72 1.22964
17 73 1.07679
17 74 1.07679
17 75 1.07679
17 76 1.07679
17 77 1.07679
17 78 1.1475
17 79 1.17898
17 80 1.20228
17 81 1.21104
17 82 1.07838
17 83 1.07838
17 84 1.07838
17 85 1.07838
17 86 1.07838
17 87 1.16548
17 88 1.20323
17 89 1.22743
17 90 1.23271
17 91 1.07777
17 92 1.07777
17 93 1.07777
17 94 1.07777
17 95 1.07777
17 96 1.15773
17 97 1.19121
17 98 1.21334
17 99 1.22038
17 100 1.07571
17 101 1.07571
17 102 1.07571
17 103 1.07571
17 104 1.07571
17 105 1.13749
17 106 1.16395
17 107 1.18416
17 108 1.19285
17 109 1.07259
17 110 1.07259
17 111 1.07259
17 112 1.07259
17 113 1.07259
17 114 1.11985
17 115 1.14184
17 116 1.16072
17 117 1.16967
17 118 1.07362
17 119 1.07362
17 120 1.07362
17 121 1.07362
17 122 1.07362
17 123 1.12694
17 124 1.15113
17 125 1.17107
17 126 1.18017
17 127 1.07313
17 128 1.07313
17 129 1.07313
17 130 1.07313
17 131 1.07313
17 132 1.12359
17 133 1.14646
17 134 1.16553
17 135 1.1744
17 136 1.07162
17 137 1.07162
17 138 1.07162
17 139 1.07162
17 140 1.07162
17 141 1.11444
17 142 1.13425
17 143 1.15142
17 144 1.15968
18 1 1.0752
18 2 1.0752
18 3 1.0752
18 4 1.0752
18 5 1.0752
18 6 1.17943
18 7 1.24509
18 8 1.32944
18 9 1.3835
18 10 1.07696
18 11 1.07696
18 12 1.07696
18 13 1.07696
18 14 1.07696
18 15 1.21486
18 16 1.28131
18 17 1.51091
18 18 2.13485
18 19 1.07654
18 20 1.07654
18 21 1.07654
18 22 1.07654
18 23 1.07654
18 24 1.21189
18 25 1.25509
18 26 1.35458
18 27 1.44473
18 28 1.07408
18 29 1.07408
18 30 1.07408
18 31 1.07408
18 32 1.07408
18 33 1.16685
18 34 1.21236
18 35 1.26419
18 36 1.29457
18 37 1.07442
18 38 1.07442
18 39 1.07442
18 40 1.07442
18 41 1.07442
18 42 1.1633
18 43 1.21604
18 44 1.27519
18 45 1.30844
18 46 1.07555
18 47 1.07555
18 48 1.07555
18 49 1.07555
18 50 1.07555
18 51 1.18159
18 52 1.24554
18 53 1.32862
18 54 1.38333
18 55 1.07498
18 56 1.07498
18 57 1.07498
18 58 1.07498
18 59 1.07498
18 60 1.17427
18 61 1.22848
18 62 1.29251
18 63 1.33225
18 64 1.07319
18 65 1.07319
18 66 1.07319
18 67 1.07319
18 68 1.07319
18 69 1.15075
18 70 1.1923
18 71 1.23573
18 72 1.25932
18 73 1.07227
18 74 1.07227
18 75 1.07227
18 76 1.07227
18 77 1.07227
18 78 1.14162
18 79 1.17995
18 80 1.21923
18 81 1.23995
18 82 1.07306
18 83 1.07306
18 84 1.07306
18 85 1.07306
18 86 1.07306
18 87 1.15109
18 88 1.19495
18 89 1.2414
18 90 1.2666
18 91 1.07252
18 92 1.07252
18 93 1.07252
18 94 1.07252
18 95 1.07252
18 96 1.14594
18 97 1.18608
18 98 1.22758
18 99 1.24979
18 100 1.07107
18 101 1.07107
18 102 1.07107
18 103 1.07107
18 104 1.07107
18 105 1.13267
18 106 1.16539
18 107 1.19795
18 108 1.21491
18 109 1.06923
18 110 1.06923
18 111 1.06923
18 112 1.06923
18 113 1.06923
18 114 1.12113
18 115 1.14857
18 116 1.17547
18 117 1.18931
18 118 1.06977
18 119 1.06977
18 120 1.06977
18 121 1.06977
18 122 1.06977
18 123 1.12625
18 124 1.15632
18 125 1.18606
18 126 1.20144
18 127 1.0693
18 128 1.0693
18 129 1.0693
18 130 1.0693
18 131 1.0693
18 132 1.12316
18 133 1.15159
18 134 1.17951
18 135 1.1939
18 136 1.06811
18 137 1.06811
18 138 1.06811
18 139 1.06811
18 140 1.06811
18 141 1.11526
18 142 1.13982
18 143 1.16363
18 144 1.17583
19 1 1.11785
19 2 1.11785
19 3 1.11785
19 4 1.11785
19 5 1.11785
19 6 1.09649
19 7 1.08692
19 8 1.07782
19 9 1.07318
19 10 1.161
19 11 1.161
19 12 1.161
19 13 1.161
19 14 1.161
19 15 1.11109
19 16 1.10019
19 17 1.08542
19 18 1.07654
19 19 1.30334
19 20 1.30334
19 21 1.30334
19 22 1.30334
19 23 1.30334
19 24 1.11438
19 25 1.10305
19 26 1.08734
19 27 1.07736
19 28 1.16149
19 29 1.16149
19 30 1.16149
19 31 1.16149
19 32 1.16149
19 33 1.1108
19 34 1.09566
19 35 1.08264
19 36 1.07612
19 37 1.11138
19 38 1.11138
19 39 1.11138
19 40 1.11138
19 41 1.11138
19 42 1.09296
19 43 1.08437
19 44 1.07645
19 45 1.07247
19 46 1.13486
19 47 1.13486
19 48 1.13486
19 49 1.13486
19 50 1.13486
19 51 1.10388
19 52 1.09194
19 53 1.0808
19 54 1.07512
19 55 1.14675
19 56 1.14675
19 57 1.14675
19 58 1.14675
19 59 1.14675
19 60 1.10755
19 61 1.09413
19 62 1.08196
19 63 1.0758
19 64 1.13521
19 65 1.13521
19 66 1.13521
19 67 1.13521
19 68 1.13521
19 69 1.10374
19 70 1.09124
19 71 1.08044
19 72 1.07511
19 73 1.10153
19 74 1.10153
19 75 1.10153
19 76 1.10153
19 77 1.10153
19 78 1.08714
19 79 1.08018
19 80 1.07372
19 81 1.07049
19 82 1.11413
19 83 1.11413
19 84 1.11413
19 85 1.11413
19 86 1.11413
19 87 1.0942
19 88 1.08508
19 89 1.07679
19 90 1.07264
19 91 1.11846
19 92 1.11846
19 93 1.11846
19 94 1.11846
19 95 1.11846
19 96 1.09634
19 97 1.08649
19 98 1.07763
19 99 1.07323
19 100 1.11445
19 101 1.11445
19 102 1.11445
19 103 1.11445
19 104 1.11445
19 105 1.09435
19 106 1.08516
19 107 1.0769
19 108 1.07279
19 109 1.09142
19 110 1.09142
19 111 1.09142
19 112 1.09142
19 113 1.09142
19 114 1.08057
19 115 1.0752
19 116 1.07017
19 117 1.06764
19 118 1.09867
19 119 1.09867
19 120 1.09867
19 121 1.09867
19 122 1.09867
19 123 1.08513
19 124 1.07854
19 125 1.07245
19 126 1.06939
19 127 1.10082
19 128 1.10082
19 129 1.10082
19 130 1.10082
19 131 1.10082
19 132 1.08644
19 133 1.07949
19 134 1.07309
19 135 1.06989
19 136 1.09897
19 137 1.09897
19 138 1.09897
19 139 1.09897
19 140 1.09897
19 141 1.08538
19 142 1.07877
19 143 1.07267
19 144 1.06961
20 1 1.11785
20 2 1.11785
20 3 1.11785
20 4 1.11785
20 5 1.11785
20 6 1.09649
20 7 1.08692
20 8 1.07782
20 9 1.07318
20 10 1.161
20 11 1.161
20 12 1.161
20 13 1.161
20 14 1.161
20 15 1.11109
20 16 1.10019
20 17 1.08542
20 18 1.07654
20 19 1.30334
20 20 1.30334
20 21 1.30334
20 22 1.30334
20 23 1.30334
20 24 1.11438
20 25 1.10305
20 26 1.08734
20 27 1.07736
20 28 1.16149
20 29 1.16149
20 30 1.16149
20 31 1.16149
20 32 1.16149
20 33 1.1108
20 34 1.09566
20 35 1.08264
20 36 1.07612
20 37 1.11138
20 38 1.11138
20 39 1.11138
20 40 1.11138
20 41 1.11138
20 42 1.09296
20 43 1.08437
20 44 1.07645
20 45 1.07247
20 46 1.13486
20 47 1.13486
20 48 1.13486
20 49 1.13486
20 50 1.13486
20 51 1.10388
20 52 1.09194
20 53 1.0808
20 54 1.07512
20 55 1.14675
20 56 1.14675
20 57 1.14675
20 58 1.14675
20 59 1.14675
20 60 1.10755
20 61 1.09413
20 62 1.08196
20 63 1.0758
20 64 1.13521
20 65 1.13521
20 66 1.13521
20 67 1.13521
20 68 1.13521
20 69 1.10374
20 70 1.09124
20 71 1.08044
20 72 1.07511
20 73 1.10153
20 74 1.10153
20 75 1.10153
20 76 1.10153
20 77 1.10153
20 78 1.08714
20 79 1.08018
20 80 1.07372
20 81 1.07049
20 82 1.11413
20 83 1.11413
20 84 1.11413
20 85 1.11413
20 86 1.11413
20 87 1.0942
20 88 1.08508
20 89 1.07679
20 90 1.07264
20 91 1.11846
20 92 1.11846
20 93 1.11846
20 94 1.11846
20 95 1.11846
20 96 1.09634
20 97 1.08649
20 98 1.07763
20 99 1.07323
20 100 1.11445
20 101 1.11445
20 102 1.11445
20 103 1.11445
20 104 1.11445
20 105 1.09435
20 106 1.08516
20 107 1.0769
20 108 1.07279
20 109 1.09142
20 110 1.09142
20 111 1.09142
20 112 1.09142
20 113 1.09142
20 114 1.08057
20 115 1.0752
20 116 1.07017
20 117 1.06764
20 118 1.09867
20 119 1.09867
20 120 1.09867
20 121 1.09867
20 122 1.09867
20 123 1.08513
20 124 1.07854
20 125 1.07245
20 126 1.06939
20 127 1.10082
20 128 1.10082
20 129 1.10082
20 130 1.10082
20 131 1.10082
20 132 1.08644
20 133 1.07949
20 134 1.07309
20 135 1.06989
20 136 1.09897
20 137 1.09897
20 138 1.09897
20 139 1.09897
20 140 1.09897
20 141 1.08538
20 142 1.07877
20 143 1.07267
20 144 1.06961
21 1 1.11785
21 2 1.11785
21 3 1.11785
21 4 1.11785
21 5 1.11785
21 6 1.09649
21 7 1.08692
21 8 1.07782
21 9 1.07318
21 10 1.161
21 11 1.161
21 12 1.161
21 13 1.161
21 14 1.161
21 15 1.11109
21 16 1.10019
21 17 1.08542
21 18 1.07654
21 19 1.30334
21 20 1.30334
21 21 1.30334
21 22 1.30334
21 23 1.30334
21 24 1.11438
21 25 1.10305
21 26 1.08734
21 27 1.07736
21 28 1.16149
21 29 1.16149
21 30 1.16149
21 31 1.16149
21 32 1.16149
21 33 1.1108
21 34 1.09566
21 35 1.08264
21 36 1.07612
21 37 1.11138
21 38 1.11138
21 39 1.11138
21 40 1.11138
21 41 1.11138
21 42 1.09296
21 43 1.08437
21 44 1.07645
21 45 1.07247
21 46 1.13486
21 47 1.13486
21 48 1.13486
21 49 1.13486
21 50 1.13486
