injected_el measured_el potential
1 1 1.3051
1 2 1.3051
1 3 1.3051
1 4 1.3051
1 5 1.3051
1 6 1.11841
1 7 1.09719
1 8 1.08243
1 9 1.07573
1 10 1.14688
1 11 1.14688
1 12 1.14688
1 13 1.14688
1 14 1.14688
1 15 1.10662
1 16 1.09171
1 17 1.07966
1 18 1.07394
1 19 1.1181
1 20 1.1181
1 21 1.1181
1 22 1.1181
1 23 1.1181
1 24 1.09528
1 25 1.08502
1 26 1.076
1 27 1.07158
1 28 1.10053
1 29 1.10053
1 30 1.10053
1 31 1.10053
1 32 1.10053
1 33 1.08572
1 34 1.07857
1 35 1.07202
1 36 1.06875
1 37 1.14796
1 38 1.14796
1 39 1.14796
1 40 1.14796
1 41 1.14796
1 42 1.10754
1 43 1.09273
1 44 1.08083
1 45 1.07529
1 46 1.1293
1 47 1.1293
1 48 1.1293
1 49 1.1293
1 50 1.1293
1 51 1.10083
1 52 1.08875
1 53 1.07849
1 54 1.07354
1 55 1.11153
1 56 1.11153
1 57 1.11153
1 58 1.11153
1 59 1.11153
1 60 1.09225
1 61 1.08329
1 62 1.07526
1 63 1.07129
1 64 1.09747
1 65 1.09747
1 66 1.09747
1 67 1.09747
1 68 1.09747
1 69 1.08412
1 70 1.0776
1 71 1.07159
1 72 1.06859
1 73 1.11943
1 74 1.11943
1 75 1.11943
1 76 1.11943
1 77 1.11943
1 78 1.09654
1 79 1.08645
1 80 1.07755
1 81 1.0734
1 82 1.11178
1 83 1.11178
1 84 1.11178
1 85 1.11178
1 86 1.11178
1 87 1.09256
1 88 1.08359
1 89 1.07564
1 90 1.07175
1 91 1.10158
1 92 1.10158
1 93 1.10158
1 94 1.10158
1 95 1.10158
1 96 1.0867
1 97 1.07952
1 98 1.07297
1 99 1.0697
1 100 1.09159
1 101 1.09159
1 102 1.09159
1 103 1.09159
1 104 1.09159
1 105 1.08044
1 106 1.07492
1 107 1.0698
1 108 1.06722
1 109 1.10166
1 110 1.10166
1 111 1.10166
1 112 1.10166
1 113 1.10166
1 114 1.08705
1 115 1.07997
1 116 1.07344
1 117 1.07056
1 118 1.09753
1 119 1.09753
1 120 1.09753
1 121 1.09753
1 122 1.09753
1 123 1.08435
1 124 1.0778
1 125 1.07189
1 126 1.06903
1 127 1.09139
1 128 1.09139
1 129 1.09139
1 130 1.09139
1 131 1.09139
1 132 1.0803
1 133 1.07481
1 134 1.06973
1 135 1.0672
1 136 1.08453
1 137 1.08453
1 138 1.08453
1 139 1.08453
1 140 1.08453
1 141 1.07566
1 142 1.07123
1 143 1.06708
1 144 1.065
2 1 1.3051
2 2 1.3051
2 3 1.3051
2 4 1.3051
2 5 1.3051
2 6 1.11841
2 7 1.09719
2 8 1.08243
2 9 1.07573
2 10 1.14688
2 11 1.14688
2 12 1.14688
2 13 1.14688
2 14 1.14688
2 15 1.10662
2 16 1.09171
2 17 1.07966
2 18 1.07394
2 19 1.1181
2 20 1.1181
2 21 1.1181
2 22 1.1181
2 23 1.1181
2 24 1.09528
2 25 1.08502
2 26 1.076
2 27 1.07158
2 28 1.10053
2 29 1.10053
2 30 1.10053
2 31 1.10053
2 32 1.10053
2 33 1.08572
2 34 1.07857
2 35 1.07202
2 36 1.06875
2 37 1.14796
2 38 1.14796
2 39 1.14796
2 40 1.14796
2 41 1.14796
2 42 1.10754
2 43 1.09273
2 44 1.08083
2 45 1.07529
2 46 1.1293
2 47 1.1293
2 48 1.1293
2 49 1.1293
2 50 1.1293
2 51 1.10083
2 52 1.08875
2 53 1.07849
2 54 1.07354
2 55 1.11153
2 56 1.11153
2 57 1.11153
2 58 1.11153
2 59 1.11153
2 60 1.09225
2 61 1.08329
2 62 1.07526
2 63 1.07129
2 64 1.09747
2 65 1.09747
2 66 1.09747
2 67 1.09747
2 68 1.09747
2 69 1.08412
2 70 1.0776
2 71 1.07159
2 72 1.06859
2 73 1.11943
2 74 1.11943
2 75 1.11943
2 76 1.11943
2 77 1.11943
2 78 1.09654
2 79 1.08645
2 80 1.07755
2 81 1.0734
2 82 1.11178
2 83 1.11178
2 84 1.11178
2 85 1.11178
2 86 1.11178
2 87 1.09256
2 88 1.08359
2 89 1.07564
2 90 1.07175
2 91 1.10158
2 92 1.10158
2 93 1.10158
2 94 1.10158
2 95 1.10158
2 96 1.0867
2 97 1.07952
2 98 1.07297
2 99 1.0697
2 100 1.09159
2 101 1.09159
2 102 1.09159
2 103 1.09159
2 104 1.09159
2 105 1.08044
2 106 1.07492
2 107 1.0698
2 108 1.06722
2 109 1.10166
2 110 1.10166
2 111 1.10166
2 112 1.10166
2 113 1.10166
2 114 1.08705
2 115 1.07997
2 116 1.07344
2 117 1.07056
2 118 1.09753
2 119 1.09753
2 120 1.09753
2 121 1.09753
2 122 1.09753
2 123 1.08435
2 124 1.0778
2 125 1.07189
2 126 1.06903
2 127 1.09139
2 128 1.09139
2 129 1.09139
2 130 1.09139
2 131 1.09139
2 132 1.0803
2 133 1.07481
2 134 1.06973
2 135 1.0672
2 136 1.08453
2 137 1.08453
2 138 1.08453
2 139 1.08453
2 140 1.08453
2 141 1.07566
2 142 1.07123
2 143 1.06708
2 144 1.065
3 1 1.3051
3 2 1.3051
3 3 1.3051
3 4 1.3051
3 5 1.3051
3 6 1.11841
3 7 1.09719
3 8 1.08243
3 9 1.07573
3 10 1.14688
3 11 1.14688
3 12 1.14688
3 13 1.14688
3 14 1.14688
3 15 1.10662
3 16 1.09171
3 17 1.07966
3 18 1.07394
3 19 1.1181
3 20 1.1181
3 21 1.1181
3 22 1.1181
3 23 1.1181
3 24 1.09528
3 25 1.08502
3 26 1.076
3 27 1.07158
3 28 1.10053
3 29 1.10053
3 30 1.10053
3 31 1.10053
3 32 1.10053
3 33 1.08572
3 34 1.07857
3 35 1.07202
3 36 1.06875
3 37 1.14796
3 38 1.14796
3 39 1.14796
3 40 1.14796
3 41 1.14796
3 42 1.10754
3 43 1.09273
3 44 1.08083
3 45 1.07529
3 46 1.1293
3 47 1.1293
3 48 1.1293
3 49 1.1293
3 50 1.1293
3 51 1.10083
3 52 1.08875
3 53 1.07849
3 54 1.07354
3 55 1.11153
3 56 1.11153
3 57 1.11153
3 58 1.11153
3 59 1.11153
3 60 1.09225
3 61 1.08329
3 62 1.07526
3 63 1.07129
3 64 1.09747
3 65 1.09747
3 66 1.09747
3 67 1.09747
3 68 1.09747
3 69 1.08412
3 70 1.0776
3 71 1.07159
3 72 1.06859
3 73 1.11943
3 74 1.11943
3 75 1.11943
3 76 1.11943
3 77 1.11943
3 78 1.09654
3 79 1.08645
3 80 1.07755
3 81 1.0734
3 82 1.11178
3 83 1.11178
3 84 1.11178
3 85 1.11178
3 86 1.11178
3 87 1.09256
3 88 1.08359
3 89 1.07564
3 90 1.07175
3 91 1.10158
3 92 1.10158
3 93 1.10158
3 94 1.10158
3 95 1.10158
3 96 1.0867
3 97 1.07952
3 98 1.07297
3 99 1.0697
3 100 1.09159
3 101 1.09159
3 102 1.09159
3 103 1.09159
3 104 1.09159
3 105 1.08044
3 106 1.07492
3 107 1.0698
3 108 1.06722
3 109 1.10166
3 110 1.10166
3 111 1.10166
3 112 1.10166
3 113 1.10166
3 114 1.08705
3 115 1.07997
3 116 1.07344
3 117 1.07056
3 118 1.09753
3 119 1.09753
3 120 1.09753
3 121 1.09753
3 122 1.09753
3 123 1.08435
3 124 1.0778
3 125 1.07189
3 126 1.06903
3 127 1.09139
3 128 1.09139
3 129 1.09139
3 130 1.09139
3 131 1.09139
3 132 1.0803
3 133 1.07481
3 134 1.06973
3 135 1.0672
3 136 1.08453
3 137 1.08453
3 138 1.08453
3 139 1.08453
3 140 1.08453
3 141 1.07566
3 142 1.07123
3 143 1.06708
3 144 1.065
4 1 1.3051
4 2 1.3051
4 3 1.3051
4 4 1.3051
4 5 1.3051
4 6 1.11841
4 7 1.09719
4 8 1.08243
4 9 1.07573
4 10 1.14688
4 11 1.14688
4 12 1.14688
4 13 1.14688
4 14 1.14688
4 15 1.10662
4 16 1.09171
4 17 1.07966
4 18 1.07394
4 19 1.1181
4 20 1.1181
4 21 1.1181
4 22 1.1181
4 23 1.1181
4 24 1.09528
4 25 1.08502
4 26 1.076
4 27 1.07158
4 28 1.10053
4 29 1.10053
4 30 1.10053
4 31 1.10053
4 32 1.10053
4 33 1.08572
4 34 1.07857
4 35 1.07202
4 36 1.06875
4 37 1.14796
4 38 1.14796
4 39 1.14796
4 40 1.14796
4 41 1.14796
4 42 1.10754
4 43 1.09273
4 44 1.08083
4 45 1.07529
4 46 1.1293
4 47 1.1293
4 48 1.1293
4 49 1.1293
4 50 1.1293
4 51 1.10083
4 52 1.08875
4 53 1.07849
4 54 1.07354
4 55 1.11153
4 56 1.11153
4 57 1.11153
4 58 1.11153
4 59 1.11153
4 60 1.09225
4 61 1.08329
4 62 1.07526
4 63 1.07129
4 64 1.09747
4 65 1.09747
4 66 1.09747
4 67 1.09747
4 68 1.09747
4 69 1.08412
4 70 1.0776
4 71 1.07159
4 72 1.06859
4 73 1.11943
4 74 1.11943
4 75 1.11943
4 76 1.11943
4 77 1.11943
4 78 1.09654
4 79 1.08645
4 80 1.07755
4 81 1.0734
4 82 1.11178
4 83 1.11178
4 84 1.11178
4 85 1.11178
4 86 1.11178
4 87 1.09256
4 88 1.08359
4 89 1.07564
4 90 1.07175
4 91 1.10158
4 92 1.10158
4 93 1.10158
4 94 1.10158
4 95 1.10158
4 96 1.0867
4 97 1.07952
4 98 1.07297
4 99 1.0697
4 100 1.09159
4 101 1.09159
4 102 1.09159
4 103 1.09159
4 104 1.09159
4 105 1.08044
4 106 1.07492
4 107 1.0698
4 108 1.06722
4 109 1.10166
4 110 1.10166
4 111 1.10166
4 112 1.10166
4 113 1.10166
4 114 1.08705
4 115 1.07997
4 116 1.07344
4 117 1.07056
4 118 1.09753
4 119 1.09753
4 120 1.09753
4 121 1.09753
4 122 1.09753
4 123 1.08435
4 124 1.0778
4 125 1.07189
4 126 1.06903
4 127 1.09139
4 128 1.09139
4 129 1.09139
4 130 1.09139
4 131 1.09139
4 132 1.0803
4 133 1.07481
4 134 1.06973
4 135 1.0672
4 136 1.08453
4 137 1.08453
4 138 1.08453
4 139 1.08453
4 140 1.08453
4 141 1.07566
4 142 1.07123
4 143 1.06708
4 144 1.065
5 1 1.3051
5 2 1.3051
5 3 1.3051
5 4 1.3051
5 5 1.3051
5 6 1.11841
5 7 1.09719
5 8 1.08243
5 9 1.07573
5 10 1.14688
5 11 1.14688
5 12 1.14688
5 13 1.14688
5 14 1.14688
5 15 1.10662
5 16 1.09171
5 17 1.07966
5 18 1.07394
5 19 1.1181
5 20 1.1181
5 21 1.1181
5 22 1.1181
5 23 1.1181
5 24 1.09528
5 25 1.08502
5 26 1.076
5 27 1.07158
5 28 1.10053
5 29 1.10053
5 30 1.10053
5 31 1.10053
5 32 1.10053
5 33 1.08572
5 34 1.07857
5 35 1.07202
5 36 1.06875
5 37 1.14796
5 38 1.14796
5 39 1.14796
5 40 1.14796
5 41 1.14796
5 42 1.10754
5 43 1.09273
5 44 1.08083
5 45 1.07529
5 46 1.1293
5 47 1.1293
5 48 1.1293
5 49 1.1293
5 50 1.1293
5 51 1.10083
5 52 1.08875
5 53 1.07849
5 54 1.07354
5 55 1.11153
5 56 1.11153
5 57 1.11153
5 58 1.11153
5 59 1.11153
5 60 1.09225
5 61 1.08329
5 62 1.07526
5 63 1.07129
5 64 1.09747
5 65 1.09747
5 66 1.09747
5 67 1.09747
5 68 1.09747
5 69 1.08412
5 70 1.0776
5 71 1.07159
5 72 1.06859
5 73 1.11943
5 74 1.11943
5 75 1.11943
5 76 1.11943
5 77 1.11943
5 78 1.09654
5 79 1.08645
5 80 1.07755
5 81 1.0734
5 82 1.11178
5 83 1.11178
5 84 1.11178
5 85 1.11178
5 86 1.11178
5 87 1.09256
5 88 1.08359
5 89 1.07564
5 90 1.07175
5 91 1.10158
5 92 1.10158
5 93 1.10158
5 94 1.10158
5 95 1.10158
5 96 1.0867
5 97 1.07952
5 98 1.07297
5 99 1.0697
5 100 1.09159
5 101 1.09159
5 102 1.09159
5 103 1.09159
5 104 1.09159
5 105 1.08044
5 106 1.07492
5 107 1.0698
5 108 1.06722
5 109 1.10166
5 110 1.10166
5 111 1.10166
5 112 1.10166
5 113 1.10166
5 114 1.08705
5 115 1.07997
5 116 1.07344
5 117 1.07056
5 118 1.09753
5 119 1.09753
5 120 1.09753
5 121 1.09753
5 122 1.09753
5 123 1.08435
5 124 1.0778
5 125 1.07189
5 126 1.06903
5 127 1.09139
5 128 1.09139
5 129 1.09139
5 130 1.09139
5 131 1.09139
5 132 1.0803
5 133 1.07481
5 134 1.06973
5 135 1.0672
5 136 1.08453
5 137 1.08453
5 138 1.08453
5 139 1.08453
5 140 1.08453
5 141 1.07566
5 142 1.07123
5 143 1.06708
5 144 1.065
6 1 1.11841
6 2 1.11841
6 3 1.11841
6 4 1.11841
6 5 1.11841
6 6 6.91836
6 7 2.14328
6 8 1.39351
6 9 1.20547
6 10 1.10657
6 11 1.10657
6 12 1.10657
6 13 1.10657
6 14 1.10657
6 15 1.44569
6 16 1.36668
6 17 1.24324
6 18 1.17969
6 19 1.09521
6 20 1.09521
6 21 1.09521
6 22 1.09521
6 23 1.09521
6 24 1.19362
6 25 1.19308
6 26 1.16767
6 27 1.15069
6 28 1.08566
6 29 1.08566
6 30 1.08566
6 31 1.08566
6 32 1.08566
6 33 1.12443
6 34 1.13086
6 35 1.12886
6 36 1.12621
6 37 1.10785
6 38 1.10785
6 39 1.10785
6 40 1.10785
6 41 1.10785
6 42 1.43978
6 43 1.3627
6 44 1.24185
6 45 1.18079
6 46 1.10086
6 47 1.10086
6 48 1.10086
6 49 1.10086
6 50 1.10086
6 51 1.25802
6 52 1.245
6 53 1.19448
6 54 1.16383
6 55 1.09223
6 56 1.09223
6 57 1.09223
6 58 1.09223
6 59 1.09223
6 60 1.15937
6 61 1.16368
6 62 1.15116
6 63 1.14174
6 64 1.08408
6 65 1.08408
6 66 1.08408
6 67 1.08408
6 68 1.08408
6 69 1.11546
6 70 1.12202
6 71 1.12234
6 72 1.12128
6 73 1.09695
6 74 1.09695
6 75 1.09695
6 76 1.09695
6 77 1.09695
6 78 1.1896
6 79 1.19041
6 80 1.16685
6 81 1.15179
6 82 1.09265
6 83 1.09265
6 84 1.09265
6 85 1.09265
6 86 1.09265
6 87 1.15828
6 88 1.16283
6 89 1.15084
6 90 1.14183
6 91 1.08672
6 92 1.08672
6 93 1.08672
6 94 1.08672
6 95 1.08672
6 96 1.12521
6 97 1.13173
6 98 1.12986
6 99 1.12727
6 100 1.08043
6 101 1.08043
6 102 1.08043
6 103 1.08043
6 104 1.08043
6 105 1.1027
6 106 1.10894
6 107 1.11156
6 108 1.11219
6 109 1.08736
6 110 1.08736
6 111 1.08736
6 112 1.08736
6 113 1.08736
6 114 1.12188
6 115 1.12906
6 116 1.12819
6 117 1.1269
6 118 1.08445
6 119 1.08445
6 120 1.08445
6 121 1.08445
6 122 1.08445
6 123 1.11397
6 124 1.12082
6 125 1.12168
6 126 1.12099
6 127 1.08037
6 128 1.08037
6 129 1.08037
6 130 1.08037
6 131 1.08037
6 132 1.10204
6 133 1.10831
6 134 1.11109
6 135 1.11182
6 136 1.07568
6 137 1.07568
6 138 1.07568
6 139 1.07568
6 140 1.07568
6 141 1.09079
6 142 1.09621
6 143 1.09987
6 144 1.10139
7 1 1.09719
7 2 1.09719
7 3 1.09719
7 4 1.09719
7 5 1.09719
7 6 2.14328
7 7 6.91794
7 8 1.99366
7 9 1.31377
7 10 1.09164
7 11 1.09164
7 12 1.09164
7 13 1.09164
7 14 1.09164
7 15 1.36646
7 16 1.46787
7 17 1.34093
7 18 1.24949
7 19 1.08494
7 20 1.08494
7 21 1.08494
7 22 1.08494
7 23 1.08494
7 24 1.193
7 25 1.22031
7 26 1.2098
7 27 1.19626
7 28 1.07849
7 29 1.07849
7 30 1.07849
7 31 1.07849
7 32 1.07849
7 33 1.13085
7 34 1.1478
7 35 1.15535
7 36 1.15713
7 37 1.09298
7 38 1.09298
7 39 1.09298
7 40 1.09298
7 41 1.09298
7 42 1.36172
7 43 1.46264
7 44 1.33861
7 45 1.25048
7 46 1.08878
7 47 1.08878
7 48 1.08878
7 49 1.08878
7 50 1.08878
7 51 1.2448
7 52 1.28422
7 53 1.25036
7 54 1.21846
7 55 1.08325
7 56 1.08325
7 57 1.08325
7 58 1.08325
7 59 1.08325
7 60 1.16359
7 61 1.18536
7 62 1.18574
7 63 1.18109
7 64 1.07755
7 65 1.07755
7 66 1.07755
7 67 1.07755
7 68 1.07755
7 69 1.12201
7 70 1.1375
7 71 1.14629
7 72 1.14933
7 73 1.08678
7 74 1.08678
7 75 1.08678
7 76 1.08678
7 77 1.08678
7 78 1.18884
7 79 1.21695
7 80 1.20834
7 81 1.19687
7 82 1.08372
7 83 1.08372
7 84 1.08372
7 85 1.08372
7 86 1.08372
7 87 1.16236
7 88 1.18437
7 89 1.18525
7 90 1.18096
7 91 1.07954
7 92 1.07954
7 93 1.07954
7 94 1.07954
7 95 1.07954
7 96 1.1316
7 97 1.14862
7 98 1.15637
7 99 1.15827
7 100 1.0749
7 101 1.0749
7 102 1.0749
7 103 1.0749
7 104 1.0749
7 105 1.10892
7 106 1.1222
7 107 1.13169
7 108 1.13577
7 109 1.08035
7 110 1.08035
7 111 1.08035
7 112 1.08035
7 113 1.08035
7 114 1.12751
7 115 1.14524
7 116 1.15397
7 117 1.15706
7 118 1.07802
7 119 1.07802
7 120 1.07802
7 121 1.07802
7 122 1.07802
7 123 1.1201
7 124 1.13597
7 125 1.14527
7 126 1.14861
7 127 1.07489
7 128 1.07489
7 129 1.07489
7 130 1.07489
7 131 1.07489
7 132 1.10812
7 133 1.12141
7 134 1.13104
7 135 1.13521
7 136 1.07124
7 137 1.07124
7 138 1.07124
7 139 1.07124
7 140 1.07124
7 141 1.09618
7 142 1.10704
7 143 1.116
7 144 1.12023
8 1 1.08243
8 2 1.08243
8 3 1.08243
8 4 1.08243
8 5 1.08243
8 6 1.39351
8 7 1.99366
8 8 6.21444
8 9 1.54593
8 10 1.07962
8 11 1.07962
8 12 1.07962
8 13 1.07962
8 14 1.07962
8 15 1.24293
8 16 1.34044
8 17 1.39891
8 18 1.33561
8 19 1.07595
8 20 1.07595
8 21 1.07595
8 22 1.07595
8 23 1.07595
8 24 1.16757
8 25 1.20965
8 26 1.2377
8 27 1.24411
8 28 1.07197
8 29 1.07197
8 30 1.07197
8 31 1.07197
8 32 1.07197
8 33 1.12885
8 34 1.15528
8 35 1.17743
8 36 1.1876
8 37 1.08101
8 38 1.08101
8 39 1.08101
8 40 1.08101
8 41 1.08101
8 42 1.24152
8 43 1.33932
8 44 1.39794
8 45 1.33641
8 46 1.07853
8 47 1.07853
8 48 1.07853
8 49 1.07853
8 50 1.07853
8 51 1.19429
8 52 1.25027
8 53 1.28219
8 54 1.27878
8 55 1.07525
8 56 1.07525
8 57 1.07525
8 58 1.07525
8 59 1.07525
8 60 1.15108
8 61 1.18565
8 62 1.21145
8 63 1.22117
8 64 1.07157
8 65 1.07157
8 66 1.07157
8 67 1.07157
8 68 1.07157
8 69 1.12234
8 70 1.14624
8 71 1.16691
8 72 1.17674
8 73 1.07788
8 74 1.07788
8 75 1.07788
8 76 1.07788
8 77 1.07788
8 78 1.16522
8 79 1.20796
8 80 1.23671
8 81 1.24412
8 82 1.07576
8 83 1.07576
8 84 1.07576
8 85 1.07576
8 86 1.07576
8 87 1.15021
8 88 1.18503
8 89 1.21103
8 90 1.22081
8 91 1.073
8 92 1.073
8 93 1.073
8 94 1.073
8 95 1.073
8 96 1.12967
8 97 1.15623
8 98 1.17857
8 99 1.18886
8 100 1.0698
8 101 1.0698
8 102 1.0698
8 103 1.0698
8 104 1.0698
8 105 1.11153
8 106 1.13163
8 107 1.14969
8 108 1.15854
8 109 1.07395
8 110 1.07395
8 111 1.07395
8 112 1.07395
8 113 1.07395
8 114 1.12581
8 115 1.15305
8 116 1.17584
8 117 1.18668
8 118 1.07212
8 119 1.07212
8 120 1.07212
8 121 1.07212
8 122 1.07212
8 123 1.12046
8 124 1.14479
8 125 1.16572
8 126 1.17557
8 127 1.06982
8 128 1.06982
8 129 1.06982
8 130 1.06982
8 131 1.06982
8 132 1.11069
8 133 1.13078
8 134 1.14891
8 135 1.15779
8 136 1.06712
8 137 1.06712
8 138 1.06712
8 139 1.06712
8 140 1.06712
8 141 1.09977
8 142 1.11591
8 143 1.13082
8 144 1.13826
9 1 1.07573
9 2 1.07573
9 3 1.07573
9 4 1.07573
9 5 1.07573
9 6 1.20547
9 7 1.31377
9 8 1.54593
9 9 2.14709
9 10 1.07394
9 11 1.07394
9 12 1.07394
9 13 1.07394
9 14 1.07394
9 15 1.17975
9 16 1.24944
9 17 1.33572
9 18 1.38933
9 19 1.07157
9 20 1.07157
9 21 1.07157
9 22 1.07157
9 23 1.07157
9 24 1.15073
9 25 1.19618
9 26 1.24409
9 27 1.26978
9 28 1.06874
9 29 1.06874
9 30 1.06874
9 31 1.06874
9 32 1.06874
9 33 1.12624
9 34 1.15706
9 35 1.18756
9 36 1.20332
9 37 1.07533
9 38 1.07533
9 39 1.07533
9 40 1.07533
9 41 1.07533
9 42 1.17965
9 43 1.24971
9 44 1.3356
9 45 1.38883
9 46 1.07358
9 47 1.07358
9 48 1.07358
9 49 1.07358
9 50 1.07358
9 51 1.16358
9 52 1.2182
9 53 1.27856
9 54 1.31186
9 55 1.07131
9 56 1.07131
9 57 1.07131
9 58 1.07131
9 59 1.07131
9 60 1.14166
9 61 1.18089
9 62 1.22099
9 63 1.24204
9 64 1.06859
9 65 1.06859
9 66 1.06859
9 67 1.06859
9 68 1.06859
9 69 1.12126
9 70 1.1492
9 71 1.17662
9 72 1.19072
9 73 1.07351
9 74 1.07351
9 75 1.07351
9 76 1.07351
9 77 1.07351
9 78 1.14926
9 79 1.19519
9 80 1.24301
9 81 1.26873
9 82 1.07183
9 83 1.07183
9 84 1.07183
9 85 1.07183
9 86 1.07183
9 87 1.14094
9 88 1.18038
9 89 1.22044
9 90 1.24133
9 91 1.06975
9 92 1.06975
9 93 1.06975
9 94 1.06975
9 95 1.06975
9 96 1.12697
9 97 1.15792
9 98 1.18859
9 99 1.20441
9 100 1.06724
9 101 1.06724
9 102 1.06724
9 103 1.06724
9 104 1.06724
9 105 1.11209
9 106 1.13558
9 107 1.15838
9 108 1.17004
9 109 1.07074
9 110 1.07074
9 111 1.07074
9 112 1.07074
9 113 1.07074
9 114 1.12335
9 115 1.1549
9 116 1.1856
9 117 1.2015
9 118 1.06916
9 119 1.06916
9 120 1.06916
9 121 1.06916
9 122 1.06916
9 123 1.11937
9 124 1.14771
9 125 1.17517
9 126 1.18909
9 127 1.06728
9 128 1.06728
9 129 1.06728
9 130 1.06728
9 131 1.06728
9 132 1.11122
9 133 1.13467
9 134 1.15747
9 135 1.1691
9 136 1.06503
9 137 1.06503
9 138 1.06503
9 139 1.06503
9 140 1.06503
9 141 1.10119
9 142 1.11997
9 143 1.13806
9 144 1.14728
10 1 1.14688
10 2 1.14688
10 3 1.14688
10 4 1.14688
10 5 1.14688
10 6 1.10657
10 7 1.09164
10 8 1.07962
10 9 1.07394
10 10 1.3042
10 11 1.3042
10 12 1.3042
10 13 1.3042
10 14 1.3042
10 15 1.11751
10 16 1.09627
10 17 1.08143
10 18 1.07467
10 19 1.16164
10 20 1.16164
10 21 1.16164
10 22 1.16164
10 23 1.16164
10 24 1.11001
10 25 1.09319
10 26 1.08008
10 27 1.07392
10 28 1.1258
10 29 1.1258
10 30 1.1258
10 31 1.1258
10 32 1.1258
10 33 1.09877
10 34 1.08713
10 35 1.07711
10 36 1.07223
10 37 1.12929
10 38 1.12929
10 39 1.12929
10 40 1.12929
10 41 1.12929
10 42 1.10057
10 43 1.08856
10 44 1.07838
10 45 1.07357
10 46 1.14707
10 47 1.14707
10 48 1.14707
10 49 1.14707
10 50 1.14707
10 51 1.10676
10 52 1.09186
10 53 1.07985
10 54 1.07417
10 55 1.13516
10 56 1.13516
10 57 1.13516
10 58 1.13516
10 59 1.13516
10 60 1.10288
10 61 1.08975
10 62 1.07875
10 63 1.07346
10 64 1.11697
10 65 1.11697
10 66 1.11697
10 67 1.11697
10 68 1.11697
10 69 1.095
10 70 1.08503
10 71 1.07621
10 72 1.07187
10 73 1.11175
10 74 1.11175
10 75 1.11175
10 76 1.11175
10 77 1.11175
10 78 1.09218
10 79 1.08339
10 80 1.0755
10 81 1.0718
10 82 1.11855
10 83 1.11855
10 84 1.11855
10 85 1.11855
10 86 1.11855
10 87 1.09569
10 88 1.08546
10 89 1.07654
10 90 1.07223
10 91 1.11425
10 92 1.11425
10 93 1.11425
10 94 1.11425
10 95 1.11425
10 96 1.09358
10 97 1.08411
10 98 1.07571
10 99 1.07158
10 100 1.10498
10 101 1.10498
10 102 1.10498
10 103 1.10498
10 104 1.10498
10 105 1.08861
10 106 1.08081
10 107 1.07371
10 108 1.07018
10 109 1.09748
10 110 1.09748
10 111 1.09748
10 112 1.09748
10 113 1.09748
10 114 1.08404
10 115 1.07765
10 116 1.07171
10 117 1.0691
10 118 1.10077
10 119 1.10077
10 120 1.10077
10 121 1.10077
10 122 1.10077
10 123 1.086
10 124 1.07886
10 125 1.07244
10 126 1.06936
10 127 1.09867
10 128 1.09867
10 129 1.09867
10 130 1.09867
10 131 1.09867
10 132 1.08471
10 133 1.07797
10 134 1.07181
10 135 1.06877
10 136 1.09352
10 137 1.09352
10 138 1.09352
10 139 1.09352
10 140 1.09352
10 141 1.08157
10 142 1.07571
10 143 1.07028
10 144 1.06756
11 1 1.14688
11 2 1.14688
11 3 1.14688
11 4 1.14688
11 5 1.14688
11 6 1.10657
11 7 1.09164
11 8 1.07962
11 9 1.07394
11 10 1.3042
11 11 1.3042
11 12 1.3042
11 13 1.3042
11 14 1.3042
11 15 1.11751
11 16 1.09627
11 17 1.08143
11 18 1.07467
11 19 1.16164
11 20 1.16164
11 21 1.16164
11 22 1.16164
11 23 1.16164
11 24 1.11001
11 25 1.09319
11 26 1.08008
11 27 1.07392
11 28 1.1258
11 29 1.1258
11 30 1.1258
11 31 1.1258
11 32 1.1258
11 33 1.09877
11 34 1.08713
11 35 1.07711
11 36 1.07223
11 37 1.12929
11 38 1.12929
11 39 1.12929
11 40 1.12929
11 41 1.12929
11 42 1.10057
11 43 1.08856
11 44 1.07838
11 45 1.07357
11 46 1.14707
11 47 1.14707
11 48 1.14707
11 49 1.14707
11 50 1.14707
11 51 1.10676
11 52 1.09186
11 53 1.07985
11 54 1.07417
11 55 1.13516
11 56 1.13516
11 57 1.13516
11 58 1.13516
11 59 1.13516
11 60 1.10288
11 61 1.08975
11 62 1.07875
11 63 1.07346
11 64 1.11697
11 65 1.11697
11 66 1.11697
11 67 1.11697
11 68 1.11697
11 69 1.095
11 70 1.08503
11 71 1.07621
11 72 1.07187
11 73 1.11175
11 74 1.11175
11 75 1.11175
11 76 1.11175
11 77 1.11175
11 78 1.09218
11 79 1.08339
11 80 1.0755
11 81 1.0718
11 82 1.11855
11 83 1.11855
11 84 1.11855
11 85 1.11855
11 86 1.11855
11 87 1.09569
11 88 1.08546
11 89 1.07654
11 90 1.07223
11 91 1.11425
11 92 1.11425
11 93 1.11425
11 94 1.11425
11 95 1.11425
11 96 1.09358
11 97 1.08411
11 98 1.07571
11 99 1.07158
11 100 1.10498
11 101 1.10498
11 102 1.10498
11 103 1.10498
11 104 1.10498
11 105 1.08861
11 106 1.08081
11 107 1.07371
11 108 1.07018
11 109 1.09748
11 110 1.09748
11 111 1.09748
11 112 1.09748
11 113 1.09748
11 114 1.08404
11 115 1.07765
11 116 1.07171
11 117 1.0691
11 118 1.10077
11 119 1.10077
11 120 1.10077
11 121 1.10077
11 122 1.10077
11 123 1.086
11 124 1.07886
11 125 1.07244
11 126 1.06936
11 127 1.09867
11 128 1.09867
11 129 1.09867
11 130 1.09867
11 131 1.09867
11 132 1.08471
11 133 1.07797
11 134 1.07181
11 135 1.06877
11 136 1.09352
11 137 1.09352
11 138 1.09352
11 139 1.09352
11 140 1.09352
11 141 1.08157
11 142 1.07571
11 143 1.07028
11 144 1.06756
12 1 1.14688
12 2 1.14688
12 3 1.14688
12 4 1.14688
12 5 1.14688
12 6 1.10657
12 7 1.09164
12 8 1.07962
12 9 1.07394
12 10 1.3042
12 11 1.3042
12 12 1.3042
12 13 1.3042
12 14 1.3042
12 15 1.11751
12 16 1.09627
12 17 1.08143
12 18 1.07467
12 19 1.16164
12 20 1.16164
12 21 1.16164
12 22 1.16164
12 23 1.16164
12 24 1.11001
12 25 1.09319
12 26 1.08008
12 27 1.07392
12 28 1.1258
12 29 1.1258
12 30 1.1258
12 31 1.1258
12 32 1.1258
12 33 1.09877
12 34 1.08713
12 35 1.07711
12 36 1.07223
12 37 1.12929
12 38 1.12929
12 39 1.12929
12 40 1.12929
12 41 1.12929
12 42 1.10057
12 43 1.08856
12 44 1.07838
12 45 1.07357
12 46 1.14707
12 47 1.14707
12 48 1.14707
12 49 1.14707
12 50 1.14707
12 51 1.10676
12 52 1.09186
12 53 1.07985
12 54 1.07417
12 55 1.13516
12 56 1.13516
12 57 1.13516
12 58 1.13516
12 59 1.13516
12 60 1.10288
12 61 1.08975
12 62 1.07875
12 63 1.07346
12 64 1.11697
12 65 1.11697
12 66 1.11697
12 67 1.11697
12 68 1.11697
12 69 1.095
12 70 1.08503
12 71 1.07621
12 72 1.07187
12 73 1.11175
12 74 1.11175
12 75 1.11175
12 76 1.11175
12 77 1.11175
12 78 1.09218
12 79 1.08339
12 80 1.0755
12 81 1.0718
12 82 1.11855
12 83 1.11855
12 84 1.11855
12 85 1.11855
12 86 1.11855
12 87 1.09569
12 88 1.08546
12 89 1.07654
12 90 1.07223
12 91 1.11425
12 92 1.11425
12 93 1.11425
12 94 1.11425
12 95 1.11425
12 96 1.09358
12 97 1.08411
12 98 1.07571
12 99 1.07158
12 100 1.10498
12 101 1.10498
12 102 1.10498
12 103 1.10498
12 104 1.10498
12 105 1.08861
12 106 1.08081
12 107 1.07371
12 108 1.07018
12 109 1.09748
12 110 1.09748
12 111 1.09748
12 112 1.09748
12 113 1.09748
12 114 1.08404
12 115 1.07765
12 116 1.07171
12 117 1.0691
12 118 1.10077
12 119 1.10077
12 120 1.10077
12 121 1.10077
12 122 1.10077
12 123 1.086
12 124 1.07886
12 125 1.07244
12 126 1.06936
12 127 1.09867
12 128 1.09867
12 129 1.09867
12 130 1.09867
12 131 1.09867
12 132 1.08471
12 133 1.07797
12 134 1.07181
12 135 1.06877
12 136 1.09352
12 137 1.09352
12 138 1.09352
12 139 1.09352
12 140 1.09352
12 141 1.08157
12 142 1.07571
12 143 1.07028
12 144 1.06756
13 1 1.14688
13 2 1.14688
13 3 1.14688
13 4 1.14688
13 5 1.14688
13 6 1.10657
13 7 1.09164
13 8 1.07962
13 9 1.07394
13 10 1.3042
13 11 1.3042
13 12 1.3042
13 13 1.3042
13 14 1.3042
13 15 1.11751
13 16 1.09627
13 17 1.08143
13 18 1.07467
13 19 1.16164
13 20 1.16164
13 21 1.16164
13 22 1.16164
13 23 1.16164
13 24 1.11001
13 25 1.09319
13 26 1.08008
13 27 1.07392
13 28 1.1258
13 29 1.1258
13 30 1.1258
13 31 1.1258
13 32 1.1258
13 33 1.09877
13 34 1.08713
13 35 1.07711
13 36 1.07223
13 37 1.12929
13 38 1.12929
13 39 1.12929
13 40 1.12929
13 41 1.12929
13 42 1.10057
13 43 1.08856
13 44 1.07838
13 45 1.07357
13 46 1.14707
13 47 1.14707
13 48 1.14707
13 49 1.14707
13 50 1.14707
13 51 1.10676
13 52 1.09186
13 53 1.07985
13 54 1.07417
13 55 1.13516
13 56 1.13516
13 57 1.13516
13 58 1.13516
13 59 1.13516
13 60 1.10288
13 61 1.08975
13 62 1.07875
13 63 1.07346
13 64 1.11697
13 65 1.11697
13 66 1.11697
13 67 1.11697
13 68 1.11697
13 69 1.095
13 70 1.08503
13 71 1.07621
13 72 1.07187
13 73 1.11175
13 74 1.11175
13 75 1.11175
13 76 1.11175
13 77 1.11175
13 78 1.09218
13 79 1.08339
13 80 1.0755
13 81 1.0718
13 82 1.11855
13 83 1.11855
13 84 1.11855
13 85 1.11855
13 86 1.11855
13 87 1.09569
13 88 1.08546
13 89 1.07654
13 90 1.07223
13 91 1.11425
13 92 1.11425
13 93 1.11425
13 94 1.11425
13 95 1.11425
13 96 1.09358
13 97 1.08411
13 98 1.07571
13 99 1.07158
13 100 1.10498
13 101 1.10498
13 102 1.10498
13 103 1.10498
13 104 1.10498
13 105 1.08861
13 106 1.08081
13 107 1.07371
13 108 1.07018
13 109 1.09748
13 110 1.09748
13 111 1.09748
13 112 1.09748
13 113 1.09748
13 114 1.08404
13 115 1.07765
13 116 1.07171
13 117 1.0691
13 118 1.10077
13 119 1.10077
13 120 1.10077
13 121 1.10077
13 122 1.10077
13 123 1.086
13 124 1.07886
13 125 1.07244
13 126 1.06936
13 127 1.09867
13 128 1.09867
13 129 1.09867
13 130 1.09867
13 131 1.09867
13 132 1.08471
13 133 1.07797
13 134 1.07181
13 135 1.06877
13 136 1.09352
13 137 1.09352
13 138 1.09352
13 139 1.09352
13 140 1.09352
13 141 1.08157
13 142 1.07571
13 143 1.07028
13 144 1.06756
14 1 1.14688
14 2 1.14688
14 3 1.14688
14 4 1.14688
14 5 1.14688
14 6 1.10657
14 7 1.09164
14 8 1.07962
14 9 1.07394
14 10 1.3042
14 11 1.3042
14 12 1.3042
14 13 1.3042
14 14 1.3042
14 15 1.11751
14 16 1.09627
14 17 1.08143
14 18 1.07467
14 19 1.16164
14 20 1.16164
14 21 1.16164
14 22 1.16164
14 23 1.16164
14 24 1.11001
14 25 1.09319
14 26 1.08008
14 27 1.07392
14 28 1.1258
14 29 1.1258
14 30 1.1258
14 31 1.1258
14 32 1.1258
14 33 1.09877
14 34 1.08713
14 35 1.07711
14 36 1.07223
14 37 1.12929
14 38 1.12929
14 39 1.12929
14 40 1.12929
14 41 1.12929
14 42 1.10057
14 43 1.08856
14 44 1.07838
14 45 1.07357
14 46 1.14707
14 47 1.14707
14 48 1.14707
14 49 1.14707
14 50 1.14707
14 51 1.10676
14 52 1.09186
14 53 1.07985
14 54 1.07417
14 55 1.13516
14 56 1.13516
14 57 1.13516
14 58 1.13516
14 59 1.13516
14 60 1.10288
14 61 1.08975
14 62 1.07875
14 63 1.07346
14 64 1.11697
14 65 1.11697
14 66 1.11697
14 67 1.11697
14 68 1.11697
14 69 1.095
14 70 1.08503
14 71 1.07621
14 72 1.07187
14 73 1.11175
14 74 1.11175
14 75 1.11175
14 76 1.11175
14 77 1.11175
14 78 1.09218
14 79 1.08339
14 80 1.0755
14 81 1.0718
14 82 1.11855
14 83 1.11855
14 84 1.11855
14 85 1.11855
14 86 1.11855
14 87 1.09569
14 88 1.08546
14 89 1.07654
14 90 1.07223
14 91 1.11425
14 92 1.11425
14 93 1.11425
14 94 1.11425
14 95 1.11425
14 96 1.09358
14 97 1.08411
14 98 1.07571
14 99 1.07158
14 100 1.10498
14 101 1.10498
14 102 1.10498
14 103 1.10498
14 104 1.10498
14 105 1.08861
14 106 1.08081
14 107 1.07371
14 108 1.07018
14 109 1.09748
14 110 1.09748
14 111 1.09748
14 112 1.09748
14 113 1.09748
14 114 1.08404
14 115 1.07765
14 116 1.07171
14 117 1.0691
14 118 1.10077
14 119 1.10077
14 120 1.10077
14 121 1.10077
14 122 1.10077
14 123 1.086
14 124 1.07886
14 125 1.07244
14 126 1.06936
14 127 1.09867
14 128 1.09867
14 129 1.09867
14 130 1.09867
14 131 1.09867
14 132 1.08471
14 133 1.07797
14 134 1.07181
14 135 1.06877
14 136 1.09352
14 137 1.09352
14 138 1.09352
14 139 1.09352
14 140 1.09352
14 141 1.08157
14 142 1.07571
14 143 1.07028
14 144 1.06756
15 1 1.10662
15 2 1.10662
15 3 1.10662
15 4 1.10662
15 5 1.10662
15 6 1.44569
15 7 1.36646
15 8 1.24293
15 9 1.17975
15 10 1.11751
15 11 1.11751
15 12 1.11751
15 13 1.11751
15 14 1.11751
15 15 6.92025
15 16 2.14559
15 17 1.39435
15 18 1.20459
15 19 1.10998
15 20 1.10998
15 21 1.10998
15 22 1.10998
15 23 1.10998
15 24 1.6816
15 25 1.48509
15 26 1.28159
15 27 1.18869
15 28 1.09873
15 29 1.09873
15 30 1.09873
15 31 1.09873
15 32 1.09873
15 33 1.24196
15 34 1.23193
15 35 1.18748
15 36 1.16008
15 37 1.10091
15 38 1.10091
15 39 1.10091
15 40 1.10091
15 41 1.10091
15 42 1.25574
15 43 1.24337
15 44 1.19338
15 45 1.16381
15 46 1.10686
15 47 1.10686
15 48 1.10686
15 49 1.10686
15 50 1.10686
15 51 1.44543
15 52 1.36646
15 53 1.24298
15 54 1.17973
15 55 1.1029
15 56 1.1029
15 57 1.1029
15 58 1.1029
15 59 1.1029
15 60 1.31087
15 61 1.28374
15 62 1.21151
15 63 1.16992
15 64 1.09499
15 65 1.09499
15 66 1.09499
15 67 1.09499
15 68 1.09499
15 69 1.18459
15 70 1.1859
15 71 1.16416
15 72 1.14919
15 73 1.0927
15 74 1.0927
15 75 1.0927
15 76 1.0927
15 77 1.0927
15 78 1.15549
15 79 1.16102
15 80 1.1497
15 81 1.14166
15 82 1.09586
15 83 1.09586
15 84 1.09586
15 85 1.09586
15 86 1.09586
15 87 1.19234
15 88 1.19213
15 89 1.16716
15 90 1.15078
15 91 1.09364
15 92 1.09364
15 93 1.09364
15 94 1.09364
15 95 1.09364
15 96 1.17158
15 97 1.17447
15 98 1.15745
15 99 1.14534
15 100 1.08862
15 101 1.08862
15 102 1.08862
15 103 1.08862
15 104 1.08862
15 105 1.1358
15 106 1.14191
15 107 1.13701
15 108 1.13241
15 109 1.0845
15 110 1.0845
15 111 1.0845
15 112 1.0845
15 113 1.0845
15 114 1.1118
15 115 1.11927
15 116 1.12061
15 117 1.12073
15 118 1.08621
15 119 1.08621
15 120 1.08621
15 121 1.08621
15 122 1.08621
15 123 1.12267
15 124 1.12947
15 125 1.12799
15 126 1.1259
15 127 1.08483
15 128 1.08483
15 129 1.08483
15 130 1.08483
15 131 1.08483
15 132 1.1182
15 133 1.12478
15 134 1.12441
15 135 1.12292
15 136 1.08161
15 137 1.08161
15 138 1.08161
15 139 1.08161
15 140 1.08161
15 141 1.10666
15 142 1.11305
15 143 1.11503
15 144 1.11517
16 1 1.09171
16 2 1.09171
16 3 1.09171
16 4 1.09171
16 5 1.09171
16 6 1.36668
16 7 1.46787
16 8 1.34044
16 9 1.24944
16 10 1.09627
16 11 1.09627
16 12 1.09627
16 13 1.09627
16 14 1.09627
16 15 2.14559
16 16 6.92617
16 17 1.99789
16 18 1.3127
16 19 1.09315
16 20 1.09315
16 21 1.09315
16 22 1.09315
16 23 1.09315
16 24 1.48502
16 25 1.70018
16 26 1.4307
16 27 1.26918
16 28 1.08709
16 29 1.08709
16 30 1.08709
16 31 1.08709
16 32 1.08709
16 33 1.2319
16 34 1.26858
16 35 1.23996
16 36 1.21241
16 37 1.08886
16 38 1.08886
16 39 1.08886
16 40 1.08886
16 41 1.08886
16 42 1.24286
16 43 1.28252
16 44 1.24888
16 45 1.21823
16 46 1.09196
16 47 1.09196
16 48 1.09196
16 49 1.09196
16 50 1.09196
16 51 1.3664
16 52 1.46785
16 53 1.34044
16 54 1.2493
16 55 1.08976
16 56 1.08976
16 57 1.08976
16 58 1.08976
16 59 1.08976
16 60 1.28366
16 61 1.33623
16 62 1.27884
16 63 1.22994
16 64 1.08501
16 65 1.08501
16 66 1.08501
16 67 1.08501
16 68 1.08501
16 69 1.18588
16 70 1.21129
16 71 1.20414
16 72 1.19326
16 73 1.08381
16 74 1.08381
16 75 1.08381
16 76 1.08381
16 77 1.08381
16 78 1.15955
16 79 1.1823
16 80 1.18376
16 81 1.18053
16 82 1.08566
16 83 1.08566
16 84 1.08566
16 85 1.08566
16 86 1.08566
16 87 1.19163
16 88 1.21918
16 89 1.20893
16 90 1.19596
16 91 1.08418
16 92 1.08418
16 93 1.08418
16 94 1.08418
16 95 1.08418
16 96 1.17432
16 97 1.19792
16 98 1.19462
16 99 1.18695
16 100 1.08081
16 101 1.08081
16 102 1.08081
16 103 1.08081
16 104 1.08081
16 105 1.14188
16 106 1.1603
16 107 1.16609
16 108 1.16621
16 109 1.07812
16 110 1.07812
16 111 1.07812
16 112 1.07812
16 113 1.07812
16 114 1.11761
16 115 1.13407
16 116 1.14388
16 117 1.14807
16 118 1.07917
16 119 1.07917
16 120 1.07917
16 121 1.07917
16 122 1.07917
16 123 1.12865
16 124 1.14601
16 125 1.15397
16 126 1.15626
16 127 1.07811
16 128 1.07811
16 129 1.07811
16 130 1.07811
16 131 1.07811
16 132 1.12454
16 133 1.1406
16 134 1.14908
16 135 1.15181
16 136 1.07575
16 137 1.07575
16 138 1.07575
16 139 1.07575
16 140 1.07575
16 141 1.113
16 142 1.12702
16 143 1.13639
16 144 1.14021
17 1 1.07966
17 2 1.07966
17 3 1.07966
17 4 1.07966
17 5 1.07966
17 6 1.24324
17 7 1.34093
17 8 1.39891
17 9 1.33572
17 10 1.08143
17 11 1.08143
17 12 1.08143
17 13 1.08143
17 14 1.08143
17 15 1.39435
17 16 1.99789
17 17 6.2739
17 18 1.54542
17 19 1.08006
17 20 1.08006
17 21 1.08006
17 22 1.08006
17 23 1.08006
17 24 1.28146
17 25 1.43048
17 26 1.55525
17 27 1.37895
17 28 1.07708
17 29 1.07708
17 30 1.07708
17 31 1.07708
17 32 1.07708
17 33 1.18743
17 34 1.23988
17 35 1.27091
17 36 1.2697
17 37 1.07858
17 38 1.07858
17 39 1.07858
17 40 1.07858
17 41 1.07858
17 42 1.19304
17 43 1.2492
17 44 1.28087
17 45 1.27837
17 46 1.07992
17 47 1.07992
17 48 1.07992
17 49 1.07992
17 50 1.07992
17 51 1.24292
17 52 1.34059
17 53 1.39873
17 54 1.33549
17 55 1.07877
17 56 1.07877
17 57 1.07877
17 58 1.07877
17 59 1.07877
17 60 1.21137
17 61 1.27871
17 62 1.31455
17 63 1.29883
17 64 1.0762
17 65 1.0762
17 66 1.0762
17 67 1.0762
17 68 1.0762
17 69 1.16411
17 70 1.20408
17 71 1.23144
17 72 1.23927
17 73 1.07584
17 74 1.07584
17 75 1.07584
17 76 1.07584
17 77 1.07584
17 78 1.14791
17 79 1.1832
17 80 1.2095
17 81 1.22013
17 82 1.0767
17 83 1.0767
17 84 1.0767
17 85 1.0767
17 86 1.0767
17 87 1.16651
17 88 1.20881
17 89 1.23684
17 90 1.24356
17 91 1.07577
17 92 1.07577
17 93 1.07577
17 94 1.07577
17 95 1.07577
17 96 1.15718
17 97 1.19445
17 98 1.22109
17 99 1.22996
17 100 1.07372
17 101 1.07372
17 102 1.07372
17 103 1.07372
17 104 1.07372
17 105 1.13693
17 106 1.16601
17 107 1.18958
17 108 1.19998
17 109 1.07223
17 110 1.07223
17 111 1.07223
17 112 1.07223
17 113 1.07223
17 114 1.11801
17 115 1.14284
17 116 1.16419
17 117 1.17476
17 118 1.07271
17 119 1.07271
17 120 1.07271
17 121 1.07271
17 122 1.07271
17 123 1.12666
17 124 1.15351
17 125 1.17581
17 126 1.18626
17 127 1.07193
17 128 1.07193
17 129 1.07193
17 130 1.07193
17 131 1.07193
17 132 1.12392
17 133 1.14879
17 134 1.17013
17 135 1.18023
17 136 1.07032
17 137 1.07032
17 138 1.07032
17 139 1.07032
17 140 1.07032
17 141 1.11489
17 142 1.13627
17 143 1.15529
17 144 1.16455
18 1 1.07394
18 2 1.07394
18 3 1.07394
18 4 1.07394
18 5 1.07394
18 6 1.17969
18 7 1.24949
18 8 1.33561
18 9 1.38933
18 10 1.07467
18 11 1.07467
18 12 1.07467
18 13 1.07467
18 14 1.07467
18 15 1.20459
18 16 1.3127
18 17 1.54542
18 18 2.14729
18 19 1.07392
18 20 1.07392
18 21 1.07392
18 22 1.07392
18 23 1.07392
18 24 1.18871
18 25 1.26918
18 26 1.37904
18 27 1.45711
18 28 1.07222
18 29 1.07222
18 30 1.07222
18 31 1.07222
18 32 1.07222
18 33 1.1601
18 34 1.21242
18 35 1.26976
18 36 1.30142
18 37 1.0736
18 38 1.0736
18 39 1.0736
18 40 1.0736
18 41 1.0736
18 42 1.16272
18 43 1.21761
18 44 1.2778
18 45 1.31153
18 46 1.0742
18 47 1.0742
18 48 1.0742
18 49 1.0742
18 50 1.0742
18 51 1.17941
18 52 1.2491
18 53 1.3353
18 54 1.38918
18 55 1.07348
18 56 1.07348
18 57 1.07348
18 58 1.07348
18 59 1.07348
18 60 1.16982
18 61 1.22984
18 62 1.2988
18 63 1.33832
18 64 1.07188
18 65 1.07188
18 66 1.07188
18 67 1.07188
18 68 1.07188
18 69 1.14917
18 70 1.19322
18 71 1.23928
18 72 1.26384
18 73 1.0719
18 74 1.0719
18 75 1.0719
18 76 1.0719
18 77 1.0719
18 78 1.13911
18 79 1.17897
18 80 1.21925
18 81 1.24078
18 82 1.07231
18 83 1.07231
18 84 1.07231
18 85 1.07231
18 86 1.07231
18 87 1.14977
18 88 1.19541
18 89 1.24321
18 90 1.26902
18 91 1.07163
18 92 1.07163
18 93 1.07163
18 94 1.07163
18 95 1.07163
18 96 1.14501
18 97 1.18667
18 98 1.22983
18 99 1.25272
18 100 1.0702
18 101 1.0702
18 102 1.0702
18 103 1.0702
18 104 1.0702
18 105 1.13232
18 106 1.16611
18 107 1.19995
18 108 1.21753
18 109 1.06928
18 110 1.06928
18 111 1.06928
18 112 1.06928
18 113 1.06928
18 114 1.11711
18 115 1.14597
18 116 1.17383
18 117 1.18837
18 118 1.06949
18 119 1.06949
18 120 1.06949
18 121 1.06949
18 122 1.06949
18 123 1.12409
18 124 1.15532
18 125 1.18582
18 126 1.20169
18 127 1.06885
18 128 1.06885
18 129 1.06885
18 130 1.06885
18 131 1.06885
18 132 1.12224
18 133 1.15129
18 134 1.17999
18 135 1.19484
18 136 1.0676
18 137 1.0676
18 138 1.0676
18 139 1.0676
18 140 1.0676
18 141 1.11497
18 142 1.14001
18 143 1.16446
18 144 1.17701
19 1 1.1181
19 2 1.1181
19 3 1.1181
19 4 1.1181
19 5 1.1181
19 6 1.09521
19 7 1.08494
19 8 1.07595
19 9 1.07157
19 10 1.16164
19 11 1.16164
19 12 1.16164
19 13 1.16164
19 14 1.16164
19 15 1.10998
19 16 1.09315
19 17 1.08006
19 18 1.07392
19 19 1.30423
19 20 1.30423
19 21 1.30423
19 22 1.30423
19 23 1.30423
19 24 1.11753
19 25 1.09628
19 26 1.08141
19 27 1.07462
19 28 1.16196
19 29 1.16196
19 30 1.16196
19 31 1.16196
19 32 1.16196
19 33 1.11032
19 34 1.09349
19 35 1.08037
19 36 1.0742
19 37 1.1115
19 38 1.1115
19 39 1.1115
19 40 1.1115
19 41 1.1115
19 42 1.09198
19 43 1.08305
19 44 1.07512
19 45 1.07131
19 46 1.13515
19 47 1.13515
19 48 1.13515
19 49 1.13515
19 50 1.13515
19 51 1.1028
19 52 1.08967
19 53 1.0787
19 54 1.07345
19 55 1.14711
19 56 1.14711
19 57 1.14711
19 58 1.14711
19 59 1.14711
19 60 1.10681
19 61 1.0919
19 62 1.07983
19 63 1.07408
19 64 1.13549
19 65 1.13549
19 66 1.13549
19 67 1.13549
19 68 1.13549
19 69 1.10321
19 70 1.09006
19 71 1.07902
19 72 1.07371
19 73 1.10152
19 74 1.10152
19 75 1.10152
19 76 1.10152
19 77 1.10152
19 78 1.08627
19 79 1.07924
19 80 1.07278
19 81 1.06975
19 82 1.11422
19 83 1.11422
19 84 1.11422
19 85 1.11422
19 86 1.11422
19 87 1.09346
19 88 1.08398
19 89 1.07562
19 90 1.07158
19 91 1.1186
19 92 1.1186
19 93 1.1186
19 94 1.1186
19 95 1.1186
19 96 1.09573
19 97 1.0855
19 98 1.07651
19 99 1.07212
19 100 1.1146
19 101 1.1146
19 102 1.1146
19 103 1.1146
19 104 1.1146
19 105 1.09391
19 106 1.08441
19 107 1.07597
19 108 1.0718
19 109 1.09132
19 110 1.09132
19 111 1.09132
19 112 1.09132
19 113 1.09132
19 114 1.07993
19 115 1.07455
19 116 1.06949
19 117 1.06728
19 118 1.09863
19 119 1.09863
19 120 1.09863
19 121 1.09863
19 122 1.09863
19 123 1.08458
19 124 1.07781
19 125 1.0717
19 126 1.06878
19 127 1.10084
19 128 1.10084
19 129 1.10084
19 130 1.10084
19 131 1.10084
19 132 1.08597
19 133 1.07887
19 134 1.0724
19 135 1.06921
19 136 1.09902
19 137 1.09902
19 138 1.09902
19 139 1.09902
19 140 1.09902
19 141 1.08503
19 142 1.07826
19 143 1.07206
19 144 1.06896
20 1 1.1181
20 2 1.1181
20 3 1.1181
20 4 1.1181
20 5 1.1181
20 6 1.09521
20 7 1.08494
20 8 1.07595
20 9 1.07157
20 10 1.16164
20 11 1.16164
20 12 1.16164
20 13 1.16164
20 14 1.16164
20 15 1.10998
20 16 1.09315
20 17 1.08006
20 18 1.07392
20 19 1.30423
20 20 1.30423
20 21 1.30423
20 22 1.30423
20 23 1.30423
20 24 1.11753
20 25 1.09628
20 26 1.08141
20 27 1.07462
20 28 1.16196
20 29 1.16196
20 30 1.16196
20 31 1.16196
20 32 1.16196
20 33 1.11032
20 34 1.09349
20 35 1.08037
20 36 1.0742
20 37 1.1115
20 38 1.1115
20 39 1.1115
20 40 1.1115
20 41 1.1115
20 42 1.09198
20 43 1.08305
20 44 1.07512
20 45 1.07131
20 46 1.13515
20 47 1.13515
20 48 1.13515
20 49 1.13515
20 50 1.13515
20 51 1.1028
20 52 1.08967
20 53 1.0787
20 54 1.07345
20 55 1.14711
20 56 1.14711
20 57 1.14711
20 58 1.14711
20 59 1.14711
20 60 1.10681
20 61 1.0919
20 62 1.07983
20 63 1.07408
20 64 1.13549
20 65 1.13549
20 66 1.13549
20 67 1.13549
20 68 1.13549
20 69 1.10321
20 70 1.09006
20 71 1.07902
20 72 1.07371
20 73 1.10152
20 74 1.10152
20 75 1.10152
20 76 1.10152
20 77 1.10152
20 78 1.08627
20 79 1.07924
20 80 1.07278
20 81 1.06975
20 82 1.11422
20 83 1.11422
20 84 1.11422
20 85 1.11422
20 86 1.11422
20 87 1.09346
20 88 1.08398
20 89 1.07562
20 90 1.07158
20 91 1.1186
20 92 1.1186
20 93 1.1186
20 94 1.1186
20 95 1.1186
20 96 1.09573
20 97 1.0855
20 98 1.07651
20 99 1.07212
20 100 1.1146
20 101 1.1146
20 102 1.1146
20 103 1.1146
20 104 1.1146
20 105 1.09391
20 106 1.08441
20 107 1.07597
20 108 1.0718
20 109 1.09132
20 110 1.09132
20 111 1.09132
20 112 1.09132
20 113 1.09132
20 114 1.07993
20 115 1.07455
20 116 1.06949
20 117 1.06728
20 118 1.09863
20 119 1.09863
20 120 1.09863
20 121 1.09863
20 122 1.09863
20 123 1.08458
20 124 1.07781
20 125 1.0717
20 126 1.06878
20 127 1.10084
20 128 1.10084
20 129 1.10084
20 130 1.10084
20 131 1.10084
20 132 1.08597
20 133 1.07887
20 134 1.0724
20 135 1.06921
20 136 1.09902
20 137 1.09902
20 138 1.09902
20 139 1.09902
20 140 1.09902
20 141 1.08503
20 142 1.07826
20 143 1.07206
20 144 1.06896
21 1 1.1181
21 2 1.1181
21 3 1.1181
21 4 1.1181
21 5 1.1181
21 6 1.09521
21 7 1.08494
21 8 1.07595
21 9 1.07157
21 10 1.16164
21 11 1.16164
21 12 1.16164
21 13 1.16164
21 14 1.16164
21 15 1.10998
21 16 1.09315
21 17 1.08006
21 18 1.07392
21 19 1.30423
21 20 1.30423
21 21 1.30423
21 22 1.30423
21 23 1.30423
21 24 1.11753
21 25 1.09628
21 26 1.08141
21 27 1.07462
21 28 1.16196
21 29 1.16196
21 30 1.16196
21 31 1.16196
21 32 1.16196
21 33 1.11032
21 34 1.09349
21 35 1.08037
21 36 1.0742
21 37 1.1115
21 38 1.1115
21 39 1.1115
21 40 1.1115
21 41 1.1115
21 42 1.09198
21 43 1.08305
21 44 1.07512
21 45 1.07131
