injected_el measured_el potential
1 1 1.30503
1 2 1.30503
1 3 1.30503
1 4 1.30503
1 5 1.30503
1 6 1.11834
1 7 1.09716
1 8 1.0825
1 9 1.07587
1 10 1.14682
1 11 1.14682
1 12 1.14682
1 13 1.14682
1 14 1.14682
1 15 1.10661
1 16 1.09173
1 17 1.07974
1 18 1.07406
1 19 1.11805
1 20 1.11805
1 21 1.11805
1 22 1.11805
1 23 1.11805
1 24 1.09528
1 25 1.08506
1 26 1.07608
1 27 1.07168
1 28 1.10049
1 29 1.10049
1 30 1.10049
1 31 1.10049
1 32 1.10049
1 33 1.08573
1 34 1.07861
1 35 1.07209
1 36 1.06883
1 37 1.14785
1 38 1.14785
1 39 1.14785
1 40 1.14785
1 41 1.14785
1 42 1.10739
1 43 1.09273
1 44 1.08093
1 45 1.07553
1 46 1.12922
1 47 1.12922
1 48 1.12922
1 49 1.12922
1 50 1.12922
1 51 1.10083
1 52 1.08877
1 53 1.0786
1 54 1.07374
1 55 1.11147
1 56 1.11147
1 57 1.11147
1 58 1.11147
1 59 1.11147
1 60 1.09227
1 61 1.08335
1 62 1.07538
1 63 1.07144
1 64 1.09743
1 65 1.09743
1 66 1.09743
1 67 1.09743
1 68 1.09743
1 69 1.08415
1 70 1.07767
1 71 1.07169
1 72 1.0687
1 73 1.11931
1 74 1.11931
1 75 1.11931
1 76 1.11931
1 77 1.11931
1 78 1.09655
1 79 1.08657
1 80 1.0777
1 81 1.07371
1 82 1.11169
1 83 1.11169
1 84 1.11169
1 85 1.11169
1 86 1.11169
1 87 1.09266
1 88 1.08367
1 89 1.07578
1 90 1.072
1 91 1.10151
1 92 1.10151
1 93 1.10151
1 94 1.10151
1 95 1.10151
1 96 1.08677
1 97 1.07963
1 98 1.07312
1 99 1.06989
1 100 1.09154
1 101 1.09154
1 102 1.09154
1 103 1.09154
1 104 1.09154
1 105 1.08049
1 106 1.07501
1 107 1.06992
1 108 1.06736
1 109 1.10155
1 110 1.10155
1 111 1.10155
1 112 1.10155
1 113 1.10155
1 114 1.08723
1 115 1.08022
1 116 1.07367
1 117 1.0709
1 118 1.09744
1 119 1.09744
1 120 1.09744
1 121 1.09744
1 122 1.09744
1 123 1.0846
1 124 1.07796
1 125 1.07208
1 126 1.06931
1 127 1.09133
1 128 1.09133
1 129 1.09133
1 130 1.09133
1 131 1.09133
1 132 1.08042
1 133 1.07496
1 134 1.06991
1 135 1.06742
1 136 1.08449
1 137 1.08449
1 138 1.08449
1 139 1.08449
1 140 1.08449
1 141 1.07574
1 142 1.07134
1 143 1.06723
1 144 1.06516
2 1 1.30503
2 2 1.30503
2 3 1.30503
2 4 1.30503
2 5 1.30503
2 6 1.11834
2 7 1.09716
2 8 1.0825
2 9 1.07587
2 10 1.14682
2 11 1.14682
2 12 1.14682
2 13 1.14682
2 14 1.14682
2 15 1.10661
2 16 1.09173
2 17 1.07974
2 18 1.07406
2 19 1.11805
2 20 1.11805
2 21 1.11805
2 22 1.11805
2 23 1.11805
2 24 1.09528
2 25 1.08506
2 26 1.07608
2 27 1.07168
2 28 1.10049
2 29 1.10049
2 30 1.10049
2 31 1.10049
2 32 1.10049
2 33 1.08573
2 34 1.07861
2 35 1.07209
2 36 1.06883
2 37 1.14785
2 38 1.14785
2 39 1.14785
2 40 1.14785
2 41 1.14785
2 42 1.10739
2 43 1.09273
2 44 1.08093
2 45 1.07553
2 46 1.12922
2 47 1.12922
2 48 1.12922
2 49 1.12922
2 50 1.12922
2 51 1.10083
2 52 1.08877
2 53 1.0786
2 54 1.07374
2 55 1.11147
2 56 1.11147
2 57 1.11147
2 58 1.11147
2 59 1.11147
2 60 1.09227
2 61 1.08335
2 62 1.07538
2 63 1.07144
2 64 1.09743
2 65 1.09743
2 66 1.09743
2 67 1.09743
2 68 1.09743
2 69 1.08415
2 70 1.07767
2 71 1.07169
2 72 1.0687
2 73 1.11931
2 74 1.11931
2 75 1.11931
2 76 1.11931
2 77 1.11931
2 78 1.09655
2 79 1.08657
2 80 1.0777
2 81 1.07371
2 82 1.11169
2 83 1.11169
2 84 1.11169
2 85 1.11169
2 86 1.11169
2 87 1.09266
2 88 1.08367
2 89 1.07578
2 90 1.072
2 91 1.10151
2 92 1.10151
2 93 1.10151
2 94 1.10151
2 95 1.10151
2 96 1.08677
2 97 1.07963
2 98 1.07312
2 99 1.06989
2 100 1.09154
2 101 1.09154
2 102 1.09154
2 103 1.09154
2 104 1.09154
2 105 1.08049
2 106 1.07501
2 107 1.06992
2 108 1.06736
2 109 1.10155
2 110 1.10155
2 111 1.10155
2 112 1.10155
2 113 1.10155
2 114 1.08723
2 115 1.08022
2 116 1.07367
2 117 1.0709
2 118 1.09744
2 119 1.09744
2 120 1.09744
2 121 1.09744
2 122 1.09744
2 123 1.0846
2 124 1.07796
2 125 1.07208
2 126 1.06931
2 127 1.09133
2 128 1.09133
2 129 1.09133
2 130 1.09133
2 131 1.09133
2 132 1.08042
2 133 1.07496
2 134 1.06991
2 135 1.06742
2 136 1.08449
2 137 1.08449
2 138 1.08449
2 139 1.08449
2 140 1.08449
2 141 1.07574
2 142 1.07134
2 143 1.06723
2 144 1.06516
3 1 1.30503
3 2 1.30503
3 3 1.30503
3 4 1.30503
3 5 1.30503
3 6 1.11834
3 7 1.09716
3 8 1.0825
3 9 1.07587
3 10 1.14682
3 11 1.14682
3 12 1.14682
3 13 1.14682
3 14 1.14682
3 15 1.10661
3 16 1.09173
3 17 1.07974
3 18 1.07406
3 19 1.11805
3 20 1.11805
3 21 1.11805
3 22 1.11805
3 23 1.11805
3 24 1.09528
3 25 1.08506
3 26 1.07608
3 27 1.07168
3 28 1.10049
3 29 1.10049
3 30 1.10049
3 31 1.10049
3 32 1.10049
3 33 1.08573
3 34 1.07861
3 35 1.07209
3 36 1.06883
3 37 1.14785
3 38 1.14785
3 39 1.14785
3 40 1.14785
3 41 1.14785
3 42 1.10739
3 43 1.09273
3 44 1.08093
3 45 1.07553
3 46 1.12922
3 47 1.12922
3 48 1.12922
3 49 1.12922
3 50 1.12922
3 51 1.10083
3 52 1.08877
3 53 1.0786
3 54 1.07374
3 55 1.11147
3 56 1.11147
3 57 1.11147
3 58 1.11147
3 59 1.11147
3 60 1.09227
3 61 1.08335
3 62 1.07538
3 63 1.07144
3 64 1.09743
3 65 1.09743
3 66 1.09743
3 67 1.09743
3 68 1.09743
3 69 1.08415
3 70 1.07767
3 71 1.07169
3 72 1.0687
3 73 1.11931
3 74 1.11931
3 75 1.11931
3 76 1.11931
3 77 1.11931
3 78 1.09655
3 79 1.08657
3 80 1.0777
3 81 1.07371
3 82 1.11169
3 83 1.11169
3 84 1.11169
3 85 1.11169
3 86 1.11169
3 87 1.09266
3 88 1.08367
3 89 1.07578
3 90 1.072
3 91 1.10151
3 92 1.10151
3 93 1.10151
3 94 1.10151
3 95 1.10151
3 96 1.08677
3 97 1.07963
3 98 1.07312
3 99 1.06989
3 100 1.09154
3 101 1.09154
3 102 1.09154
3 103 1.09154
3 104 1.09154
3 105 1.08049
3 106 1.07501
3 107 1.06992
3 108 1.06736
3 109 1.10155
3 110 1.10155
3 111 1.10155
3 112 1.10155
3 113 1.10155
3 114 1.08723
3 115 1.08022
3 116 1.07367
3 117 1.0709
3 118 1.09744
3 119 1.09744
3 120 1.09744
3 121 1.09744
3 122 1.09744
3 123 1.0846
3 124 1.07796
3 125 1.07208
3 126 1.06931
3 127 1.09133
3 128 1.09133
3 129 1.09133
3 130 1.09133
3 131 1.09133
3 132 1.08042
3 133 1.07496
3 134 1.06991
3 135 1.06742
3 136 1.08449
3 137 1.08449
3 138 1.08449
3 139 1.08449
3 140 1.08449
3 141 1.07574
3 142 1.07134
3 143 1.06723
3 144 1.06516
4 1 1.30503
4 2 1.30503
4 3 1.30503
4 4 1.30503
4 5 1.30503
4 6 1.11834
4 7 1.09716
4 8 1.0825
4 9 1.07587
4 10 1.14682
4 11 1.14682
4 12 1.14682
4 13 1.14682
4 14 1.14682
4 15 1.10661
4 16 1.09173
4 17 1.07974
4 18 1.07406
4 19 1.11805
4 20 1.11805
4 21 1.11805
4 22 1.11805
4 23 1.11805
4 24 1.09528
4 25 1.08506
4 26 1.07608
4 27 1.07168
4 28 1.10049
4 29 1.10049
4 30 1.10049
4 31 1.10049
4 32 1.10049
4 33 1.08573
4 34 1.07861
4 35 1.07209
4 36 1.06883
4 37 1.14785
4 38 1.14785
4 39 1.14785
4 40 1.14785
4 41 1.14785
4 42 1.10739
4 43 1.09273
4 44 1.08093
4 45 1.07553
4 46 1.12922
4 47 1.12922
4 48 1.12922
4 49 1.12922
4 50 1.12922
4 51 1.10083
4 52 1.08877
4 53 1.0786
4 54 1.07374
4 55 1.11147
4 56 1.11147
4 57 1.11147
4 58 1.11147
4 59 1.11147
4 60 1.09227
4 61 1.08335
4 62 1.07538
4 63 1.07144
4 64 1.09743
4 65 1.09743
4 66 1.09743
4 67 1.09743
4 68 1.09743
4 69 1.08415
4 70 1.07767
4 71 1.07169
4 72 1.0687
4 73 1.11931
4 74 1.11931
4 75 1.11931
4 76 1.11931
4 77 1.11931
4 78 1.09655
4 79 1.08657
4 80 1.0777
4 81 1.07371
4 82 1.11169
4 83 1.11169
4 84 1.11169
4 85 1.11169
4 86 1.11169
4 87 1.09266
4 88 1.08367
4 89 1.07578
4 90 1.072
4 91 1.10151
4 92 1.10151
4 93 1.10151
4 94 1.10151
4 95 1.10151
4 96 1.08677
4 97 1.07963
4 98 1.07312
4 99 1.06989
4 100 1.09154
4 101 1.09154
4 102 1.09154
4 103 1.09154
4 104 1.09154
4 105 1.08049
4 106 1.07501
4 107 1.06992
4 108 1.06736
4 109 1.10155
4 110 1.10155
4 111 1.10155
4 112 1.10155
4 113 1.10155
4 114 1.08723
4 115 1.08022
4 116 1.07367
4 117 1.0709
4 118 1.09744
4 119 1.09744
4 120 1.09744
4 121 1.09744
4 122 1.09744
4 123 1.0846
4 124 1.07796
4 125 1.07208
4 126 1.06931
4 127 1.09133
4 128 1.09133
4 129 1.09133
4 130 1.09133
4 131 1.09133
4 132 1.08042
4 133 1.07496
4 134 1.06991
4 135 1.06742
4 136 1.08449
4 137 1.08449
4 138 1.08449
4 139 1.08449
4 140 1.08449
4 141 1.07574
4 142 1.07134
4 143 1.06723
4 144 1.06516
5 1 1.30503
5 2 1.30503
5 3 1.30503
5 4 1.30503
5 5 1.30503
5 6 1.11834
5 7 1.09716
5 8 1.0825
5 9 1.07587
5 10 1.14682
5 11 1.14682
5 12 1.14682
5 13 1.14682
5 14 1.14682
5 15 1.10661
5 16 1.09173
5 17 1.07974
5 18 1.07406
5 19 1.11805
5 20 1.11805
5 21 1.11805
5 22 1.11805
5 23 1.11805
5 24 1.09528
5 25 1.08506
5 26 1.07608
5 27 1.07168
5 28 1.10049
5 29 1.10049
5 30 1.10049
5 31 1.10049
5 32 1.10049
5 33 1.08573
5 34 1.07861
5 35 1.07209
5 36 1.06883
5 37 1.14785
5 38 1.14785
5 39 1.14785
5 40 1.14785
5 41 1.14785
5 42 1.10739
5 43 1.09273
5 44 1.08093
5 45 1.07553
5 46 1.12922
5 47 1.12922
5 48 1.12922
5 49 1.12922
5 50 1.12922
5 51 1.10083
5 52 1.08877
5 53 1.0786
5 54 1.07374
5 55 1.11147
5 56 1.11147
5 57 1.11147
5 58 1.11147
5 59 1.11147
5 60 1.09227
5 61 1.08335
5 62 1.07538
5 63 1.07144
5 64 1.09743
5 65 1.09743
5 66 1.09743
5 67 1.09743
5 68 1.09743
5 69 1.08415
5 70 1.07767
5 71 1.07169
5 72 1.0687
5 73 1.11931
5 74 1.11931
5 75 1.11931
5 76 1.11931
5 77 1.11931
5 78 1.09655
5 79 1.08657
5 80 1.0777
5 81 1.07371
5 82 1.11169
5 83 1.11169
5 84 1.11169
5 85 1.11169
5 86 1.11169
5 87 1.09266
5 88 1.08367
5 89 1.07578
5 90 1.072
5 91 1.10151
5 92 1.10151
5 93 1.10151
5 94 1.10151
5 95 1.10151
5 96 1.08677
5 97 1.07963
5 98 1.07312
5 99 1.06989
5 100 1.09154
5 101 1.09154
5 102 1.09154
5 103 1.09154
5 104 1.09154
5 105 1.08049
5 106 1.07501
5 107 1.06992
5 108 1.06736
5 109 1.10155
5 110 1.10155
5 111 1.10155
5 112 1.10155
5 113 1.10155
5 114 1.08723
5 115 1.08022
5 116 1.07367
5 117 1.0709
5 118 1.09744
5 119 1.09744
5 120 1.09744
5 121 1.09744
5 122 1.09744
5 123 1.0846
5 124 1.07796
5 125 1.07208
5 126 1.06931
5 127 1.09133
5 128 1.09133
5 129 1.09133
5 130 1.09133
5 131 1.09133
5 132 1.08042
5 133 1.07496
5 134 1.06991
5 135 1.06742
5 136 1.08449
5 137 1.08449
5 138 1.08449
5 139 1.08449
5 140 1.08449
5 141 1.07574
5 142 1.07134
5 143 1.06723
5 144 1.06516
6 1 1.11834
6 2 1.11834
6 3 1.11834
6 4 1.11834
6 5 1.11834
6 6 6.91183
6 7 2.13822
6 8 1.39106
6 9 1.20509
6 10 1.10651
6 11 1.10651
6 12 1.10651
6 13 1.10651
6 14 1.10651
6 15 1.4439
6 16 1.36486
6 17 1.24228
6 18 1.17931
6 19 1.09517
6 20 1.09517
6 21 1.09517
6 22 1.09517
6 23 1.09517
6 24 1.19292
6 25 1.19236
6 26 1.16718
6 27 1.15035
6 28 1.08563
6 29 1.08563
6 30 1.08563
6 31 1.08563
6 32 1.08563
6 33 1.12413
6 34 1.13053
6 35 1.12856
6 36 1.12595
6 37 1.10795
6 38 1.10795
6 39 1.10795
6 40 1.10795
6 41 1.10795
6 42 1.43037
6 43 1.35657
6 44 1.23908
6 45 1.18057
6 46 1.10089
6 47 1.10089
6 48 1.10089
6 49 1.10089
6 50 1.10089
6 51 1.25568
6 52 1.24278
6 53 1.19337
6 54 1.1635
6 55 1.09224
6 56 1.09224
6 57 1.09224
6 58 1.09224
6 59 1.09224
6 60 1.15852
6 61 1.16285
6 62 1.15065
6 63 1.14142
6 64 1.08409
6 65 1.08409
6 66 1.08409
6 67 1.08409
6 68 1.08409
6 69 1.11515
6 70 1.12167
6 71 1.12204
6 72 1.12103
6 73 1.09717
6 74 1.09717
6 75 1.09717
6 76 1.09717
6 77 1.09717
6 78 1.18596
6 79 1.18758
6 80 1.16535
6 81 1.1516
6 82 1.09277
6 83 1.09277
6 84 1.09277
6 85 1.09277
6 86 1.09277
6 87 1.1562
6 88 1.16119
6 89 1.15
6 90 1.14154
6 91 1.08679
6 92 1.08679
6 93 1.08679
6 94 1.08679
6 95 1.08679
6 96 1.12447
6 97 1.13103
6 98 1.12943
6 99 1.127
6 100 1.08047
6 101 1.08047
6 102 1.08047
6 103 1.08047
6 104 1.08047
6 105 1.10244
6 106 1.10864
6 107 1.11131
6 108 1.11197
6 109 1.0876
6 110 1.0876
6 111 1.0876
6 112 1.0876
6 113 1.0876
6 114 1.12099
6 115 1.12805
6 116 1.12773
6 117 1.12676
6 118 1.08463
6 119 1.08463
6 120 1.08463
6 121 1.08463
6 122 1.08463
6 123 1.11282
6 124 1.11991
6 125 1.12121
6 126 1.12077
6 127 1.08048
6 128 1.08048
6 129 1.08048
6 130 1.08048
6 131 1.08048
6 132 1.10157
6 133 1.10785
6 134 1.1108
6 135 1.11161
6 136 1.07575
6 137 1.07575
6 138 1.07575
6 139 1.07575
6 140 1.07575
6 141 1.09063
6 142 1.09602
6 143 1.09969
6 144 1.10122
7 1 1.09716
7 2 1.09716
7 3 1.09716
7 4 1.09716
7 5 1.09716
7 6 2.13822
7 7 6.90338
7 8 1.98752
7 9 1.3134
7 10 1.09162
7 11 1.09162
7 12 1.09162
7 13 1.09162
7 14 1.09162
7 15 1.36455
7 16 1.46555
7 17 1.33975
7 18 1.24905
7 19 1.08492
7 20 1.08492
7 21 1.08492
7 22 1.08492
7 23 1.08492
7 24 1.19224
7 25 1.21947
7 26 1.20922
7 27 1.19584
7 28 1.07848
7 29 1.07848
7 30 1.07848
7 31 1.07848
7 32 1.07848
7 33 1.13051
7 34 1.14741
7 35 1.15498
7 36 1.15679
7 37 1.09312
7 38 1.09312
7 39 1.09312
7 40 1.09312
7 41 1.09312
7 42 1.35407
7 43 1.45429
7 44 1.33455
7 45 1.25011
7 46 1.08885
7 47 1.08885
7 48 1.08885
7 49 1.08885
7 50 1.08885
7 51 1.24242
7 52 1.28173
7 53 1.24908
7 54 1.218
7 55 1.08329
7 56 1.08329
7 57 1.08329
7 58 1.08329
7 59 1.08329
7 60 1.16268
7 61 1.18442
7 62 1.18512
7 63 1.18065
7 64 1.07758
7 65 1.07758
7 66 1.07758
7 67 1.07758
7 68 1.07758
7 69 1.12165
7 70 1.13708
7 71 1.1459
7 72 1.14897
7 73 1.08705
7 74 1.08705
7 75 1.08705
7 76 1.08705
7 77 1.08705
7 78 1.18503
7 79 1.21342
7 80 1.20634
7 81 1.19636
7 82 1.08389
7 83 1.08389
7 84 1.08389
7 85 1.08389
7 86 1.08389
7 87 1.16009
7 88 1.18254
7 89 1.18423
7 90 1.18044
7 91 1.07965
7 92 1.07965
7 93 1.07965
7 94 1.07965
7 95 1.07965
7 96 1.13077
7 97 1.14779
7 98 1.1558
7 99 1.15783
7 100 1.07498
7 101 1.07498
7 102 1.07498
7 103 1.07498
7 104 1.07498
7 105 1.10861
7 106 1.12182
7 107 1.13133
7 108 1.13543
7 109 1.08066
7 110 1.08066
7 111 1.08066
7 112 1.08066
7 113 1.08066
7 114 1.12632
7 115 1.14383
7 116 1.15325
7 117 1.15655
7 118 1.07827
7 119 1.07827
7 120 1.07827
7 121 1.07827
7 122 1.07827
7 123 1.11861
7 124 1.13485
7 125 1.14462
7 126 1.1481
7 127 1.07505
7 128 1.07505
7 129 1.07505
7 130 1.07505
7 131 1.07505
7 132 1.1075
7 133 1.12079
7 134 1.13059
7 135 1.1348
7 136 1.07135
7 137 1.07135
7 138 1.07135
7 139 1.07135
7 140 1.07135
7 141 1.09596
7 142 1.10674
7 143 1.1157
7 144 1.11993
8 1 1.0825
8 2 1.0825
8 3 1.0825
8 4 1.0825
8 5 1.0825
8 6 1.39106
8 7 1.98752
8 8 6.15836
8 9 1.54491
8 10 1.07968
8 11 1.07968
8 12 1.07968
8 13 1.07968
8 14 1.07968
8 15 1.24192
8 16 1.33915
8 17 1.39779
8 18 1.33489
8 19 1.07601
8 20 1.07601
8 21 1.07601
8 22 1.07601
8 23 1.07601
8 24 1.1671
8 25 1.20905
8 26 1.2371
8 27 1.24353
8 28 1.07202
8 29 1.07202
8 30 1.07202
8 31 1.07202
8 32 1.07202
8 33 1.12859
8 34 1.15492
8 35 1.177
8 36 1.18714
8 37 1.08122
8 38 1.08122
8 39 1.08122
8 40 1.08122
8 41 1.08122
8 42 1.23799
8 43 1.33529
8 44 1.39432
8 45 1.33552
8 46 1.07869
8 47 1.07869
8 48 1.07869
8 49 1.07869
8 50 1.07869
8 51 1.19305
8 52 1.24908
8 53 1.28136
8 54 1.27802
8 55 1.07537
8 56 1.07537
8 57 1.07537
8 58 1.07537
8 59 1.07537
8 60 1.15052
8 61 1.18501
8 62 1.21086
8 63 1.22055
8 64 1.07166
8 65 1.07166
8 66 1.07166
8 67 1.07166
8 68 1.07166
8 69 1.12207
8 70 1.14586
8 71 1.16646
8 72 1.17626
8 73 1.07821
8 74 1.07821
8 75 1.07821
8 76 1.07821
8 77 1.07821
8 78 1.16271
8 79 1.20565
8 80 1.23492
8 81 1.24297
8 82 1.07601
8 83 1.07601
8 84 1.07601
8 85 1.07601
8 86 1.07601
8 87 1.14861
8 88 1.18389
8 89 1.21018
8 90 1.21991
8 91 1.07318
8 92 1.07318
8 93 1.07318
8 94 1.07318
8 95 1.07318
8 96 1.12904
8 97 1.15555
8 98 1.17794
8 99 1.1882
8 100 1.06993
8 101 1.06993
8 102 1.06993
8 103 1.06993
8 104 1.06993
8 105 1.11127
8 106 1.13125
8 107 1.14924
8 108 1.15806
8 109 1.07432
8 110 1.07432
8 111 1.07432
8 112 1.07432
8 113 1.07432
8 114 1.12471
8 115 1.15174
8 116 1.17498
8 117 1.1856
8 118 1.07244
8 119 1.07244
8 120 1.07244
8 121 1.07244
8 122 1.07244
8 123 1.11904
8 124 1.14383
8 125 1.165
8 126 1.17467
8 127 1.07005
8 128 1.07005
8 129 1.07005
8 130 1.07005
8 131 1.07005
8 132 1.1101
8 133 1.13016
8 134 1.14832
8 135 1.15714
8 136 1.06727
8 137 1.06727
8 138 1.06727
8 139 1.06727
8 140 1.06727
8 141 1.09956
8 142 1.11556
8 143 1.1304
8 144 1.1378
9 1 1.07587
9 2 1.07587
9 3 1.07587
9 4 1.07587
9 5 1.07587
9 6 1.20509
9 7 1.3134
9 8 1.54491
9 9 2.14549
9 10 1.07406
9 11 1.07406
9 12 1.07406
9 13 1.07406
9 14 1.07406
9 15 1.17948
9 16 1.24908
9 17 1.33508
9 18 1.38822
9 19 1.07168
9 20 1.07168
9 21 1.07168
9 22 1.07168
9 23 1.07168
9 24 1.15048
9 25 1.19576
9 26 1.24345
9 27 1.26896
9 28 1.06882
9 29 1.06882
9 30 1.06882
9 31 1.06882
9 32 1.06882
9 33 1.12603
9 34 1.1567
9 35 1.18704
9 36 1.20272
9 37 1.07559
9 38 1.07559
9 39 1.07559
9 40 1.07559
9 41 1.07559
9 42 1.17829
9 43 1.24831
9 44 1.33376
9 45 1.38682
9 46 1.07378
9 47 1.07378
9 48 1.07378
9 49 1.07378
9 50 1.07378
9 51 1.16296
9 52 1.21766
9 53 1.27771
9 54 1.31044
9 55 1.07148
9 56 1.07148
9 57 1.07148
9 58 1.07148
9 59 1.07148
9 60 1.14127
9 61 1.18033
9 62 1.22022
9 63 1.24105
9 64 1.06871
9 65 1.06871
9 66 1.06871
9 67 1.06871
9 68 1.06871
9 69 1.121
9 70 1.14877
9 71 1.17601
9 72 1.19001
9 73 1.07387
9 74 1.07387
9 75 1.07387
9 76 1.07387
9 77 1.07387
9 78 1.14753
9 79 1.19359
9 80 1.24121
9 81 1.26671
9 82 1.07212
9 83 1.07212
9 84 1.07212
9 85 1.07212
9 86 1.07212
9 87 1.13969
9 88 1.17951
9 89 1.21941
9 90 1.23983
9 91 1.06996
9 92 1.06996
9 93 1.06996
9 94 1.06996
9 95 1.06996
9 96 1.1264
9 97 1.15721
9 98 1.18773
9 99 1.20337
9 100 1.0674
9 101 1.0674
9 102 1.0674
9 103 1.0674
9 104 1.0674
9 105 1.11181
9 106 1.13511
9 107 1.15774
9 108 1.16931
9 109 1.07114
9 110 1.07114
9 111 1.07114
9 112 1.07114
9 113 1.07114
9 114 1.12227
9 115 1.15357
9 116 1.18443
9 117 1.19978
9 118 1.0695
9 119 1.0695
9 120 1.0695
9 121 1.0695
9 122 1.0695
9 123 1.11795
9 124 1.14673
9 125 1.17419
9 126 1.18769
9 127 1.06752
9 128 1.06752
9 129 1.06752
9 130 1.06752
9 131 1.06752
9 132 1.11058
9 133 1.13393
9 134 1.15663
9 135 1.1681
9 136 1.06521
9 137 1.06521
9 138 1.06521
9 139 1.06521
9 140 1.06521
9 141 1.10092
9 142 1.11951
9 143 1.13745
9 144 1.14658
10 1 1.14682
10 2 1.14682
10 3 1.14682
10 4 1.14682
10 5 1.14682
10 6 1.10651
10 7 1.09162
10 8 1.07968
10 9 1.07406
10 10 1.30415
10 11 1.30415
10 12 1.30415
10 13 1.30415
10 14 1.30415
10 15 1.11747
10 16 1.09626
10 17 1.08149
10 18 1.07477
10 19 1.16159
10 20 1.16159
10 21 1.16159
10 22 1.16159
10 23 1.16159
10 24 1.11
10 25 1.0932
10 26 1.08014
10 27 1.07401
10 28 1.12576
10 29 1.12576
10 30 1.12576
10 31 1.12576
10 32 1.12576
10 33 1.09877
10 34 1.08716
10 35 1.07716
10 36 1.0723
10 37 1.12919
10 38 1.12919
10 39 1.12919
10 40 1.12919
10 41 1.12919
10 42 1.10039
10 43 1.08851
10 44 1.07845
10 45 1.07378
10 46 1.14699
10 47 1.14699
10 48 1.14699
10 49 1.14699
10 50 1.14699
10 51 1.10669
10 52 1.09181
10 53 1.0799
10 54 1.07433
10 55 1.13509
10 56 1.13509
10 57 1.13509
10 58 1.13509
10 59 1.13509
10 60 1.10286
10 61 1.08978
10 62 1.07884
10 63 1.07358
10 64 1.11692
10 65 1.11692
10 66 1.11692
10 67 1.11692
10 68 1.11692
10 69 1.09501
10 70 1.08507
10 71 1.07629
10 72 1.07197
10 73 1.11164
10 74 1.11164
10 75 1.11164
10 76 1.11164
10 77 1.11164
10 78 1.09211
10 79 1.08344
10 80 1.07561
10 81 1.07207
10 82 1.11845
10 83 1.11845
10 84 1.11845
10 85 1.11845
10 86 1.11845
10 87 1.09568
10 88 1.08545
10 89 1.07661
10 90 1.07244
10 91 1.11418
10 92 1.11418
10 93 1.11418
10 94 1.11418
10 95 1.11418
10 96 1.09359
10 97 1.08417
10 98 1.07582
10 99 1.07174
10 100 1.10493
10 101 1.10493
10 102 1.10493
10 103 1.10493
10 104 1.10493
10 105 1.08863
10 106 1.08086
10 107 1.0738
10 108 1.0703
10 109 1.09738
10 110 1.09738
10 111 1.09738
10 112 1.09738
10 113 1.09738
10 114 1.08422
10 115 1.07786
10 116 1.07191
10 117 1.06942
10 118 1.10067
10 119 1.10067
10 120 1.10067
10 121 1.10067
10 122 1.10067
10 123 1.08614
10 124 1.07894
10 125 1.07255
10 126 1.06961
10 127 1.09859
10 128 1.09859
10 129 1.09859
10 130 1.09859
10 131 1.09859
10 132 1.08476
10 133 1.07806
10 134 1.07195
10 135 1.06895
10 136 1.09347
10 137 1.09347
10 138 1.09347
10 139 1.09347
10 140 1.09347
10 141 1.0816
10 142 1.07578
10 143 1.0704
10 144 1.0677
11 1 1.14682
11 2 1.14682
11 3 1.14682
11 4 1.14682
11 5 1.14682
11 6 1.10651
11 7 1.09162
11 8 1.07968
11 9 1.07406
11 10 1.30415
11 11 1.30415
11 12 1.30415
11 13 1.30415
11 14 1.30415
11 15 1.11747
11 16 1.09626
11 17 1.08149
11 18 1.07477
11 19 1.16159
11 20 1.16159
11 21 1.16159
11 22 1.16159
11 23 1.16159
11 24 1.11
11 25 1.0932
11 26 1.08014
11 27 1.07401
11 28 1.12576
11 29 1.12576
11 30 1.12576
11 31 1.12576
11 32 1.12576
11 33 1.09877
11 34 1.08716
11 35 1.07716
11 36 1.0723
11 37 1.12919
11 38 1.12919
11 39 1.12919
11 40 1.12919
11 41 1.12919
11 42 1.10039
11 43 1.08851
11 44 1.07845
11 45 1.07378
11 46 1.14699
11 47 1.14699
11 48 1.14699
11 49 1.14699
11 50 1.14699
11 51 1.10669
11 52 1.09181
11 53 1.0799
11 54 1.07433
11 55 1.13509
11 56 1.13509
11 57 1.13509
11 58 1.13509
11 59 1.13509
11 60 1.10286
11 61 1.08978
11 62 1.07884
11 63 1.07358
11 64 1.11692
11 65 1.11692
11 66 1.11692
11 67 1.11692
11 68 1.11692
11 69 1.09501
11 70 1.08507
11 71 1.07629
11 72 1.07197
11 73 1.11164
11 74 1.11164
11 75 1.11164
11 76 1.11164
11 77 1.11164
11 78 1.09211
11 79 1.08344
11 80 1.07561
11 81 1.07207
11 82 1.11845
11 83 1.11845
11 84 1.11845
11 85 1.11845
11 86 1.11845
11 87 1.09568
11 88 1.08545
11 89 1.07661
11 90 1.07244
11 91 1.11418
11 92 1.11418
11 93 1.11418
11 94 1.11418
11 95 1.11418
11 96 1.09359
11 97 1.08417
11 98 1.07582
11 99 1.07174
11 100 1.10493
11 101 1.10493
11 102 1.10493
11 103 1.10493
11 104 1.10493
11 105 1.08863
11 106 1.08086
11 107 1.0738
11 108 1.0703
11 109 1.09738
11 110 1.09738
11 111 1.09738
11 112 1.09738
11 113 1.09738
11 114 1.08422
11 115 1.07786
11 116 1.07191
11 117 1.06942
11 118 1.10067
11 119 1.10067
11 120 1.10067
11 121 1.10067
11 122 1.10067
11 123 1.08614
11 124 1.07894
11 125 1.07255
11 126 1.06961
11 127 1.09859
11 128 1.09859
11 129 1.09859
11 130 1.09859
11 131 1.09859
11 132 1.08476
11 133 1.07806
11 134 1.07195
11 135 1.06895
11 136 1.09347
11 137 1.09347
11 138 1.09347
11 139 1.09347
11 140 1.09347
11 141 1.0816
11 142 1.07578
11 143 1.0704
11 144 1.0677
12 1 1.14682
12 2 1.14682
12 3 1.14682
12 4 1.14682
12 5 1.14682
12 6 1.10651
12 7 1.09162
12 8 1.07968
12 9 1.07406
12 10 1.30415
12 11 1.30415
12 12 1.30415
12 13 1.30415
12 14 1.30415
12 15 1.11747
12 16 1.09626
12 17 1.08149
12 18 1.07477
12 19 1.16159
12 20 1.16159
12 21 1.16159
12 22 1.16159
12 23 1.16159
12 24 1.11
12 25 1.0932
12 26 1.08014
12 27 1.07401
12 28 1.12576
12 29 1.12576
12 30 1.12576
12 31 1.12576
12 32 1.12576
12 33 1.09877
12 34 1.08716
12 35 1.07716
12 36 1.0723
12 37 1.12919
12 38 1.12919
12 39 1.12919
12 40 1.12919
12 41 1.12919
12 42 1.10039
12 43 1.08851
12 44 1.07845
12 45 1.07378
12 46 1.14699
12 47 1.14699
12 48 1.14699
12 49 1.14699
12 50 1.14699
12 51 1.10669
12 52 1.09181
12 53 1.0799
12 54 1.07433
12 55 1.13509
12 56 1.13509
12 57 1.13509
12 58 1.13509
12 59 1.13509
12 60 1.10286
12 61 1.08978
12 62 1.07884
12 63 1.07358
12 64 1.11692
12 65 1.11692
12 66 1.11692
12 67 1.11692
12 68 1.11692
12 69 1.09501
12 70 1.08507
12 71 1.07629
12 72 1.07197
12 73 1.11164
12 74 1.11164
12 75 1.11164
12 76 1.11164
12 77 1.11164
12 78 1.09211
12 79 1.08344
12 80 1.07561
12 81 1.07207
12 82 1.11845
12 83 1.11845
12 84 1.11845
12 85 1.11845
12 86 1.11845
12 87 1.09568
12 88 1.08545
12 89 1.07661
12 90 1.07244
12 91 1.11418
12 92 1.11418
12 93 1.11418
12 94 1.11418
12 95 1.11418
12 96 1.09359
12 97 1.08417
12 98 1.07582
12 99 1.07174
12 100 1.10493
12 101 1.10493
12 102 1.10493
12 103 1.10493
12 104 1.10493
12 105 1.08863
12 106 1.08086
12 107 1.0738
12 108 1.0703
12 109 1.09738
12 110 1.09738
12 111 1.09738
12 112 1.09738
12 113 1.09738
12 114 1.08422
12 115 1.07786
12 116 1.07191
12 117 1.06942
12 118 1.10067
12 119 1.10067
12 120 1.10067
12 121 1.10067
12 122 1.10067
12 123 1.08614
12 124 1.07894
12 125 1.07255
12 126 1.06961
12 127 1.09859
12 128 1.09859
12 129 1.09859
12 130 1.09859
12 131 1.09859
12 132 1.08476
12 133 1.07806
12 134 1.07195
12 135 1.06895
12 136 1.09347
12 137 1.09347
12 138 1.09347
12 139 1.09347
12 140 1.09347
12 141 1.0816
12 142 1.07578
12 143 1.0704
12 144 1.0677
13 1 1.14682
13 2 1.14682
13 3 1.14682
13 4 1.14682
13 5 1.14682
13 6 1.10651
13 7 1.09162
13 8 1.07968
13 9 1.07406
13 10 1.30415
13 11 1.30415
13 12 1.30415
13 13 1.30415
13 14 1.30415
13 15 1.11747
13 16 1.09626
13 17 1.08149
13 18 1.07477
13 19 1.16159
13 20 1.16159
13 21 1.16159
13 22 1.16159
13 23 1.16159
13 24 1.11
13 25 1.0932
13 26 1.08014
13 27 1.07401
13 28 1.12576
13 29 1.12576
13 30 1.12576
13 31 1.12576
13 32 1.12576
13 33 1.09877
13 34 1.08716
13 35 1.07716
13 36 1.0723
13 37 1.12919
13 38 1.12919
13 39 1.12919
13 40 1.12919
13 41 1.12919
13 42 1.10039
13 43 1.08851
13 44 1.07845
13 45 1.07378
13 46 1.14699
13 47 1.14699
13 48 1.14699
13 49 1.14699
13 50 1.14699
13 51 1.10669
13 52 1.09181
13 53 1.0799
13 54 1.07433
13 55 1.13509
13 56 1.13509
13 57 1.13509
13 58 1.13509
13 59 1.13509
13 60 1.10286
13 61 1.08978
13 62 1.07884
13 63 1.07358
13 64 1.11692
13 65 1.11692
13 66 1.11692
13 67 1.11692
13 68 1.11692
13 69 1.09501
13 70 1.08507
13 71 1.07629
13 72 1.07197
13 73 1.11164
13 74 1.11164
13 75 1.11164
13 76 1.11164
13 77 1.11164
13 78 1.09211
13 79 1.08344
13 80 1.07561
13 81 1.07207
13 82 1.11845
13 83 1.11845
13 84 1.11845
13 85 1.11845
13 86 1.11845
13 87 1.09568
13 88 1.08545
13 89 1.07661
13 90 1.07244
13 91 1.11418
13 92 1.11418
13 93 1.11418
13 94 1.11418
13 95 1.11418
13 96 1.09359
13 97 1.08417
13 98 1.07582
13 99 1.07174
13 100 1.10493
13 101 1.10493
13 102 1.10493
13 103 1.10493
13 104 1.10493
13 105 1.08863
13 106 1.08086
13 107 1.0738
13 108 1.0703
13 109 1.09738
13 110 1.09738
13 111 1.09738
13 112 1.09738
13 113 1.09738
13 114 1.08422
13 115 1.07786
13 116 1.07191
13 117 1.06942
13 118 1.10067
13 119 1.10067
13 120 1.10067
13 121 1.10067
13 122 1.10067
13 123 1.08614
13 124 1.07894
13 125 1.07255
13 126 1.06961
13 127 1.09859
13 128 1.09859
13 129 1.09859
13 130 1.09859
13 131 1.09859
13 132 1.08476
13 133 1.07806
13 134 1.07195
13 135 1.06895
13 136 1.09347
13 137 1.09347
13 138 1.09347
13 139 1.09347
13 140 1.09347
13 141 1.0816
13 142 1.07578
13 143 1.0704
13 144 1.0677
14 1 1.14682
14 2 1.14682
14 3 1.14682
14 4 1.14682
14 5 1.14682
14 6 1.10651
14 7 1.09162
14 8 1.07968
14 9 1.07406
14 10 1.30415
14 11 1.30415
14 12 1.30415
14 13 1.30415
14 14 1.30415
14 15 1.11747
14 16 1.09626
14 17 1.08149
14 18 1.07477
14 19 1.16159
14 20 1.16159
14 21 1.16159
14 22 1.16159
14 23 1.16159
14 24 1.11
14 25 1.0932
14 26 1.08014
14 27 1.07401
14 28 1.12576
14 29 1.12576
14 30 1.12576
14 31 1.12576
14 32 1.12576
14 33 1.09877
14 34 1.08716
14 35 1.07716
14 36 1.0723
14 37 1.12919
14 38 1.12919
14 39 1.12919
14 40 1.12919
14 41 1.12919
14 42 1.10039
14 43 1.08851
14 44 1.07845
14 45 1.07378
14 46 1.14699
14 47 1.14699
14 48 1.14699
14 49 1.14699
14 50 1.14699
14 51 1.10669
14 52 1.09181
14 53 1.0799
14 54 1.07433
14 55 1.13509
14 56 1.13509
14 57 1.13509
14 58 1.13509
14 59 1.13509
14 60 1.10286
14 61 1.08978
14 62 1.07884
14 63 1.07358
14 64 1.11692
14 65 1.11692
14 66 1.11692
14 67 1.11692
14 68 1.11692
14 69 1.09501
14 70 1.08507
14 71 1.07629
14 72 1.07197
14 73 1.11164
14 74 1.11164
14 75 1.11164
14 76 1.11164
14 77 1.11164
14 78 1.09211
14 79 1.08344
14 80 1.07561
14 81 1.07207
14 82 1.11845
14 83 1.11845
14 84 1.11845
14 85 1.11845
14 86 1.11845
14 87 1.09568
14 88 1.08545
14 89 1.07661
14 90 1.07244
14 91 1.11418
14 92 1.11418
14 93 1.11418
14 94 1.11418
14 95 1.11418
14 96 1.09359
14 97 1.08417
14 98 1.07582
14 99 1.07174
14 100 1.10493
14 101 1.10493
14 102 1.10493
14 103 1.10493
14 104 1.10493
14 105 1.08863
14 106 1.08086
14 107 1.0738
14 108 1.0703
14 109 1.09738
14 110 1.09738
14 111 1.09738
14 112 1.09738
14 113 1.09738
14 114 1.08422
14 115 1.07786
14 116 1.07191
14 117 1.06942
14 118 1.10067
14 119 1.10067
14 120 1.10067
14 121 1.10067
14 122 1.10067
14 123 1.08614
14 124 1.07894
14 125 1.07255
14 126 1.06961
14 127 1.09859
14 128 1.09859
14 129 1.09859
14 130 1.09859
14 131 1.09859
14 132 1.08476
14 133 1.07806
14 134 1.07195
14 135 1.06895
14 136 1.09347
14 137 1.09347
14 138 1.09347
14 139 1.09347
14 140 1.09347
14 141 1.0816
14 142 1.07578
14 143 1.0704
14 144 1.0677
15 1 1.10661
15 2 1.10661
15 3 1.10661
15 4 1.10661
15 5 1.10661
15 6 1.4439
15 7 1.36455
15 8 1.24192
15 9 1.17948
15 10 1.11747
15 11 1.11747
15 12 1.11747
15 13 1.11747
15 14 1.11747
15 15 6.91875
15 16 2.14376
15 17 1.39311
15 18 1.20427
15 19 1.10994
15 20 1.10994
15 21 1.10994
15 22 1.10994
15 23 1.10994
15 24 1.68087
15 25 1.48431
15 26 1.28105
15 27 1.18836
15 28 1.0987
15 29 1.0987
15 30 1.0987
15 31 1.0987
15 32 1.0987
15 33 1.24164
15 34 1.23157
15 35 1.18716
15 36 1.1598
15 37 1.10099
15 38 1.10099
15 39 1.10099
15 40 1.10099
15 41 1.10099
15 42 1.25083
15 43 1.2396
15 44 1.1916
15 45 1.16351
15 46 1.10686
15 47 1.10686
15 48 1.10686
15 49 1.10686
15 50 1.10686
15 51 1.44278
15 52 1.36393
15 53 1.24142
15 54 1.17936
15 55 1.10289
15 56 1.10289
15 57 1.10289
15 58 1.10289
15 59 1.10289
15 60 1.30974
15 61 1.28268
15 62 1.21084
15 63 1.16954
15 64 1.09498
15 65 1.09498
15 66 1.09498
15 67 1.09498
15 68 1.09498
15 69 1.18417
15 70 1.18544
15 71 1.16378
15 72 1.14887
15 73 1.09285
15 74 1.09285
15 75 1.09285
15 76 1.09285
15 77 1.09285
15 78 1.15212
15 79 1.15837
15 80 1.14834
15 81 1.14133
15 82 1.09594
15 83 1.09594
15 84 1.09594
15 85 1.09594
15 86 1.09594
15 87 1.18949
15 88 1.18999
15 89 1.16584
15 90 1.15036
15 91 1.09368
15 92 1.09368
15 93 1.09368
15 94 1.09368
15 95 1.09368
15 96 1.17045
15 97 1.17346
15 98 1.15679
15 99 1.14495
15 100 1.08863
15 101 1.08863
15 102 1.08863
15 103 1.08863
15 104 1.08863
15 105 1.13541
15 106 1.14147
15 107 1.13664
15 108 1.1321
15 109 1.08468
15 110 1.08468
15 111 1.08468
15 112 1.08468
15 113 1.08468
15 114 1.11069
15 115 1.11804
15 116 1.12003
15 117 1.12044
15 118 1.08635
15 119 1.08635
15 120 1.08635
15 121 1.08635
15 122 1.08635
15 123 1.12089
15 124 1.1281
15 125 1.12713
15 126 1.12552
15 127 1.0849
15 128 1.0849
15 129 1.0849
15 130 1.0849
15 131 1.0849
15 132 1.11737
15 133 1.124
15 134 1.12387
15 135 1.12257
15 136 1.08165
15 137 1.08165
15 138 1.08165
15 139 1.08165
15 140 1.08165
15 141 1.10635
15 142 1.11269
15 143 1.11472
15 144 1.1149
16 1 1.09173
16 2 1.09173
16 3 1.09173
16 4 1.09173
16 5 1.09173
16 6 1.36486
16 7 1.46555
16 8 1.33915
16 9 1.24908
16 10 1.09626
16 11 1.09626
16 12 1.09626
16 13 1.09626
16 14 1.09626
16 15 2.14376
16 16 6.92244
16 17 1.99498
16 18 1.31231
16 19 1.09313
16 20 1.09313
16 21 1.09313
16 22 1.09313
16 23 1.09313
16 24 1.48412
16 25 1.69904
16 26 1.42991
16 27 1.26873
16 28 1.08707
16 29 1.08707
16 30 1.08707
16 31 1.08707
16 32 1.08707
16 33 1.2315
16 34 1.2681
16 35 1.23952
16 36 1.21203
16 37 1.08898
16 38 1.08898
16 39 1.08898
16 40 1.08898
16 41 1.08898
16 42 1.23831
16 43 1.27814
16 44 1.24663
16 45 1.21771
16 46 1.09201
16 47 1.09201
16 48 1.09201
16 49 1.09201
16 50 1.09201
16 51 1.36375
16 52 1.46487
16 53 1.33835
16 54 1.24877
16 55 1.08979
16 56 1.08979
16 57 1.08979
16 58 1.08979
16 59 1.08979
16 60 1.28245
16 61 1.33494
16 62 1.27797
16 63 1.22941
16 64 1.08502
16 65 1.08502
16 66 1.08502
16 67 1.08502
16 68 1.08502
16 69 1.18539
16 70 1.21071
16 71 1.20363
16 72 1.19282
16 73 1.08402
16 74 1.08402
16 75 1.08402
16 76 1.08402
16 77 1.08402
16 78 1.15605
16 79 1.17926
16 80 1.18205
16 81 1.17987
16 82 1.0858
16 83 1.0858
16 84 1.0858
16 85 1.0858
16 86 1.0858
16 87 1.18869
16 88 1.21685
16 89 1.20731
16 90 1.19528
16 91 1.08425
16 92 1.08425
16 93 1.08425
16 94 1.08425
16 95 1.08425
16 96 1.17308
16 97 1.19673
16 98 1.19376
16 99 1.18637
16 100 1.08085
16 101 1.08085
16 102 1.08085
16 103 1.08085
16 104 1.08085
16 105 1.14141
16 106 1.15974
16 107 1.16558
16 108 1.16576
16 109 1.07838
16 110 1.07838
16 111 1.07838
16 112 1.07838
16 113 1.07838
16 114 1.11626
16 115 1.13251
16 116 1.14308
16 117 1.14742
16 118 1.07937
16 119 1.07937
16 120 1.07937
16 121 1.07937
16 122 1.07937
16 123 1.12655
16 124 1.14442
16 125 1.15287
16 126 1.15557
16 127 1.07823
16 128 1.07823
16 129 1.07823
16 130 1.07823
16 131 1.07823
16 132 1.12355
16 133 1.13964
16 134 1.14833
16 135 1.15124
16 136 1.07582
16 137 1.07582
16 138 1.07582
16 139 1.07582
16 140 1.07582
16 141 1.11261
16 142 1.12654
16 143 1.13593
16 144 1.13978
17 1 1.07974
17 2 1.07974
17 3 1.07974
17 4 1.07974
17 5 1.07974
17 6 1.24228
17 7 1.33975
17 8 1.39779
17 9 1.33508
17 10 1.08149
17 11 1.08149
17 12 1.08149
17 13 1.08149
17 14 1.08149
17 15 1.39311
17 16 1.99498
17 17 6.25193
17 18 1.54452
17 19 1.08009
17 20 1.08009
17 21 1.08009
17 22 1.08009
17 23 1.08009
17 24 1.28069
17 25 1.42928
17 26 1.55378
17 27 1.37813
17 28 1.0771
17 29 1.0771
17 30 1.0771
17 31 1.0771
17 32 1.0771
17 33 1.18702
17 34 1.2393
17 35 1.27027
17 36 1.26908
17 37 1.07877
17 38 1.07877
17 39 1.07877
17 40 1.07877
17 41 1.07877
17 42 1.19048
17 43 1.24662
17 44 1.27902
17 45 1.27741
17 46 1.08005
17 47 1.08005
17 48 1.08005
17 49 1.08005
17 50 1.08005
17 51 1.24136
17 52 1.33892
17 53 1.39672
17 54 1.33457
17 55 1.07885
17 56 1.07885
17 57 1.07885
17 58 1.07885
17 59 1.07885
17 60 1.21051
17 61 1.27766
17 62 1.31355
17 63 1.29799
17 64 1.07626
17 65 1.07626
17 66 1.07626
17 67 1.07626
17 68 1.07626
17 69 1.16367
17 70 1.20348
17 71 1.23077
17 72 1.23861
17 73 1.07613
17 74 1.07613
17 75 1.07613
17 76 1.07613
17 77 1.07613
17 78 1.1454
17 79 1.18096
17 80 1.20788
17 81 1.21894
17 82 1.07691
17 83 1.07691
17 84 1.07691
17 85 1.07691
17 86 1.07691
17 87 1.1644
17 88 1.20721
17 89 1.23534
17 90 1.24246
17 91 1.0759
17 92 1.0759
17 93 1.0759
17 94 1.0759
17 95 1.0759
17 96 1.15621
17 97 1.19341
17 98 1.22012
17 99 1.22908
17 100 1.07381
17 101 1.07381
17 102 1.07381
17 103 1.07381
17 104 1.07381
17 105 1.13649
17 106 1.16542
17 107 1.18893
17 108 1.19932
17 109 1.07256
17 110 1.07256
17 111 1.07256
17 112 1.07256
17 113 1.07256
17 114 1.11677
17 115 1.14138
17 116 1.16327
17 117 1.17363
17 118 1.07299
17 119 1.07299
17 120 1.07299
17 121 1.07299
17 122 1.07299
17 123 1.12474
17 124 1.15214
17 125 1.17464
17 126 1.18516
17 127 1.07211
17 128 1.07211
17 129 1.07211
17 130 1.07211
17 131 1.07211
17 132 1.12299
17 133 1.14783
17 134 1.16923
17 135 1.17937
17 136 1.07044
17 137 1.07044
17 138 1.07044
17 139 1.07044
17 140 1.07044
17 141 1.11449
17 142 1.13572
17 143 1.15468
17 144 1.16392
18 1 1.07406
18 2 1.07406
18 3 1.07406
18 4 1.07406
18 5 1.07406
18 6 1.17931
18 7 1.24905
18 8 1.33489
18 9 1.38822
18 10 1.07477
18 11 1.07477
18 12 1.07477
18 13 1.07477
18 14 1.07477
18 15 1.20427
18 16 1.31231
18 17 1.54452
18 18 2.14615
18 19 1.074
18 20 1.074
18 21 1.074
18 22 1.074
18 23 1.074
18 24 1.18842
18 25 1.26871
18 26 1.37835
18 27 1.45628
18 28 1.07228
18 29 1.07228
18 30 1.07228
18 31 1.07228
18 32 1.07228
18 33 1.15986
18 34 1.21203
18 35 1.26921
18 36 1.30079
18 37 1.07383
18 38 1.07383
18 39 1.07383
18 40 1.07383
18 41 1.07383
18 42 1.16131
18 43 1.21617
18 44 1.27625
18 45 1.30992
18 46 1.07438
18 47 1.07438
18 48 1.07438
18 49 1.07438
18 50 1.07438
18 51 1.17862
18 52 1.2484
18 53 1.33413
18 54 1.38774
18 55 1.07361
18 56 1.07361
18 57 1.07361
18 58 1.07361
18 59 1.07361
18 60 1.16932
18 61 1.22916
18 62 1.29792
18 63 1.33727
18 64 1.07198
18 65 1.07198
18 66 1.07198
18 67 1.07198
18 68 1.07198
18 69 1.14885
18 70 1.19272
18 71 1.23861
18 72 1.26308
18 73 1.07222
18 74 1.07222
18 75 1.07222
18 76 1.07222
18 77 1.07222
18 78 1.13722
18 79 1.17723
18 80 1.2176
18 81 1.23902
18 82 1.07256
18 83 1.07256
18 84 1.07256
18 85 1.07256
18 86 1.07256
18 87 1.14821
18 88 1.19428
18 89 1.24179
18 90 1.26749
18 91 1.07181
18 92 1.07181
18 93 1.07181
18 94 1.07181
18 95 1.07181
18 96 1.14425
18 97 1.18578
18 98 1.2288
18 99 1.2516
18 100 1.07033
18 101 1.07033
18 102 1.07033
18 103 1.07033
18 104 1.07033
18 105 1.13194
18 106 1.16554
18 107 1.19922
18 108 1.21673
18 109 1.06964
18 110 1.06964
18 111 1.06964
18 112 1.06964
18 113 1.06964
18 114 1.11595
18 115 1.14455
18 116 1.17274
18 117 1.1868
18 118 1.06981
18 119 1.06981
18 120 1.06981
18 121 1.06981
18 122 1.06981
18 123 1.12231
18 124 1.15407
18 125 1.18454
18 126 1.20023
18 127 1.06906
18 128 1.06906
18 129 1.06906
18 130 1.06906
18 131 1.06906
18 132 1.12137
18 133 1.15034
18 134 1.17896
18 135 1.19375
18 136 1.06775
18 137 1.06775
18 138 1.06775
18 139 1.06775
18 140 1.06775
18 141 1.11459
18 142 1.13943
18 143 1.16375
18 144 1.17623
19 1 1.11805
19 2 1.11805
19 3 1.11805
19 4 1.11805
19 5 1.11805
19 6 1.09517
19 7 1.08492
19 8 1.07601
19 9 1.07168
19 10 1.16159
19 11 1.16159
19 12 1.16159
19 13 1.16159
19 14 1.16159
19 15 1.10994
19 16 1.09313
19 17 1.08009
19 18 1.074
19 19 1.30418
19 20 1.30418
19 21 1.30418
19 22 1.30418
19 23 1.30418
19 24 1.11751
19 25 1.09629
19 26 1.08146
19 27 1.07468
19 28 1.16193
19 29 1.16193
19 30 1.16193
19 31 1.16193
19 32 1.16193
19 33 1.11032
19 34 1.0935
19 35 1.08041
19 36 1.07425
19 37 1.11143
19 38 1.11143
19 39 1.11143
19 40 1.11143
19 41 1.11143
19 42 1.09183
19 43 1.083
19 44 1.07518
19 45 1.07149
19 46 1.13508
19 47 1.13508
19 48 1.13508
19 49 1.13508
19 50 1.13508
19 51 1.10271
19 52 1.0896
19 53 1.07872
19 54 1.07358
19 55 1.14705
19 56 1.14705
19 57 1.14705
19 58 1.14705
19 59 1.14705
19 60 1.10677
19 61 1.0919
19 62 1.07988
19 63 1.07418
19 64 1.13545
19 65 1.13545
19 66 1.13545
19 67 1.13545
19 68 1.13545
19 69 1.1032
19 70 1.09008
19 71 1.07908
19 72 1.07378
19 73 1.10143
19 74 1.10143
19 75 1.10143
19 76 1.10143
19 77 1.10143
19 78 1.08619
19 79 1.07925
19 80 1.07287
19 81 1.06998
19 82 1.11413
19 83 1.11413
19 84 1.11413
19 85 1.11413
19 86 1.11413
19 87 1.0934
19 88 1.08394
19 89 1.07565
19 90 1.07175
19 91 1.11854
19 92 1.11854
19 93 1.11854
19 94 1.11854
19 95 1.11854
19 96 1.09569
19 97 1.08551
19 98 1.07658
19 99 1.07224
19 100 1.11455
19 101 1.11455
19 102 1.11455
19 103 1.11455
19 104 1.11455
19 105 1.0939
19 106 1.08444
19 107 1.07604
19 108 1.0719
19 109 1.09123
19 110 1.09123
19 111 1.09123
19 112 1.09123
19 113 1.09123
19 114 1.08009
19 115 1.07471
19 116 1.06967
19 117 1.06756
19 118 1.09853
19 119 1.09853
19 120 1.09853
19 121 1.09853
19 122 1.09853
19 123 1.08463
19 124 1.07783
19 125 1.07176
19 126 1.06899
19 127 1.10077
19 128 1.10077
19 129 1.10077
19 130 1.10077
19 131 1.10077
19 132 1.08596
19 133 1.0789
19 134 1.07249
19 135 1.06936
19 136 1.09897
19 137 1.09897
19 138 1.09897
19 139 1.09897
19 140 1.09897
19 141 1.08503
19 142 1.07831
19 143 1.07214
19 144 1.06907
20 1 1.11805
20 2 1.11805
20 3 1.11805
20 4 1.11805
20 5 1.11805
20 6 1.09517
20 7 1.08492
20 8 1.07601
20 9 1.07168
20 10 1.16159
20 11 1.16159
20 12 1.16159
20 13 1.16159
20 14 1.16159
20 15 1.10994
20 16 1.09313
20 17 1.08009
20 18 1.074
20 19 1.30418
20 20 1.30418
20 21 1.30418
20 22 1.30418
20 23 1.30418
20 24 1.11751
20 25 1.09629
20 26 1.08146
20 27 1.07468
20 28 1.16193
20 29 1.16193
20 30 1.16193
20 31 1.16193
20 32 1.16193
20 33 1.11032
20 34 1.0935
20 35 1.08041
20 36 1.07425
20 37 1.11143
20 38 1.11143
20 39 1.11143
20 40 1.11143
20 41 1.11143
20 42 1.09183
20 43 1.083
20 44 1.07518
20 45 1.07149
20 46 1.13508
20 47 1.13508
20 48 1.13508
20 49 1.13508
20 50 1.13508
20 51 1.10271
20 52 1.0896
20 53 1.07872
20 54 1.07358
20 55 1.14705
20 56 1.14705
20 57 1.14705
20 58 1.14705
20 59 1.14705
20 60 1.10677
20 61 1.0919
20 62 1.07988
20 63 1.07418
20 64 1.13545
20 65 1.13545
20 66 1.13545
20 67 1.13545
20 68 1.13545
20 69 1.1032
20 70 1.09008
20 71 1.07908
20 72 1.07378
20 73 1.10143
20 74 1.10143
20 75 1.10143
20 76 1.10143
20 77 1.10143
20 78 1.08619
20 79 1.07925
20 80 1.07287
20 81 1.06998
20 82 1.11413
20 83 1.11413
20 84 1.11413
20 85 1.11413
20 86 1.11413
20 87 1.0934
20 88 1.08394
20 89 1.07565
20 90 1.07175
20 91 1.11854
20 92 1.11854
20 93 1.11854
20 94 1.11854
20 95 1.11854
20 96 1.09569
20 97 1.08551
20 98 1.07658
20 99 1.07224
20 100 1.11455
20 101 1.11455
20 102 1.11455
20 103 1.11455
20 104 1.11455
20 105 1.0939
20 106 1.08444
20 107 1.07604
20 108 1.0719
20 109 1.09123
20 110 1.09123
20 111 1.09123
20 112 1.09123
20 113 1.09123
20 114 1.08009
20 115 1.07471
20 116 1.06967
20 117 1.06756
20 118 1.09853
20 119 1.09853
20 120 1.09853
20 121 1.09853
20 122 1.09853
20 123 1.08463
20 124 1.07783
20 125 1.07176
20 126 1.06899
20 127 1.10077
20 128 1.10077
20 129 1.10077
20 130 1.10077
20 131 1.10077
20 132 1.08596
20 133 1.0789
20 134 1.07249
20 135 1.06936
20 136 1.09897
20 137 1.09897
20 138 1.09897
20 139 1.09897
20 140 1.09897
20 141 1.08503
20 142 1.07831
20 143 1.07214
20 144 1.06907
21 1 1.11805
21 2 1.11805
21 3 1.11805
21 4 1.11805
21 5 1.11805
21 6 1.09517
21 7 1.08492
21 8 1.07601
21 9 1.07168
21 10 1.16159
21 11 1.16159
21 12 1.16159
21 13 1.16159
21 14 1.16159
21 15 1.10994
21 16 1.09313
21 17 1.08009
21 18 1.074
21 19 1.30418
21 20 1.30418
21 21 1.30418
21 22 1.30418
21 23 1.30418
21 24 1.11751
21 25 1.09629
21 26 1.08146
21 27 1.07468
21 28 1.16193
21 29 1.16193
21 30 1.16193
21 31 1.16193
21 32 1.16193
21 33 1.11032
