injected_el measured_el potential
1 1 1.30517
1 2 1.30517
1 3 1.30517
1 4 1.30517
1 5 1.30517
1 6 1.11847
1 7 1.09722
1 8 1.08238
1 9 1.07561
1 10 1.14694
1 11 1.14694
1 12 1.14694
1 13 1.14694
1 14 1.14694
1 15 1.10665
1 16 1.0917
1 17 1.0796
1 18 1.07384
1 19 1.11815
1 20 1.11815
1 21 1.11815
1 22 1.11815
1 23 1.11815
1 24 1.09528
1 25 1.085
1 26 1.07594
1 27 1.07149
1 28 1.10057
1 29 1.10057
1 30 1.10057
1 31 1.10057
1 32 1.10057
1 33 1.08572
1 34 1.07854
1 35 1.07196
1 36 1.06868
1 37 1.14806
1 38 1.14806
1 39 1.14806
1 40 1.14806
1 41 1.14806
1 42 1.10771
1 43 1.0928
1 44 1.08077
1 45 1.07509
1 46 1.12939
1 47 1.12939
1 48 1.12939
1 49 1.12939
1 50 1.12939
1 51 1.10085
1 52 1.08874
1 53 1.0784
1 54 1.07339
1 55 1.11159
1 56 1.11159
1 57 1.11159
1 58 1.11159
1 59 1.11159
1 60 1.09225
1 61 1.08324
1 62 1.07516
1 63 1.07117
1 64 1.09753
1 65 1.09753
1 66 1.09753
1 67 1.09753
1 68 1.09753
1 69 1.0841
1 70 1.07756
1 71 1.07151
1 72 1.06849
1 73 1.11957
1 74 1.11957
1 75 1.11957
1 76 1.11957
1 77 1.11957
1 78 1.09662
1 79 1.08642
1 80 1.07745
1 81 1.07313
1 82 1.11188
1 83 1.11188
1 84 1.11188
1 85 1.11188
1 86 1.11188
1 87 1.09254
1 88 1.08355
1 89 1.07551
1 90 1.07155
1 91 1.10165
1 92 1.10165
1 93 1.10165
1 94 1.10165
1 95 1.10165
1 96 1.08667
1 97 1.07945
1 98 1.07284
1 99 1.06954
1 100 1.09164
1 101 1.09164
1 102 1.09164
1 103 1.09164
1 104 1.09164
1 105 1.08041
1 106 1.07486
1 107 1.06969
1 108 1.0671
1 109 1.1018
1 110 1.1018
1 111 1.1018
1 112 1.1018
1 113 1.1018
1 114 1.08693
1 115 1.07981
1 116 1.0733
1 117 1.07022
1 118 1.09764
1 119 1.09764
1 120 1.09764
1 121 1.09764
1 122 1.09764
1 123 1.08423
1 124 1.0777
1 125 1.07173
1 126 1.06877
1 127 1.09147
1 128 1.09147
1 129 1.09147
1 130 1.09147
1 131 1.09147
1 132 1.08024
1 133 1.07471
1 134 1.06957
1 135 1.067
1 136 1.08458
1 137 1.08458
1 138 1.08458
1 139 1.08458
1 140 1.08458
1 141 1.07561
1 142 1.07114
1 143 1.06695
1 144 1.06485
2 1 1.30517
2 2 1.30517
2 3 1.30517
2 4 1.30517
2 5 1.30517
2 6 1.11847
2 7 1.09722
2 8 1.08238
2 9 1.07561
2 10 1.14694
2 11 1.14694
2 12 1.14694
2 13 1.14694
2 14 1.14694
2 15 1.10665
2 16 1.0917
2 17 1.0796
2 18 1.07384
2 19 1.11815
2 20 1.11815
2 21 1.11815
2 22 1.11815
2 23 1.11815
2 24 1.09528
2 25 1.085
2 26 1.07594
2 27 1.07149
2 28 1.10057
2 29 1.10057
2 30 1.10057
2 31 1.10057
2 32 1.10057
2 33 1.08572
2 34 1.07854
2 35 1.07196
2 36 1.06868
2 37 1.14806
2 38 1.14806
2 39 1.14806
2 40 1.14806
2 41 1.14806
2 42 1.10771
2 43 1.0928
2 44 1.08077
2 45 1.07509
2 46 1.12939
2 47 1.12939
2 48 1.12939
2 49 1.12939
2 50 1.12939
2 51 1.10085
2 52 1.08874
2 53 1.0784
2 54 1.07339
2 55 1.11159
2 56 1.11159
2 57 1.11159
2 58 1.11159
2 59 1.11159
2 60 1.09225
2 61 1.08324
2 62 1.07516
2 63 1.07117
2 64 1.09753
2 65 1.09753
2 66 1.09753
2 67 1.09753
2 68 1.09753
2 69 1.0841
2 70 1.07756
2 71 1.07151
2 72 1.06849
2 73 1.11957
2 74 1.11957
2 75 1.11957
2 76 1.11957
2 77 1.11957
2 78 1.09662
2 79 1.08642
2 80 1.07745
2 81 1.07313
2 82 1.11188
2 83 1.11188
2 84 1.11188
2 85 1.11188
2 86 1.11188
2 87 1.09254
2 88 1.08355
2 89 1.07551
2 90 1.07155
2 91 1.10165
2 92 1.10165
2 93 1.10165
2 94 1.10165
2 95 1.10165
2 96 1.08667
2 97 1.07945
2 98 1.07284
2 99 1.06954
2 100 1.09164
2 101 1.09164
2 102 1.09164
2 103 1.09164
2 104 1.09164
2 105 1.08041
2 106 1.07486
2 107 1.06969
2 108 1.0671
2 109 1.1018
2 110 1.1018
2 111 1.1018
2 112 1.1018
2 113 1.1018
2 114 1.08693
2 115 1.07981
2 116 1.0733
2 117 1.07022
2 118 1.09764
2 119 1.09764
2 120 1.09764
2 121 1.09764
2 122 1.09764
2 123 1.08423
2 124 1.0777
2 125 1.07173
2 126 1.06877
2 127 1.09147
2 128 1.09147
2 129 1.09147
2 130 1.09147
2 131 1.09147
2 132 1.08024
2 133 1.07471
2 134 1.06957
2 135 1.067
2 136 1.08458
2 137 1.08458
2 138 1.08458
2 139 1.08458
2 140 1.08458
2 141 1.07561
2 142 1.07114
2 143 1.06695
2 144 1.06485
3 1 1.30517
3 2 1.30517
3 3 1.30517
3 4 1.30517
3 5 1.30517
3 6 1.11847
3 7 1.09722
3 8 1.08238
3 9 1.07561
3 10 1.14694
3 11 1.14694
3 12 1.14694
3 13 1.14694
3 14 1.14694
3 15 1.10665
3 16 1.0917
3 17 1.0796
3 18 1.07384
3 19 1.11815
3 20 1.11815
3 21 1.11815
3 22 1.11815
3 23 1.11815
3 24 1.09528
3 25 1.085
3 26 1.07594
3 27 1.07149
3 28 1.10057
3 29 1.10057
3 30 1.10057
3 31 1.10057
3 32 1.10057
3 33 1.08572
3 34 1.07854
3 35 1.07196
3 36 1.06868
3 37 1.14806
3 38 1.14806
3 39 1.14806
3 40 1.14806
3 41 1.14806
3 42 1.10771
3 43 1.0928
3 44 1.08077
3 45 1.07509
3 46 1.12939
3 47 1.12939
3 48 1.12939
3 49 1.12939
3 50 1.12939
3 51 1.10085
3 52 1.08874
3 53 1.0784
3 54 1.07339
3 55 1.11159
3 56 1.11159
3 57 1.11159
3 58 1.11159
3 59 1.11159
3 60 1.09225
3 61 1.08324
3 62 1.07516
3 63 1.07117
3 64 1.09753
3 65 1.09753
3 66 1.09753
3 67 1.09753
3 68 1.09753
3 69 1.0841
3 70 1.07756
3 71 1.07151
3 72 1.06849
3 73 1.11957
3 74 1.11957
3 75 1.11957
3 76 1.11957
3 77 1.11957
3 78 1.09662
3 79 1.08642
3 80 1.07745
3 81 1.07313
3 82 1.11188
3 83 1.11188
3 84 1.11188
3 85 1.11188
3 86 1.11188
3 87 1.09254
3 88 1.08355
3 89 1.07551
3 90 1.07155
3 91 1.10165
3 92 1.10165
3 93 1.10165
3 94 1.10165
3 95 1.10165
3 96 1.08667
3 97 1.07945
3 98 1.07284
3 99 1.06954
3 100 1.09164
3 101 1.09164
3 102 1.09164
3 103 1.09164
3 104 1.09164
3 105 1.08041
3 106 1.07486
3 107 1.06969
3 108 1.0671
3 109 1.1018
3 110 1.1018
3 111 1.1018
3 112 1.1018
3 113 1.1018
3 114 1.08693
3 115 1.07981
3 116 1.0733
3 117 1.07022
3 118 1.09764
3 119 1.09764
3 120 1.09764
3 121 1.09764
3 122 1.09764
3 123 1.08423
3 124 1.0777
3 125 1.07173
3 126 1.06877
3 127 1.09147
3 128 1.09147
3 129 1.09147
3 130 1.09147
3 131 1.09147
3 132 1.08024
3 133 1.07471
3 134 1.06957
3 135 1.067
3 136 1.08458
3 137 1.08458
3 138 1.08458
3 139 1.08458
3 140 1.08458
3 141 1.07561
3 142 1.07114
3 143 1.06695
3 144 1.06485
4 1 1.30517
4 2 1.30517
4 3 1.30517
4 4 1.30517
4 5 1.30517
4 6 1.11847
4 7 1.09722
4 8 1.08238
4 9 1.07561
4 10 1.14694
4 11 1.14694
4 12 1.14694
4 13 1.14694
4 14 1.14694
4 15 1.10665
4 16 1.0917
4 17 1.0796
4 18 1.07384
4 19 1.11815
4 20 1.11815
4 21 1.11815
4 22 1.11815
4 23 1.11815
4 24 1.09528
4 25 1.085
4 26 1.07594
4 27 1.07149
4 28 1.10057
4 29 1.10057
4 30 1.10057
4 31 1.10057
4 32 1.10057
4 33 1.08572
4 34 1.07854
4 35 1.07196
4 36 1.06868
4 37 1.14806
4 38 1.14806
4 39 1.14806
4 40 1.14806
4 41 1.14806
4 42 1.10771
4 43 1.0928
4 44 1.08077
4 45 1.07509
4 46 1.12939
4 47 1.12939
4 48 1.12939
4 49 1.12939
4 50 1.12939
4 51 1.10085
4 52 1.08874
4 53 1.0784
4 54 1.07339
4 55 1.11159
4 56 1.11159
4 57 1.11159
4 58 1.11159
4 59 1.11159
4 60 1.09225
4 61 1.08324
4 62 1.07516
4 63 1.07117
4 64 1.09753
4 65 1.09753
4 66 1.09753
4 67 1.09753
4 68 1.09753
4 69 1.0841
4 70 1.07756
4 71 1.07151
4 72 1.06849
4 73 1.11957
4 74 1.11957
4 75 1.11957
4 76 1.11957
4 77 1.11957
4 78 1.09662
4 79 1.08642
4 80 1.07745
4 81 1.07313
4 82 1.11188
4 83 1.11188
4 84 1.11188
4 85 1.11188
4 86 1.11188
4 87 1.09254
4 88 1.08355
4 89 1.07551
4 90 1.07155
4 91 1.10165
4 92 1.10165
4 93 1.10165
4 94 1.10165
4 95 1.10165
4 96 1.08667
4 97 1.07945
4 98 1.07284
4 99 1.06954
4 100 1.09164
4 101 1.09164
4 102 1.09164
4 103 1.09164
4 104 1.09164
4 105 1.08041
4 106 1.07486
4 107 1.06969
4 108 1.0671
4 109 1.1018
4 110 1.1018
4 111 1.1018
4 112 1.1018
4 113 1.1018
4 114 1.08693
4 115 1.07981
4 116 1.0733
4 117 1.07022
4 118 1.09764
4 119 1.09764
4 120 1.09764
4 121 1.09764
4 122 1.09764
4 123 1.08423
4 124 1.0777
4 125 1.07173
4 126 1.06877
4 127 1.09147
4 128 1.09147
4 129 1.09147
4 130 1.09147
4 131 1.09147
4 132 1.08024
4 133 1.07471
4 134 1.06957
4 135 1.067
4 136 1.08458
4 137 1.08458
4 138 1.08458
4 139 1.08458
4 140 1.08458
4 141 1.07561
4 142 1.07114
4 143 1.06695
4 144 1.06485
5 1 1.30517
5 2 1.30517
5 3 1.30517
5 4 1.30517
5 5 1.30517
5 6 1.11847
5 7 1.09722
5 8 1.08238
5 9 1.07561
5 10 1.14694
5 11 1.14694
5 12 1.14694
5 13 1.14694
5 14 1.14694
5 15 1.10665
5 16 1.0917
5 17 1.0796
5 18 1.07384
5 19 1.11815
5 20 1.11815
5 21 1.11815
5 22 1.11815
5 23 1.11815
5 24 1.09528
5 25 1.085
5 26 1.07594
5 27 1.07149
5 28 1.10057
5 29 1.10057
5 30 1.10057
5 31 1.10057
5 32 1.10057
5 33 1.08572
5 34 1.07854
5 35 1.07196
5 36 1.06868
5 37 1.14806
5 38 1.14806
5 39 1.14806
5 40 1.14806
5 41 1.14806
5 42 1.10771
5 43 1.0928
5 44 1.08077
5 45 1.07509
5 46 1.12939
5 47 1.12939
5 48 1.12939
5 49 1.12939
5 50 1.12939
5 51 1.10085
5 52 1.08874
5 53 1.0784
5 54 1.07339
5 55 1.11159
5 56 1.11159
5 57 1.11159
5 58 1.11159
5 59 1.11159
5 60 1.09225
5 61 1.08324
5 62 1.07516
5 63 1.07117
5 64 1.09753
5 65 1.09753
5 66 1.09753
5 67 1.09753
5 68 1.09753
5 69 1.0841
5 70 1.07756
5 71 1.07151
5 72 1.06849
5 73 1.11957
5 74 1.11957
5 75 1.11957
5 76 1.11957
5 77 1.11957
5 78 1.09662
5 79 1.08642
5 80 1.07745
5 81 1.07313
5 82 1.11188
5 83 1.11188
5 84 1.11188
5 85 1.11188
5 86 1.11188
5 87 1.09254
5 88 1.08355
5 89 1.07551
5 90 1.07155
5 91 1.10165
5 92 1.10165
5 93 1.10165
5 94 1.10165
5 95 1.10165
5 96 1.08667
5 97 1.07945
5 98 1.07284
5 99 1.06954
5 100 1.09164
5 101 1.09164
5 102 1.09164
5 103 1.09164
5 104 1.09164
5 105 1.08041
5 106 1.07486
5 107 1.06969
5 108 1.0671
5 109 1.1018
5 110 1.1018
5 111 1.1018
5 112 1.1018
5 113 1.1018
5 114 1.08693
5 115 1.07981
5 116 1.0733
5 117 1.07022
5 118 1.09764
5 119 1.09764
5 120 1.09764
5 121 1.09764
5 122 1.09764
5 123 1.08423
5 124 1.0777
5 125 1.07173
5 126 1.06877
5 127 1.09147
5 128 1.09147
5 129 1.09147
5 130 1.09147
5 131 1.09147
5 132 1.08024
5 133 1.07471
5 134 1.06957
5 135 1.067
5 136 1.08458
5 137 1.08458
5 138 1.08458
5 139 1.08458
5 140 1.08458
5 141 1.07561
5 142 1.07114
5 143 1.06695
5 144 1.06485
6 1 1.11847
6 2 1.11847
6 3 1.11847
6 4 1.11847
6 5 1.11847
6 6 6.92118
6 7 2.14635
6 8 1.39529
6 9 1.20579
6 10 1.10662
6 11 1.10662
6 12 1.10662
6 13 1.10662
6 14 1.10662
6 15 1.4467
6 16 1.36777
6 17 1.24389
6 18 1.18004
6 19 1.09526
6 20 1.09526
6 21 1.09526
6 22 1.09526
6 23 1.09526
6 24 1.19406
6 25 1.19357
6 26 1.16806
6 27 1.151
6 28 1.08569
6 29 1.08569
6 30 1.08569
6 31 1.08569
6 32 1.08569
6 33 1.12466
6 34 1.13113
6 35 1.12913
6 36 1.12647
6 37 1.10782
6 38 1.10782
6 39 1.10782
6 40 1.10782
6 41 1.10782
6 42 1.44594
6 43 1.36717
6 44 1.24409
6 45 1.1811
6 46 1.10087
6 47 1.10087
6 48 1.10087
6 49 1.10087
6 50 1.10087
6 51 1.25951
6 52 1.24647
6 53 1.19533
6 54 1.16422
6 55 1.09224
6 56 1.09224
6 57 1.09224
6 58 1.09224
6 59 1.09224
6 60 1.15996
6 61 1.16429
6 62 1.15161
6 63 1.14209
6 64 1.08409
6 65 1.08409
6 66 1.08409
6 67 1.08409
6 68 1.08409
6 69 1.11572
6 70 1.12233
6 71 1.12264
6 72 1.12155
6 73 1.09682
6 74 1.09682
6 75 1.09682
6 76 1.09682
6 77 1.09682
6 78 1.19341
6 79 1.19333
6 80 1.16852
6 81 1.15217
6 82 1.09259
6 83 1.09259
6 84 1.09259
6 85 1.09259
6 86 1.09259
6 87 1.15979
6 88 1.16415
6 89 1.15164
6 90 1.14224
6 91 1.08669
6 92 1.08669
6 93 1.08669
6 94 1.08669
6 95 1.08669
6 96 1.12579
6 97 1.13232
6 98 1.13031
6 99 1.12762
6 100 1.08041
6 101 1.08041
6 102 1.08041
6 103 1.08041
6 104 1.08041
6 105 1.10294
6 106 1.10923
6 107 1.11185
6 108 1.11246
6 109 1.08716
6 110 1.08716
6 111 1.08716
6 112 1.08716
6 113 1.08716
6 114 1.12391
6 115 1.13077
6 116 1.12925
6 117 1.12729
6 118 1.08433
6 119 1.08433
6 120 1.08433
6 121 1.08433
6 122 1.08433
6 123 1.11516
6 124 1.12182
6 125 1.12232
6 126 1.12139
6 127 1.0803
6 128 1.0803
6 129 1.0803
6 130 1.0803
6 131 1.0803
6 132 1.10255
6 133 1.10883
6 134 1.1115
6 135 1.11215
6 136 1.07563
6 137 1.07563
6 138 1.07563
6 139 1.07563
6 140 1.07563
6 141 1.09099
6 142 1.09647
6 143 1.10012
6 144 1.10163
7 1 1.09722
7 2 1.09722
7 3 1.09722
7 4 1.09722
7 5 1.09722
7 6 2.14635
7 7 6.92582
7 8 1.99823
7 9 1.31408
7 10 1.09167
7 11 1.09167
7 12 1.09167
7 13 1.09167
7 14 1.09167
7 15 1.36767
7 16 1.46936
7 17 1.34179
7 18 1.24992
7 19 1.08496
7 20 1.08496
7 21 1.08496
7 22 1.08496
7 23 1.08496
7 24 1.19353
7 25 1.22092
7 26 1.2103
7 27 1.19667
7 28 1.07851
7 29 1.07851
7 30 1.07851
7 31 1.07851
7 32 1.07851
7 33 1.13112
7 34 1.14814
7 35 1.15569
7 36 1.15747
7 37 1.0929
7 38 1.0929
7 39 1.0929
7 40 1.0929
7 41 1.0929
7 42 1.36708
7 43 1.46841
7 44 1.34168
7 45 1.25092
7 46 1.08875
7 47 1.08875
7 48 1.08875
7 49 1.08875
7 50 1.08875
7 51 1.24639
7 52 1.28594
7 53 1.25139
7 54 1.219
7 55 1.08323
7 56 1.08323
7 57 1.08323
7 58 1.08323
7 59 1.08323
7 60 1.16425
7 61 1.1861
7 62 1.18633
7 63 1.18157
7 64 1.07754
7 65 1.07754
7 66 1.07754
7 67 1.07754
7 68 1.07754
7 69 1.12232
7 70 1.13789
7 71 1.14668
7 72 1.14972
7 73 1.08659
7 74 1.08659
7 75 1.08659
7 76 1.08659
7 77 1.08659
7 78 1.19281
7 79 1.22043
7 80 1.21048
7 81 1.19759
7 82 1.0836
7 83 1.0836
7 84 1.0836
7 85 1.0836
7 86 1.0836
7 87 1.16403
7 88 1.18588
7 89 1.18626
7 90 1.18161
7 91 1.07947
7 92 1.07947
7 93 1.07947
7 94 1.07947
7 95 1.07947
7 96 1.13229
7 97 1.14936
7 98 1.15699
7 99 1.15881
7 100 1.07486
7 101 1.07486
7 102 1.07486
7 103 1.07486
7 104 1.07486
7 105 1.10922
7 106 1.12259
7 107 1.1321
7 108 1.13618
7 109 1.08007
7 110 1.08007
7 111 1.08007
7 112 1.08007
7 113 1.08007
7 114 1.13
7 115 1.1474
7 116 1.1554
7 117 1.15789
7 118 1.07783
7 119 1.07783
7 120 1.07783
7 121 1.07783
7 122 1.07783
7 123 1.12159
7 124 1.1372
7 125 1.14616
7 126 1.14933
7 127 1.07477
7 128 1.07477
7 129 1.07477
7 130 1.07477
7 131 1.07477
7 132 1.10876
7 133 1.1221
7 134 1.13165
7 135 1.13576
7 136 1.07116
7 137 1.07116
7 138 1.07116
7 139 1.07116
7 140 1.07116
7 141 1.09646
7 142 1.10741
7 143 1.11641
7 144 1.12064
8 1 1.08238
8 2 1.08238
8 3 1.08238
8 4 1.08238
8 5 1.08238
8 6 1.39529
8 7 1.99823
8 8 6.26059
8 9 1.5468
8 10 1.07958
8 11 1.07958
8 12 1.07958
8 13 1.07958
8 14 1.07958
8 15 1.24374
8 16 1.34155
8 17 1.39999
8 18 1.33636
8 19 1.07592
8 20 1.07592
8 21 1.07592
8 22 1.07592
8 23 1.07592
8 24 1.168
8 25 1.21021
8 26 1.23831
8 27 1.24473
8 28 1.07194
8 29 1.07194
8 30 1.07194
8 31 1.07194
8 32 1.07194
8 33 1.1291
8 34 1.15565
8 35 1.17788
8 36 1.18809
8 37 1.08085
8 38 1.08085
8 39 1.08085
8 40 1.08085
8 41 1.08085
8 42 1.24413
8 43 1.34205
8 44 1.40047
8 45 1.33727
8 46 1.07841
8 47 1.07841
8 48 1.07841
8 49 1.07841
8 50 1.07841
8 51 1.19525
8 52 1.25132
8 53 1.28309
8 54 1.27961
8 55 1.07516
8 56 1.07516
8 57 1.07516
8 58 1.07516
8 59 1.07516
8 60 1.15157
8 61 1.18628
8 62 1.21212
8 63 1.22187
8 64 1.0715
8 65 1.0715
8 66 1.0715
8 67 1.0715
8 68 1.0715
8 69 1.12262
8 70 1.14665
8 71 1.16741
8 72 1.17728
8 73 1.0776
8 74 1.0776
8 75 1.0776
8 76 1.0776
8 77 1.0776
8 78 1.16794
8 79 1.21033
8 80 1.23864
8 81 1.24538
8 82 1.07556
8 83 1.07556
8 84 1.07556
8 85 1.07556
8 86 1.07556
8 87 1.15145
8 88 1.18615
8 89 1.21204
8 90 1.2218
8 91 1.07286
8 92 1.07286
8 93 1.07286
8 94 1.07286
8 95 1.07286
8 96 1.13024
8 97 1.15693
8 98 1.17931
8 99 1.18963
8 100 1.0697
8 101 1.0697
8 102 1.0697
8 103 1.0697
8 104 1.0697
8 105 1.11183
8 106 1.13207
8 107 1.15023
8 108 1.15913
8 109 1.07357
8 110 1.07357
8 111 1.07357
8 112 1.07357
8 113 1.07357
8 114 1.12813
8 115 1.15503
8 116 1.17743
8 117 1.1881
8 118 1.07184
8 119 1.07184
8 120 1.07184
8 121 1.07184
8 122 1.07184
8 123 1.1219
8 124 1.14594
8 125 1.16676
8 126 1.17667
8 127 1.06963
8 128 1.06963
8 129 1.06963
8 130 1.06963
8 131 1.06963
8 132 1.11134
8 133 1.13154
8 134 1.14969
8 135 1.15861
8 136 1.06698
8 137 1.06698
8 138 1.06698
8 139 1.06698
8 140 1.06698
8 141 1.10008
8 142 1.11636
8 143 1.13136
8 144 1.13885
9 1 1.07561
9 2 1.07561
9 3 1.07561
9 4 1.07561
9 5 1.07561
9 6 1.20579
9 7 1.31408
9 8 1.5468
9 9 2.14851
9 10 1.07384
9 11 1.07384
9 12 1.07384
9 13 1.07384
9 14 1.07384
9 15 1.18005
9 16 1.24988
9 17 1.33641
9 18 1.39033
9 19 1.07149
9 20 1.07149
9 21 1.07149
9 22 1.07149
9 23 1.07149
9 24 1.151
9 25 1.19663
9 26 1.24473
9 27 1.27055
9 28 1.06867
9 29 1.06867
9 30 1.06867
9 31 1.06867
9 32 1.06867
9 33 1.12647
9 34 1.15743
9 35 1.18808
9 36 1.20392
9 37 1.07511
9 38 1.07511
9 39 1.07511
9 40 1.07511
9 41 1.07511
9 42 1.18078
9 43 1.25075
9 44 1.33705
9 45 1.39067
9 46 1.07341
9 47 1.07341
9 48 1.07341
9 49 1.07341
9 50 1.07341
9 51 1.16414
9 52 1.21889
9 53 1.27952
9 54 1.31317
9 55 1.07118
9 56 1.07118
9 57 1.07118
9 58 1.07118
9 59 1.07118
9 60 1.14205
9 61 1.18149
9 62 1.22181
9 63 1.243
9 64 1.06849
9 65 1.06849
9 66 1.06849
9 67 1.06849
9 68 1.06849
9 69 1.12154
9 70 1.14967
9 71 1.17725
9 72 1.19144
9 73 1.07319
9 74 1.07319
9 75 1.07319
9 76 1.07319
9 77 1.07319
9 78 1.15124
9 79 1.19695
9 80 1.24495
9 81 1.27074
9 82 1.07159
9 83 1.07159
9 84 1.07159
9 85 1.07159
9 86 1.07159
9 87 1.14197
9 88 1.18137
9 89 1.22164
9 90 1.24279
9 91 1.06957
9 92 1.06957
9 93 1.06957
9 94 1.06957
9 95 1.06957
9 96 1.12752
9 97 1.15867
9 98 1.18953
9 99 1.20548
9 100 1.06711
9 101 1.06711
9 102 1.06711
9 103 1.06711
9 104 1.06711
9 105 1.11242
9 106 1.1361
9 107 1.15907
9 108 1.17082
9 109 1.07033
9 110 1.07033
9 111 1.07033
9 112 1.07033
9 113 1.07033
9 114 1.12556
9 115 1.15682
9 116 1.18743
9 117 1.20351
9 118 1.06885
9 119 1.06885
9 120 1.06885
9 121 1.06885
9 122 1.06885
9 123 1.12079
9 124 1.1489
9 125 1.17645
9 126 1.19062
9 127 1.06705
9 128 1.06705
9 129 1.06705
9 130 1.06705
9 131 1.06705
9 132 1.11191
9 133 1.13553
9 134 1.15847
9 135 1.17021
9 136 1.06487
9 137 1.06487
9 138 1.06487
9 139 1.06487
9 140 1.06487
9 141 1.10155
9 142 1.12053
9 143 1.13878
9 144 1.14808
10 1 1.14694
10 2 1.14694
10 3 1.14694
10 4 1.14694
10 5 1.14694
10 6 1.10662
10 7 1.09167
10 8 1.07958
10 9 1.07384
10 10 1.30426
10 11 1.30426
10 12 1.30426
10 13 1.30426
10 14 1.30426
10 15 1.11754
10 16 1.09627
10 17 1.08139
10 18 1.07459
10 19 1.16169
10 20 1.16169
10 21 1.16169
10 22 1.16169
10 23 1.16169
10 24 1.11002
10 25 1.09317
10 26 1.08004
10 27 1.07386
10 28 1.12584
10 29 1.12584
10 30 1.12584
10 31 1.12584
10 32 1.12584
10 33 1.09877
10 34 1.08711
10 35 1.07707
10 36 1.07218
10 37 1.12938
10 38 1.12938
10 39 1.12938
10 40 1.12938
10 41 1.12938
10 42 1.10076
10 43 1.08865
10 44 1.07834
10 45 1.07339
10 46 1.14715
10 47 1.14715
10 48 1.14715
10 49 1.14715
10 50 1.14715
10 51 1.10682
10 52 1.09188
10 53 1.07979
10 54 1.07404
10 55 1.13523
10 56 1.13523
10 57 1.13523
10 58 1.13523
10 59 1.13523
10 60 1.10291
10 61 1.08973
10 62 1.07868
10 63 1.07336
10 64 1.11702
10 65 1.11702
10 66 1.11702
10 67 1.11702
10 68 1.11702
10 69 1.09501
10 70 1.085
10 71 1.07615
10 72 1.0718
10 73 1.11187
10 74 1.11187
10 75 1.11187
10 76 1.11187
10 77 1.11187
10 78 1.09236
10 79 1.08344
10 80 1.07544
10 81 1.07156
10 82 1.11865
10 83 1.11865
10 84 1.11865
10 85 1.11865
10 86 1.11865
10 87 1.09574
10 88 1.08547
10 89 1.07647
10 90 1.07206
10 91 1.11432
10 92 1.11432
10 93 1.11432
10 94 1.11432
10 95 1.11432
10 96 1.0936
10 97 1.08408
10 98 1.07562
10 99 1.07145
10 100 1.10504
10 101 1.10504
10 102 1.10504
10 103 1.10504
10 104 1.10504
10 105 1.08861
10 106 1.08077
10 107 1.07363
10 108 1.07008
10 109 1.09761
10 110 1.09761
10 111 1.09761
10 112 1.09761
10 113 1.09761
10 114 1.08403
10 115 1.07758
10 116 1.07161
10 117 1.0688
10 118 1.10088
10 119 1.10088
10 120 1.10088
10 121 1.10088
10 122 1.10088
10 123 1.08598
10 124 1.07884
10 125 1.07235
10 126 1.06914
10 127 1.09875
10 128 1.09875
10 129 1.09875
10 130 1.09875
10 131 1.09875
10 132 1.08471
10 133 1.07792
10 134 1.0717
10 135 1.0686
10 136 1.09358
10 137 1.09358
10 138 1.09358
10 139 1.09358
10 140 1.09358
10 141 1.08155
10 142 1.07565
10 143 1.07018
10 144 1.06744
11 1 1.14694
11 2 1.14694
11 3 1.14694
11 4 1.14694
11 5 1.14694
11 6 1.10662
11 7 1.09167
11 8 1.07958
11 9 1.07384
11 10 1.30426
11 11 1.30426
11 12 1.30426
11 13 1.30426
11 14 1.30426
11 15 1.11754
11 16 1.09627
11 17 1.08139
11 18 1.07459
11 19 1.16169
11 20 1.16169
11 21 1.16169
11 22 1.16169
11 23 1.16169
11 24 1.11002
11 25 1.09317
11 26 1.08004
11 27 1.07386
11 28 1.12584
11 29 1.12584
11 30 1.12584
11 31 1.12584
11 32 1.12584
11 33 1.09877
11 34 1.08711
11 35 1.07707
11 36 1.07218
11 37 1.12938
11 38 1.12938
11 39 1.12938
11 40 1.12938
11 41 1.12938
11 42 1.10076
11 43 1.08865
11 44 1.07834
11 45 1.07339
11 46 1.14715
11 47 1.14715
11 48 1.14715
11 49 1.14715
11 50 1.14715
11 51 1.10682
11 52 1.09188
11 53 1.07979
11 54 1.07404
11 55 1.13523
11 56 1.13523
11 57 1.13523
11 58 1.13523
11 59 1.13523
11 60 1.10291
11 61 1.08973
11 62 1.07868
11 63 1.07336
11 64 1.11702
11 65 1.11702
11 66 1.11702
11 67 1.11702
11 68 1.11702
11 69 1.09501
11 70 1.085
11 71 1.07615
11 72 1.0718
11 73 1.11187
11 74 1.11187
11 75 1.11187
11 76 1.11187
11 77 1.11187
11 78 1.09236
11 79 1.08344
11 80 1.07544
11 81 1.07156
11 82 1.11865
11 83 1.11865
11 84 1.11865
11 85 1.11865
11 86 1.11865
11 87 1.09574
11 88 1.08547
11 89 1.07647
11 90 1.07206
11 91 1.11432
11 92 1.11432
11 93 1.11432
11 94 1.11432
11 95 1.11432
11 96 1.0936
11 97 1.08408
11 98 1.07562
11 99 1.07145
11 100 1.10504
11 101 1.10504
11 102 1.10504
11 103 1.10504
11 104 1.10504
11 105 1.08861
11 106 1.08077
11 107 1.07363
11 108 1.07008
11 109 1.09761
11 110 1.09761
11 111 1.09761
11 112 1.09761
11 113 1.09761
11 114 1.08403
11 115 1.07758
11 116 1.07161
11 117 1.0688
11 118 1.10088
11 119 1.10088
11 120 1.10088
11 121 1.10088
11 122 1.10088
11 123 1.08598
11 124 1.07884
11 125 1.07235
11 126 1.06914
11 127 1.09875
11 128 1.09875
11 129 1.09875
11 130 1.09875
11 131 1.09875
11 132 1.08471
11 133 1.07792
11 134 1.0717
11 135 1.0686
11 136 1.09358
11 137 1.09358
11 138 1.09358
11 139 1.09358
11 140 1.09358
11 141 1.08155
11 142 1.07565
11 143 1.07018
11 144 1.06744
12 1 1.14694
12 2 1.14694
12 3 1.14694
12 4 1.14694
12 5 1.14694
12 6 1.10662
12 7 1.09167
12 8 1.07958
12 9 1.07384
12 10 1.30426
12 11 1.30426
12 12 1.30426
12 13 1.30426
12 14 1.30426
12 15 1.11754
12 16 1.09627
12 17 1.08139
12 18 1.07459
12 19 1.16169
12 20 1.16169
12 21 1.16169
12 22 1.16169
12 23 1.16169
12 24 1.11002
12 25 1.09317
12 26 1.08004
12 27 1.07386
12 28 1.12584
12 29 1.12584
12 30 1.12584
12 31 1.12584
12 32 1.12584
12 33 1.09877
12 34 1.08711
12 35 1.07707
12 36 1.07218
12 37 1.12938
12 38 1.12938
12 39 1.12938
12 40 1.12938
12 41 1.12938
12 42 1.10076
12 43 1.08865
12 44 1.07834
12 45 1.07339
12 46 1.14715
12 47 1.14715
12 48 1.14715
12 49 1.14715
12 50 1.14715
12 51 1.10682
12 52 1.09188
12 53 1.07979
12 54 1.07404
12 55 1.13523
12 56 1.13523
12 57 1.13523
12 58 1.13523
12 59 1.13523
12 60 1.10291
12 61 1.08973
12 62 1.07868
12 63 1.07336
12 64 1.11702
12 65 1.11702
12 66 1.11702
12 67 1.11702
12 68 1.11702
12 69 1.09501
12 70 1.085
12 71 1.07615
12 72 1.0718
12 73 1.11187
12 74 1.11187
12 75 1.11187
12 76 1.11187
12 77 1.11187
12 78 1.09236
12 79 1.08344
12 80 1.07544
12 81 1.07156
12 82 1.11865
12 83 1.11865
12 84 1.11865
12 85 1.11865
12 86 1.11865
12 87 1.09574
12 88 1.08547
12 89 1.07647
12 90 1.07206
12 91 1.11432
12 92 1.11432
12 93 1.11432
12 94 1.11432
12 95 1.11432
12 96 1.0936
12 97 1.08408
12 98 1.07562
12 99 1.07145
12 100 1.10504
12 101 1.10504
12 102 1.10504
12 103 1.10504
12 104 1.10504
12 105 1.08861
12 106 1.08077
12 107 1.07363
12 108 1.07008
12 109 1.09761
12 110 1.09761
12 111 1.09761
12 112 1.09761
12 113 1.09761
12 114 1.08403
12 115 1.07758
12 116 1.07161
12 117 1.0688
12 118 1.10088
12 119 1.10088
12 120 1.10088
12 121 1.10088
12 122 1.10088
12 123 1.08598
12 124 1.07884
12 125 1.07235
12 126 1.06914
12 127 1.09875
12 128 1.09875
12 129 1.09875
12 130 1.09875
12 131 1.09875
12 132 1.08471
12 133 1.07792
12 134 1.0717
12 135 1.0686
12 136 1.09358
12 137 1.09358
12 138 1.09358
12 139 1.09358
12 140 1.09358
12 141 1.08155
12 142 1.07565
12 143 1.07018
12 144 1.06744
13 1 1.14694
13 2 1.14694
13 3 1.14694
13 4 1.14694
13 5 1.14694
13 6 1.10662
13 7 1.09167
13 8 1.07958
13 9 1.07384
13 10 1.30426
13 11 1.30426
13 12 1.30426
13 13 1.30426
13 14 1.30426
13 15 1.11754
13 16 1.09627
13 17 1.08139
13 18 1.07459
13 19 1.16169
13 20 1.16169
13 21 1.16169
13 22 1.16169
13 23 1.16169
13 24 1.11002
13 25 1.09317
13 26 1.08004
13 27 1.07386
13 28 1.12584
13 29 1.12584
13 30 1.12584
13 31 1.12584
13 32 1.12584
13 33 1.09877
13 34 1.08711
13 35 1.07707
13 36 1.07218
13 37 1.12938
13 38 1.12938
13 39 1.12938
13 40 1.12938
13 41 1.12938
13 42 1.10076
13 43 1.08865
13 44 1.07834
13 45 1.07339
13 46 1.14715
13 47 1.14715
13 48 1.14715
13 49 1.14715
13 50 1.14715
13 51 1.10682
13 52 1.09188
13 53 1.07979
13 54 1.07404
13 55 1.13523
13 56 1.13523
13 57 1.13523
13 58 1.13523
13 59 1.13523
13 60 1.10291
13 61 1.08973
13 62 1.07868
13 63 1.07336
13 64 1.11702
13 65 1.11702
13 66 1.11702
13 67 1.11702
13 68 1.11702
13 69 1.09501
13 70 1.085
13 71 1.07615
13 72 1.0718
13 73 1.11187
13 74 1.11187
13 75 1.11187
13 76 1.11187
13 77 1.11187
13 78 1.09236
13 79 1.08344
13 80 1.07544
13 81 1.07156
13 82 1.11865
13 83 1.11865
13 84 1.11865
13 85 1.11865
13 86 1.11865
13 87 1.09574
13 88 1.08547
13 89 1.07647
13 90 1.07206
13 91 1.11432
13 92 1.11432
13 93 1.11432
13 94 1.11432
13 95 1.11432
13 96 1.0936
13 97 1.08408
13 98 1.07562
13 99 1.07145
13 100 1.10504
13 101 1.10504
13 102 1.10504
13 103 1.10504
13 104 1.10504
13 105 1.08861
13 106 1.08077
13 107 1.07363
13 108 1.07008
13 109 1.09761
13 110 1.09761
13 111 1.09761
13 112 1.09761
13 113 1.09761
13 114 1.08403
13 115 1.07758
13 116 1.07161
13 117 1.0688
13 118 1.10088
13 119 1.10088
13 120 1.10088
13 121 1.10088
13 122 1.10088
13 123 1.08598
13 124 1.07884
13 125 1.07235
13 126 1.06914
13 127 1.09875
13 128 1.09875
13 129 1.09875
13 130 1.09875
13 131 1.09875
13 132 1.08471
13 133 1.07792
13 134 1.0717
13 135 1.0686
13 136 1.09358
13 137 1.09358
13 138 1.09358
13 139 1.09358
13 140 1.09358
13 141 1.08155
13 142 1.07565
13 143 1.07018
13 144 1.06744
14 1 1.14694
14 2 1.14694
14 3 1.14694
14 4 1.14694
14 5 1.14694
14 6 1.10662
14 7 1.09167
14 8 1.07958
14 9 1.07384
14 10 1.30426
14 11 1.30426
14 12 1.30426
14 13 1.30426
14 14 1.30426
14 15 1.11754
14 16 1.09627
14 17 1.08139
14 18 1.07459
14 19 1.16169
14 20 1.16169
14 21 1.16169
14 22 1.16169
14 23 1.16169
14 24 1.11002
14 25 1.09317
14 26 1.08004
14 27 1.07386
14 28 1.12584
14 29 1.12584
14 30 1.12584
14 31 1.12584
14 32 1.12584
14 33 1.09877
14 34 1.08711
14 35 1.07707
14 36 1.07218
14 37 1.12938
14 38 1.12938
14 39 1.12938
14 40 1.12938
14 41 1.12938
14 42 1.10076
14 43 1.08865
14 44 1.07834
14 45 1.07339
14 46 1.14715
14 47 1.14715
14 48 1.14715
14 49 1.14715
14 50 1.14715
14 51 1.10682
14 52 1.09188
14 53 1.07979
14 54 1.07404
14 55 1.13523
14 56 1.13523
14 57 1.13523
14 58 1.13523
14 59 1.13523
14 60 1.10291
14 61 1.08973
14 62 1.07868
14 63 1.07336
14 64 1.11702
14 65 1.11702
14 66 1.11702
14 67 1.11702
14 68 1.11702
14 69 1.09501
14 70 1.085
14 71 1.07615
14 72 1.0718
14 73 1.11187
14 74 1.11187
14 75 1.11187
14 76 1.11187
14 77 1.11187
14 78 1.09236
14 79 1.08344
14 80 1.07544
14 81 1.07156
14 82 1.11865
14 83 1.11865
14 84 1.11865
14 85 1.11865
14 86 1.11865
14 87 1.09574
14 88 1.08547
14 89 1.07647
14 90 1.07206
14 91 1.11432
14 92 1.11432
14 93 1.11432
14 94 1.11432
14 95 1.11432
14 96 1.0936
14 97 1.08408
14 98 1.07562
14 99 1.07145
14 100 1.10504
14 101 1.10504
14 102 1.10504
14 103 1.10504
14 104 1.10504
14 105 1.08861
14 106 1.08077
14 107 1.07363
14 108 1.07008
14 109 1.09761
14 110 1.09761
14 111 1.09761
14 112 1.09761
14 113 1.09761
14 114 1.08403
14 115 1.07758
14 116 1.07161
14 117 1.0688
14 118 1.10088
14 119 1.10088
14 120 1.10088
14 121 1.10088
14 122 1.10088
14 123 1.08598
14 124 1.07884
14 125 1.07235
14 126 1.06914
14 127 1.09875
14 128 1.09875
14 129 1.09875
14 130 1.09875
14 131 1.09875
14 132 1.08471
14 133 1.07792
14 134 1.0717
14 135 1.0686
14 136 1.09358
14 137 1.09358
14 138 1.09358
14 139 1.09358
14 140 1.09358
14 141 1.08155
14 142 1.07565
14 143 1.07018
14 144 1.06744
15 1 1.10665
15 2 1.10665
15 3 1.10665
15 4 1.10665
15 5 1.10665
15 6 1.4467
15 7 1.36767
15 8 1.24374
15 9 1.18005
15 10 1.11754
15 11 1.11754
15 12 1.11754
15 13 1.11754
15 14 1.11754
15 15 6.921
15 16 2.14656
15 17 1.39508
15 18 1.20491
15 19 1.11001
15 20 1.11001
15 21 1.11001
15 22 1.11001
15 23 1.11001
15 24 1.682
15 25 1.48555
15 26 1.28198
15 27 1.18899
15 28 1.09876
15 29 1.09876
15 30 1.09876
15 31 1.09876
15 32 1.09876
15 33 1.24218
15 34 1.23219
15 35 1.18775
15 36 1.16033
15 37 1.10088
15 38 1.10088
15 39 1.10088
15 40 1.10088
15 41 1.10088
15 42 1.25895
15 43 1.24597
15 44 1.19489
15 45 1.16419
15 46 1.10686
15 47 1.10686
15 48 1.10686
15 49 1.10686
15 50 1.10686
15 51 1.44683
15 52 1.36789
15 53 1.24397
15 54 1.18016
15 55 1.10292
15 56 1.10292
15 57 1.10292
15 58 1.10292
15 59 1.10292
15 60 1.3115
15 61 1.2844
15 62 1.21202
15 63 1.1703
15 64 1.095
15 65 1.095
15 66 1.095
15 67 1.095
15 68 1.095
15 69 1.18488
15 70 1.18624
15 71 1.16449
15 72 1.1495
15 73 1.09261
15 74 1.09261
15 75 1.09261
15 76 1.09261
15 77 1.09261
15 78 1.15876
15 79 1.16346
15 80 1.15117
15 81 1.14215
15 82 1.09583
15 83 1.09583
15 84 1.09583
15 85 1.09583
15 86 1.09583
15 87 1.19406
15 88 1.19359
15 89 1.16819
15 90 1.15127
15 91 1.09363
15 92 1.09363
15 93 1.09363
15 94 1.09363
15 95 1.09363
15 96 1.17231
15 97 1.17518
15 98 1.15801
15 99 1.14577
15 100 1.08862
15 101 1.08862
15 102 1.08862
15 103 1.08862
15 104 1.08862
15 105 1.13611
15 106 1.14228
15 107 1.13736
15 108 1.13273
15 109 1.08436
15 110 1.08436
15 111 1.08436
15 112 1.08436
15 113 1.08436
15 114 1.11394
15 115 1.12101
15 116 1.12169
15 117 1.12124
15 118 1.08613
15 119 1.08613
15 120 1.08613
15 121 1.08613
15 122 1.08613
15 123 1.1242
15 124 1.13073
15 125 1.12889
15 126 1.12642
15 127 1.08479
15 128 1.08479
15 129 1.08479
15 130 1.08479
15 131 1.08479
15 132 1.11891
15 133 1.12548
15 134 1.12497
15 135 1.12334
15 136 1.08159
15 137 1.08159
15 138 1.08159
15 139 1.08159
15 140 1.08159
15 141 1.10697
15 142 1.11341
15 143 1.11538
15 144 1.11549
16 1 1.0917
16 2 1.0917
16 3 1.0917
16 4 1.0917
16 5 1.0917
16 6 1.36777
16 7 1.46936
16 8 1.34155
16 9 1.24988
16 10 1.09627
16 11 1.09627
16 12 1.09627
16 13 1.09627
16 14 1.09627
16 15 2.14656
16 16 6.92792
16 17 1.99943
16 18 1.31318
16 19 1.09316
16 20 1.09316
16 21 1.09316
16 22 1.09316
16 23 1.09316
16 24 1.48554
16 25 1.70085
16 26 1.43128
16 27 1.26964
16 28 1.0871
16 29 1.0871
16 30 1.0871
16 31 1.0871
16 32 1.0871
16 33 1.23218
16 34 1.26895
16 35 1.24034
16 36 1.21279
16 37 1.08878
16 38 1.08878
16 39 1.08878
16 40 1.08878
16 41 1.08878
16 42 1.24593
16 43 1.28546
16 44 1.2508
16 45 1.21888
16 46 1.09192
16 47 1.09192
16 48 1.09192
16 49 1.09192
16 50 1.09192
16 51 1.36788
16 52 1.46957
16 53 1.34182
16 54 1.24996
16 55 1.08974
16 56 1.08974
16 57 1.08974
16 58 1.08974
16 59 1.08974
16 60 1.28438
16 61 1.33707
16 62 1.27956
16 63 1.23052
16 64 1.085
16 65 1.085
16 66 1.085
16 67 1.085
16 68 1.085
16 69 1.18623
16 70 1.21174
16 71 1.20461
16 72 1.19372
16 73 1.08364
16 74 1.08364
16 75 1.08364
16 76 1.08364
16 77 1.08364
16 78 1.16298
16 79 1.18511
16 80 1.18564
16 81 1.1814
16 82 1.08557
16 83 1.08557
16 84 1.08557
16 85 1.08557
16 86 1.08557
16 87 1.19348
16 88 1.22085
16 89 1.21027
16 90 1.19676
16 91 1.08412
16 92 1.08412
16 93 1.08412
16 94 1.08412
16 95 1.08412
16 96 1.17515
16 97 1.19881
16 98 1.1954
16 99 1.18761
16 100 1.08078
16 101 1.08078
16 102 1.08078
16 103 1.08078
16 104 1.08078
16 105 1.14227
16 106 1.16079
16 107 1.1666
16 108 1.16672
16 109 1.07788
16 110 1.07788
16 111 1.07788
16 112 1.07788
16 113 1.07788
16 114 1.12018
16 115 1.13623
16 116 1.14535
16 117 1.14902
16 118 1.07901
16 119 1.07901
16 120 1.07901
16 121 1.07901
16 122 1.07901
16 123 1.13048
16 124 1.14752
16 125 1.15519
16 126 1.15713
16 127 1.07801
16 128 1.07801
16 129 1.07801
16 130 1.07801
16 131 1.07801
16 132 1.1254
16 133 1.1415
16 134 1.14989
16 135 1.1525
16 136 1.07569
16 137 1.07569
16 138 1.07569
16 139 1.07569
16 140 1.07569
16 141 1.11339
16 142 1.12751
16 143 1.13691
16 144 1.14073
17 1 1.0796
17 2 1.0796
17 3 1.0796
17 4 1.0796
17 5 1.0796
17 6 1.24389
17 7 1.34179
17 8 1.39999
17 9 1.33641
17 10 1.08139
17 11 1.08139
17 12 1.08139
17 13 1.08139
17 14 1.08139
17 15 1.39508
17 16 1.99943
17 17 6.28287
17 18 1.54621
17 19 1.08003
17 20 1.08003
17 21 1.08003
17 22 1.08003
17 23 1.08003
17 24 1.28195
17 25 1.43124
17 26 1.55619
17 27 1.37965
17 28 1.07706
17 29 1.07706
17 30 1.07706
17 31 1.07706
17 32 1.07706
17 33 1.18774
17 34 1.24032
17 35 1.27144
17 36 1.27025
17 37 1.07844
17 38 1.07844
17 39 1.07844
17 40 1.07844
17 41 1.07844
17 42 1.19494
17 43 1.25107
17 44 1.28259
17 45 1.27943
17 46 1.07982
17 47 1.07982
17 48 1.07982
17 49 1.07982
17 50 1.07982
17 51 1.24395
17 52 1.34182
17 53 1.4002
17 54 1.33647
17 55 1.07869
17 56 1.07869
17 57 1.07869
17 58 1.07869
17 59 1.07869
17 60 1.21199
17 61 1.27952
17 62 1.31542
17 63 1.29966
17 64 1.07615
17 65 1.07615
17 66 1.07615
17 67 1.07615
17 68 1.07615
17 69 1.16447
17 70 1.2046
17 71 1.23205
17 72 1.23992
17 73 1.0756
17 74 1.0756
17 75 1.0756
17 76 1.0756
17 77 1.0756
17 78 1.15056
17 79 1.18547
17 80 1.2114
17 81 1.22149
17 82 1.07654
17 83 1.07654
17 84 1.07654
17 85 1.07654
17 86 1.07654
17 87 1.16799
17 88 1.21018
17 89 1.23825
17 90 1.24473
17 91 1.07565
17 92 1.07565
17 93 1.07565
17 94 1.07565
17 95 1.07565
17 96 1.15792
17 97 1.19534
17 98 1.22202
17 99 1.23088
17 100 1.07364
17 101 1.07364
17 102 1.07364
17 103 1.07364
17 104 1.07364
17 105 1.13733
17 106 1.16657
17 107 1.19024
17 108 1.20068
17 109 1.0719
17 110 1.0719
17 111 1.0719
17 112 1.0719
17 113 1.0719
17 114 1.12048
17 115 1.14495
17 116 1.16586
17 117 1.17624
17 118 1.07248
17 119 1.07248
17 120 1.07248
17 121 1.07248
17 122 1.07248
17 123 1.12843
17 124 1.15497
17 125 1.17722
17 126 1.18753
17 127 1.07177
17 128 1.07177
17 129 1.07177
17 130 1.07177
17 131 1.07177
17 132 1.12479
17 133 1.14976
17 134 1.17114
17 135 1.1812
17 136 1.07021
17 137 1.07021
17 138 1.07021
17 139 1.07021
17 140 1.07021
17 141 1.11532
17 142 1.13686
17 143 1.15597
17 144 1.16527
18 1 1.07384
18 2 1.07384
18 3 1.07384
18 4 1.07384
18 5 1.07384
18 6 1.18004
18 7 1.24992
18 8 1.33636
18 9 1.39033
18 10 1.07459
18 11 1.07459
18 12 1.07459
18 13 1.07459
18 14 1.07459
18 15 1.20491
18 16 1.31318
18 17 1.54621
18 18 2.14822
18 19 1.07385
18 20 1.07385
18 21 1.07385
18 22 1.07385
18 23 1.07385
18 24 1.189
18 25 1.26963
18 26 1.37967
18 27 1.45785
18 28 1.07217
18 29 1.07217
18 30 1.07217
18 31 1.07217
18 32 1.07217
18 33 1.16034
18 34 1.2128
18 35 1.27027
18 36 1.302
18 37 1.07342
18 38 1.07342
18 39 1.07342
18 40 1.07342
18 41 1.07342
18 42 1.1639
18 43 1.21878
18 44 1.27925
18 45 1.31303
18 46 1.07406
18 47 1.07406
18 48 1.07406
18 49 1.07406
18 50 1.07406
18 51 1.18007
18 52 1.24989
18 53 1.33642
18 54 1.39043
18 55 1.07337
18 56 1.07337
18 57 1.07337
18 58 1.07337
18 59 1.07337
18 60 1.17027
18 61 1.23049
18 62 1.29965
18 63 1.33927
18 64 1.0718
18 65 1.0718
18 66 1.0718
18 67 1.0718
18 68 1.0718
18 69 1.14949
18 70 1.19371
18 71 1.23993
18 72 1.26456
18 73 1.07162
18 74 1.07162
18 75 1.07162
18 76 1.07162
18 77 1.07162
18 78 1.14122
18 79 1.18083
18 80 1.22113
18 81 1.24254
18 82 1.07211
18 83 1.07211
18 84 1.07211
18 85 1.07211
18 86 1.07211
18 87 1.15098
18 88 1.19655
18 89 1.24461
18 90 1.27046
18 91 1.07148
18 92 1.07148
18 93 1.07148
18 94 1.07148
18 95 1.07148
18 96 1.14566
18 97 1.18752
18 98 1.23084
18 99 1.2538
18 100 1.0701
18 101 1.0701
18 102 1.0701
18 103 1.0701
18 104 1.0701
18 105 1.1327
18 106 1.16668
18 107 1.20067
18 108 1.21833
18 109 1.06891
18 110 1.06891
18 111 1.06891
18 112 1.06891
18 113 1.06891
18 114 1.11946
18 115 1.14799
18 116 1.17562
18 117 1.19021
18 118 1.06922
18 119 1.06922
18 120 1.06922
18 121 1.06922
18 122 1.06922
18 123 1.12577
18 124 1.15671
18 125 1.18733
18 126 1.20323
18 127 1.06865
18 128 1.06865
18 129 1.06865
18 130 1.06865
18 131 1.06865
18 132 1.12309
18 133 1.15229
18 134 1.18111
18 135 1.19599
18 136 1.06747
18 137 1.06747
18 138 1.06747
18 139 1.06747
18 140 1.06747
18 141 1.11541
18 142 1.14064
18 143 1.16524
18 144 1.17784
19 1 1.11815
19 2 1.11815
19 3 1.11815
19 4 1.11815
19 5 1.11815
19 6 1.09526
19 7 1.08496
19 8 1.07592
19 9 1.07149
19 10 1.16169
19 11 1.16169
19 12 1.16169
19 13 1.16169
19 14 1.16169
19 15 1.11001
19 16 1.09316
19 17 1.08003
19 18 1.07385
19 19 1.30428
19 20 1.30428
19 21 1.30428
19 22 1.30428
19 23 1.30428
19 24 1.11755
19 25 1.09628
19 26 1.08138
19 27 1.07457
19 28 1.162
19 29 1.162
19 30 1.162
19 31 1.162
19 32 1.162
19 33 1.11033
19 34 1.09348
19 35 1.08034
19 36 1.07416
19 37 1.11158
19 38 1.11158
19 39 1.11158
19 40 1.11158
19 41 1.11158
19 42 1.09214
19 43 1.08314
19 44 1.0751
19 45 1.07117
19 46 1.13522
19 47 1.13522
19 48 1.13522
19 49 1.13522
19 50 1.13522
19 51 1.10288
19 52 1.0897
19 53 1.07866
19 54 1.07335
19 55 1.14717
19 56 1.14717
19 57 1.14717
19 58 1.14717
19 59 1.14717
19 60 1.10685
19 61 1.09189
19 62 1.07978
19 63 1.07401
19 64 1.13554
19 65 1.13554
19 66 1.13554
19 67 1.13554
19 68 1.13554
19 69 1.10322
19 70 1.09004
19 71 1.07898
19 72 1.07365
19 73 1.10163
19 74 1.10163
19 75 1.10163
19 76 1.10163
19 77 1.10163
19 78 1.08647
19 79 1.07931
19 80 1.07275
19 81 1.06955
19 82 1.11431
19 83 1.11431
19 84 1.11431
19 85 1.11431
19 86 1.11431
19 87 1.09354
19 88 1.08403
19 89 1.07559
19 90 1.07145
19 91 1.11868
19 92 1.11868
19 93 1.11868
19 94 1.11868
19 95 1.11868
19 96 1.09577
19 97 1.08549
19 98 1.07645
19 99 1.07201
19 100 1.11465
19 101 1.11465
19 102 1.11465
19 103 1.11465
19 104 1.11465
19 105 1.09392
19 106 1.08439
19 107 1.07591
19 108 1.07173
19 109 1.09143
19 110 1.09143
19 111 1.09143
19 112 1.09143
19 113 1.09143
19 114 1.07997
19 115 1.07452
19 116 1.06942
19 117 1.06703
19 118 1.09873
19 119 1.09873
19 120 1.09873
19 121 1.09873
19 122 1.09873
19 123 1.08463
19 124 1.07785
19 125 1.07165
19 126 1.0686
19 127 1.10092
19 128 1.10092
19 129 1.10092
19 130 1.10092
19 131 1.10092
19 132 1.08601
19 133 1.07886
19 134 1.07232
19 135 1.06908
19 136 1.09908
19 137 1.09908
19 138 1.09908
19 139 1.09908
19 140 1.09908
19 141 1.08504
19 142 1.07824
19 143 1.07198
19 144 1.06886
20 1 1.11815
20 2 1.11815
20 3 1.11815
20 4 1.11815
20 5 1.11815
20 6 1.09526
20 7 1.08496
20 8 1.07592
20 9 1.07149
20 10 1.16169
20 11 1.16169
20 12 1.16169
20 13 1.16169
20 14 1.16169
20 15 1.11001
20 16 1.09316
20 17 1.08003
20 18 1.07385
20 19 1.30428
20 20 1.30428
20 21 1.30428
20 22 1.30428
20 23 1.30428
20 24 1.11755
20 25 1.09628
20 26 1.08138
20 27 1.07457
20 28 1.162
20 29 1.162
20 30 1.162
20 31 1.162
20 32 1.162
20 33 1.11033
20 34 1.09348
20 35 1.08034
20 36 1.07416
20 37 1.11158
20 38 1.11158
20 39 1.11158
20 40 1.11158
20 41 1.11158
20 42 1.09214
20 43 1.08314
20 44 1.0751
20 45 1.07117
20 46 1.13522
20 47 1.13522
20 48 1.13522
20 49 1.13522
20 50 1.13522
20 51 1.10288
20 52 1.0897
20 53 1.07866
20 54 1.07335
20 55 1.14717
20 56 1.14717
20 57 1.14717
20 58 1.14717
20 59 1.14717
20 60 1.10685
20 61 1.09189
20 62 1.07978
20 63 1.07401
20 64 1.13554
20 65 1.13554
20 66 1.13554
20 67 1.13554
20 68 1.13554
20 69 1.10322
20 70 1.09004
20 71 1.07898
20 72 1.07365
20 73 1.10163
20 74 1.10163
20 75 1.10163
20 76 1.10163
20 77 1.10163
20 78 1.08647
20 79 1.07931
20 80 1.07275
20 81 1.06955
20 82 1.11431
20 83 1.11431
20 84 1.11431
20 85 1.11431
20 86 1.11431
20 87 1.09354
20 88 1.08403
20 89 1.07559
20 90 1.07145
20 91 1.11868
20 92 1.11868
20 93 1.11868
20 94 1.11868
20 95 1.11868
20 96 1.09577
20 97 1.08549
20 98 1.07645
20 99 1.07201
20 100 1.11465
20 101 1.11465
20 102 1.11465
20 103 1.11465
20 104 1.11465
20 105 1.09392
20 106 1.08439
20 107 1.07591
20 108 1.07173
20 109 1.09143
20 110 1.09143
20 111 1.09143
20 112 1.09143
20 113 1.09143
20 114 1.07997
20 115 1.07452
20 116 1.06942
20 117 1.06703
20 118 1.09873
20 119 1.09873
20 120 1.09873
20 121 1.09873
20 122 1.09873
20 123 1.08463
20 124 1.07785
20 125 1.07165
20 126 1.0686
20 127 1.10092
20 128 1.10092
20 129 1.10092
20 130 1.10092
20 131 1.10092
20 132 1.08601
20 133 1.07886
20 134 1.07232
20 135 1.06908
20 136 1.09908
20 137 1.09908
20 138 1.09908
20 139 1.09908
20 140 1.09908
20 141 1.08504
20 142 1.07824
20 143 1.07198
20 144 1.06886
21 1 1.11815
21 2 1.11815
21 3 1.11815
21 4 1.11815
21 5 1.11815
21 6 1.09526
21 7 1.08496
21 8 1.07592
21 9 1.07149
21 10 1.16169
21 11 1.16169
21 12 1.16169
21 13 1.16169
21 14 1.16169
21 15 1.11001
21 16 1.09316
21 17 1.08003
21 18 1.07385
21 19 1.30428
21 20 1.30428
21 21 1.30428
21 22 1.30428
21 23 1.30428
21 24 1.11755
21 25 1.09628
21 26 1.08138
21 27 1.07457
21 28 1.162
21 29 1.162
21 30 1.162
21 31 1.162
21 32 1.162
21 33 1.11033
21 34 1.09348
21 35 1.08034
21 36 1.07416
21 37 1.11158
21 38 1.11158
