injected_el measured_el potential
1 1 1.30508
1 2 1.30508
1 3 1.30508
1 4 1.30508
1 5 1.30508
1 6 1.11839
1 7 1.09718
1 8 1.08244
1 9 1.07576
1 10 1.14686
1 11 1.14686
1 12 1.14686
1 13 1.14686
1 14 1.14686
1 15 1.10662
1 16 1.09172
1 17 1.07968
1 18 1.07396
1 19 1.11809
1 20 1.11809
1 21 1.11809
1 22 1.11809
1 23 1.11809
1 24 1.09528
1 25 1.08503
1 26 1.07602
1 27 1.0716
1 28 1.10052
1 29 1.10052
1 30 1.10052
1 31 1.10052
1 32 1.10052
1 33 1.08572
1 34 1.07858
1 35 1.07204
1 36 1.06877
1 37 1.14793
1 38 1.14793
1 39 1.14793
1 40 1.14793
1 41 1.14793
1 42 1.1075
1 43 1.09273
1 44 1.08085
1 45 1.07535
1 46 1.12928
1 47 1.12928
1 48 1.12928
1 49 1.12928
1 50 1.12928
1 51 1.10082
1 52 1.08876
1 53 1.07852
1 54 1.07359
1 55 1.11151
1 56 1.11151
1 57 1.11151
1 58 1.11151
1 59 1.11151
1 60 1.09225
1 61 1.0833
1 62 1.07529
1 63 1.07133
1 64 1.09746
1 65 1.09746
1 66 1.09746
1 67 1.09746
1 68 1.09746
1 69 1.08412
1 70 1.07762
1 71 1.07162
1 72 1.06861
1 73 1.1194
1 74 1.1194
1 75 1.1194
1 76 1.1194
1 77 1.1194
1 78 1.09653
1 79 1.08647
1 80 1.07759
1 81 1.07347
1 82 1.11176
1 83 1.11176
1 84 1.11176
1 85 1.11176
1 86 1.11176
1 87 1.09258
1 88 1.08361
1 89 1.07567
1 90 1.07181
1 91 1.10156
1 92 1.10156
1 93 1.10156
1 94 1.10156
1 95 1.10156
1 96 1.08671
1 97 1.07955
1 98 1.073
1 99 1.06975
1 100 1.09158
1 101 1.09158
1 102 1.09158
1 103 1.09158
1 104 1.09158
1 105 1.08045
1 106 1.07494
1 107 1.06983
1 108 1.06726
1 109 1.10163
1 110 1.10163
1 111 1.10163
1 112 1.10163
1 113 1.10163
1 114 1.08709
1 115 1.08003
1 116 1.07349
1 117 1.07064
1 118 1.09751
1 119 1.09751
1 120 1.09751
1 121 1.09751
1 122 1.09751
1 123 1.0844
1 124 1.07784
1 125 1.07194
1 126 1.0691
1 127 1.09138
1 128 1.09138
1 129 1.09138
1 130 1.09138
1 131 1.09138
1 132 1.08032
1 133 1.07484
1 134 1.06977
1 135 1.06725
1 136 1.08452
1 137 1.08452
1 138 1.08452
1 139 1.08452
1 140 1.08452
1 141 1.07568
1 142 1.07126
1 143 1.06712
1 144 1.06504
2 1 1.30508
2 2 1.30508
2 3 1.30508
2 4 1.30508
2 5 1.30508
2 6 1.11839
2 7 1.09718
2 8 1.08244
2 9 1.07576
2 10 1.14686
2 11 1.14686
2 12 1.14686
2 13 1.14686
2 14 1.14686
2 15 1.10662
2 16 1.09172
2 17 1.07968
2 18 1.07396
2 19 1.11809
2 20 1.11809
2 21 1.11809
2 22 1.11809
2 23 1.11809
2 24 1.09528
2 25 1.08503
2 26 1.07602
2 27 1.0716
2 28 1.10052
2 29 1.10052
2 30 1.10052
2 31 1.10052
2 32 1.10052
2 33 1.08572
2 34 1.07858
2 35 1.07204
2 36 1.06877
2 37 1.14793
2 38 1.14793
2 39 1.14793
2 40 1.14793
2 41 1.14793
2 42 1.1075
2 43 1.09273
2 44 1.08085
2 45 1.07535
2 46 1.12928
2 47 1.12928
2 48 1.12928
2 49 1.12928
2 50 1.12928
2 51 1.10082
2 52 1.08876
2 53 1.07852
2 54 1.07359
2 55 1.11151
2 56 1.11151
2 57 1.11151
2 58 1.11151
2 59 1.11151
2 60 1.09225
2 61 1.0833
2 62 1.07529
2 63 1.07133
2 64 1.09746
2 65 1.09746
2 66 1.09746
2 67 1.09746
2 68 1.09746
2 69 1.08412
2 70 1.07762
2 71 1.07162
2 72 1.06861
2 73 1.1194
2 74 1.1194
2 75 1.1194
2 76 1.1194
2 77 1.1194
2 78 1.09653
2 79 1.08647
2 80 1.07759
2 81 1.07347
2 82 1.11176
2 83 1.11176
2 84 1.11176
2 85 1.11176
2 86 1.11176
2 87 1.09258
2 88 1.08361
2 89 1.07567
2 90 1.07181
2 91 1.10156
2 92 1.10156
2 93 1.10156
2 94 1.10156
2 95 1.10156
2 96 1.08671
2 97 1.07955
2 98 1.073
2 99 1.06975
2 100 1.09158
2 101 1.09158
2 102 1.09158
2 103 1.09158
2 104 1.09158
2 105 1.08045
2 106 1.07494
2 107 1.06983
2 108 1.06726
2 109 1.10163
2 110 1.10163
2 111 1.10163
2 112 1.10163
2 113 1.10163
2 114 1.08709
2 115 1.08003
2 116 1.07349
2 117 1.07064
2 118 1.09751
2 119 1.09751
2 120 1.09751
2 121 1.09751
2 122 1.09751
2 123 1.0844
2 124 1.07784
2 125 1.07194
2 126 1.0691
2 127 1.09138
2 128 1.09138
2 129 1.09138
2 130 1.09138
2 131 1.09138
2 132 1.08032
2 133 1.07484
2 134 1.06977
2 135 1.06725
2 136 1.08452
2 137 1.08452
2 138 1.08452
2 139 1.08452
2 140 1.08452
2 141 1.07568
2 142 1.07126
2 143 1.06712
2 144 1.06504
3 1 1.30508
3 2 1.30508
3 3 1.30508
3 4 1.30508
3 5 1.30508
3 6 1.11839
3 7 1.09718
3 8 1.08244
3 9 1.07576
3 10 1.14686
3 11 1.14686
3 12 1.14686
3 13 1.14686
3 14 1.14686
3 15 1.10662
3 16 1.09172
3 17 1.07968
3 18 1.07396
3 19 1.11809
3 20 1.11809
3 21 1.11809
3 22 1.11809
3 23 1.11809
3 24 1.09528
3 25 1.08503
3 26 1.07602
3 27 1.0716
3 28 1.10052
3 29 1.10052
3 30 1.10052
3 31 1.10052
3 32 1.10052
3 33 1.08572
3 34 1.07858
3 35 1.07204
3 36 1.06877
3 37 1.14793
3 38 1.14793
3 39 1.14793
3 40 1.14793
3 41 1.14793
3 42 1.1075
3 43 1.09273
3 44 1.08085
3 45 1.07535
3 46 1.12928
3 47 1.12928
3 48 1.12928
3 49 1.12928
3 50 1.12928
3 51 1.10082
3 52 1.08876
3 53 1.07852
3 54 1.07359
3 55 1.11151
3 56 1.11151
3 57 1.11151
3 58 1.11151
3 59 1.11151
3 60 1.09225
3 61 1.0833
3 62 1.07529
3 63 1.07133
3 64 1.09746
3 65 1.09746
3 66 1.09746
3 67 1.09746
3 68 1.09746
3 69 1.08412
3 70 1.07762
3 71 1.07162
3 72 1.06861
3 73 1.1194
3 74 1.1194
3 75 1.1194
3 76 1.1194
3 77 1.1194
3 78 1.09653
3 79 1.08647
3 80 1.07759
3 81 1.07347
3 82 1.11176
3 83 1.11176
3 84 1.11176
3 85 1.11176
3 86 1.11176
3 87 1.09258
3 88 1.08361
3 89 1.07567
3 90 1.07181
3 91 1.10156
3 92 1.10156
3 93 1.10156
3 94 1.10156
3 95 1.10156
3 96 1.08671
3 97 1.07955
3 98 1.073
3 99 1.06975
3 100 1.09158
3 101 1.09158
3 102 1.09158
3 103 1.09158
3 104 1.09158
3 105 1.08045
3 106 1.07494
3 107 1.06983
3 108 1.06726
3 109 1.10163
3 110 1.10163
3 111 1.10163
3 112 1.10163
3 113 1.10163
3 114 1.08709
3 115 1.08003
3 116 1.07349
3 117 1.07064
3 118 1.09751
3 119 1.09751
3 120 1.09751
3 121 1.09751
3 122 1.09751
3 123 1.0844
3 124 1.07784
3 125 1.07194
3 126 1.0691
3 127 1.09138
3 128 1.09138
3 129 1.09138
3 130 1.09138
3 131 1.09138
3 132 1.08032
3 133 1.07484
3 134 1.06977
3 135 1.06725
3 136 1.08452
3 137 1.08452
3 138 1.08452
3 139 1.08452
3 140 1.08452
3 141 1.07568
3 142 1.07126
3 143 1.06712
3 144 1.06504
4 1 1.30508
4 2 1.30508
4 3 1.30508
4 4 1.30508
4 5 1.30508
4 6 1.11839
4 7 1.09718
4 8 1.08244
4 9 1.07576
4 10 1.14686
4 11 1.14686
4 12 1.14686
4 13 1.14686
4 14 1.14686
4 15 1.10662
4 16 1.09172
4 17 1.07968
4 18 1.07396
4 19 1.11809
4 20 1.11809
4 21 1.11809
4 22 1.11809
4 23 1.11809
4 24 1.09528
4 25 1.08503
4 26 1.07602
4 27 1.0716
4 28 1.10052
4 29 1.10052
4 30 1.10052
4 31 1.10052
4 32 1.10052
4 33 1.08572
4 34 1.07858
4 35 1.07204
4 36 1.06877
4 37 1.14793
4 38 1.14793
4 39 1.14793
4 40 1.14793
4 41 1.14793
4 42 1.1075
4 43 1.09273
4 44 1.08085
4 45 1.07535
4 46 1.12928
4 47 1.12928
4 48 1.12928
4 49 1.12928
4 50 1.12928
4 51 1.10082
4 52 1.08876
4 53 1.07852
4 54 1.07359
4 55 1.11151
4 56 1.11151
4 57 1.11151
4 58 1.11151
4 59 1.11151
4 60 1.09225
4 61 1.0833
4 62 1.07529
4 63 1.07133
4 64 1.09746
4 65 1.09746
4 66 1.09746
4 67 1.09746
4 68 1.09746
4 69 1.08412
4 70 1.07762
4 71 1.07162
4 72 1.06861
4 73 1.1194
4 74 1.1194
4 75 1.1194
4 76 1.1194
4 77 1.1194
4 78 1.09653
4 79 1.08647
4 80 1.07759
4 81 1.07347
4 82 1.11176
4 83 1.11176
4 84 1.11176
4 85 1.11176
4 86 1.11176
4 87 1.09258
4 88 1.08361
4 89 1.07567
4 90 1.07181
4 91 1.10156
4 92 1.10156
4 93 1.10156
4 94 1.10156
4 95 1.10156
4 96 1.08671
4 97 1.07955
4 98 1.073
4 99 1.06975
4 100 1.09158
4 101 1.09158
4 102 1.09158
4 103 1.09158
4 104 1.09158
4 105 1.08045
4 106 1.07494
4 107 1.06983
4 108 1.06726
4 109 1.10163
4 110 1.10163
4 111 1.10163
4 112 1.10163
4 113 1.10163
4 114 1.08709
4 115 1.08003
4 116 1.07349
4 117 1.07064
4 118 1.09751
4 119 1.09751
4 120 1.09751
4 121 1.09751
4 122 1.09751
4 123 1.0844
4 124 1.07784
4 125 1.07194
4 126 1.0691
4 127 1.09138
4 128 1.09138
4 129 1.09138
4 130 1.09138
4 131 1.09138
4 132 1.08032
4 133 1.07484
4 134 1.06977
4 135 1.06725
4 136 1.08452
4 137 1.08452
4 138 1.08452
4 139 1.08452
4 140 1.08452
4 141 1.07568
4 142 1.07126
4 143 1.06712
4 144 1.06504
5 1 1.30508
5 2 1.30508
5 3 1.30508
5 4 1.30508
5 5 1.30508
5 6 1.11839
5 7 1.09718
5 8 1.08244
5 9 1.07576
5 10 1.14686
5 11 1.14686
5 12 1.14686
5 13 1.14686
5 14 1.14686
5 15 1.10662
5 16 1.09172
5 17 1.07968
5 18 1.07396
5 19 1.11809
5 20 1.11809
5 21 1.11809
5 22 1.11809
5 23 1.11809
5 24 1.09528
5 25 1.08503
5 26 1.07602
5 27 1.0716
5 28 1.10052
5 29 1.10052
5 30 1.10052
5 31 1.10052
5 32 1.10052
5 33 1.08572
5 34 1.07858
5 35 1.07204
5 36 1.06877
5 37 1.14793
5 38 1.14793
5 39 1.14793
5 40 1.14793
5 41 1.14793
5 42 1.1075
5 43 1.09273
5 44 1.08085
5 45 1.07535
5 46 1.12928
5 47 1.12928
5 48 1.12928
5 49 1.12928
5 50 1.12928
5 51 1.10082
5 52 1.08876
5 53 1.07852
5 54 1.07359
5 55 1.11151
5 56 1.11151
5 57 1.11151
5 58 1.11151
5 59 1.11151
5 60 1.09225
5 61 1.0833
5 62 1.07529
5 63 1.07133
5 64 1.09746
5 65 1.09746
5 66 1.09746
5 67 1.09746
5 68 1.09746
5 69 1.08412
5 70 1.07762
5 71 1.07162
5 72 1.06861
5 73 1.1194
5 74 1.1194
5 75 1.1194
5 76 1.1194
5 77 1.1194
5 78 1.09653
5 79 1.08647
5 80 1.07759
5 81 1.07347
5 82 1.11176
5 83 1.11176
5 84 1.11176
5 85 1.11176
5 86 1.11176
5 87 1.09258
5 88 1.08361
5 89 1.07567
5 90 1.07181
5 91 1.10156
5 92 1.10156
5 93 1.10156
5 94 1.10156
5 95 1.10156
5 96 1.08671
5 97 1.07955
5 98 1.073
5 99 1.06975
5 100 1.09158
5 101 1.09158
5 102 1.09158
5 103 1.09158
5 104 1.09158
5 105 1.08045
5 106 1.07494
5 107 1.06983
5 108 1.06726
5 109 1.10163
5 110 1.10163
5 111 1.10163
5 112 1.10163
5 113 1.10163
5 114 1.08709
5 115 1.08003
5 116 1.07349
5 117 1.07064
5 118 1.09751
5 119 1.09751
5 120 1.09751
5 121 1.09751
5 122 1.09751
5 123 1.0844
5 124 1.07784
5 125 1.07194
5 126 1.0691
5 127 1.09138
5 128 1.09138
5 129 1.09138
5 130 1.09138
5 131 1.09138
5 132 1.08032
5 133 1.07484
5 134 1.06977
5 135 1.06725
5 136 1.08452
5 137 1.08452
5 138 1.08452
5 139 1.08452
5 140 1.08452
5 141 1.07568
5 142 1.07126
5 143 1.06712
5 144 1.06504
6 1 1.11839
6 2 1.11839
6 3 1.11839
6 4 1.11839
6 5 1.11839
6 6 6.91718
6 7 2.14221
6 8 1.39296
6 9 1.20538
6 10 1.10656
6 11 1.10656
6 12 1.10656
6 13 1.10656
6 14 1.10656
6 15 1.44532
6 16 1.3663
6 17 1.24303
6 18 1.17959
6 19 1.0952
6 20 1.0952
6 21 1.0952
6 22 1.0952
6 23 1.0952
6 24 1.19347
6 25 1.19293
6 26 1.16756
6 27 1.15061
6 28 1.08565
6 29 1.08565
6 30 1.08565
6 31 1.08565
6 32 1.08565
6 33 1.12436
6 34 1.13079
6 35 1.12879
6 36 1.12615
6 37 1.10787
6 38 1.10787
6 39 1.10787
6 40 1.10787
6 41 1.10787
6 42 1.43766
6 43 1.36129
6 44 1.24118
6 45 1.18073
6 46 1.10086
6 47 1.10086
6 48 1.10086
6 49 1.10086
6 50 1.10086
6 51 1.25751
6 52 1.24451
6 53 1.19423
6 54 1.16374
6 55 1.09223
6 56 1.09223
6 57 1.09223
6 58 1.09223
6 59 1.09223
6 60 1.15918
6 61 1.16349
6 62 1.15104
6 63 1.14166
6 64 1.08408
6 65 1.08408
6 66 1.08408
6 67 1.08408
6 68 1.08408
6 69 1.11539
6 70 1.12194
6 71 1.12227
6 72 1.12121
6 73 1.097
6 74 1.097
6 75 1.097
6 76 1.097
6 77 1.097
6 78 1.18862
6 79 1.18966
6 80 1.16644
6 81 1.15172
6 82 1.09267
6 83 1.09267
6 84 1.09267
6 85 1.09267
6 86 1.09267
6 87 1.1578
6 88 1.16244
6 89 1.15063
6 90 1.14175
6 91 1.08673
6 92 1.08673
6 93 1.08673
6 94 1.08673
6 95 1.08673
6 96 1.12503
6 97 1.13156
6 98 1.12975
6 99 1.1272
6 100 1.08044
6 101 1.08044
6 102 1.08044
6 103 1.08044
6 104 1.08044
6 105 1.10263
6 106 1.10886
6 107 1.11149
6 108 1.11213
6 109 1.08741
6 110 1.08741
6 111 1.08741
6 112 1.08741
6 113 1.08741
6 114 1.12154
6 115 1.12874
6 116 1.12802
6 117 1.12684
6 118 1.08449
6 119 1.08449
6 120 1.08449
6 121 1.08449
6 122 1.08449
6 123 1.11366
6 124 1.12058
6 125 1.12154
6 126 1.12092
6 127 1.08039
6 128 1.08039
6 129 1.08039
6 130 1.08039
6 131 1.08039
6 132 1.10192
6 133 1.10819
6 134 1.11101
6 135 1.11176
6 136 1.0757
6 137 1.0757
6 138 1.0757
6 139 1.0757
6 140 1.0757
6 141 1.09074
6 142 1.09616
6 143 1.09981
6 144 1.10134
7 1 1.09718
7 2 1.09718
7 3 1.09718
7 4 1.09718
7 5 1.09718
7 6 2.14221
7 7 6.91506
7 8 1.99226
7 9 1.31369
7 10 1.09163
7 11 1.09163
7 12 1.09163
7 13 1.09163
7 14 1.09163
7 15 1.36605
7 16 1.46737
7 17 1.34067
7 18 1.24938
7 19 1.08493
7 20 1.08493
7 21 1.08493
7 22 1.08493
7 23 1.08493
7 24 1.19283
7 25 1.22012
7 26 1.20966
7 27 1.19616
7 28 1.07849
7 29 1.07849
7 30 1.07849
7 31 1.07849
7 32 1.07849
7 33 1.13077
7 34 1.14771
7 35 1.15526
7 36 1.15704
7 37 1.09301
7 38 1.09301
7 39 1.09301
7 40 1.09301
7 41 1.09301
7 42 1.35996
7 43 1.46076
7 44 1.33766
7 45 1.25038
7 46 1.08879
7 47 1.08879
7 48 1.08879
7 49 1.08879
7 50 1.08879
7 51 1.24427
7 52 1.28366
7 53 1.25006
7 54 1.21834
7 55 1.08326
7 56 1.08326
7 57 1.08326
7 58 1.08326
7 59 1.08326
7 60 1.16338
7 61 1.18514
7 62 1.18559
7 63 1.18097
7 64 1.07756
7 65 1.07756
7 66 1.07756
7 67 1.07756
7 68 1.07756
7 69 1.12192
7 70 1.1374
7 71 1.14619
7 72 1.14924
7 73 1.08684
7 74 1.08684
7 75 1.08684
7 76 1.08684
7 77 1.08684
7 78 1.18782
7 79 1.21603
7 80 1.2078
7 81 1.19673
7 82 1.08375
7 83 1.08375
7 84 1.08375
7 85 1.08375
7 86 1.08375
7 87 1.16184
7 88 1.18394
7 89 1.18499
7 90 1.18081
7 91 1.07956
7 92 1.07956
7 93 1.07956
7 94 1.07956
7 95 1.07956
7 96 1.1314
7 97 1.14842
7 98 1.15622
7 99 1.15815
7 100 1.07492
7 101 1.07492
7 102 1.07492
7 103 1.07492
7 104 1.07492
7 105 1.10884
7 106 1.1221
7 107 1.1316
7 108 1.13567
7 109 1.08043
7 110 1.08043
7 111 1.08043
7 112 1.08043
7 113 1.08043
7 114 1.12709
7 115 1.14481
7 116 1.15372
7 117 1.15691
7 118 1.07808
7 119 1.07808
7 120 1.07808
7 121 1.07808
7 122 1.07808
7 123 1.11972
7 124 1.13568
7 125 1.14508
7 126 1.14847
7 127 1.07493
7 128 1.07493
7 129 1.07493
7 130 1.07493
7 131 1.07493
7 132 1.10795
7 133 1.12125
7 134 1.13091
7 135 1.13509
7 136 1.07127
7 137 1.07127
7 138 1.07127
7 139 1.07127
7 140 1.07127
7 141 1.09612
7 142 1.10696
7 143 1.11592
7 144 1.12014
8 1 1.08244
8 2 1.08244
8 3 1.08244
8 4 1.08244
8 5 1.08244
8 6 1.39296
8 7 1.99226
8 8 6.20094
8 9 1.54569
8 10 1.07963
8 11 1.07963
8 12 1.07963
8 13 1.07963
8 14 1.07963
8 15 1.2427
8 16 1.34013
8 17 1.39863
8 18 1.33543
8 19 1.07596
8 20 1.07596
8 21 1.07596
8 22 1.07596
8 23 1.07596
8 24 1.16746
8 25 1.2095
8 26 1.23755
8 27 1.24397
8 28 1.07198
8 29 1.07198
8 30 1.07198
8 31 1.07198
8 32 1.07198
8 33 1.12878
8 34 1.15519
8 35 1.17732
8 36 1.18748
8 37 1.08106
8 38 1.08106
8 39 1.08106
8 40 1.08106
8 41 1.08106
8 42 1.2407
8 43 1.33842
8 44 1.39713
8 45 1.33619
8 46 1.07857
8 47 1.07857
8 48 1.07857
8 49 1.07857
8 50 1.07857
8 51 1.194
8 52 1.24998
8 53 1.28198
8 54 1.27859
8 55 1.07528
8 56 1.07528
8 57 1.07528
8 58 1.07528
8 59 1.07528
8 60 1.15094
8 61 1.18549
8 62 1.2113
8 63 1.22101
8 64 1.07159
8 65 1.07159
8 66 1.07159
8 67 1.07159
8 68 1.07159
8 69 1.12227
8 70 1.14614
8 71 1.16679
8 72 1.17661
8 73 1.07796
8 74 1.07796
8 75 1.07796
8 76 1.07796
8 77 1.07796
8 78 1.16454
8 79 1.20735
8 80 1.23624
8 81 1.24382
8 82 1.07582
8 83 1.07582
8 84 1.07582
8 85 1.07582
8 86 1.07582
8 87 1.14984
8 88 1.18474
8 89 1.2108
8 90 1.22057
8 91 1.07305
8 92 1.07305
8 93 1.07305
8 94 1.07305
8 95 1.07305
8 96 1.12951
8 97 1.15606
8 98 1.1784
8 99 1.18869
8 100 1.06983
8 101 1.06983
8 102 1.06983
8 103 1.06983
8 104 1.06983
8 105 1.11146
8 106 1.13153
8 107 1.14957
8 108 1.15841
8 109 1.07405
8 110 1.07405
8 111 1.07405
8 112 1.07405
8 113 1.07405
8 114 1.12542
8 115 1.15265
8 116 1.17557
8 117 1.18638
8 118 1.07219
8 119 1.07219
8 120 1.07219
8 121 1.07219
8 122 1.07219
8 123 1.12009
8 124 1.14453
8 125 1.16551
8 126 1.17533
8 127 1.06988
8 128 1.06988
8 129 1.06988
8 130 1.06988
8 131 1.06988
8 132 1.11053
8 133 1.13062
8 134 1.14874
8 135 1.15761
8 136 1.06715
8 137 1.06715
8 138 1.06715
8 139 1.06715
8 140 1.06715
8 141 1.09971
8 142 1.11581
8 143 1.1307
8 144 1.13813
9 1 1.07576
9 2 1.07576
9 3 1.07576
9 4 1.07576
9 5 1.07576
9 6 1.20538
9 7 1.31369
9 8 1.54569
9 9 2.14671
9 10 1.07397
9 11 1.07397
9 12 1.07397
9 13 1.07397
9 14 1.07397
9 15 1.17968
9 16 1.24934
9 17 1.33555
9 18 1.38906
9 19 1.0716
9 20 1.0716
9 21 1.0716
9 22 1.0716
9 23 1.0716
9 24 1.15067
9 25 1.19607
9 26 1.24393
9 27 1.26958
9 28 1.06876
9 29 1.06876
9 30 1.06876
9 31 1.06876
9 32 1.06876
9 33 1.12619
9 34 1.15697
9 35 1.18743
9 36 1.20317
9 37 1.07539
9 38 1.07539
9 39 1.07539
9 40 1.07539
9 41 1.07539
9 42 1.17932
9 43 1.24939
9 44 1.33517
9 45 1.38834
9 46 1.07363
9 47 1.07363
9 48 1.07363
9 49 1.07363
9 50 1.07363
9 51 1.16343
9 52 1.21805
9 53 1.27833
9 54 1.31151
9 55 1.07135
9 56 1.07135
9 57 1.07135
9 58 1.07135
9 59 1.07135
9 60 1.14156
9 61 1.18074
9 62 1.22079
9 63 1.24179
9 64 1.06862
9 65 1.06862
9 66 1.06862
9 67 1.06862
9 68 1.06862
9 69 1.12119
9 70 1.14909
9 71 1.17647
9 72 1.19054
9 73 1.0736
9 74 1.0736
9 75 1.0736
9 76 1.0736
9 77 1.0736
9 78 1.14878
9 79 1.19477
9 80 1.24254
9 81 1.26822
9 82 1.0719
9 83 1.0719
9 84 1.0719
9 85 1.0719
9 86 1.0719
9 87 1.14065
9 88 1.18015
9 89 1.22017
9 90 1.24095
9 91 1.0698
9 92 1.0698
9 93 1.0698
9 94 1.0698
9 95 1.0698
9 96 1.12683
9 97 1.15774
9 98 1.18837
9 99 1.20415
9 100 1.06728
9 101 1.06728
9 102 1.06728
9 103 1.06728
9 104 1.06728
9 105 1.11202
9 106 1.13546
9 107 1.15821
9 108 1.16985
9 109 1.07085
9 110 1.07085
9 111 1.07085
9 112 1.07085
9 113 1.07085
9 114 1.12297
9 115 1.15451
9 116 1.18525
9 117 1.20104
9 118 1.06924
9 119 1.06924
9 120 1.06924
9 121 1.06924
9 122 1.06924
9 123 1.119
9 124 1.14745
9 125 1.1749
9 126 1.18873
9 127 1.06734
9 128 1.06734
9 129 1.06734
9 130 1.06734
9 131 1.06734
9 132 1.11105
9 133 1.13447
9 134 1.15724
9 135 1.16884
9 136 1.06508
9 137 1.06508
9 138 1.06508
9 139 1.06508
9 140 1.06508
9 141 1.10112
9 142 1.11985
9 143 1.1379
9 144 1.14709
10 1 1.14686
10 2 1.14686
10 3 1.14686
10 4 1.14686
10 5 1.14686
10 6 1.10656
10 7 1.09163
10 8 1.07963
10 9 1.07397
10 10 1.30419
10 11 1.30419
10 12 1.30419
10 13 1.30419
10 14 1.30419
10 15 1.1175
10 16 1.09627
10 17 1.08145
10 18 1.07469
10 19 1.16163
10 20 1.16163
10 21 1.16163
10 22 1.16163
10 23 1.16163
10 24 1.11001
10 25 1.09319
10 26 1.0801
10 27 1.07394
10 28 1.12579
10 29 1.12579
10 30 1.12579
10 31 1.12579
10 32 1.12579
10 33 1.09877
10 34 1.08714
10 35 1.07712
10 36 1.07225
10 37 1.12926
10 38 1.12926
10 39 1.12926
10 40 1.12926
10 41 1.12926
10 42 1.10052
10 43 1.08854
10 44 1.07839
10 45 1.07362
10 46 1.14705
10 47 1.14705
10 48 1.14705
10 49 1.14705
10 50 1.14705
10 51 1.10674
10 52 1.09185
10 53 1.07986
10 54 1.07421
10 55 1.13514
10 56 1.13514
10 57 1.13514
10 58 1.13514
10 59 1.13514
10 60 1.10288
10 61 1.08976
10 62 1.07877
10 63 1.07349
10 64 1.11696
10 65 1.11696
10 66 1.11696
10 67 1.11696
10 68 1.11696
10 69 1.09501
10 70 1.08504
10 71 1.07623
10 72 1.0719
10 73 1.11172
10 74 1.11172
10 75 1.11172
10 76 1.11172
10 77 1.11172
10 78 1.09215
10 79 1.0834
10 80 1.07552
10 81 1.07186
10 82 1.11853
10 83 1.11853
10 84 1.11853
10 85 1.11853
10 86 1.11853
10 87 1.09568
10 88 1.08545
10 89 1.07656
10 90 1.07228
10 91 1.11423
10 92 1.11423
10 93 1.11423
10 94 1.11423
10 95 1.11423
10 96 1.09358
10 97 1.08413
10 98 1.07574
10 99 1.07162
10 100 1.10497
10 101 1.10497
10 102 1.10497
10 103 1.10497
10 104 1.10497
10 105 1.08861
10 106 1.08082
10 107 1.07373
10 108 1.07021
10 109 1.09745
10 110 1.09745
10 111 1.09745
10 112 1.09745
10 113 1.09745
10 114 1.08408
10 115 1.0777
10 116 1.07175
10 117 1.06918
10 118 1.10075
10 119 1.10075
10 120 1.10075
10 121 1.10075
10 122 1.10075
10 123 1.08603
10 124 1.07887
10 125 1.07246
10 126 1.06942
10 127 1.09865
10 128 1.09865
10 129 1.09865
10 130 1.09865
10 131 1.09865
10 132 1.08471
10 133 1.07799
10 134 1.07184
10 135 1.06881
10 136 1.0935
10 137 1.0935
10 138 1.0935
10 139 1.0935
10 140 1.0935
10 141 1.08157
10 142 1.07572
10 143 1.07031
10 144 1.0676
11 1 1.14686
11 2 1.14686
11 3 1.14686
11 4 1.14686
11 5 1.14686
11 6 1.10656
11 7 1.09163
11 8 1.07963
11 9 1.07397
11 10 1.30419
11 11 1.30419
11 12 1.30419
11 13 1.30419
11 14 1.30419
11 15 1.1175
11 16 1.09627
11 17 1.08145
11 18 1.07469
11 19 1.16163
11 20 1.16163
11 21 1.16163
11 22 1.16163
11 23 1.16163
11 24 1.11001
11 25 1.09319
11 26 1.0801
11 27 1.07394
11 28 1.12579
11 29 1.12579
11 30 1.12579
11 31 1.12579
11 32 1.12579
11 33 1.09877
11 34 1.08714
11 35 1.07712
11 36 1.07225
11 37 1.12926
11 38 1.12926
11 39 1.12926
11 40 1.12926
11 41 1.12926
11 42 1.10052
11 43 1.08854
11 44 1.07839
11 45 1.07362
11 46 1.14705
11 47 1.14705
11 48 1.14705
11 49 1.14705
11 50 1.14705
11 51 1.10674
11 52 1.09185
11 53 1.07986
11 54 1.07421
11 55 1.13514
11 56 1.13514
11 57 1.13514
11 58 1.13514
11 59 1.13514
11 60 1.10288
11 61 1.08976
11 62 1.07877
11 63 1.07349
11 64 1.11696
11 65 1.11696
11 66 1.11696
11 67 1.11696
11 68 1.11696
11 69 1.09501
11 70 1.08504
11 71 1.07623
11 72 1.0719
11 73 1.11172
11 74 1.11172
11 75 1.11172
11 76 1.11172
11 77 1.11172
11 78 1.09215
11 79 1.0834
11 80 1.07552
11 81 1.07186
11 82 1.11853
11 83 1.11853
11 84 1.11853
11 85 1.11853
11 86 1.11853
11 87 1.09568
11 88 1.08545
11 89 1.07656
11 90 1.07228
11 91 1.11423
11 92 1.11423
11 93 1.11423
11 94 1.11423
11 95 1.11423
11 96 1.09358
11 97 1.08413
11 98 1.07574
11 99 1.07162
11 100 1.10497
11 101 1.10497
11 102 1.10497
11 103 1.10497
11 104 1.10497
11 105 1.08861
11 106 1.08082
11 107 1.07373
11 108 1.07021
11 109 1.09745
11 110 1.09745
11 111 1.09745
11 112 1.09745
11 113 1.09745
11 114 1.08408
11 115 1.0777
11 116 1.07175
11 117 1.06918
11 118 1.10075
11 119 1.10075
11 120 1.10075
11 121 1.10075
11 122 1.10075
11 123 1.08603
11 124 1.07887
11 125 1.07246
11 126 1.06942
11 127 1.09865
11 128 1.09865
11 129 1.09865
11 130 1.09865
11 131 1.09865
11 132 1.08471
11 133 1.07799
11 134 1.07184
11 135 1.06881
11 136 1.0935
11 137 1.0935
11 138 1.0935
11 139 1.0935
11 140 1.0935
11 141 1.08157
11 142 1.07572
11 143 1.07031
11 144 1.0676
12 1 1.14686
12 2 1.14686
12 3 1.14686
12 4 1.14686
12 5 1.14686
12 6 1.10656
12 7 1.09163
12 8 1.07963
12 9 1.07397
12 10 1.30419
12 11 1.30419
12 12 1.30419
12 13 1.30419
12 14 1.30419
12 15 1.1175
12 16 1.09627
12 17 1.08145
12 18 1.07469
12 19 1.16163
12 20 1.16163
12 21 1.16163
12 22 1.16163
12 23 1.16163
12 24 1.11001
12 25 1.09319
12 26 1.0801
12 27 1.07394
12 28 1.12579
12 29 1.12579
12 30 1.12579
12 31 1.12579
12 32 1.12579
12 33 1.09877
12 34 1.08714
12 35 1.07712
12 36 1.07225
12 37 1.12926
12 38 1.12926
12 39 1.12926
12 40 1.12926
12 41 1.12926
12 42 1.10052
12 43 1.08854
12 44 1.07839
12 45 1.07362
12 46 1.14705
12 47 1.14705
12 48 1.14705
12 49 1.14705
12 50 1.14705
12 51 1.10674
12 52 1.09185
12 53 1.07986
12 54 1.07421
12 55 1.13514
12 56 1.13514
12 57 1.13514
12 58 1.13514
12 59 1.13514
12 60 1.10288
12 61 1.08976
12 62 1.07877
12 63 1.07349
12 64 1.11696
12 65 1.11696
12 66 1.11696
12 67 1.11696
12 68 1.11696
12 69 1.09501
12 70 1.08504
12 71 1.07623
12 72 1.0719
12 73 1.11172
12 74 1.11172
12 75 1.11172
12 76 1.11172
12 77 1.11172
12 78 1.09215
12 79 1.0834
12 80 1.07552
12 81 1.07186
12 82 1.11853
12 83 1.11853
12 84 1.11853
12 85 1.11853
12 86 1.11853
12 87 1.09568
12 88 1.08545
12 89 1.07656
12 90 1.07228
12 91 1.11423
12 92 1.11423
12 93 1.11423
12 94 1.11423
12 95 1.11423
12 96 1.09358
12 97 1.08413
12 98 1.07574
12 99 1.07162
12 100 1.10497
12 101 1.10497
12 102 1.10497
12 103 1.10497
12 104 1.10497
12 105 1.08861
12 106 1.08082
12 107 1.07373
12 108 1.07021
12 109 1.09745
12 110 1.09745
12 111 1.09745
12 112 1.09745
12 113 1.09745
12 114 1.08408
12 115 1.0777
12 116 1.07175
12 117 1.06918
12 118 1.10075
12 119 1.10075
12 120 1.10075
12 121 1.10075
12 122 1.10075
12 123 1.08603
12 124 1.07887
12 125 1.07246
12 126 1.06942
12 127 1.09865
12 128 1.09865
12 129 1.09865
12 130 1.09865
12 131 1.09865
12 132 1.08471
12 133 1.07799
12 134 1.07184
12 135 1.06881
12 136 1.0935
12 137 1.0935
12 138 1.0935
12 139 1.0935
12 140 1.0935
12 141 1.08157
12 142 1.07572
12 143 1.07031
12 144 1.0676
13 1 1.14686
13 2 1.14686
13 3 1.14686
13 4 1.14686
13 5 1.14686
13 6 1.10656
13 7 1.09163
13 8 1.07963
13 9 1.07397
13 10 1.30419
13 11 1.30419
13 12 1.30419
13 13 1.30419
13 14 1.30419
13 15 1.1175
13 16 1.09627
13 17 1.08145
13 18 1.07469
13 19 1.16163
13 20 1.16163
13 21 1.16163
13 22 1.16163
13 23 1.16163
13 24 1.11001
13 25 1.09319
13 26 1.0801
13 27 1.07394
13 28 1.12579
13 29 1.12579
13 30 1.12579
13 31 1.12579
13 32 1.12579
13 33 1.09877
13 34 1.08714
13 35 1.07712
13 36 1.07225
13 37 1.12926
13 38 1.12926
13 39 1.12926
13 40 1.12926
13 41 1.12926
13 42 1.10052
13 43 1.08854
13 44 1.07839
13 45 1.07362
13 46 1.14705
13 47 1.14705
13 48 1.14705
13 49 1.14705
13 50 1.14705
13 51 1.10674
13 52 1.09185
13 53 1.07986
13 54 1.07421
13 55 1.13514
13 56 1.13514
13 57 1.13514
13 58 1.13514
13 59 1.13514
13 60 1.10288
13 61 1.08976
13 62 1.07877
13 63 1.07349
13 64 1.11696
13 65 1.11696
13 66 1.11696
13 67 1.11696
13 68 1.11696
13 69 1.09501
13 70 1.08504
13 71 1.07623
13 72 1.0719
13 73 1.11172
13 74 1.11172
13 75 1.11172
13 76 1.11172
13 77 1.11172
13 78 1.09215
13 79 1.0834
13 80 1.07552
13 81 1.07186
13 82 1.11853
13 83 1.11853
13 84 1.11853
13 85 1.11853
13 86 1.11853
13 87 1.09568
13 88 1.08545
13 89 1.07656
13 90 1.07228
13 91 1.11423
13 92 1.11423
13 93 1.11423
13 94 1.11423
13 95 1.11423
13 96 1.09358
13 97 1.08413
13 98 1.07574
13 99 1.07162
13 100 1.10497
13 101 1.10497
13 102 1.10497
13 103 1.10497
13 104 1.10497
13 105 1.08861
13 106 1.08082
13 107 1.07373
13 108 1.07021
13 109 1.09745
13 110 1.09745
13 111 1.09745
13 112 1.09745
13 113 1.09745
13 114 1.08408
13 115 1.0777
13 116 1.07175
13 117 1.06918
13 118 1.10075
13 119 1.10075
13 120 1.10075
13 121 1.10075
13 122 1.10075
13 123 1.08603
13 124 1.07887
13 125 1.07246
13 126 1.06942
13 127 1.09865
13 128 1.09865
13 129 1.09865
13 130 1.09865
13 131 1.09865
13 132 1.08471
13 133 1.07799
13 134 1.07184
13 135 1.06881
13 136 1.0935
13 137 1.0935
13 138 1.0935
13 139 1.0935
13 140 1.0935
13 141 1.08157
13 142 1.07572
13 143 1.07031
13 144 1.0676
14 1 1.14686
14 2 1.14686
14 3 1.14686
14 4 1.14686
14 5 1.14686
14 6 1.10656
14 7 1.09163
14 8 1.07963
14 9 1.07397
14 10 1.30419
14 11 1.30419
14 12 1.30419
14 13 1.30419
14 14 1.30419
14 15 1.1175
14 16 1.09627
14 17 1.08145
14 18 1.07469
14 19 1.16163
14 20 1.16163
14 21 1.16163
14 22 1.16163
14 23 1.16163
14 24 1.11001
14 25 1.09319
14 26 1.0801
14 27 1.07394
14 28 1.12579
14 29 1.12579
14 30 1.12579
14 31 1.12579
14 32 1.12579
14 33 1.09877
14 34 1.08714
14 35 1.07712
14 36 1.07225
14 37 1.12926
14 38 1.12926
14 39 1.12926
14 40 1.12926
14 41 1.12926
14 42 1.10052
14 43 1.08854
14 44 1.07839
14 45 1.07362
14 46 1.14705
14 47 1.14705
14 48 1.14705
14 49 1.14705
14 50 1.14705
14 51 1.10674
14 52 1.09185
14 53 1.07986
14 54 1.07421
14 55 1.13514
14 56 1.13514
14 57 1.13514
14 58 1.13514
14 59 1.13514
14 60 1.10288
14 61 1.08976
14 62 1.07877
14 63 1.07349
14 64 1.11696
14 65 1.11696
14 66 1.11696
14 67 1.11696
14 68 1.11696
14 69 1.09501
14 70 1.08504
14 71 1.07623
14 72 1.0719
14 73 1.11172
14 74 1.11172
14 75 1.11172
14 76 1.11172
14 77 1.11172
14 78 1.09215
14 79 1.0834
14 80 1.07552
14 81 1.07186
14 82 1.11853
14 83 1.11853
14 84 1.11853
14 85 1.11853
14 86 1.11853
14 87 1.09568
14 88 1.08545
14 89 1.07656
14 90 1.07228
14 91 1.11423
14 92 1.11423
14 93 1.11423
14 94 1.11423
14 95 1.11423
14 96 1.09358
14 97 1.08413
14 98 1.07574
14 99 1.07162
14 100 1.10497
14 101 1.10497
14 102 1.10497
14 103 1.10497
14 104 1.10497
14 105 1.08861
14 106 1.08082
14 107 1.07373
14 108 1.07021
14 109 1.09745
14 110 1.09745
14 111 1.09745
14 112 1.09745
14 113 1.09745
14 114 1.08408
14 115 1.0777
14 116 1.07175
14 117 1.06918
14 118 1.10075
14 119 1.10075
14 120 1.10075
14 121 1.10075
14 122 1.10075
14 123 1.08603
14 124 1.07887
14 125 1.07246
14 126 1.06942
14 127 1.09865
14 128 1.09865
14 129 1.09865
14 130 1.09865
14 131 1.09865
14 132 1.08471
14 133 1.07799
14 134 1.07184
14 135 1.06881
14 136 1.0935
14 137 1.0935
14 138 1.0935
14 139 1.0935
14 140 1.0935
14 141 1.08157
14 142 1.07572
14 143 1.07031
14 144 1.0676
15 1 1.10662
15 2 1.10662
15 3 1.10662
15 4 1.10662
15 5 1.10662
15 6 1.44532
15 7 1.36605
15 8 1.2427
15 9 1.17968
15 10 1.1175
15 11 1.1175
15 12 1.1175
15 13 1.1175
15 14 1.1175
15 15 6.91996
15 16 2.14523
15 17 1.39409
15 18 1.20451
15 19 1.10997
15 20 1.10997
15 21 1.10997
15 22 1.10997
15 23 1.10997
15 24 1.68146
15 25 1.48493
15 26 1.28147
15 27 1.18861
15 28 1.09872
15 29 1.09872
15 30 1.09872
15 31 1.09872
15 32 1.09872
15 33 1.24189
15 34 1.23185
15 35 1.18741
15 36 1.16001
15 37 1.10093
15 38 1.10093
15 39 1.10093
15 40 1.10093
15 41 1.10093
15 42 1.25464
15 43 1.24252
15 44 1.19295
15 45 1.16372
15 46 1.10686
15 47 1.10686
15 48 1.10686
15 49 1.10686
15 50 1.10686
15 51 1.4449
15 52 1.36594
15 53 1.24264
15 54 1.17963
15 55 1.1029
15 56 1.1029
15 57 1.1029
15 58 1.1029
15 59 1.1029
15 60 1.31064
15 61 1.28352
15 62 1.21136
15 63 1.16982
15 64 1.09499
15 65 1.09499
15 66 1.09499
15 67 1.09499
15 68 1.09499
15 69 1.1845
15 70 1.1858
15 71 1.16407
15 72 1.14911
15 73 1.09273
15 74 1.09273
15 75 1.09273
15 76 1.09273
15 77 1.09273
15 78 1.15461
15 79 1.16035
15 80 1.14934
15 81 1.14157
15 82 1.09588
15 83 1.09588
15 84 1.09588
15 85 1.09588
15 86 1.09588
15 87 1.19173
15 88 1.19166
15 89 1.16685
15 90 1.15066
15 91 1.09365
15 92 1.09365
15 93 1.09365
15 94 1.09365
15 95 1.09365
15 96 1.17134
15 97 1.17424
15 98 1.15729
15 99 1.14524
15 100 1.08862
15 101 1.08862
15 102 1.08862
15 103 1.08862
15 104 1.08862
15 105 1.13571
15 106 1.14181
15 107 1.13692
15 108 1.13233
15 109 1.08454
15 110 1.08454
15 111 1.08454
15 112 1.08454
15 113 1.08454
15 114 1.11141
15 115 1.11891
15 116 1.12042
15 117 1.12064
15 118 1.08624
15 119 1.08624
15 120 1.08624
15 121 1.08624
15 122 1.08624
15 123 1.12223
15 124 1.12913
15 125 1.12776
15 126 1.12579
15 127 1.08485
15 128 1.08485
15 129 1.08485
15 130 1.08485
15 131 1.08485
15 132 1.118
15 133 1.12459
15 134 1.12427
15 135 1.12282
15 136 1.08162
15 137 1.08162
15 138 1.08162
15 139 1.08162
15 140 1.08162
15 141 1.10658
15 142 1.11296
15 143 1.11495
15 144 1.1151
16 1 1.09172
16 2 1.09172
16 3 1.09172
16 4 1.09172
16 5 1.09172
16 6 1.3663
16 7 1.46737
16 8 1.34013
16 9 1.24934
16 10 1.09627
16 11 1.09627
16 12 1.09627
16 13 1.09627
16 14 1.09627
16 15 2.14523
16 16 6.92546
16 17 1.99731
16 18 1.31259
16 19 1.09315
16 20 1.09315
16 21 1.09315
16 22 1.09315
16 23 1.09315
16 24 1.48484
16 25 1.69995
16 26 1.43053
16 27 1.26907
16 28 1.08708
16 29 1.08708
16 30 1.08708
16 31 1.08708
16 32 1.08708
16 33 1.23182
16 34 1.26848
16 35 1.23985
16 36 1.21232
16 37 1.08889
16 38 1.08889
16 39 1.08889
16 40 1.08889
16 41 1.08889
16 42 1.24183
16 43 1.28154
16 44 1.24833
16 45 1.21808
16 46 1.09197
16 47 1.09197
16 48 1.09197
16 49 1.09197
16 50 1.09197
16 51 1.36586
16 52 1.46723
16 53 1.33999
16 54 1.24916
16 55 1.08977
16 56 1.08977
16 57 1.08977
16 58 1.08977
16 59 1.08977
16 60 1.28341
16 61 1.33595
16 62 1.27864
16 63 1.2298
16 64 1.08501
16 65 1.08501
16 66 1.08501
16 67 1.08501
16 68 1.08501
16 69 1.18577
16 70 1.21116
16 71 1.20402
16 72 1.19315
16 73 1.08386
16 74 1.08386
16 75 1.08386
16 76 1.08386
16 77 1.08386
16 78 1.15863
16 79 1.18154
16 80 1.1833
16 81 1.18034
16 82 1.08569
16 83 1.08569
16 84 1.08569
16 85 1.08569
16 86 1.08569
16 87 1.19099
16 88 1.21866
16 89 1.20854
16 90 1.19577
16 91 1.08419
16 92 1.08419
16 93 1.08419
16 94 1.08419
16 95 1.08419
16 96 1.17405
16 97 1.19765
16 98 1.19441
16 99 1.1868
16 100 1.08082
16 101 1.08082
16 102 1.08082
16 103 1.08082
16 104 1.08082
16 105 1.14177
16 106 1.16017
16 107 1.16596
16 108 1.16609
16 109 1.07819
16 110 1.07819
16 111 1.07819
16 112 1.07819
16 113 1.07819
16 114 1.11715
16 115 1.13362
16 116 1.14362
16 117 1.14788
16 118 1.07921
16 119 1.07921
16 120 1.07921
16 121 1.07921
16 122 1.07921
16 123 1.12813
16 124 1.14562
16 125 1.15367
16 126 1.15607
16 127 1.07814
16 128 1.07814
16 129 1.07814
16 130 1.07814
16 131 1.07814
16 132 1.1243
16 133 1.14036
16 134 1.14889
16 135 1.15165
16 136 1.07577
16 137 1.07577
16 138 1.07577
16 139 1.07577
16 140 1.07577
16 141 1.1129
16 142 1.1269
16 143 1.13627
16 144 1.14009
17 1 1.07968
17 2 1.07968
17 3 1.07968
17 4 1.07968
17 5 1.07968
17 6 1.24303
17 7 1.34067
17 8 1.39863
17 9 1.33555
17 10 1.08145
17 11 1.08145
17 12 1.08145
17 13 1.08145
17 14 1.08145
17 15 1.39409
17 16 1.99731
17 17 6.26987
17 18 1.5452
17 19 1.08007
17 20 1.08007
17 21 1.08007
17 22 1.08007
17 23 1.08007
17 24 1.28129
17 25 1.43023
17 26 1.55494
17 27 1.37876
17 28 1.07708
17 29 1.07708
17 30 1.07708
17 31 1.07708
17 32 1.07708
17 33 1.18734
17 34 1.23975
17 35 1.27076
17 36 1.26956
17 37 1.07863
17 38 1.07863
17 39 1.07863
17 40 1.07863
17 41 1.07863
17 42 1.19244
17 43 1.24861
17 44 1.28041
17 45 1.27811
17 46 1.07995
17 47 1.07995
17 48 1.07995
17 49 1.07995
17 50 1.07995
17 51 1.24258
17 52 1.34021
17 53 1.39827
17 54 1.33525
17 55 1.07879
17 56 1.07879
17 57 1.07879
17 58 1.07879
17 59 1.07879
17 60 1.21118
17 61 1.27848
17 62 1.31431
17 63 1.29862
17 64 1.07621
17 65 1.07621
17 66 1.07621
17 67 1.07621
17 68 1.07621
17 69 1.16401
17 70 1.20394
17 71 1.23128
17 72 1.23911
17 73 1.07591
17 74 1.07591
17 75 1.07591
17 76 1.07591
17 77 1.07591
17 78 1.14723
17 79 1.18262
17 80 1.20906
17 81 1.21981
17 82 1.07675
17 83 1.07675
17 84 1.07675
17 85 1.07675
17 86 1.07675
17 87 1.16604
17 88 1.20842
17 89 1.23646
17 90 1.24327
17 91 1.0758
17 92 1.0758
17 93 1.0758
17 94 1.0758
17 95 1.0758
17 96 1.15696
17 97 1.1942
17 98 1.22085
17 99 1.22973
17 100 1.07374
17 101 1.07374
17 102 1.07374
17 103 1.07374
17 104 1.07374
17 105 1.13682
17 106 1.16587
17 107 1.18941
17 108 1.19981
17 109 1.07231
17 110 1.07231
17 111 1.07231
17 112 1.07231
17 113 1.07231
17 114 1.11757
17 115 1.14241
17 116 1.1639
17 117 1.17445
17 118 1.07278
17 119 1.07278
17 120 1.07278
17 121 1.07278
17 122 1.07278
17 123 1.12618
17 124 1.15316
17 125 1.17549
17 126 1.18597
17 127 1.07197
17 128 1.07197
17 129 1.07197
17 130 1.07197
17 131 1.07197
17 132 1.12369
17 133 1.14854
17 134 1.16989
17 135 1.18
17 136 1.07035
17 137 1.07035
17 138 1.07035
17 139 1.07035
17 140 1.07035
17 141 1.11479
17 142 1.13613
17 143 1.15513
17 144 1.16438
18 1 1.07396
18 2 1.07396
18 3 1.07396
18 4 1.07396
18 5 1.07396
18 6 1.17959
18 7 1.24938
18 8 1.33543
18 9 1.38906
18 10 1.07469
18 11 1.07469
18 12 1.07469
18 13 1.07469
18 14 1.07469
18 15 1.20451
18 16 1.31259
18 17 1.5452
18 18 2.14702
18 19 1.07394
18 20 1.07394
18 21 1.07394
18 22 1.07394
18 23 1.07394
18 24 1.18864
18 25 1.26906
18 26 1.37887
18 27 1.45691
18 28 1.07223
18 29 1.07223
18 30 1.07223
18 31 1.07223
18 32 1.07223
18 33 1.16004
18 34 1.21232
18 35 1.26962
18 36 1.30126
18 37 1.07366
18 38 1.07366
18 39 1.07366
18 40 1.07366
18 41 1.07366
18 42 1.16238
18 43 1.21728
18 44 1.27742
18 45 1.31114
18 46 1.07424
18 47 1.07424
18 48 1.07424
18 49 1.07424
18 50 1.07424
18 51 1.17922
18 52 1.24892
18 53 1.33501
18 54 1.38884
18 55 1.07351
18 56 1.07351
18 57 1.07351
18 58 1.07351
18 59 1.07351
18 60 1.1697
18 61 1.22967
18 62 1.29858
18 63 1.33806
18 64 1.0719
18 65 1.0719
18 66 1.0719
18 67 1.0719
18 68 1.0719
18 69 1.14909
18 70 1.1931
18 71 1.23912
18 72 1.26365
18 73 1.07198
18 74 1.07198
18 75 1.07198
18 76 1.07198
18 77 1.07198
18 78 1.13859
18 79 1.17851
18 80 1.2188
18 81 1.24033
18 82 1.07237
18 83 1.07237
18 84 1.07237
18 85 1.07237
18 86 1.07237
18 87 1.14941
18 88 1.19512
18 89 1.24285
18 90 1.26864
18 91 1.07167
18 92 1.07167
18 93 1.07167
18 94 1.07167
18 95 1.07167
18 96 1.14483
18 97 1.18645
18 98 1.22958
18 99 1.25244
18 100 1.07023
18 101 1.07023
18 102 1.07023
18 103 1.07023
18 104 1.07023
18 105 1.13222
18 106 1.16597
18 107 1.19977
18 108 1.21733
18 109 1.06937
18 110 1.06937
18 111 1.06937
18 112 1.06937
18 113 1.06937
18 114 1.1167
18 115 1.14555
18 116 1.1735
18 117 1.18795
18 118 1.06957
18 119 1.06957
18 120 1.06957
18 121 1.06957
18 122 1.06957
18 123 1.12364
18 124 1.15499
18 125 1.18547
18 126 1.20132
18 127 1.0689
18 128 1.0689
18 129 1.0689
18 130 1.0689
18 131 1.0689
18 132 1.12202
18 133 1.15105
18 134 1.17973
18 135 1.19456
18 136 1.06764
18 137 1.06764
18 138 1.06764
18 139 1.06764
18 140 1.06764
18 141 1.11487
18 142 1.13986
18 143 1.16428
18 144 1.17681
19 1 1.11809
19 2 1.11809
19 3 1.11809
19 4 1.11809
19 5 1.11809
19 6 1.0952
19 7 1.08493
19 8 1.07596
19 9 1.0716
19 10 1.16163
19 11 1.16163
19 12 1.16163
19 13 1.16163
19 14 1.16163
19 15 1.10997
19 16 1.09315
19 17 1.08007
19 18 1.07394
19 19 1.30422
19 20 1.30422
19 21 1.30422
19 22 1.30422
19 23 1.30422
19 24 1.11753
19 25 1.09628
19 26 1.08142
19 27 1.07463
19 28 1.16195
19 29 1.16195
19 30 1.16195
19 31 1.16195
19 32 1.16195
19 33 1.11032
19 34 1.09349
19 35 1.08038
19 36 1.07421
19 37 1.11148
19 38 1.11148
19 39 1.11148
19 40 1.11148
19 41 1.11148
19 42 1.09194
19 43 1.08304
19 44 1.07513
19 45 1.07135
19 46 1.13513
19 47 1.13513
19 48 1.13513
19 49 1.13513
19 50 1.13513
19 51 1.10278
19 52 1.08965
19 53 1.07871
19 54 1.07348
19 55 1.14709
19 56 1.14709
19 57 1.14709
19 58 1.14709
19 59 1.14709
19 60 1.1068
19 61 1.0919
19 62 1.07984
19 63 1.07411
19 64 1.13548
19 65 1.13548
19 66 1.13548
19 67 1.13548
19 68 1.13548
19 69 1.10321
19 70 1.09006
19 71 1.07904
19 72 1.07372
19 73 1.1015
19 74 1.1015
19 75 1.1015
19 76 1.1015
19 77 1.1015
19 78 1.08623
19 79 1.07924
19 80 1.0728
19 81 1.0698
19 82 1.1142
19 83 1.1142
19 84 1.1142
19 85 1.1142
19 86 1.1142
19 87 1.09344
19 88 1.08397
19 89 1.07563
19 90 1.07162
19 91 1.11859
19 92 1.11859
19 93 1.11859
19 94 1.11859
19 95 1.11859
19 96 1.09572
19 97 1.0855
19 98 1.07653
19 99 1.07214
19 100 1.11458
19 101 1.11458
19 102 1.11458
19 103 1.11458
19 104 1.11458
19 105 1.0939
19 106 1.08442
19 107 1.07598
19 108 1.07183
19 109 1.09129
19 110 1.09129
19 111 1.09129
19 112 1.09129
19 113 1.09129
19 114 1.07996
19 115 1.07458
19 116 1.06953
19 117 1.06735
19 118 1.0986
19 119 1.0986
19 120 1.0986
19 121 1.0986
19 122 1.0986
19 123 1.08459
19 124 1.07781
19 125 1.07171
19 126 1.06883
19 127 1.10082
19 128 1.10082
19 129 1.10082
19 130 1.10082
19 131 1.10082
19 132 1.08596
19 133 1.07887
19 134 1.07242
19 135 1.06924
19 136 1.09901
19 137 1.09901
19 138 1.09901
19 139 1.09901
19 140 1.09901
19 141 1.08503
19 142 1.07827
19 143 1.07208
19 144 1.06899
20 1 1.11809
20 2 1.11809
20 3 1.11809
20 4 1.11809
20 5 1.11809
20 6 1.0952
20 7 1.08493
20 8 1.07596
20 9 1.0716
20 10 1.16163
20 11 1.16163
20 12 1.16163
20 13 1.16163
20 14 1.16163
20 15 1.10997
20 16 1.09315
20 17 1.08007
20 18 1.07394
20 19 1.30422
20 20 1.30422
20 21 1.30422
20 22 1.30422
20 23 1.30422
20 24 1.11753
20 25 1.09628
20 26 1.08142
20 27 1.07463
20 28 1.16195
20 29 1.16195
20 30 1.16195
20 31 1.16195
20 32 1.16195
20 33 1.11032
20 34 1.09349
20 35 1.08038
20 36 1.07421
20 37 1.11148
20 38 1.11148
20 39 1.11148
20 40 1.11148
20 41 1.11148
20 42 1.09194
20 43 1.08304
20 44 1.07513
20 45 1.07135
20 46 1.13513
20 47 1.13513
20 48 1.13513
20 49 1.13513
20 50 1.13513
20 51 1.10278
20 52 1.08965
20 53 1.07871
20 54 1.07348
20 55 1.14709
20 56 1.14709
20 57 1.14709
20 58 1.14709
20 59 1.14709
20 60 1.1068
20 61 1.0919
20 62 1.07984
20 63 1.07411
20 64 1.13548
20 65 1.13548
20 66 1.13548
20 67 1.13548
20 68 1.13548
20 69 1.10321
20 70 1.09006
20 71 1.07904
20 72 1.07372
20 73 1.1015
20 74 1.1015
20 75 1.1015
20 76 1.1015
20 77 1.1015
20 78 1.08623
20 79 1.07924
20 80 1.0728
20 81 1.0698
20 82 1.1142
20 83 1.1142
20 84 1.1142
20 85 1.1142
20 86 1.1142
20 87 1.09344
20 88 1.08397
20 89 1.07563
20 90 1.07162
20 91 1.11859
20 92 1.11859
20 93 1.11859
20 94 1.11859
20 95 1.11859
20 96 1.09572
20 97 1.0855
20 98 1.07653
20 99 1.07214
20 100 1.11458
20 101 1.11458
20 102 1.11458
20 103 1.11458
20 104 1.11458
20 105 1.0939
20 106 1.08442
20 107 1.07598
20 108 1.07183
20 109 1.09129
20 110 1.09129
20 111 1.09129
20 112 1.09129
20 113 1.09129
20 114 1.07996
20 115 1.07458
20 116 1.06953
20 117 1.06735
20 118 1.0986
20 119 1.0986
20 120 1.0986
20 121 1.0986
20 122 1.0986
20 123 1.08459
20 124 1.07781
20 125 1.07171
20 126 1.06883
20 127 1.10082
20 128 1.10082
20 129 1.10082
20 130 1.10082
20 131 1.10082
20 132 1.08596
20 133 1.07887
20 134 1.07242
20 135 1.06924
20 136 1.09901
20 137 1.09901
20 138 1.09901
20 139 1.09901
20 140 1.09901
20 141 1.08503
20 142 1.07827
20 143 1.07208
20 144 1.06899
21 1 1.11809
21 2 1.11809
21 3 1.11809
21 4 1.11809
21 5 1.11809
21 6 1.0952
21 7 1.08493
21 8 1.07596
21 9 1.0716
21 10 1.16163
21 11 1.16163
21 12 1.16163
21 13 1.16163
21 14 1.16163
21 15 1.10997
21 16 1.09315
21 17 1.08007
21 18 1.07394
21 19 1.30422
21 20 1.30422
21 21 1.30422
21 22 1.30422
21 23 1.30422
21 24 1.11753
21 25 1.09628
21 26 1.08142
21 27 1.07463
21 28 1.16195
21 29 1.16195
21 30 1.16195
21 31 1.16195
21 32 1.16195
21 33 1.11032
21 34 1.09349
21 35 1.08038
21 36 1.07421
