injected_el measured_el potential
1 1 1.30516
1 2 1.30516
1 3 1.30516
1 4 1.30516
1 5 1.30516
1 6 1.11826
1 7 1.09727
1 8 1.08262
1 9 1.0759
1 10 1.14686
1 11 1.14686
1 12 1.14686
1 13 1.14686
1 14 1.14686
1 15 1.10399
1 16 1.09187
1 17 1.0806
1 18 1.07444
1 19 1.11807
1 20 1.11807
1 21 1.11807
1 22 1.11807
1 23 1.11807
1 24 1.09523
1 25 1.08809
1 26 1.07796
1 27 1.07225
1 28 1.10055
1 29 1.10055
1 30 1.10055
1 31 1.10055
1 32 1.10055
1 33 1.08631
1 34 1.07957
1 35 1.07277
1 36 1.06925
1 37 1.14812
1 38 1.14812
1 39 1.14812
1 40 1.14812
1 41 1.14812
1 42 1.10782
1 43 1.09297
1 44 1.08097
1 45 1.07525
1 46 1.1294
1 47 1.1294
1 48 1.1294
1 49 1.1294
1 50 1.1294
1 51 1.10076
1 52 1.08892
1 53 1.07872
1 54 1.07371
1 55 1.1116
1 56 1.1116
1 57 1.1116
1 58 1.1116
1 59 1.1116
1 60 1.09234
1 61 1.08364
1 62 1.07561
1 63 1.07156
1 64 1.09754
1 65 1.09754
1 66 1.09754
1 67 1.09754
1 68 1.09754
1 69 1.08432
1 70 1.07791
1 71 1.07189
1 72 1.06884
1 73 1.11968
1 74 1.11968
1 75 1.11968
1 76 1.11968
1 77 1.11968
1 78 1.09684
1 79 1.0866
1 80 1.07759
1 81 1.07317
1 82 1.11196
1 83 1.11196
1 84 1.11196
1 85 1.11196
1 86 1.11196
1 87 1.09264
1 88 1.0837
1 89 1.07568
1 90 1.0717
1 91 1.1017
1 92 1.1017
1 93 1.1017
1 94 1.1017
1 95 1.1017
1 96 1.08679
1 97 1.07963
1 98 1.07305
1 99 1.06975
1 100 1.09169
1 101 1.09169
1 102 1.09169
1 103 1.09169
1 104 1.09169
1 105 1.08055
1 106 1.07504
1 107 1.0699
1 108 1.06731
1 109 1.10197
1 110 1.10197
1 111 1.10197
1 112 1.10197
1 113 1.10197
1 114 1.08713
1 115 1.07997
1 116 1.07341
1 117 1.07013
1 118 1.09776
1 119 1.09776
1 120 1.09776
1 121 1.09776
1 122 1.09776
1 123 1.08436
1 124 1.07783
1 125 1.07181
1 126 1.06879
1 127 1.09156
1 128 1.09156
1 129 1.09156
1 130 1.09156
1 131 1.09156
1 132 1.08036
1 133 1.07482
1 134 1.06967
1 135 1.06708
1 136 1.08465
1 137 1.08465
1 138 1.08465
1 139 1.08465
1 140 1.08465
1 141 1.07571
1 142 1.07125
1 143 1.06705
1 144 1.06494
2 1 1.30516
2 2 1.30516
2 3 1.30516
2 4 1.30516
2 5 1.30516
2 6 1.11826
2 7 1.09727
2 8 1.08262
2 9 1.0759
2 10 1.14686
2 11 1.14686
2 12 1.14686
2 13 1.14686
2 14 1.14686
2 15 1.10399
2 16 1.09187
2 17 1.0806
2 18 1.07444
2 19 1.11807
2 20 1.11807
2 21 1.11807
2 22 1.11807
2 23 1.11807
2 24 1.09523
2 25 1.08809
2 26 1.07796
2 27 1.07225
2 28 1.10055
2 29 1.10055
2 30 1.10055
2 31 1.10055
2 32 1.10055
2 33 1.08631
2 34 1.07957
2 35 1.07277
2 36 1.06925
2 37 1.14812
2 38 1.14812
2 39 1.14812
2 40 1.14812
2 41 1.14812
2 42 1.10782
2 43 1.09297
2 44 1.08097
2 45 1.07525
2 46 1.1294
2 47 1.1294
2 48 1.1294
2 49 1.1294
2 50 1.1294
2 51 1.10076
2 52 1.08892
2 53 1.07872
2 54 1.07371
2 55 1.1116
2 56 1.1116
2 57 1.1116
2 58 1.1116
2 59 1.1116
2 60 1.09234
2 61 1.08364
2 62 1.07561
2 63 1.07156
2 64 1.09754
2 65 1.09754
2 66 1.09754
2 67 1.09754
2 68 1.09754
2 69 1.08432
2 70 1.07791
2 71 1.07189
2 72 1.06884
2 73 1.11968
2 74 1.11968
2 75 1.11968
2 76 1.11968
2 77 1.11968
2 78 1.09684
2 79 1.0866
2 80 1.07759
2 81 1.07317
2 82 1.11196
2 83 1.11196
2 84 1.11196
2 85 1.11196
2 86 1.11196
2 87 1.09264
2 88 1.0837
2 89 1.07568
2 90 1.0717
2 91 1.1017
2 92 1.1017
2 93 1.1017
2 94 1.1017
2 95 1.1017
2 96 1.08679
2 97 1.07963
2 98 1.07305
2 99 1.06975
2 100 1.09169
2 101 1.09169
2 102 1.09169
2 103 1.09169
2 104 1.09169
2 105 1.08055
2 106 1.07504
2 107 1.0699
2 108 1.06731
2 109 1.10197
2 110 1.10197
2 111 1.10197
2 112 1.10197
2 113 1.10197
2 114 1.08713
2 115 1.07997
2 116 1.07341
2 117 1.07013
2 118 1.09776
2 119 1.09776
2 120 1.09776
2 121 1.09776
2 122 1.09776
2 123 1.08436
2 124 1.07783
2 125 1.07181
2 126 1.06879
2 127 1.09156
2 128 1.09156
2 129 1.09156
2 130 1.09156
2 131 1.09156
2 132 1.08036
2 133 1.07482
2 134 1.06967
2 135 1.06708
2 136 1.08465
2 137 1.08465
2 138 1.08465
2 139 1.08465
2 140 1.08465
2 141 1.07571
2 142 1.07125
2 143 1.06705
2 144 1.06494
3 1 1.30516
3 2 1.30516
3 3 1.30516
3 4 1.30516
3 5 1.30516
3 6 1.11826
3 7 1.09727
3 8 1.08262
3 9 1.0759
3 10 1.14686
3 11 1.14686
3 12 1.14686
3 13 1.14686
3 14 1.14686
3 15 1.10399
3 16 1.09187
3 17 1.0806
3 18 1.07444
3 19 1.11807
3 20 1.11807
3 21 1.11807
3 22 1.11807
3 23 1.11807
3 24 1.09523
3 25 1.08809
3 26 1.07796
3 27 1.07225
3 28 1.10055
3 29 1.10055
3 30 1.10055
3 31 1.10055
3 32 1.10055
3 33 1.08631
3 34 1.07957
3 35 1.07277
3 36 1.06925
3 37 1.14812
3 38 1.14812
3 39 1.14812
3 40 1.14812
3 41 1.14812
3 42 1.10782
3 43 1.09297
3 44 1.08097
3 45 1.07525
3 46 1.1294
3 47 1.1294
3 48 1.1294
3 49 1.1294
3 50 1.1294
3 51 1.10076
3 52 1.08892
3 53 1.07872
3 54 1.07371
3 55 1.1116
3 56 1.1116
3 57 1.1116
3 58 1.1116
3 59 1.1116
3 60 1.09234
3 61 1.08364
3 62 1.07561
3 63 1.07156
3 64 1.09754
3 65 1.09754
3 66 1.09754
3 67 1.09754
3 68 1.09754
3 69 1.08432
3 70 1.07791
3 71 1.07189
3 72 1.06884
3 73 1.11968
3 74 1.11968
3 75 1.11968
3 76 1.11968
3 77 1.11968
3 78 1.09684
3 79 1.0866
3 80 1.07759
3 81 1.07317
3 82 1.11196
3 83 1.11196
3 84 1.11196
3 85 1.11196
3 86 1.11196
3 87 1.09264
3 88 1.0837
3 89 1.07568
3 90 1.0717
3 91 1.1017
3 92 1.1017
3 93 1.1017
3 94 1.1017
3 95 1.1017
3 96 1.08679
3 97 1.07963
3 98 1.07305
3 99 1.06975
3 100 1.09169
3 101 1.09169
3 102 1.09169
3 103 1.09169
3 104 1.09169
3 105 1.08055
3 106 1.07504
3 107 1.0699
3 108 1.06731
3 109 1.10197
3 110 1.10197
3 111 1.10197
3 112 1.10197
3 113 1.10197
3 114 1.08713
3 115 1.07997
3 116 1.07341
3 117 1.07013
3 118 1.09776
3 119 1.09776
3 120 1.09776
3 121 1.09776
3 122 1.09776
3 123 1.08436
3 124 1.07783
3 125 1.07181
3 126 1.06879
3 127 1.09156
3 128 1.09156
3 129 1.09156
3 130 1.09156
3 131 1.09156
3 132 1.08036
3 133 1.07482
3 134 1.06967
3 135 1.06708
3 136 1.08465
3 137 1.08465
3 138 1.08465
3 139 1.08465
3 140 1.08465
3 141 1.07571
3 142 1.07125
3 143 1.06705
3 144 1.06494
4 1 1.30516
4 2 1.30516
4 3 1.30516
4 4 1.30516
4 5 1.30516
4 6 1.11826
4 7 1.09727
4 8 1.08262
4 9 1.0759
4 10 1.14686
4 11 1.14686
4 12 1.14686
4 13 1.14686
4 14 1.14686
4 15 1.10399
4 16 1.09187
4 17 1.0806
4 18 1.07444
4 19 1.11807
4 20 1.11807
4 21 1.11807
4 22 1.11807
4 23 1.11807
4 24 1.09523
4 25 1.08809
4 26 1.07796
4 27 1.07225
4 28 1.10055
4 29 1.10055
4 30 1.10055
4 31 1.10055
4 32 1.10055
4 33 1.08631
4 34 1.07957
4 35 1.07277
4 36 1.06925
4 37 1.14812
4 38 1.14812
4 39 1.14812
4 40 1.14812
4 41 1.14812
4 42 1.10782
4 43 1.09297
4 44 1.08097
4 45 1.07525
4 46 1.1294
4 47 1.1294
4 48 1.1294
4 49 1.1294
4 50 1.1294
4 51 1.10076
4 52 1.08892
4 53 1.07872
4 54 1.07371
4 55 1.1116
4 56 1.1116
4 57 1.1116
4 58 1.1116
4 59 1.1116
4 60 1.09234
4 61 1.08364
4 62 1.07561
4 63 1.07156
4 64 1.09754
4 65 1.09754
4 66 1.09754
4 67 1.09754
4 68 1.09754
4 69 1.08432
4 70 1.07791
4 71 1.07189
4 72 1.06884
4 73 1.11968
4 74 1.11968
4 75 1.11968
4 76 1.11968
4 77 1.11968
4 78 1.09684
4 79 1.0866
4 80 1.07759
4 81 1.07317
4 82 1.11196
4 83 1.11196
4 84 1.11196
4 85 1.11196
4 86 1.11196
4 87 1.09264
4 88 1.0837
4 89 1.07568
4 90 1.0717
4 91 1.1017
4 92 1.1017
4 93 1.1017
4 94 1.1017
4 95 1.1017
4 96 1.08679
4 97 1.07963
4 98 1.07305
4 99 1.06975
4 100 1.09169
4 101 1.09169
4 102 1.09169
4 103 1.09169
4 104 1.09169
4 105 1.08055
4 106 1.07504
4 107 1.0699
4 108 1.06731
4 109 1.10197
4 110 1.10197
4 111 1.10197
4 112 1.10197
4 113 1.10197
4 114 1.08713
4 115 1.07997
4 116 1.07341
4 117 1.07013
4 118 1.09776
4 119 1.09776
4 120 1.09776
4 121 1.09776
4 122 1.09776
4 123 1.08436
4 124 1.07783
4 125 1.07181
4 126 1.06879
4 127 1.09156
4 128 1.09156
4 129 1.09156
4 130 1.09156
4 131 1.09156
4 132 1.08036
4 133 1.07482
4 134 1.06967
4 135 1.06708
4 136 1.08465
4 137 1.08465
4 138 1.08465
4 139 1.08465
4 140 1.08465
4 141 1.07571
4 142 1.07125
4 143 1.06705
4 144 1.06494
5 1 1.30516
5 2 1.30516
5 3 1.30516
5 4 1.30516
5 5 1.30516
5 6 1.11826
5 7 1.09727
5 8 1.08262
5 9 1.0759
5 10 1.14686
5 11 1.14686
5 12 1.14686
5 13 1.14686
5 14 1.14686
5 15 1.10399
5 16 1.09187
5 17 1.0806
5 18 1.07444
5 19 1.11807
5 20 1.11807
5 21 1.11807
5 22 1.11807
5 23 1.11807
5 24 1.09523
5 25 1.08809
5 26 1.07796
5 27 1.07225
5 28 1.10055
5 29 1.10055
5 30 1.10055
5 31 1.10055
5 32 1.10055
5 33 1.08631
5 34 1.07957
5 35 1.07277
5 36 1.06925
5 37 1.14812
5 38 1.14812
5 39 1.14812
5 40 1.14812
5 41 1.14812
5 42 1.10782
5 43 1.09297
5 44 1.08097
5 45 1.07525
5 46 1.1294
5 47 1.1294
5 48 1.1294
5 49 1.1294
5 50 1.1294
5 51 1.10076
5 52 1.08892
5 53 1.07872
5 54 1.07371
5 55 1.1116
5 56 1.1116
5 57 1.1116
5 58 1.1116
5 59 1.1116
5 60 1.09234
5 61 1.08364
5 62 1.07561
5 63 1.07156
5 64 1.09754
5 65 1.09754
5 66 1.09754
5 67 1.09754
5 68 1.09754
5 69 1.08432
5 70 1.07791
5 71 1.07189
5 72 1.06884
5 73 1.11968
5 74 1.11968
5 75 1.11968
5 76 1.11968
5 77 1.11968
5 78 1.09684
5 79 1.0866
5 80 1.07759
5 81 1.07317
5 82 1.11196
5 83 1.11196
5 84 1.11196
5 85 1.11196
5 86 1.11196
5 87 1.09264
5 88 1.0837
5 89 1.07568
5 90 1.0717
5 91 1.1017
5 92 1.1017
5 93 1.1017
5 94 1.1017
5 95 1.1017
5 96 1.08679
5 97 1.07963
5 98 1.07305
5 99 1.06975
5 100 1.09169
5 101 1.09169
5 102 1.09169
5 103 1.09169
5 104 1.09169
5 105 1.08055
5 106 1.07504
5 107 1.0699
5 108 1.06731
5 109 1.10197
5 110 1.10197
5 111 1.10197
5 112 1.10197
5 113 1.10197
5 114 1.08713
5 115 1.07997
5 116 1.07341
5 117 1.07013
5 118 1.09776
5 119 1.09776
5 120 1.09776
5 121 1.09776
5 122 1.09776
5 123 1.08436
5 124 1.07783
5 125 1.07181
5 126 1.06879
5 127 1.09156
5 128 1.09156
5 129 1.09156
5 130 1.09156
5 131 1.09156
5 132 1.08036
5 133 1.07482
5 134 1.06967
5 135 1.06708
5 136 1.08465
5 137 1.08465
5 138 1.08465
5 139 1.08465
5 140 1.08465
5 141 1.07571
5 142 1.07125
5 143 1.06705
5 144 1.06494
6 1 1.11826
6 2 1.11826
6 3 1.11826
6 4 1.11826
6 5 1.11826
6 6 6.91343
6 7 2.14005
6 8 1.39275
6 9 1.20478
6 10 1.10667
6 11 1.10667
6 12 1.10667
6 13 1.10667
6 14 1.10667
6 15 1.39994
6 16 1.33356
6 17 1.23819
6 18 1.17978
6 19 1.09572
6 20 1.09572
6 21 1.09572
6 22 1.09572
6 23 1.09572
6 24 1.20749
6 25 1.20731
6 26 1.17368
6 27 1.15236
6 28 1.08615
6 29 1.08615
6 30 1.08615
6 31 1.08615
6 32 1.08615
6 33 1.13162
6 34 1.13778
6 35 1.13253
6 36 1.128
6 37 1.10764
6 38 1.10764
6 39 1.10764
6 40 1.10764
6 41 1.10764
6 42 1.44522
6 43 1.36648
6 44 1.2437
6 45 1.18054
6 46 1.10083
6 47 1.10083
6 48 1.10083
6 49 1.10083
6 50 1.10083
6 51 1.25569
6 52 1.24323
6 53 1.19418
6 54 1.16411
6 55 1.09239
6 56 1.09239
6 57 1.09239
6 58 1.09239
6 59 1.09239
6 60 1.16006
6 61 1.16468
6 62 1.15215
6 63 1.14265
6 64 1.08435
6 65 1.08435
6 66 1.08435
6 67 1.08435
6 68 1.08435
6 69 1.11724
6 70 1.12393
6 71 1.12384
6 72 1.12247
6 73 1.09664
6 74 1.09664
6 75 1.09664
6 76 1.09664
6 77 1.09664
6 78 1.19461
6 79 1.19414
6 80 1.16896
6 81 1.15213
6 82 1.09254
6 83 1.09254
6 84 1.09254
6 85 1.09254
6 86 1.09254
6 87 1.15948
6 88 1.16392
6 89 1.15168
6 90 1.14243
6 91 1.08675
6 92 1.08675
6 93 1.08675
6 94 1.08675
6 95 1.08675
6 96 1.12593
6 97 1.13257
6 98 1.1307
6 99 1.12809
6 100 1.08056
6 101 1.08056
6 102 1.08056
6 103 1.08056
6 104 1.08056
6 105 1.10351
6 106 1.10991
6 107 1.11253
6 108 1.11312
6 109 1.08696
6 110 1.08696
6 111 1.08696
6 112 1.08696
6 113 1.08696
6 114 1.12567
6 115 1.13216
6 116 1.13026
6 117 1.12767
6 118 1.08425
6 119 1.08425
6 120 1.08425
6 121 1.08425
6 122 1.08425
6 123 1.11573
6 124 1.12239
6 125 1.12282
6 126 1.12183
6 127 1.0803
6 128 1.0803
6 129 1.0803
6 130 1.0803
6 131 1.0803
6 132 1.10292
6 133 1.10929
6 134 1.112
6 135 1.11266
6 136 1.07571
6 137 1.07571
6 138 1.07571
6 139 1.07571
6 140 1.07571
6 141 1.09138
6 142 1.09696
6 143 1.10067
6 144 1.1022
7 1 1.09727
7 2 1.09727
7 3 1.09727
7 4 1.09727
7 5 1.09727
7 6 2.14005
7 7 6.92035
7 8 1.99587
7 9 1.31191
7 10 1.09211
7 11 1.09211
7 12 1.09211
7 13 1.09211
7 14 1.09211
7 15 1.33618
7 16 1.42082
7 17 1.33053
7 18 1.24781
7 19 1.08577
7 20 1.08577
7 21 1.08577
7 22 1.08577
7 23 1.08577
7 24 1.21096
7 25 1.23052
7 26 1.21201
7 27 1.19635
7 28 1.07921
7 29 1.07921
7 30 1.07921
7 31 1.07921
7 32 1.07921
7 33 1.13837
7 34 1.1541
7 35 1.15798
7 36 1.15793
7 37 1.09288
7 38 1.09288
7 39 1.09288
7 40 1.09288
7 41 1.09288
7 42 1.36641
7 43 1.46781
7 44 1.34094
7 45 1.24963
7 46 1.08894
7 47 1.08894
7 48 1.08894
7 49 1.08894
7 50 1.08894
7 51 1.2433
7 52 1.28194
7 53 1.24916
7 54 1.21792
7 55 1.0836
7 56 1.0836
7 57 1.0836
7 58 1.0836
7 59 1.0836
7 60 1.16479
7 61 1.18587
7 62 1.18588
7 63 1.18119
7 64 1.07797
7 65 1.07797
7 66 1.07797
7 67 1.07797
7 68 1.07797
7 69 1.12386
7 70 1.13913
7 71 1.14725
7 72 1.1499
7 73 1.08649
7 74 1.08649
7 75 1.08649
7 76 1.08649
7 77 1.08649
7 78 1.19406
7 79 1.22128
7 80 1.21078
7 81 1.19728
7 82 1.08367
7 83 1.08367
7 84 1.08367
7 85 1.08367
7 86 1.08367
7 87 1.16382
7 88 1.18547
7 89 1.1859
7 90 1.18133
7 91 1.07966
7 92 1.07966
7 93 1.07966
7 94 1.07966
7 95 1.07966
7 96 1.13246
7 97 1.14939
7 98 1.15696
7 99 1.15877
7 100 1.07512
7 101 1.07512
7 102 1.07512
7 103 1.07512
7 104 1.07512
7 105 1.10976
7 106 1.12306
7 107 1.13241
7 108 1.13639
7 109 1.07987
7 110 1.07987
7 111 1.07987
7 112 1.07987
7 113 1.07987
7 114 1.13209
7 115 1.14902
7 116 1.15657
7 117 1.15836
7 118 1.07779
7 119 1.07779
7 120 1.07779
7 121 1.07779
7 122 1.07779
7 123 1.12229
7 124 1.13779
7 125 1.14659
7 126 1.14964
7 127 1.07483
7 128 1.07483
7 129 1.07483
7 130 1.07483
7 131 1.07483
7 132 1.10917
7 133 1.12251
7 134 1.13201
7 135 1.13607
7 136 1.0713
7 137 1.0713
7 138 1.0713
7 139 1.0713
7 140 1.0713
7 141 1.09683
7 142 1.10781
7 143 1.11678
7 144 1.12099
8 1 1.08262
8 2 1.08262
8 3 1.08262
8 4 1.08262
8 5 1.08262
8 6 1.39275
8 7 1.99587
8 8 6.2822
8 9 1.54515
8 10 1.08018
8 11 1.08018
8 12 1.08018
8 13 1.08018
8 14 1.08018
8 15 1.23314
8 16 1.31363
8 17 1.38928
8 18 1.33362
8 19 1.07674
8 20 1.07674
8 21 1.07674
8 22 1.07674
8 23 1.07674
8 24 1.18239
8 25 1.21195
8 26 1.23435
8 27 1.24281
8 28 1.0726
8 29 1.0726
8 30 1.0726
8 31 1.0726
8 32 1.0726
8 33 1.13395
8 34 1.15857
8 35 1.1781
8 36 1.18733
8 37 1.08095
8 38 1.08095
8 39 1.08095
8 40 1.08095
8 41 1.08095
8 42 1.24388
8 43 1.34136
8 44 1.40001
8 45 1.33642
8 46 1.07872
8 47 1.07872
8 48 1.07872
8 49 1.07872
8 50 1.07872
8 51 1.19417
8 52 1.24896
8 53 1.28128
8 54 1.27847
8 55 1.07558
8 56 1.07558
8 57 1.07558
8 58 1.07558
8 59 1.07558
8 60 1.15239
8 61 1.18586
8 62 1.21116
8 63 1.22098
8 64 1.07192
8 65 1.07192
8 66 1.07192
8 67 1.07192
8 68 1.07192
8 69 1.12366
8 70 1.14718
8 71 1.16728
8 72 1.17686
8 73 1.07756
8 74 1.07756
8 75 1.07756
8 76 1.07756
8 77 1.07756
8 78 1.16909
8 79 1.21112
8 80 1.23916
8 81 1.24558
8 82 1.07569
8 83 1.07569
8 84 1.07569
8 85 1.07569
8 86 1.07569
8 87 1.15165
8 88 1.18609
8 89 1.21188
8 90 1.22167
8 91 1.07307
8 92 1.07307
8 93 1.07307
8 94 1.07307
8 95 1.07307
8 96 1.13054
8 97 1.15701
8 98 1.17921
8 99 1.18947
8 100 1.06995
8 101 1.06995
8 102 1.06995
8 103 1.06995
8 104 1.06995
8 105 1.11223
8 106 1.13233
8 107 1.15028
8 108 1.15908
8 109 1.07338
8 110 1.07338
8 111 1.07338
8 112 1.07338
8 113 1.07338
8 114 1.13033
8 115 1.1568
8 116 1.17899
8 117 1.18918
8 118 1.07181
8 119 1.07181
8 120 1.07181
8 121 1.07181
8 122 1.07181
8 123 1.12278
8 124 1.14673
8 125 1.16745
8 126 1.1773
8 127 1.06969
8 128 1.06969
8 129 1.06969
8 130 1.06969
8 131 1.06969
8 132 1.11185
8 133 1.13205
8 134 1.15015
8 135 1.15902
8 136 1.06709
8 137 1.06709
8 138 1.06709
8 139 1.06709
8 140 1.06709
8 141 1.10043
8 142 1.11672
8 143 1.1317
8 144 1.13916
9 1 1.0759
9 2 1.0759
9 3 1.0759
9 4 1.0759
9 5 1.0759
9 6 1.20478
9 7 1.31191
9 8 1.54515
9 9 2.14759
9 10 1.07444
9 11 1.07444
9 12 1.07444
9 13 1.07444
9 14 1.07444
9 15 1.17909
9 16 1.2359
9 17 1.32803
9 18 1.38771
9 19 1.07224
9 20 1.07224
9 21 1.07224
9 22 1.07224
9 23 1.07224
9 24 1.16233
9 25 1.19403
9 26 1.23845
9 27 1.26804
9 28 1.06924
9 29 1.06924
9 30 1.06924
9 31 1.06924
9 32 1.06924
9 33 1.12961
9 34 1.15848
9 35 1.18725
9 36 1.20265
9 37 1.07525
9 38 1.07525
9 39 1.07525
9 40 1.07525
9 41 1.07525
9 42 1.18079
9 43 1.25023
9 44 1.33672
9 45 1.39078
9 46 1.07371
9 47 1.07371
9 48 1.07371
9 49 1.07371
9 50 1.07371
9 51 1.16411
9 52 1.21768
9 53 1.27832
9 54 1.31241
9 55 1.07156
9 56 1.07156
9 57 1.07156
9 58 1.07156
9 59 1.07156
9 60 1.14293
9 61 1.1811
9 62 1.22083
9 63 1.24213
9 64 1.06885
9 65 1.06885
9 66 1.06885
9 67 1.06885
9 68 1.06885
9 69 1.12225
9 70 1.14983
9 71 1.17687
9 72 1.19085
9 73 1.07316
9 74 1.07316
9 75 1.07316
9 76 1.07316
9 77 1.07316
9 78 1.15237
9 79 1.19784
9 80 1.24587
9 81 1.27168
9 82 1.07171
9 83 1.07171
9 84 1.07171
9 85 1.07171
9 86 1.07171
9 87 1.14243
9 88 1.18165
9 89 1.22186
9 90 1.24306
9 91 1.06975
9 92 1.06975
9 93 1.06975
9 94 1.06975
9 95 1.06975
9 96 1.12792
9 97 1.15888
9 98 1.18958
9 99 1.20549
9 100 1.06732
9 101 1.06732
9 102 1.06732
9 103 1.06732
9 104 1.06732
9 105 1.11276
9 106 1.13632
9 107 1.15912
9 108 1.17078
9 109 1.07013
9 110 1.07013
9 111 1.07013
9 112 1.07013
9 113 1.07013
9 114 1.12785
9 115 1.15878
9 116 1.1894
9 117 1.20523
9 118 1.06879
9 119 1.06879
9 120 1.06879
9 121 1.06879
9 122 1.06879
9 123 1.12183
9 124 1.14992
9 125 1.17747
9 126 1.19165
9 127 1.06708
9 128 1.06708
9 129 1.06708
9 130 1.06708
9 131 1.06708
9 132 1.11251
9 133 1.13619
9 134 1.15913
9 135 1.17086
9 136 1.06495
9 137 1.06495
9 138 1.06495
9 139 1.06495
9 140 1.06495
9 141 1.10192
9 142 1.12095
9 143 1.1392
9 144 1.14849
10 1 1.14686
10 2 1.14686
10 3 1.14686
10 4 1.14686
10 5 1.14686
10 6 1.10667
10 7 1.09211
10 8 1.08018
10 9 1.07444
10 10 1.30404
10 11 1.30404
10 12 1.30404
10 13 1.30404
10 14 1.30404
10 15 1.11527
10 16 1.09806
10 17 1.08333
10 18 1.07565
10 19 1.16145
10 20 1.16145
10 21 1.16145
10 22 1.16145
10 23 1.16145
10 24 1.10903
10 25 1.09733
10 26 1.08302
10 27 1.07507
10 28 1.12572
10 29 1.12572
10 30 1.12572
10 31 1.12572
10 32 1.12572
10 33 1.09934
10 34 1.08842
10 35 1.07823
10 36 1.07307
10 37 1.12937
10 38 1.12937
10 39 1.12937
10 40 1.12937
10 41 1.12937
10 42 1.10098
10 43 1.08902
10 44 1.07878
10 45 1.0738
10 46 1.14708
10 47 1.14708
10 48 1.14708
10 49 1.14708
10 50 1.14708
10 51 1.10687
10 52 1.09239
10 53 1.08045
10 54 1.07467
10 55 1.13514
10 56 1.13514
10 57 1.13514
10 58 1.13514
10 59 1.13514
10 60 1.10307
10 61 1.0904
10 62 1.07945
10 63 1.07405
10 64 1.11697
10 65 1.11697
10 66 1.11697
10 67 1.11697
10 68 1.11697
10 69 1.09528
10 70 1.08552
10 71 1.07676
10 72 1.0724
10 73 1.11192
10 74 1.11192
10 75 1.11192
10 76 1.11192
10 77 1.11192
10 78 1.0927
10 79 1.08377
10 80 1.07577
10 81 1.0718
10 82 1.11867
10 83 1.11867
10 84 1.11867
10 85 1.11867
10 86 1.11867
10 87 1.09595
10 88 1.0858
10 89 1.07685
10 90 1.07244
10 91 1.11432
10 92 1.11432
10 93 1.11432
10 94 1.11432
10 95 1.11432
10 96 1.0938
10 97 1.08442
10 98 1.07603
10 99 1.07188
10 100 1.10503
10 101 1.10503
10 102 1.10503
10 103 1.10503
10 104 1.10503
10 105 1.08881
10 106 1.08107
10 107 1.07401
10 108 1.07048
10 109 1.09773
10 110 1.09773
10 111 1.09773
10 112 1.09773
10 113 1.09773
10 114 1.08439
10 115 1.07789
10 116 1.07188
10 117 1.06888
10 118 1.10096
10 119 1.10096
10 120 1.10096
10 121 1.10096
10 122 1.10096
10 123 1.08622
10 124 1.07912
10 125 1.0726
10 126 1.06934
10 127 1.0988
10 128 1.0988
10 129 1.0988
10 130 1.0988
10 131 1.0988
10 132 1.08491
10 133 1.07817
10 134 1.07195
10 135 1.06885
10 136 1.09361
10 137 1.09361
10 138 1.09361
10 139 1.09361
10 140 1.09361
10 141 1.08172
10 142 1.07586
10 143 1.07042
10 144 1.06769
11 1 1.14686
11 2 1.14686
11 3 1.14686
11 4 1.14686
11 5 1.14686
11 6 1.10667
11 7 1.09211
11 8 1.08018
11 9 1.07444
11 10 1.30404
11 11 1.30404
11 12 1.30404
11 13 1.30404
11 14 1.30404
11 15 1.11527
11 16 1.09806
11 17 1.08333
11 18 1.07565
11 19 1.16145
11 20 1.16145
11 21 1.16145
11 22 1.16145
11 23 1.16145
11 24 1.10903
11 25 1.09733
11 26 1.08302
11 27 1.07507
11 28 1.12572
11 29 1.12572
11 30 1.12572
11 31 1.12572
11 32 1.12572
11 33 1.09934
11 34 1.08842
11 35 1.07823
11 36 1.07307
11 37 1.12937
11 38 1.12937
11 39 1.12937
11 40 1.12937
11 41 1.12937
11 42 1.10098
11 43 1.08902
11 44 1.07878
11 45 1.0738
11 46 1.14708
11 47 1.14708
11 48 1.14708
11 49 1.14708
11 50 1.14708
11 51 1.10687
11 52 1.09239
11 53 1.08045
11 54 1.07467
11 55 1.13514
11 56 1.13514
11 57 1.13514
11 58 1.13514
11 59 1.13514
11 60 1.10307
11 61 1.0904
11 62 1.07945
11 63 1.07405
11 64 1.11697
11 65 1.11697
11 66 1.11697
11 67 1.11697
11 68 1.11697
11 69 1.09528
11 70 1.08552
11 71 1.07676
11 72 1.0724
11 73 1.11192
11 74 1.11192
11 75 1.11192
11 76 1.11192
11 77 1.11192
11 78 1.0927
11 79 1.08377
11 80 1.07577
11 81 1.0718
11 82 1.11867
11 83 1.11867
11 84 1.11867
11 85 1.11867
11 86 1.11867
11 87 1.09595
11 88 1.0858
11 89 1.07685
11 90 1.07244
11 91 1.11432
11 92 1.11432
11 93 1.11432
11 94 1.11432
11 95 1.11432
11 96 1.0938
11 97 1.08442
11 98 1.07603
11 99 1.07188
11 100 1.10503
11 101 1.10503
11 102 1.10503
11 103 1.10503
11 104 1.10503
11 105 1.08881
11 106 1.08107
11 107 1.07401
11 108 1.07048
11 109 1.09773
11 110 1.09773
11 111 1.09773
11 112 1.09773
11 113 1.09773
11 114 1.08439
11 115 1.07789
11 116 1.07188
11 117 1.06888
11 118 1.10096
11 119 1.10096
11 120 1.10096
11 121 1.10096
11 122 1.10096
11 123 1.08622
11 124 1.07912
11 125 1.0726
11 126 1.06934
11 127 1.0988
11 128 1.0988
11 129 1.0988
11 130 1.0988
11 131 1.0988
11 132 1.08491
11 133 1.07817
11 134 1.07195
11 135 1.06885
11 136 1.09361
11 137 1.09361
11 138 1.09361
11 139 1.09361
11 140 1.09361
11 141 1.08172
11 142 1.07586
11 143 1.07042
11 144 1.06769
12 1 1.14686
12 2 1.14686
12 3 1.14686
12 4 1.14686
12 5 1.14686
12 6 1.10667
12 7 1.09211
12 8 1.08018
12 9 1.07444
12 10 1.30404
12 11 1.30404
12 12 1.30404
12 13 1.30404
12 14 1.30404
12 15 1.11527
12 16 1.09806
12 17 1.08333
12 18 1.07565
12 19 1.16145
12 20 1.16145
12 21 1.16145
12 22 1.16145
12 23 1.16145
12 24 1.10903
12 25 1.09733
12 26 1.08302
12 27 1.07507
12 28 1.12572
12 29 1.12572
12 30 1.12572
12 31 1.12572
12 32 1.12572
12 33 1.09934
12 34 1.08842
12 35 1.07823
12 36 1.07307
12 37 1.12937
12 38 1.12937
12 39 1.12937
12 40 1.12937
12 41 1.12937
12 42 1.10098
12 43 1.08902
12 44 1.07878
12 45 1.0738
12 46 1.14708
12 47 1.14708
12 48 1.14708
12 49 1.14708
12 50 1.14708
12 51 1.10687
12 52 1.09239
12 53 1.08045
12 54 1.07467
12 55 1.13514
12 56 1.13514
12 57 1.13514
12 58 1.13514
12 59 1.13514
12 60 1.10307
12 61 1.0904
12 62 1.07945
12 63 1.07405
12 64 1.11697
12 65 1.11697
12 66 1.11697
12 67 1.11697
12 68 1.11697
12 69 1.09528
12 70 1.08552
12 71 1.07676
12 72 1.0724
12 73 1.11192
12 74 1.11192
12 75 1.11192
12 76 1.11192
12 77 1.11192
12 78 1.0927
12 79 1.08377
12 80 1.07577
12 81 1.0718
12 82 1.11867
12 83 1.11867
12 84 1.11867
12 85 1.11867
12 86 1.11867
12 87 1.09595
12 88 1.0858
12 89 1.07685
12 90 1.07244
12 91 1.11432
12 92 1.11432
12 93 1.11432
12 94 1.11432
12 95 1.11432
12 96 1.0938
12 97 1.08442
12 98 1.07603
12 99 1.07188
12 100 1.10503
12 101 1.10503
12 102 1.10503
12 103 1.10503
12 104 1.10503
12 105 1.08881
12 106 1.08107
12 107 1.07401
12 108 1.07048
12 109 1.09773
12 110 1.09773
12 111 1.09773
12 112 1.09773
12 113 1.09773
12 114 1.08439
12 115 1.07789
12 116 1.07188
12 117 1.06888
12 118 1.10096
12 119 1.10096
12 120 1.10096
12 121 1.10096
12 122 1.10096
12 123 1.08622
12 124 1.07912
12 125 1.0726
12 126 1.06934
12 127 1.0988
12 128 1.0988
12 129 1.0988
12 130 1.0988
12 131 1.0988
12 132 1.08491
12 133 1.07817
12 134 1.07195
12 135 1.06885
12 136 1.09361
12 137 1.09361
12 138 1.09361
12 139 1.09361
12 140 1.09361
12 141 1.08172
12 142 1.07586
12 143 1.07042
12 144 1.06769
13 1 1.14686
13 2 1.14686
13 3 1.14686
13 4 1.14686
13 5 1.14686
13 6 1.10667
13 7 1.09211
13 8 1.08018
13 9 1.07444
13 10 1.30404
13 11 1.30404
13 12 1.30404
13 13 1.30404
13 14 1.30404
13 15 1.11527
13 16 1.09806
13 17 1.08333
13 18 1.07565
13 19 1.16145
13 20 1.16145
13 21 1.16145
13 22 1.16145
13 23 1.16145
13 24 1.10903
13 25 1.09733
13 26 1.08302
13 27 1.07507
13 28 1.12572
13 29 1.12572
13 30 1.12572
13 31 1.12572
13 32 1.12572
13 33 1.09934
13 34 1.08842
13 35 1.07823
13 36 1.07307
13 37 1.12937
13 38 1.12937
13 39 1.12937
13 40 1.12937
13 41 1.12937
13 42 1.10098
13 43 1.08902
13 44 1.07878
13 45 1.0738
13 46 1.14708
13 47 1.14708
13 48 1.14708
13 49 1.14708
13 50 1.14708
13 51 1.10687
13 52 1.09239
13 53 1.08045
13 54 1.07467
13 55 1.13514
13 56 1.13514
13 57 1.13514
13 58 1.13514
13 59 1.13514
13 60 1.10307
13 61 1.0904
13 62 1.07945
13 63 1.07405
13 64 1.11697
13 65 1.11697
13 66 1.11697
13 67 1.11697
13 68 1.11697
13 69 1.09528
13 70 1.08552
13 71 1.07676
13 72 1.0724
13 73 1.11192
13 74 1.11192
13 75 1.11192
13 76 1.11192
13 77 1.11192
13 78 1.0927
13 79 1.08377
13 80 1.07577
13 81 1.0718
13 82 1.11867
13 83 1.11867
13 84 1.11867
13 85 1.11867
13 86 1.11867
13 87 1.09595
13 88 1.0858
13 89 1.07685
13 90 1.07244
13 91 1.11432
13 92 1.11432
13 93 1.11432
13 94 1.11432
13 95 1.11432
13 96 1.0938
13 97 1.08442
13 98 1.07603
13 99 1.07188
13 100 1.10503
13 101 1.10503
13 102 1.10503
13 103 1.10503
13 104 1.10503
13 105 1.08881
13 106 1.08107
13 107 1.07401
13 108 1.07048
13 109 1.09773
13 110 1.09773
13 111 1.09773
13 112 1.09773
13 113 1.09773
13 114 1.08439
13 115 1.07789
13 116 1.07188
13 117 1.06888
13 118 1.10096
13 119 1.10096
13 120 1.10096
13 121 1.10096
13 122 1.10096
13 123 1.08622
13 124 1.07912
13 125 1.0726
13 126 1.06934
13 127 1.0988
13 128 1.0988
13 129 1.0988
13 130 1.0988
13 131 1.0988
13 132 1.08491
13 133 1.07817
13 134 1.07195
13 135 1.06885
13 136 1.09361
13 137 1.09361
13 138 1.09361
13 139 1.09361
13 140 1.09361
13 141 1.08172
13 142 1.07586
13 143 1.07042
13 144 1.06769
14 1 1.14686
14 2 1.14686
14 3 1.14686
14 4 1.14686
14 5 1.14686
14 6 1.10667
14 7 1.09211
14 8 1.08018
14 9 1.07444
14 10 1.30404
14 11 1.30404
14 12 1.30404
14 13 1.30404
14 14 1.30404
14 15 1.11527
14 16 1.09806
14 17 1.08333
14 18 1.07565
14 19 1.16145
14 20 1.16145
14 21 1.16145
14 22 1.16145
14 23 1.16145
14 24 1.10903
14 25 1.09733
14 26 1.08302
14 27 1.07507
14 28 1.12572
14 29 1.12572
14 30 1.12572
14 31 1.12572
14 32 1.12572
14 33 1.09934
14 34 1.08842
14 35 1.07823
14 36 1.07307
14 37 1.12937
14 38 1.12937
14 39 1.12937
14 40 1.12937
14 41 1.12937
14 42 1.10098
14 43 1.08902
14 44 1.07878
14 45 1.0738
14 46 1.14708
14 47 1.14708
14 48 1.14708
14 49 1.14708
14 50 1.14708
14 51 1.10687
14 52 1.09239
14 53 1.08045
14 54 1.07467
14 55 1.13514
14 56 1.13514
14 57 1.13514
14 58 1.13514
14 59 1.13514
14 60 1.10307
14 61 1.0904
14 62 1.07945
14 63 1.07405
14 64 1.11697
14 65 1.11697
14 66 1.11697
14 67 1.11697
14 68 1.11697
14 69 1.09528
14 70 1.08552
14 71 1.07676
14 72 1.0724
14 73 1.11192
14 74 1.11192
14 75 1.11192
14 76 1.11192
14 77 1.11192
14 78 1.0927
14 79 1.08377
14 80 1.07577
14 81 1.0718
14 82 1.11867
14 83 1.11867
14 84 1.11867
14 85 1.11867
14 86 1.11867
14 87 1.09595
14 88 1.0858
14 89 1.07685
14 90 1.07244
14 91 1.11432
14 92 1.11432
14 93 1.11432
14 94 1.11432
14 95 1.11432
14 96 1.0938
14 97 1.08442
14 98 1.07603
14 99 1.07188
14 100 1.10503
14 101 1.10503
14 102 1.10503
14 103 1.10503
14 104 1.10503
14 105 1.08881
14 106 1.08107
14 107 1.07401
14 108 1.07048
14 109 1.09773
14 110 1.09773
14 111 1.09773
14 112 1.09773
14 113 1.09773
14 114 1.08439
14 115 1.07789
14 116 1.07188
14 117 1.06888
14 118 1.10096
14 119 1.10096
14 120 1.10096
14 121 1.10096
14 122 1.10096
14 123 1.08622
14 124 1.07912
14 125 1.0726
14 126 1.06934
14 127 1.0988
14 128 1.0988
14 129 1.0988
14 130 1.0988
14 131 1.0988
14 132 1.08491
14 133 1.07817
14 134 1.07195
14 135 1.06885
14 136 1.09361
14 137 1.09361
14 138 1.09361
14 139 1.09361
14 140 1.09361
14 141 1.08172
14 142 1.07586
14 143 1.07042
14 144 1.06769
15 1 1.10399
15 2 1.10399
15 3 1.10399
15 4 1.10399
15 5 1.10399
15 6 1.39994
15 7 1.33618
15 8 1.23314
15 9 1.17909
15 10 1.11527
15 11 1.11527
15 12 1.11527
15 13 1.11527
15 14 1.11527
15 15 6.11479
15 16 1.97587
15 17 1.38179
15 18 1.20967
15 19 1.10996
15 20 1.10996
15 21 1.10996
15 22 1.10996
15 23 1.10996
15 24 1.67353
15 25 1.54435
15 26 1.31792
15 27 1.20043
15 28 1.09929
15 29 1.09929
15 30 1.09929
15 31 1.09929
15 32 1.09929
15 33 1.26692
15 34 1.26078
15 35 1.20549
15 36 1.17046
15 37 1.09832
15 38 1.09832
15 39 1.09832
15 40 1.09832
15 41 1.09832
15 42 1.23877
15 43 1.22999
15 44 1.18819
15 45 1.16236
15 46 1.1045
15 47 1.1045
15 48 1.1045
15 49 1.1045
15 50 1.1045
15 51 1.40188
15 52 1.33969
15 53 1.23573
15 54 1.18062
15 55 1.10159
15 56 1.10159
15 57 1.10159
15 58 1.10159
15 59 1.10159
15 60 1.2963
15 61 1.27829
15 62 1.21305
15 63 1.17395
15 64 1.0946
15 65 1.0946
15 66 1.0946
15 67 1.0946
15 68 1.0946
15 69 1.18627
15 70 1.19021
15 71 1.1695
15 72 1.15456
15 73 1.09049
15 74 1.09049
15 75 1.09049
15 76 1.09049
15 77 1.09049
15 78 1.15216
15 79 1.15764
15 80 1.14831
15 81 1.14087
15 82 1.09395
15 83 1.09395
15 84 1.09395
15 85 1.09395
15 86 1.09395
15 87 1.18387
15 88 1.18577
15 89 1.16537
15 90 1.15126
15 91 1.09234
15 92 1.09234
15 93 1.09234
15 94 1.09234
15 95 1.09234
15 96 1.16698
15 97 1.17182
15 98 1.15787
15 99 1.14738
15 100 1.08796
15 101 1.08796
15 102 1.08796
15 103 1.08796
15 104 1.08796
15 105 1.13562
15 106 1.14296
15 107 1.13943
15 108 1.13551
15 109 1.08262
15 110 1.08262
15 111 1.08262
15 112 1.08262
15 113 1.08262
15 114 1.1125
15 115 1.11949
15 116 1.12096
15 117 1.12062
15 118 1.08464
15 119 1.08464
15 120 1.08464
15 121 1.08464
15 122 1.08464
15 123 1.12155
15 124 1.12866
15 125 1.12822
15 126 1.12653
15 127 1.08368
15 128 1.08368
15 129 1.08368
15 130 1.08368
15 131 1.08368
15 132 1.11725
15 133 1.12452
15 134 1.12522
15 135 1.12429
15 136 1.0809
15 137 1.0809
15 138 1.0809
15 139 1.0809
15 140 1.0809
15 141 1.1067
15 142 1.11379
15 143 1.11658
15 144 1.11716
16 1 1.09187
16 2 1.09187
16 3 1.09187
16 4 1.09187
16 5 1.09187
16 6 1.33356
16 7 1.42082
16 8 1.31363
16 9 1.2359
16 10 1.09806
16 11 1.09806
16 12 1.09806
16 13 1.09806
16 14 1.09806
16 15 1.97587
16 16 6.02471
16 17 1.88769
16 18 1.29734
16 19 1.09636
16 20 1.09636
16 21 1.09636
16 22 1.09636
16 23 1.09636
16 24 1.54546
16 25 1.69541
16 26 1.43189
16 27 1.26507
16 28 1.08991
16 29 1.08991
16 30 1.08991
16 31 1.08991
16 32 1.08991
16 33 1.2598
16 34 1.2905
16 35 1.24751
16 36 1.2126
16 37 1.08848
16 38 1.08848
16 39 1.08848
16 40 1.08848
16 41 1.08848
16 42 1.22761
16 43 1.26267
16 44 1.23424
16 45 1.20707
16 46 1.09242
16 47 1.09242
16 48 1.09242
16 49 1.09242
16 50 1.09242
16 51 1.33748
16 52 1.42379
16 53 1.31585
16 54 1.23738
16 55 1.09099
16 56 1.09099
16 57 1.09099
16 58 1.09099
16 59 1.09099
16 60 1.27659
16 61 1.32123
16 62 1.26751
16 63 1.22263
16 64 1.08656
16 65 1.08656
16 66 1.08656
16 67 1.08656
16 68 1.08656
16 69 1.18817
16 70 1.21114
16 71 1.20194
16 72 1.19027
16 73 1.08318
16 74 1.08318
16 75 1.08318
16 76 1.08318
16 77 1.08318
16 78 1.15568
16 79 1.17555
16 80 1.17671
16 81 1.1731
16 82 1.08563
16 83 1.08563
16 84 1.08563
16 85 1.08563
16 86 1.08563
16 87 1.18367
16 88 1.20829
16 89 1.19984
16 90 1.1884
16 91 1.08467
16 92 1.08467
16 93 1.08467
16 94 1.08467
16 95 1.08467
16 96 1.16977
16 97 1.1913
16 98 1.18835
16 99 1.18142
16 100 1.08165
16 101 1.08165
16 102 1.08165
16 103 1.08165
16 104 1.08165
16 105 1.14092
16 106 1.15818
16 107 1.16323
16 108 1.16311
16 109 1.0773
16 110 1.0773
16 111 1.0773
16 112 1.0773
16 113 1.0773
16 114 1.11794
16 115 1.13226
16 116 1.14063
16 117 1.14364
16 118 1.07884
16 119 1.07884
16 120 1.07884
16 121 1.07884
16 122 1.07884
16 123 1.12692
16 124 1.14261
16 125 1.1499
16 126 1.15178
16 127 1.07818
16 128 1.07818
16 129 1.07818
16 130 1.07818
16 131 1.07818
16 132 1.12275
16 133 1.13777
16 134 1.14567
16 135 1.14817
16 136 1.07613
16 137 1.07613
16 138 1.07613
16 139 1.07613
16 140 1.07613
16 141 1.11208
16 142 1.1254
16 143 1.13421
16 144 1.13776
17 1 1.0806
17 2 1.0806
17 3 1.0806
17 4 1.0806
17 5 1.0806
17 6 1.23819
17 7 1.33053
17 8 1.38928
17 9 1.32803
17 10 1.08333
17 11 1.08333
17 12 1.08333
17 13 1.08333
17 14 1.08333
17 15 1.38179
17 16 1.88769
17 17 6.20776
17 18 1.53185
17 19 1.08243
17 20 1.08243
17 21 1.08243
17 22 1.08243
17 23 1.08243
17 24 1.31908
17 25 1.42158
17 26 1.52329
17 27 1.36939
17 28 1.07896
17 29 1.07896
17 30 1.07896
17 31 1.07896
17 32 1.07896
17 33 1.19957
17 34 1.24581
17 35 1.26833
17 36 1.26502
17 37 1.07907
17 38 1.07907
17 39 1.07907
17 40 1.07907
17 41 1.07907
17 42 1.19163
17 43 1.24538
17 44 1.27653
17 45 1.27337
17 46 1.08092
17 47 1.08092
17 48 1.08092
17 49 1.08092
17 50 1.08092
17 51 1.23966
17 52 1.33111
17 53 1.38932
17 54 1.32831
17 55 1.08002
17 56 1.08002
17 57 1.08002
17 58 1.08002
17 59 1.08002
17 60 1.21262
17 61 1.27465
17 62 1.30751
17 63 1.29267
17 64 1.07741
17 65 1.07741
17 66 1.07741
17 67 1.07741
17 68 1.07741
17 69 1.1658
17 70 1.20347
17 71 1.22837
17 72 1.23534
17 73 1.07594
17 74 1.07594
17 75 1.07594
17 76 1.07594
17 77 1.07594
17 78 1.14976
17 79 1.18322
17 80 1.20827
17 81 1.21774
17 82 1.07719
17 83 1.07719
17 84 1.07719
17 85 1.07719
17 86 1.07719
17 87 1.16627
17 88 1.20668
17 89 1.23378
17 90 1.24002
17 91 1.07646
17 92 1.07646
17 93 1.07646
17 94 1.07646
17 95 1.07646
17 96 1.15696
17 97 1.19272
17 98 1.21812
17 99 1.22656
17 100 1.07448
17 101 1.07448
17 102 1.07448
17 103 1.07448
17 104 1.07448
17 105 1.137
17 106 1.16507
17 107 1.18752
17 108 1.19739
17 109 1.07198
17 110 1.07198
17 111 1.07198
17 112 1.07198
17 113 1.07198
17 114 1.12147
17 115 1.14473
17 116 1.16483
17 117 1.17439
17 118 1.0728
17 119 1.0728
17 120 1.0728
17 121 1.0728
17 122 1.0728
17 123 1.12814
17 124 1.15375
17 125 1.17519
17 126 1.18504
17 127 1.07223
17 128 1.07223
17 129 1.07223
17 130 1.07223
17 131 1.07223
17 132 1.1243
17 133 1.14848
17 134 1.16906
17 135 1.17872
17 136 1.07073
17 137 1.07073
17 138 1.07073
17 139 1.07073
17 140 1.07073
17 141 1.11492
17 142 1.1358
17 143 1.15422
17 144 1.16315
18 1 1.07444
18 2 1.07444
18 3 1.07444
18 4 1.07444
18 5 1.07444
18 6 1.17978
18 7 1.24781
18 8 1.33362
18 9 1.38771
18 10 1.07565
18 11 1.07565
18 12 1.07565
18 13 1.07565
18 14 1.07565
18 15 1.20967
18 16 1.29734
18 17 1.53185
18 18 2.14264
18 19 1.07508
18 20 1.07508
18 21 1.07508
18 22 1.07508
18 23 1.07508
18 24 1.20482
18 25 1.26045
18 26 1.36522
18 27 1.45206
18 28 1.07308
18 29 1.07308
18 30 1.07308
18 31 1.07308
18 32 1.07308
18 33 1.16406
18 34 1.21275
18 35 1.26741
18 36 1.29874
18 37 1.0738
18 38 1.0738
18 39 1.0738
18 40 1.0738
18 41 1.0738
18 42 1.16395
18 43 1.21797
18 44 1.27816
18 45 1.31175
18 46 1.07468
18 47 1.07468
18 48 1.07468
18 49 1.07468
18 50 1.07468
18 51 1.18039
18 52 1.24801
18 53 1.33368
18 54 1.38791
18 55 1.07406
18 56 1.07406
18 57 1.07406
18 58 1.07406
18 59 1.07406
18 60 1.17137
18 61 1.22917
18 62 1.29693
18 63 1.3366
18 64 1.07242
18 65 1.07242
18 66 1.07242
18 67 1.07242
18 68 1.07242
18 69 1.15006
18 70 1.19313
18 71 1.23829
18 72 1.26254
18 73 1.0718
18 74 1.0718
18 75 1.0718
18 76 1.0718
18 77 1.0718
18 78 1.14223
18 79 1.18132
18 80 1.22133
18 81 1.2424
18 82 1.07245
18 83 1.07245
18 84 1.07245
18 85 1.07245
18 86 1.07245
18 87 1.15134
18 88 1.19633
18 89 1.24392
18 90 1.26956
18 91 1.07189
18 92 1.07189
18 93 1.07189
18 94 1.07189
18 95 1.07189
18 96 1.1459
18 97 1.18716
18 98 1.22992
18 99 1.25264
18 100 1.0705
18 101 1.0705
18 102 1.0705
18 103 1.0705
18 104 1.0705
18 105 1.13283
18 106 1.16636
18 107 1.19986
18 108 1.21728
18 109 1.06887
18 110 1.06887
18 111 1.06887
18 112 1.06887
18 113 1.06887
18 114 1.12164
18 115 1.14959
18 116 1.177
18 117 1.19109
18 118 1.06934
18 119 1.06934
18 120 1.06934
18 121 1.06934
18 122 1.06934
18 123 1.1267
18 124 1.15738
18 125 1.18775
18 126 1.20345
18 127 1.06885
18 128 1.06885
18 129 1.06885
18 130 1.06885
18 131 1.06885
18 132 1.12354
18 133 1.15257
18 134 1.18113
18 135 1.19586
18 136 1.0677
18 137 1.0677
18 138 1.0677
18 139 1.0677
18 140 1.0677
18 141 1.11561
18 142 1.14069
18 143 1.16506
18 144 1.17755
19 1 1.11807
19 2 1.11807
19 3 1.11807
19 4 1.11807
19 5 1.11807
19 6 1.09572
19 7 1.08577
19 8 1.07674
19 9 1.07224
19 10 1.16145
19 11 1.16145
19 12 1.16145
19 13 1.16145
19 14 1.16145
19 15 1.10996
19 16 1.09636
19 17 1.08243
19 18 1.07508
19 19 1.30396
19 20 1.30396
19 21 1.30396
19 22 1.30396
19 23 1.30396
19 24 1.11435
19 25 1.09978
19 26 1.0844
19 27 1.07587
19 28 1.16182
19 29 1.16182
19 30 1.16182
19 31 1.16182
19 32 1.16182
19 33 1.11026
19 34 1.0944
19 35 1.08141
19 36 1.07507
19 37 1.11156
19 38 1.11156
19 39 1.11156
19 40 1.11156
19 41 1.11156
19 42 1.09251
19 43 1.08367
19 44 1.07567
19 45 1.0717
19 46 1.13513
19 47 1.13513
19 48 1.13513
19 49 1.13513
19 50 1.13513
19 51 1.10314
19 52 1.09043
19 53 1.07948
19 54 1.07409
19 55 1.14705
19 56 1.14705
19 57 1.14705
19 58 1.14705
19 59 1.14705
19 60 1.10695
19 61 1.09257
19 62 1.0806
19 63 1.07477
19 64 1.13545
19 65 1.13545
19 66 1.13545
19 67 1.13545
19 68 1.13545
19 69 1.10337
19 70 1.09048
19 71 1.07958
19 72 1.07429
19 73 1.10167
19 74 1.10167
19 75 1.10167
19 76 1.10167
19 77 1.10167
19 78 1.08687
19 79 1.07973
19 80 1.07317
19 81 1.06989
19 82 1.11431
19 83 1.11431
19 84 1.11431
19 85 1.11431
19 86 1.11431
19 87 1.09382
19 88 1.08445
19 89 1.07607
19 90 1.07192
19 91 1.11865
19 92 1.11865
19 93 1.11865
19 94 1.11865
19 95 1.11865
19 96 1.09599
19 97 1.08586
19 98 1.07692
19 99 1.07251
19 100 1.11462
19 101 1.11462
19 102 1.11462
19 103 1.11462
19 104 1.11462
19 105 1.0941
19 106 1.0847
19 107 1.07631
19 108 1.07217
19 109 1.09153
19 110 1.09153
19 111 1.09153
19 112 1.09153
19 113 1.09153
19 114 1.0804
19 115 1.0749
19 116 1.06977
19 117 1.0672
19 118 1.09879
19 119 1.09879
19 120 1.09879
19 121 1.09879
19 122 1.09879
19 123 1.08492
19 124 1.07819
19 125 1.07198
19 126 1.06888
19 127 1.10095
19 128 1.10095
19 129 1.10095
19 130 1.10095
19 131 1.10095
19 132 1.08624
19 133 1.07915
19 134 1.07263
19 135 1.06938
19 136 1.0991
19 137 1.0991
19 138 1.0991
19 139 1.0991
19 140 1.0991
19 141 1.08521
19 142 1.07847
19 143 1.07226
19 144 1.06915
20 1 1.11807
20 2 1.11807
20 3 1.11807
20 4 1.11807
20 5 1.11807
20 6 1.09572
20 7 1.08577
20 8 1.07674
20 9 1.07224
20 10 1.16145
20 11 1.16145
20 12 1.16145
20 13 1.16145
20 14 1.16145
20 15 1.10996
20 16 1.09636
20 17 1.08243
20 18 1.07508
20 19 1.30396
20 20 1.30396
20 21 1.30396
20 22 1.30396
20 23 1.30396
20 24 1.11435
20 25 1.09978
20 26 1.0844
20 27 1.07587
20 28 1.16182
20 29 1.16182
20 30 1.16182
20 31 1.16182
20 32 1.16182
20 33 1.11026
20 34 1.0944
20 35 1.08141
20 36 1.07507
20 37 1.11156
20 38 1.11156
20 39 1.11156
20 40 1.11156
20 41 1.11156
20 42 1.09251
20 43 1.08367
20 44 1.07567
20 45 1.0717
20 46 1.13513
20 47 1.13513
20 48 1.13513
20 49 1.13513
20 50 1.13513
20 51 1.10314
20 52 1.09043
20 53 1.07948
20 54 1.07409
20 55 1.14705
20 56 1.14705
20 57 1.14705
20 58 1.14705
20 59 1.14705
20 60 1.10695
20 61 1.09257
20 62 1.0806
20 63 1.07477
20 64 1.13545
20 65 1.13545
20 66 1.13545
20 67 1.13545
20 68 1.13545
20 69 1.10337
20 70 1.09048
20 71 1.07958
20 72 1.07429
20 73 1.10167
20 74 1.10167
20 75 1.10167
20 76 1.10167
20 77 1.10167
20 78 1.08687
20 79 1.07973
20 80 1.07317
20 81 1.06989
20 82 1.11431
20 83 1.11431
20 84 1.11431
20 85 1.11431
20 86 1.11431
20 87 1.09382
20 88 1.08445
20 89 1.07607
20 90 1.07192
20 91 1.11865
20 92 1.11865
20 93 1.11865
20 94 1.11865
20 95 1.11865
20 96 1.09599
20 97 1.08586
20 98 1.07692
20 99 1.07251
20 100 1.11462
20 101 1.11462
20 102 1.11462
20 103 1.11462
20 104 1.11462
20 105 1.0941
20 106 1.0847
20 107 1.07631
20 108 1.07217
20 109 1.09153
20 110 1.09153
20 111 1.09153
20 112 1.09153
20 113 1.09153
20 114 1.0804
20 115 1.0749
20 116 1.06977
20 117 1.0672
20 118 1.09879
20 119 1.09879
20 120 1.09879
20 121 1.09879
20 122 1.09879
20 123 1.08492
20 124 1.07819
20 125 1.07198
20 126 1.06888
20 127 1.10095
20 128 1.10095
20 129 1.10095
20 130 1.10095
20 131 1.10095
20 132 1.08624
20 133 1.07915
20 134 1.07263
20 135 1.06938
20 136 1.0991
20 137 1.0991
20 138 1.0991
20 139 1.0991
20 140 1.0991
20 141 1.08521
20 142 1.07847
20 143 1.07226
20 144 1.06915
21 1 1.11807
21 2 1.11807
21 3 1.11807
21 4 1.11807
21 5 1.11807
21 6 1.09572
21 7 1.08577
21 8 1.07674
21 9 1.07224
21 10 1.16145
21 11 1.16145
21 12 1.16145
21 13 1.16145
21 14 1.16145
21 15 1.10996
21 16 1.09636
21 17 1.08243
21 18 1.07508
21 19 1.30396
21 20 1.30396
21 21 1.30396
21 22 1.30396
21 23 1.30396
21 24 1.11435
21 25 1.09978
21 26 1.0844
21 27 1.07587
21 28 1.16182
21 29 1.16182
21 30 1.16182
21 31 1.16182
21 32 1.16182
21 33 1.11026
21 34 1.0944
21 35 1.08141
21 36 1.07507
21 37 1.11156
21 38 1.11156
21 39 1.11156
