injected_el measured_el potential
1 1 1.3047
1 2 1.3047
1 3 1.3047
1 4 1.3047
1 5 1.3047
1 6 1.1182
1 7 1.09736
1 8 1.08306
1 9 1.07663
1 10 1.14655
1 11 1.14655
1 12 1.14655
1 13 1.14655
1 14 1.14655
1 15 1.10671
1 16 1.09182
1 17 1.08018
1 18 1.0748
1 19 1.11785
1 20 1.11785
1 21 1.11785
1 22 1.11785
1 23 1.11785
1 24 1.09541
1 25 1.08533
1 26 1.07657
1 27 1.07228
1 28 1.10035
1 29 1.10035
1 30 1.10035
1 31 1.10035
1 32 1.10035
1 33 1.08589
1 34 1.0789
1 35 1.0725
1 36 1.06931
1 37 1.14742
1 38 1.14742
1 39 1.14742
1 40 1.14742
1 41 1.14742
1 42 1.10709
1 43 1.09334
1 44 1.08187
1 45 1.07669
1 46 1.12886
1 47 1.12886
1 48 1.12886
1 49 1.12886
1 50 1.12886
1 51 1.10129
1 52 1.08901
1 53 1.07917
1 54 1.07481
1 55 1.11123
1 56 1.11123
1 57 1.11123
1 58 1.11123
1 59 1.11123
1 60 1.09255
1 61 1.08385
1 62 1.07609
1 63 1.07227
1 64 1.09728
1 65 1.09728
1 66 1.09728
1 67 1.09728
1 68 1.09728
1 69 1.08445
1 70 1.07812
1 71 1.07225
1 72 1.06932
1 73 1.11896
1 74 1.11896
1 75 1.11896
1 76 1.11896
1 77 1.11896
1 78 1.09655
1 79 1.08742
1 80 1.07879
1 81 1.075
1 82 1.11133
1 83 1.11133
1 84 1.11133
1 85 1.11133
1 86 1.11133
1 87 1.09342
1 88 1.08451
1 89 1.07661
1 90 1.07322
1 91 1.10128
1 92 1.10128
1 93 1.10128
1 94 1.10128
1 95 1.10128
1 96 1.0875
1 97 1.08052
1 98 1.07401
1 99 1.07083
1 100 1.0914
1 101 1.0914
1 102 1.0914
1 103 1.0914
1 104 1.0914
1 105 1.08097
1 106 1.07562
1 107 1.07059
1 108 1.06806
1 109 1.10136
1 110 1.10136
1 111 1.10136
1 112 1.10136
1 113 1.10136
1 114 1.08739
1 115 1.08101
1 116 1.07496
1 117 1.07212
1 118 1.09718
1 119 1.09718
1 120 1.09718
1 121 1.09718
1 122 1.09718
1 123 1.08573
1 124 1.07908
1 125 1.0731
1 126 1.07055
1 127 1.09116
1 128 1.09116
1 129 1.09116
1 130 1.09116
1 131 1.09116
1 132 1.08141
1 133 1.07597
1 134 1.07091
1 135 1.06841
1 136 1.08438
1 137 1.08438
1 138 1.08438
1 139 1.08438
1 140 1.08438
1 141 1.0763
1 142 1.07203
1 143 1.06796
1 144 1.06589
2 1 1.3047
2 2 1.3047
2 3 1.3047
2 4 1.3047
2 5 1.3047
2 6 1.1182
2 7 1.09736
2 8 1.08306
2 9 1.07663
2 10 1.14655
2 11 1.14655
2 12 1.14655
2 13 1.14655
2 14 1.14655
2 15 1.10671
2 16 1.09182
2 17 1.08018
2 18 1.0748
2 19 1.11785
2 20 1.11785
2 21 1.11785
2 22 1.11785
2 23 1.11785
2 24 1.09541
2 25 1.08533
2 26 1.07657
2 27 1.07228
2 28 1.10035
2 29 1.10035
2 30 1.10035
2 31 1.10035
2 32 1.10035
2 33 1.08589
2 34 1.0789
2 35 1.0725
2 36 1.06931
2 37 1.14742
2 38 1.14742
2 39 1.14742
2 40 1.14742
2 41 1.14742
2 42 1.10709
2 43 1.09334
2 44 1.08187
2 45 1.07669
2 46 1.12886
2 47 1.12886
2 48 1.12886
2 49 1.12886
2 50 1.12886
2 51 1.10129
2 52 1.08901
2 53 1.07917
2 54 1.07481
2 55 1.11123
2 56 1.11123
2 57 1.11123
2 58 1.11123
2 59 1.11123
2 60 1.09255
2 61 1.08385
2 62 1.07609
2 63 1.07227
2 64 1.09728
2 65 1.09728
2 66 1.09728
2 67 1.09728
2 68 1.09728
2 69 1.08445
2 70 1.07812
2 71 1.07225
2 72 1.06932
2 73 1.11896
2 74 1.11896
2 75 1.11896
2 76 1.11896
2 77 1.11896
2 78 1.09655
2 79 1.08742
2 80 1.07879
2 81 1.075
2 82 1.11133
2 83 1.11133
2 84 1.11133
2 85 1.11133
2 86 1.11133
2 87 1.09342
2 88 1.08451
2 89 1.07661
2 90 1.07322
2 91 1.10128
2 92 1.10128
2 93 1.10128
2 94 1.10128
2 95 1.10128
2 96 1.0875
2 97 1.08052
2 98 1.07401
2 99 1.07083
2 100 1.0914
2 101 1.0914
2 102 1.0914
2 103 1.0914
2 104 1.0914
2 105 1.08097
2 106 1.07562
2 107 1.07059
2 108 1.06806
2 109 1.10136
2 110 1.10136
2 111 1.10136
2 112 1.10136
2 113 1.10136
2 114 1.08739
2 115 1.08101
2 116 1.07496
2 117 1.07212
2 118 1.09718
2 119 1.09718
2 120 1.09718
2 121 1.09718
2 122 1.09718
2 123 1.08573
2 124 1.07908
2 125 1.0731
2 126 1.07055
2 127 1.09116
2 128 1.09116
2 129 1.09116
2 130 1.09116
2 131 1.09116
2 132 1.08141
2 133 1.07597
2 134 1.07091
2 135 1.06841
2 136 1.08438
2 137 1.08438
2 138 1.08438
2 139 1.08438
2 140 1.08438
2 141 1.0763
2 142 1.07203
2 143 1.06796
2 144 1.06589
3 1 1.3047
3 2 1.3047
3 3 1.3047
3 4 1.3047
3 5 1.3047
3 6 1.1182
3 7 1.09736
3 8 1.08306
3 9 1.07663
3 10 1.14655
3 11 1.14655
3 12 1.14655
3 13 1.14655
3 14 1.14655
3 15 1.10671
3 16 1.09182
3 17 1.08018
3 18 1.0748
3 19 1.11785
3 20 1.11785
3 21 1.11785
3 22 1.11785
3 23 1.11785
3 24 1.09541
3 25 1.08533
3 26 1.07657
3 27 1.07228
3 28 1.10035
3 29 1.10035
3 30 1.10035
3 31 1.10035
3 32 1.10035
3 33 1.08589
3 34 1.0789
3 35 1.0725
3 36 1.06931
3 37 1.14742
3 38 1.14742
3 39 1.14742
3 40 1.14742
3 41 1.14742
3 42 1.10709
3 43 1.09334
3 44 1.08187
3 45 1.07669
3 46 1.12886
3 47 1.12886
3 48 1.12886
3 49 1.12886
3 50 1.12886
3 51 1.10129
3 52 1.08901
3 53 1.07917
3 54 1.07481
3 55 1.11123
3 56 1.11123
3 57 1.11123
3 58 1.11123
3 59 1.11123
3 60 1.09255
3 61 1.08385
3 62 1.07609
3 63 1.07227
3 64 1.09728
3 65 1.09728
3 66 1.09728
3 67 1.09728
3 68 1.09728
3 69 1.08445
3 70 1.07812
3 71 1.07225
3 72 1.06932
3 73 1.11896
3 74 1.11896
3 75 1.11896
3 76 1.11896
3 77 1.11896
3 78 1.09655
3 79 1.08742
3 80 1.07879
3 81 1.075
3 82 1.11133
3 83 1.11133
3 84 1.11133
3 85 1.11133
3 86 1.11133
3 87 1.09342
3 88 1.08451
3 89 1.07661
3 90 1.07322
3 91 1.10128
3 92 1.10128
3 93 1.10128
3 94 1.10128
3 95 1.10128
3 96 1.0875
3 97 1.08052
3 98 1.07401
3 99 1.07083
3 100 1.0914
3 101 1.0914
3 102 1.0914
3 103 1.0914
3 104 1.0914
3 105 1.08097
3 106 1.07562
3 107 1.07059
3 108 1.06806
3 109 1.10136
3 110 1.10136
3 111 1.10136
3 112 1.10136
3 113 1.10136
3 114 1.08739
3 115 1.08101
3 116 1.07496
3 117 1.07212
3 118 1.09718
3 119 1.09718
3 120 1.09718
3 121 1.09718
3 122 1.09718
3 123 1.08573
3 124 1.07908
3 125 1.0731
3 126 1.07055
3 127 1.09116
3 128 1.09116
3 129 1.09116
3 130 1.09116
3 131 1.09116
3 132 1.08141
3 133 1.07597
3 134 1.07091
3 135 1.06841
3 136 1.08438
3 137 1.08438
3 138 1.08438
3 139 1.08438
3 140 1.08438
3 141 1.0763
3 142 1.07203
3 143 1.06796
3 144 1.06589
4 1 1.3047
4 2 1.3047
4 3 1.3047
4 4 1.3047
4 5 1.3047
4 6 1.1182
4 7 1.09736
4 8 1.08306
4 9 1.07663
4 10 1.14655
4 11 1.14655
4 12 1.14655
4 13 1.14655
4 14 1.14655
4 15 1.10671
4 16 1.09182
4 17 1.08018
4 18 1.0748
4 19 1.11785
4 20 1.11785
4 21 1.11785
4 22 1.11785
4 23 1.11785
4 24 1.09541
4 25 1.08533
4 26 1.07657
4 27 1.07228
4 28 1.10035
4 29 1.10035
4 30 1.10035
4 31 1.10035
4 32 1.10035
4 33 1.08589
4 34 1.0789
4 35 1.0725
4 36 1.06931
4 37 1.14742
4 38 1.14742
4 39 1.14742
4 40 1.14742
4 41 1.14742
4 42 1.10709
4 43 1.09334
4 44 1.08187
4 45 1.07669
4 46 1.12886
4 47 1.12886
4 48 1.12886
4 49 1.12886
4 50 1.12886
4 51 1.10129
4 52 1.08901
4 53 1.07917
4 54 1.07481
4 55 1.11123
4 56 1.11123
4 57 1.11123
4 58 1.11123
4 59 1.11123
4 60 1.09255
4 61 1.08385
4 62 1.07609
4 63 1.07227
4 64 1.09728
4 65 1.09728
4 66 1.09728
4 67 1.09728
4 68 1.09728
4 69 1.08445
4 70 1.07812
4 71 1.07225
4 72 1.06932
4 73 1.11896
4 74 1.11896
4 75 1.11896
4 76 1.11896
4 77 1.11896
4 78 1.09655
4 79 1.08742
4 80 1.07879
4 81 1.075
4 82 1.11133
4 83 1.11133
4 84 1.11133
4 85 1.11133
4 86 1.11133
4 87 1.09342
4 88 1.08451
4 89 1.07661
4 90 1.07322
4 91 1.10128
4 92 1.10128
4 93 1.10128
4 94 1.10128
4 95 1.10128
4 96 1.0875
4 97 1.08052
4 98 1.07401
4 99 1.07083
4 100 1.0914
4 101 1.0914
4 102 1.0914
4 103 1.0914
4 104 1.0914
4 105 1.08097
4 106 1.07562
4 107 1.07059
4 108 1.06806
4 109 1.10136
4 110 1.10136
4 111 1.10136
4 112 1.10136
4 113 1.10136
4 114 1.08739
4 115 1.08101
4 116 1.07496
4 117 1.07212
4 118 1.09718
4 119 1.09718
4 120 1.09718
4 121 1.09718
4 122 1.09718
4 123 1.08573
4 124 1.07908
4 125 1.0731
4 126 1.07055
4 127 1.09116
4 128 1.09116
4 129 1.09116
4 130 1.09116
4 131 1.09116
4 132 1.08141
4 133 1.07597
4 134 1.07091
4 135 1.06841
4 136 1.08438
4 137 1.08438
4 138 1.08438
4 139 1.08438
4 140 1.08438
4 141 1.0763
4 142 1.07203
4 143 1.06796
4 144 1.06589
5 1 1.3047
5 2 1.3047
5 3 1.3047
5 4 1.3047
5 5 1.3047
5 6 1.1182
5 7 1.09736
5 8 1.08306
5 9 1.07663
5 10 1.14655
5 11 1.14655
5 12 1.14655
5 13 1.14655
5 14 1.14655
5 15 1.10671
5 16 1.09182
5 17 1.08018
5 18 1.0748
5 19 1.11785
5 20 1.11785
5 21 1.11785
5 22 1.11785
5 23 1.11785
5 24 1.09541
5 25 1.08533
5 26 1.07657
5 27 1.07228
5 28 1.10035
5 29 1.10035
5 30 1.10035
5 31 1.10035
5 32 1.10035
5 33 1.08589
5 34 1.0789
5 35 1.0725
5 36 1.06931
5 37 1.14742
5 38 1.14742
5 39 1.14742
5 40 1.14742
5 41 1.14742
5 42 1.10709
5 43 1.09334
5 44 1.08187
5 45 1.07669
5 46 1.12886
5 47 1.12886
5 48 1.12886
5 49 1.12886
5 50 1.12886
5 51 1.10129
5 52 1.08901
5 53 1.07917
5 54 1.07481
5 55 1.11123
5 56 1.11123
5 57 1.11123
5 58 1.11123
5 59 1.11123
5 60 1.09255
5 61 1.08385
5 62 1.07609
5 63 1.07227
5 64 1.09728
5 65 1.09728
5 66 1.09728
5 67 1.09728
5 68 1.09728
5 69 1.08445
5 70 1.07812
5 71 1.07225
5 72 1.06932
5 73 1.11896
5 74 1.11896
5 75 1.11896
5 76 1.11896
5 77 1.11896
5 78 1.09655
5 79 1.08742
5 80 1.07879
5 81 1.075
5 82 1.11133
5 83 1.11133
5 84 1.11133
5 85 1.11133
5 86 1.11133
5 87 1.09342
5 88 1.08451
5 89 1.07661
5 90 1.07322
5 91 1.10128
5 92 1.10128
5 93 1.10128
5 94 1.10128
5 95 1.10128
5 96 1.0875
5 97 1.08052
5 98 1.07401
5 99 1.07083
5 100 1.0914
5 101 1.0914
5 102 1.0914
5 103 1.0914
5 104 1.0914
5 105 1.08097
5 106 1.07562
5 107 1.07059
5 108 1.06806
5 109 1.10136
5 110 1.10136
5 111 1.10136
5 112 1.10136
5 113 1.10136
5 114 1.08739
5 115 1.08101
5 116 1.07496
5 117 1.07212
5 118 1.09718
5 119 1.09718
5 120 1.09718
5 121 1.09718
5 122 1.09718
5 123 1.08573
5 124 1.07908
5 125 1.0731
5 126 1.07055
5 127 1.09116
5 128 1.09116
5 129 1.09116
5 130 1.09116
5 131 1.09116
5 132 1.08141
5 133 1.07597
5 134 1.07091
5 135 1.06841
5 136 1.08438
5 137 1.08438
5 138 1.08438
5 139 1.08438
5 140 1.08438
5 141 1.0763
5 142 1.07203
5 143 1.06796
5 144 1.06589
6 1 1.1182
6 2 1.1182
6 3 1.1182
6 4 1.1182
6 5 1.1182
6 6 6.74463
6 7 2.08811
6 8 1.3771
6 9 1.20308
6 10 1.1064
6 11 1.1064
6 12 1.1064
6 13 1.1064
6 14 1.1064
6 15 1.42574
6 16 1.34899
6 17 1.23505
6 18 1.17784
6 19 1.0951
6 20 1.0951
6 21 1.0951
6 22 1.0951
6 23 1.0951
6 24 1.18721
6 25 1.18699
6 26 1.16439
6 27 1.14898
6 28 1.0856
6 29 1.0856
6 30 1.0856
6 31 1.0856
6 32 1.0856
6 33 1.12227
6 34 1.12857
6 35 1.12713
6 36 1.12489
6 37 1.10895
6 38 1.10895
6 39 1.10895
6 40 1.10895
6 41 1.10895
6 42 1.3948
6 43 1.33277
6 44 1.231
6 45 1.1807
6 46 1.1016
6 47 1.1016
6 48 1.1016
6 49 1.1016
6 50 1.1016
6 51 1.24059
6 52 1.22986
6 53 1.18787
6 54 1.16327
6 55 1.09264
6 56 1.09264
6 57 1.09264
6 58 1.09264
6 59 1.09264
6 60 1.1533
6 61 1.15827
6 62 1.14884
6 63 1.14079
6 64 1.08435
6 65 1.08435
6 66 1.08435
6 67 1.08435
6 68 1.08435
6 69 1.11384
6 70 1.12022
6 71 1.12109
6 72 1.12042
6 73 1.09833
6 74 1.09833
6 75 1.09833
6 76 1.09833
6 77 1.09833
6 78 1.18271
6 79 1.18412
6 80 1.16435
6 81 1.1525
6 82 1.09389
6 83 1.09389
6 84 1.09389
6 85 1.09389
6 86 1.09389
6 87 1.14797
6 88 1.15541
6 89 1.14813
6 90 1.1418
6 91 1.0875
6 92 1.0875
6 93 1.0875
6 94 1.0875
6 95 1.0875
6 96 1.12207
6 97 1.12873
6 98 1.12869
6 99 1.12688
6 100 1.08093
6 101 1.08093
6 102 1.08093
6 103 1.08093
6 104 1.08093
6 105 1.10211
6 106 1.10805
6 107 1.11093
6 108 1.11176
6 109 1.0886
6 110 1.0886
6 111 1.0886
6 112 1.0886
6 113 1.0886
6 114 1.12493
6 115 1.12962
6 116 1.12955
6 117 1.12784
6 118 1.08576
6 119 1.08576
6 120 1.08576
6 121 1.08576
6 122 1.08576
6 123 1.11297
6 124 1.11907
6 125 1.12159
6 126 1.12135
6 127 1.08132
6 128 1.08132
6 129 1.08132
6 130 1.08132
6 131 1.08132
6 132 1.10208
6 133 1.10764
6 134 1.11116
6 135 1.11192
6 136 1.07633
6 137 1.07633
6 138 1.07633
6 139 1.07633
6 140 1.07633
6 141 1.09114
6 142 1.09626
6 143 1.09988
6 144 1.10138
7 1 1.09736
7 2 1.09736
7 3 1.09736
7 4 1.09736
7 5 1.09736
7 6 2.08811
7 7 6.66775
7 8 1.94901
7 9 1.30966
7 10 1.09176
7 11 1.09176
7 12 1.09176
7 13 1.09176
7 14 1.09176
7 15 1.3496
7 16 1.44681
7 17 1.33038
7 18 1.24677
7 19 1.08504
7 20 1.08504
7 21 1.08504
7 22 1.08504
7 23 1.08504
7 24 1.1869
7 25 1.21376
7 26 1.20596
7 27 1.19384
7 28 1.0786
7 29 1.0786
7 30 1.0786
7 31 1.0786
7 32 1.0786
7 33 1.12863
7 34 1.14523
7 35 1.15315
7 36 1.15524
7 37 1.09421
7 38 1.09421
7 39 1.09421
7 40 1.09421
7 41 1.09421
7 42 1.32802
7 43 1.41627
7 44 1.31868
7 45 1.2486
7 46 1.0897
7 47 1.0897
7 48 1.0897
7 49 1.0897
7 50 1.0897
7 51 1.22783
7 52 1.26708
7 53 1.24234
7 54 1.21671
7 55 1.08384
7 56 1.08384
7 57 1.08384
7 58 1.08384
7 59 1.08384
7 60 1.15738
7 61 1.1793
7 62 1.18284
7 63 1.17925
7 64 1.07797
7 65 1.07797
7 66 1.07797
7 67 1.07797
7 68 1.07797
7 69 1.12018
7 70 1.13528
7 71 1.14447
7 72 1.1478
7 73 1.08833
7 74 1.08833
7 75 1.08833
7 76 1.08833
7 77 1.08833
7 78 1.18163
7 79 1.20735
7 80 1.20311
7 81 1.1956
7 82 1.08516
7 83 1.08516
7 84 1.08516
7 85 1.08516
7 86 1.08516
7 87 1.1507
7 88 1.17526
7 89 1.18148
7 90 1.17938
7 91 1.0805
7 92 1.0805
7 93 1.0805
7 94 1.0805
7 95 1.0805
7 96 1.12771
7 97 1.14459
7 98 1.15437
7 99 1.15683
7 100 1.07555
7 101 1.07555
7 102 1.07555
7 103 1.07555
7 104 1.07555
7 105 1.10801
7 106 1.12078
7 107 1.13041
7 108 1.13461
7 109 1.08178
7 110 1.08178
7 111 1.08178
7 112 1.08178
7 113 1.08178
7 114 1.13042
7 115 1.14454
7 116 1.15404
7 117 1.15635
7 118 1.07956
7 119 1.07956
7 120 1.07956
7 121 1.07956
7 122 1.07956
7 123 1.11771
7 124 1.13279
7 125 1.1442
7 126 1.14746
7 127 1.07602
7 128 1.07602
7 129 1.07602
7 130 1.07602
7 131 1.07602
7 132 1.10742
7 133 1.11978
7 134 1.13027
7 135 1.13424
7 136 1.07203
7 137 1.07203
7 138 1.07203
7 139 1.07203
7 140 1.07203
7 141 1.09623
7 142 1.10658
7 143 1.11537
7 144 1.1195
8 1 1.08306
8 2 1.08306
8 3 1.08306
8 4 1.08306
8 5 1.08306
8 6 1.3771
8 7 1.94901
8 8 5.95056
8 9 1.53797
8 10 1.08022
8 11 1.08022
8 12 1.08022
8 13 1.08022
8 14 1.08022
8 15 1.23658
8 16 1.33292
8 17 1.39228
8 18 1.33183
8 19 1.07647
8 20 1.07647
8 21 1.07647
8 22 1.07647
8 23 1.07647
8 24 1.16498
8 25 1.20661
8 26 1.23516
8 27 1.24125
8 28 1.07241
8 29 1.07241
8 30 1.07241
8 31 1.07241
8 32 1.07241
8 33 1.12773
8 34 1.15364
8 35 1.17547
8 36 1.18547
8 37 1.08241
8 38 1.08241
8 39 1.08241
8 40 1.08241
8 41 1.08241
8 42 1.2274
8 43 1.31559
8 44 1.37538
8 45 1.33076
8 46 1.07976
8 47 1.07976
8 48 1.07976
8 49 1.07976
8 50 1.07976
8 51 1.1861
8 52 1.24376
8 53 1.27825
8 54 1.27505
8 55 1.07617
8 56 1.07617
8 57 1.07617
8 58 1.07617
8 59 1.07617
8 60 1.14798
8 61 1.18256
8 62 1.20949
8 63 1.21843
8 64 1.07227
8 65 1.07227
8 66 1.07227
8 67 1.07227
8 68 1.07227
8 69 1.12138
8 70 1.14469
8 71 1.16508
8 72 1.17471
8 73 1.07954
8 74 1.07954
8 75 1.07954
8 76 1.07954
8 77 1.07954
8 78 1.16136
8 79 1.20091
8 80 1.23012
8 81 1.23911
8 82 1.07742
8 83 1.07742
8 84 1.07742
8 85 1.07742
8 86 1.07742
8 87 1.14189
8 88 1.17929
8 89 1.20802
8 90 1.21687
8 91 1.07422
8 92 1.07422
8 93 1.07422
8 94 1.07422
8 95 1.07422
8 96 1.1269
8 97 1.15308
8 98 1.17639
8 99 1.18616
8 100 1.07067
8 101 1.07067
8 102 1.07067
8 103 1.07067
8 104 1.07067
8 105 1.11095
8 106 1.13033
8 107 1.14804
8 108 1.15667
8 109 1.07548
8 110 1.07548
8 111 1.07548
8 112 1.07548
8 113 1.07548
8 114 1.12861
8 115 1.15154
8 116 1.17405
8 117 1.18312
8 118 1.07384
8 119 1.07384
8 120 1.07384
8 121 1.07384
8 122 1.07384
8 123 1.11775
8 124 1.14143
8 125 1.16381
8 126 1.17222
8 127 1.07115
8 128 1.07115
8 129 1.07115
8 130 1.07115
8 131 1.07115
8 132 1.10984
8 133 1.1288
8 134 1.14736
8 135 1.15545
8 136 1.06807
8 137 1.06807
8 138 1.06807
8 139 1.06807
8 140 1.06807
8 141 1.09977
8 142 1.11517
8 143 1.12958
8 144 1.1367
9 1 1.07663
9 2 1.07663
9 3 1.07663
9 4 1.07663
9 5 1.07663
9 6 1.20308
9 7 1.30966
9 8 1.53797
9 9 2.13832
9 10 1.07478
9 11 1.07478
9 12 1.07478
9 13 1.07478
9 14 1.07478
9 15 1.17854
9 16 1.24873
9 17 1.3332
9 18 1.38271
9 19 1.07228
9 20 1.07228
9 21 1.07228
9 22 1.07228
9 23 1.07228
9 24 1.14968
9 25 1.19445
9 26 1.24121
9 27 1.26535
9 28 1.0693
9 29 1.0693
9 30 1.0693
9 31 1.0693
9 32 1.0693
9 33 1.12539
9 34 1.1554
9 35 1.185
9 36 1.2002
9 37 1.07681
9 38 1.07681
9 39 1.07681
9 40 1.07681
9 41 1.07681
9 42 1.17536
9 43 1.24109
9 44 1.324
9 45 1.37839
9 46 1.07491
9 47 1.07491
9 48 1.07491
9 49 1.07491
9 50 1.07491
9 51 1.15976
9 52 1.2166
9 53 1.27545
9 54 1.3039
9 55 1.07234
9 56 1.07234
9 57 1.07234
9 58 1.07234
9 59 1.07234
9 60 1.13974
9 61 1.17848
9 62 1.21792
9 63 1.23696
9 64 1.06936
9 65 1.06936
9 66 1.06936
9 67 1.06936
9 68 1.06936
9 69 1.12032
9 70 1.14731
9 71 1.17379
9 72 1.18727
9 73 1.07518
9 74 1.07518
9 75 1.07518
9 76 1.07518
9 77 1.07518
9 78 1.14729
9 79 1.18993
9 80 1.2355
9 81 1.25981
9 82 1.07352
9 83 1.07352
9 84 1.07352
9 85 1.07352
9 86 1.07352
9 87 1.13438
9 88 1.17596
9 89 1.21641
9 90 1.23401
9 91 1.071
9 92 1.071
9 93 1.071
9 94 1.071
9 95 1.071
9 96 1.1244
9 97 1.15449
9 98 1.18503
9 99 1.19949
9 100 1.06814
9 101 1.06814
9 102 1.06814
9 103 1.06814
9 104 1.06814
9 105 1.11125
9 106 1.13367
9 107 1.1556
9 108 1.16671
9 109 1.07225
9 110 1.07225
9 111 1.07225
9 112 1.07225
9 113 1.07225
9 114 1.12572
9 115 1.15251
9 116 1.18187
9 117 1.19524
9 118 1.07087
9 119 1.07087
9 120 1.07087
9 121 1.07087
9 122 1.07087
9 123 1.1162
9 124 1.14371
9 125 1.17174
9 126 1.18322
9 127 1.0686
9 128 1.0686
9 129 1.0686
9 130 1.0686
9 131 1.0686
9 132 1.10987
9 133 1.13185
9 134 1.15453
9 135 1.16489
9 136 1.06598
9 137 1.06598
9 138 1.06598
9 139 1.06598
9 140 1.06598
9 141 1.10076
9 142 1.1185
9 143 1.13572
9 144 1.14439
10 1 1.14655
10 2 1.14655
10 3 1.14655
10 4 1.14655
10 5 1.14655
10 6 1.1064
10 7 1.09176
10 8 1.08022
10 9 1.07478
10 10 1.30387
10 11 1.30387
10 12 1.30387
10 13 1.30387
10 14 1.30387
10 15 1.11733
10 16 1.09612
10 17 1.08175
10 18 1.07545
10 19 1.16137
10 20 1.16137
10 21 1.16137
10 22 1.16137
10 23 1.16137
10 24 1.10995
10 25 1.09332
10 26 1.08051
10 27 1.07454
10 28 1.12559
10 29 1.12559
10 30 1.12559
10 31 1.12559
10 32 1.12559
10 33 1.09883
10 34 1.08736
10 35 1.0775
10 36 1.07272
10 37 1.12883
10 38 1.12883
10 39 1.12883
10 40 1.12883
10 41 1.12883
10 42 1.10032
10 43 1.08899
10 44 1.07934
10 45 1.07487
10 46 1.1466
10 47 1.1466
10 48 1.1466
10 49 1.1466
10 50 1.1466
10 51 1.10659
10 52 1.09165
10 53 1.08021
10 54 1.07533
10 55 1.13481
10 56 1.13481
10 57 1.13481
10 58 1.13481
10 59 1.13481
10 60 1.10279
10 61 1.09004
10 62 1.07937
10 63 1.07432
10 64 1.11673
10 65 1.11673
10 66 1.11673
10 67 1.11673
10 68 1.11673
10 69 1.09516
10 70 1.08539
10 71 1.07675
10 72 1.07252
10 73 1.11133
10 74 1.11133
10 75 1.11133
10 76 1.11133
10 77 1.11133
10 78 1.09259
10 79 1.08433
10 80 1.07672
10 81 1.07333
10 82 1.11805
10 83 1.11805
10 84 1.11805
10 85 1.11805
10 86 1.11805
10 87 1.09599
10 88 1.086
10 89 1.07722
10 90 1.07359
10 91 1.11389
10 92 1.11389
10 93 1.11389
10 94 1.11389
10 95 1.11389
10 96 1.0939
10 97 1.08482
10 98 1.07653
10 99 1.0726
10 100 1.10475
10 101 1.10475
10 102 1.10475
10 103 1.10475
10 104 1.10475
10 105 1.08892
10 106 1.08132
10 107 1.07437
10 108 1.07093
10 109 1.0972
10 110 1.0972
10 111 1.0972
10 112 1.0972
10 113 1.0972
10 114 1.08495
10 115 1.07884
10 116 1.07329
10 117 1.07064
10 118 1.10039
10 119 1.10039
10 120 1.10039
10 121 1.10039
10 122 1.10039
10 123 1.08707
10 124 1.07991
10 125 1.07347
10 126 1.07081
10 127 1.09838
10 128 1.09838
10 129 1.09838
10 130 1.09838
10 131 1.09838
10 132 1.08541
10 133 1.07887
10 134 1.07279
10 135 1.06989
10 136 1.09332
10 137 1.09332
10 138 1.09332
10 139 1.09332
10 140 1.09332
10 141 1.08199
10 142 1.07633
10 143 1.07103
10 144 1.06838
11 1 1.14655
11 2 1.14655
11 3 1.14655
11 4 1.14655
11 5 1.14655
11 6 1.1064
11 7 1.09176
11 8 1.08022
11 9 1.07478
11 10 1.30387
11 11 1.30387
11 12 1.30387
11 13 1.30387
11 14 1.30387
11 15 1.11733
11 16 1.09612
11 17 1.08175
11 18 1.07545
11 19 1.16137
11 20 1.16137
11 21 1.16137
11 22 1.16137
11 23 1.16137
11 24 1.10995
11 25 1.09332
11 26 1.08051
11 27 1.07454
11 28 1.12559
11 29 1.12559
11 30 1.12559
11 31 1.12559
11 32 1.12559
11 33 1.09883
11 34 1.08736
11 35 1.0775
11 36 1.07272
11 37 1.12883
11 38 1.12883
11 39 1.12883
11 40 1.12883
11 41 1.12883
11 42 1.10032
11 43 1.08899
11 44 1.07934
11 45 1.07487
11 46 1.1466
11 47 1.1466
11 48 1.1466
11 49 1.1466
11 50 1.1466
11 51 1.10659
11 52 1.09165
11 53 1.08021
11 54 1.07533
11 55 1.13481
11 56 1.13481
11 57 1.13481
11 58 1.13481
11 59 1.13481
11 60 1.10279
11 61 1.09004
11 62 1.07937
11 63 1.07432
11 64 1.11673
11 65 1.11673
11 66 1.11673
11 67 1.11673
11 68 1.11673
11 69 1.09516
11 70 1.08539
11 71 1.07675
11 72 1.07252
11 73 1.11133
11 74 1.11133
11 75 1.11133
11 76 1.11133
11 77 1.11133
11 78 1.09259
11 79 1.08433
11 80 1.07672
11 81 1.07333
11 82 1.11805
11 83 1.11805
11 84 1.11805
11 85 1.11805
11 86 1.11805
11 87 1.09599
11 88 1.086
11 89 1.07722
11 90 1.07359
11 91 1.11389
11 92 1.11389
11 93 1.11389
11 94 1.11389
11 95 1.11389
11 96 1.0939
11 97 1.08482
11 98 1.07653
11 99 1.0726
11 100 1.10475
11 101 1.10475
11 102 1.10475
11 103 1.10475
11 104 1.10475
11 105 1.08892
11 106 1.08132
11 107 1.07437
11 108 1.07093
11 109 1.0972
11 110 1.0972
11 111 1.0972
11 112 1.0972
11 113 1.0972
11 114 1.08495
11 115 1.07884
11 116 1.07329
11 117 1.07064
11 118 1.10039
11 119 1.10039
11 120 1.10039
11 121 1.10039
11 122 1.10039
11 123 1.08707
11 124 1.07991
11 125 1.07347
11 126 1.07081
11 127 1.09838
11 128 1.09838
11 129 1.09838
11 130 1.09838
11 131 1.09838
11 132 1.08541
11 133 1.07887
11 134 1.07279
11 135 1.06989
11 136 1.09332
11 137 1.09332
11 138 1.09332
11 139 1.09332
11 140 1.09332
11 141 1.08199
11 142 1.07633
11 143 1.07103
11 144 1.06838
12 1 1.14655
12 2 1.14655
12 3 1.14655
12 4 1.14655
12 5 1.14655
12 6 1.1064
12 7 1.09176
12 8 1.08022
12 9 1.07478
12 10 1.30387
12 11 1.30387
12 12 1.30387
12 13 1.30387
12 14 1.30387
12 15 1.11733
12 16 1.09612
12 17 1.08175
12 18 1.07545
12 19 1.16137
12 20 1.16137
12 21 1.16137
12 22 1.16137
12 23 1.16137
12 24 1.10995
12 25 1.09332
12 26 1.08051
12 27 1.07454
12 28 1.12559
12 29 1.12559
12 30 1.12559
12 31 1.12559
12 32 1.12559
12 33 1.09883
12 34 1.08736
12 35 1.0775
12 36 1.07272
12 37 1.12883
12 38 1.12883
12 39 1.12883
12 40 1.12883
12 41 1.12883
12 42 1.10032
12 43 1.08899
12 44 1.07934
12 45 1.07487
12 46 1.1466
12 47 1.1466
12 48 1.1466
12 49 1.1466
12 50 1.1466
12 51 1.10659
12 52 1.09165
12 53 1.08021
12 54 1.07533
12 55 1.13481
12 56 1.13481
12 57 1.13481
12 58 1.13481
12 59 1.13481
12 60 1.10279
12 61 1.09004
12 62 1.07937
12 63 1.07432
12 64 1.11673
12 65 1.11673
12 66 1.11673
12 67 1.11673
12 68 1.11673
12 69 1.09516
12 70 1.08539
12 71 1.07675
12 72 1.07252
12 73 1.11133
12 74 1.11133
12 75 1.11133
12 76 1.11133
12 77 1.11133
12 78 1.09259
12 79 1.08433
12 80 1.07672
12 81 1.07333
12 82 1.11805
12 83 1.11805
12 84 1.11805
12 85 1.11805
12 86 1.11805
12 87 1.09599
12 88 1.086
12 89 1.07722
12 90 1.07359
12 91 1.11389
12 92 1.11389
12 93 1.11389
12 94 1.11389
12 95 1.11389
12 96 1.0939
12 97 1.08482
12 98 1.07653
12 99 1.0726
12 100 1.10475
12 101 1.10475
12 102 1.10475
12 103 1.10475
12 104 1.10475
12 105 1.08892
12 106 1.08132
12 107 1.07437
12 108 1.07093
12 109 1.0972
12 110 1.0972
12 111 1.0972
12 112 1.0972
12 113 1.0972
12 114 1.08495
12 115 1.07884
12 116 1.07329
12 117 1.07064
12 118 1.10039
12 119 1.10039
12 120 1.10039
12 121 1.10039
12 122 1.10039
12 123 1.08707
12 124 1.07991
12 125 1.07347
12 126 1.07081
12 127 1.09838
12 128 1.09838
12 129 1.09838
12 130 1.09838
12 131 1.09838
12 132 1.08541
12 133 1.07887
12 134 1.07279
12 135 1.06989
12 136 1.09332
12 137 1.09332
12 138 1.09332
12 139 1.09332
12 140 1.09332
12 141 1.08199
12 142 1.07633
12 143 1.07103
12 144 1.06838
13 1 1.14655
13 2 1.14655
13 3 1.14655
13 4 1.14655
13 5 1.14655
13 6 1.1064
13 7 1.09176
13 8 1.08022
13 9 1.07478
13 10 1.30387
13 11 1.30387
13 12 1.30387
13 13 1.30387
13 14 1.30387
13 15 1.11733
13 16 1.09612
13 17 1.08175
13 18 1.07545
13 19 1.16137
13 20 1.16137
13 21 1.16137
13 22 1.16137
13 23 1.16137
13 24 1.10995
13 25 1.09332
13 26 1.08051
13 27 1.07454
13 28 1.12559
13 29 1.12559
13 30 1.12559
13 31 1.12559
13 32 1.12559
13 33 1.09883
13 34 1.08736
13 35 1.0775
13 36 1.07272
13 37 1.12883
13 38 1.12883
13 39 1.12883
13 40 1.12883
13 41 1.12883
13 42 1.10032
13 43 1.08899
13 44 1.07934
13 45 1.07487
13 46 1.1466
13 47 1.1466
13 48 1.1466
13 49 1.1466
13 50 1.1466
13 51 1.10659
13 52 1.09165
13 53 1.08021
13 54 1.07533
13 55 1.13481
13 56 1.13481
13 57 1.13481
13 58 1.13481
13 59 1.13481
13 60 1.10279
13 61 1.09004
13 62 1.07937
13 63 1.07432
13 64 1.11673
13 65 1.11673
13 66 1.11673
13 67 1.11673
13 68 1.11673
13 69 1.09516
13 70 1.08539
13 71 1.07675
13 72 1.07252
13 73 1.11133
13 74 1.11133
13 75 1.11133
13 76 1.11133
13 77 1.11133
13 78 1.09259
13 79 1.08433
13 80 1.07672
13 81 1.07333
13 82 1.11805
13 83 1.11805
13 84 1.11805
13 85 1.11805
13 86 1.11805
13 87 1.09599
13 88 1.086
13 89 1.07722
13 90 1.07359
13 91 1.11389
13 92 1.11389
13 93 1.11389
13 94 1.11389
13 95 1.11389
13 96 1.0939
13 97 1.08482
13 98 1.07653
13 99 1.0726
13 100 1.10475
13 101 1.10475
13 102 1.10475
13 103 1.10475
13 104 1.10475
13 105 1.08892
13 106 1.08132
13 107 1.07437
13 108 1.07093
13 109 1.0972
13 110 1.0972
13 111 1.0972
13 112 1.0972
13 113 1.0972
13 114 1.08495
13 115 1.07884
13 116 1.07329
13 117 1.07064
13 118 1.10039
13 119 1.10039
13 120 1.10039
13 121 1.10039
13 122 1.10039
13 123 1.08707
13 124 1.07991
13 125 1.07347
13 126 1.07081
13 127 1.09838
13 128 1.09838
13 129 1.09838
13 130 1.09838
13 131 1.09838
13 132 1.08541
13 133 1.07887
13 134 1.07279
13 135 1.06989
13 136 1.09332
13 137 1.09332
13 138 1.09332
13 139 1.09332
13 140 1.09332
13 141 1.08199
13 142 1.07633
13 143 1.07103
13 144 1.06838
14 1 1.14655
14 2 1.14655
14 3 1.14655
14 4 1.14655
14 5 1.14655
14 6 1.1064
14 7 1.09176
14 8 1.08022
14 9 1.07478
14 10 1.30387
14 11 1.30387
14 12 1.30387
14 13 1.30387
14 14 1.30387
14 15 1.11733
14 16 1.09612
14 17 1.08175
14 18 1.07545
14 19 1.16137
14 20 1.16137
14 21 1.16137
14 22 1.16137
14 23 1.16137
14 24 1.10995
14 25 1.09332
14 26 1.08051
14 27 1.07454
14 28 1.12559
14 29 1.12559
14 30 1.12559
14 31 1.12559
14 32 1.12559
14 33 1.09883
14 34 1.08736
14 35 1.0775
14 36 1.07272
14 37 1.12883
14 38 1.12883
14 39 1.12883
14 40 1.12883
14 41 1.12883
14 42 1.10032
14 43 1.08899
14 44 1.07934
14 45 1.07487
14 46 1.1466
14 47 1.1466
14 48 1.1466
14 49 1.1466
14 50 1.1466
14 51 1.10659
14 52 1.09165
14 53 1.08021
14 54 1.07533
14 55 1.13481
14 56 1.13481
14 57 1.13481
14 58 1.13481
14 59 1.13481
14 60 1.10279
14 61 1.09004
14 62 1.07937
14 63 1.07432
14 64 1.11673
14 65 1.11673
14 66 1.11673
14 67 1.11673
14 68 1.11673
14 69 1.09516
14 70 1.08539
14 71 1.07675
14 72 1.07252
14 73 1.11133
14 74 1.11133
14 75 1.11133
14 76 1.11133
14 77 1.11133
14 78 1.09259
14 79 1.08433
14 80 1.07672
14 81 1.07333
14 82 1.11805
14 83 1.11805
14 84 1.11805
14 85 1.11805
14 86 1.11805
14 87 1.09599
14 88 1.086
14 89 1.07722
14 90 1.07359
14 91 1.11389
14 92 1.11389
14 93 1.11389
14 94 1.11389
14 95 1.11389
14 96 1.0939
14 97 1.08482
14 98 1.07653
14 99 1.0726
14 100 1.10475
14 101 1.10475
14 102 1.10475
14 103 1.10475
14 104 1.10475
14 105 1.08892
14 106 1.08132
14 107 1.07437
14 108 1.07093
14 109 1.0972
14 110 1.0972
14 111 1.0972
14 112 1.0972
14 113 1.0972
14 114 1.08495
14 115 1.07884
14 116 1.07329
14 117 1.07064
14 118 1.10039
14 119 1.10039
14 120 1.10039
14 121 1.10039
14 122 1.10039
14 123 1.08707
14 124 1.07991
14 125 1.07347
14 126 1.07081
14 127 1.09838
14 128 1.09838
14 129 1.09838
14 130 1.09838
14 131 1.09838
14 132 1.08541
14 133 1.07887
14 134 1.07279
14 135 1.06989
14 136 1.09332
14 137 1.09332
14 138 1.09332
14 139 1.09332
14 140 1.09332
14 141 1.08199
14 142 1.07633
14 143 1.07103
14 144 1.06838
15 1 1.10671
15 2 1.10671
15 3 1.10671
15 4 1.10671
15 5 1.10671
15 6 1.42574
15 7 1.3496
15 8 1.23658
15 9 1.17854
15 10 1.11733
15 11 1.11733
15 12 1.11733
15 13 1.11733
15 14 1.11733
15 15 6.88796
15 16 2.11841
15 17 1.3796
15 18 1.20335
15 19 1.10973
15 20 1.10973
15 21 1.10973
15 22 1.10973
15 23 1.10973
15 24 1.66996
15 25 1.47446
15 26 1.2762
15 27 1.18679
15 28 1.0985
15 29 1.0985
15 30 1.0985
15 31 1.0985
15 32 1.0985
15 33 1.23839
15 34 1.22822
15 35 1.1849
15 36 1.15835
15 37 1.10174
15 38 1.10174
15 39 1.10174
15 40 1.10174
15 41 1.10174
15 42 1.23256
15 43 1.22262
15 44 1.18587
15 45 1.1632
15 46 1.10731
15 47 1.10731
15 48 1.10731
15 49 1.10731
15 50 1.10731
15 51 1.41266
15 52 1.34027
15 53 1.23007
15 54 1.17884
15 55 1.103
15 56 1.103
15 57 1.103
15 58 1.103
15 59 1.103
15 60 1.29683
15 61 1.27234
15 62 1.20611
15 63 1.16819
15 64 1.09498
15 65 1.09498
15 66 1.09498
15 67 1.09498
15 68 1.09498
15 69 1.18085
15 70 1.18202
15 71 1.16157
15 72 1.14756
15 73 1.09376
15 74 1.09376
15 75 1.09376
15 76 1.09376
15 77 1.09376
15 78 1.14853
15 79 1.15288
15 80 1.14648
15 81 1.14127
15 82 1.09677
15 83 1.09677
15 84 1.09677
15 85 1.09677
15 86 1.09677
15 87 1.17176
15 88 1.17785
15 89 1.1604
15 90 1.14967
15 91 1.09409
15 92 1.09409
15 93 1.09409
15 94 1.09409
15 95 1.09409
15 96 1.16258
15 97 1.16701
15 98 1.15358
15 99 1.14386
15 100 1.08882
15 101 1.08882
15 102 1.08882
15 103 1.08882
15 104 1.08882
15 105 1.13329
15 106 1.13911
15 107 1.13503
15 108 1.13106
15 109 1.08549
15 110 1.08549
15 111 1.08549
15 112 1.08549
15 113 1.08549
15 114 1.11382
15 115 1.11815
15 116 1.12084
15 117 1.12067
15 118 1.08721
15 119 1.08721
15 120 1.08721
15 121 1.08721
15 122 1.08721
15 123 1.11775
15 124 1.12433
15 125 1.12566
15 126 1.1251
15 127 1.08547
15 128 1.08547
15 129 1.08547
15 130 1.08547
15 131 1.08547
15 132 1.11529
15 133 1.12137
15 134 1.12253
15 135 1.12192
15 136 1.08196
15 137 1.08196
15 138 1.08196
15 139 1.08196
15 140 1.08196
15 141 1.10558
15 142 1.11162
15 143 1.11387
15 144 1.11425
16 1 1.09182
16 2 1.09182
16 3 1.09182
16 4 1.09182
16 5 1.09182
16 6 1.34899
16 7 1.44681
16 8 1.33292
16 9 1.24873
16 10 1.09612
16 11 1.09612
16 12 1.09612
16 13 1.09612
16 14 1.09612
16 15 2.11841
16 16 6.85567
16 17 1.95771
16 18 1.31276
16 19 1.09292
16 20 1.09292
16 21 1.09292
16 22 1.09292
16 23 1.09292
16 24 1.47263
16 25 1.68454
16 26 1.42307
16 27 1.26744
16 28 1.08688
16 29 1.08688
16 30 1.08688
16 31 1.08688
16 32 1.08688
16 33 1.22774
16 34 1.26396
16 35 1.23688
16 36 1.21059
16 37 1.08971
16 38 1.08971
16 39 1.08971
16 40 1.08971
16 41 1.08971
16 42 1.22169
16 43 1.25708
16 44 1.23929
16 45 1.21748
16 46 1.09245
16 47 1.09245
16 48 1.09245
16 49 1.09245
16 50 1.09245
16 51 1.3366
16 52 1.43655
16 53 1.32421
16 54 1.249
16 55 1.08992
16 56 1.08992
16 57 1.08992
16 58 1.08992
16 59 1.08992
16 60 1.26993
16 61 1.32274
16 62 1.27271
16 63 1.22828
16 64 1.08504
16 65 1.08504
16 66 1.08504
16 67 1.08504
16 68 1.08504
16 69 1.18173
16 70 1.20675
16 71 1.20116
16 72 1.19147
16 73 1.08496
16 74 1.08496
16 75 1.08496
16 76 1.08496
16 77 1.08496
16 78 1.15244
16 79 1.17248
16 80 1.17958
16 81 1.17937
16 82 1.08669
16 83 1.08669
16 84 1.08669
16 85 1.08669
16 86 1.08669
16 87 1.17098
16 88 1.20329
16 89 1.20141
16 90 1.19432
16 91 1.08473
16 92 1.08473
16 93 1.08473
16 94 1.08473
16 95 1.08473
16 96 1.16489
16 97 1.18926
16 98 1.19015
16 99 1.18511
16 100 1.08108
16 101 1.08108
16 102 1.08108
16 103 1.08108
16 104 1.08108
16 105 1.13904
16 106 1.157
16 107 1.16373
16 108 1.16459
16 109 1.07924
16 110 1.07924
16 111 1.07924
16 112 1.07924
16 113 1.07924
16 114 1.11985
16 115 1.13228
16 116 1.14367
16 117 1.14718
16 118 1.08035
16 119 1.08035
16 120 1.08035
16 121 1.08035
16 122 1.08035
16 123 1.12257
16 124 1.13968
16 125 1.15111
16 126 1.15459
16 127 1.07888
16 128 1.07888
16 129 1.07888
16 130 1.07888
16 131 1.07888
16 132 1.12096
16 133 1.1363
16 134 1.14663
16 135 1.15022
16 136 1.07619
16 137 1.07619
16 138 1.07619
16 139 1.07619
16 140 1.07619
16 141 1.11167
16 142 1.12519
16 143 1.13484
16 144 1.13893
17 1 1.08018
17 2 1.08018
17 3 1.08018
17 4 1.08018
17 5 1.08018
17 6 1.23505
17 7 1.33038
17 8 1.39228
17 9 1.3332
17 10 1.08175
17 11 1.08175
17 12 1.08175
17 13 1.08175
17 14 1.08175
17 15 1.3796
17 16 1.95771
17 17 5.87812
17 18 1.54081
17 19 1.08024
17 20 1.08024
17 21 1.08024
17 22 1.08024
17 23 1.08024
17 24 1.2731
17 25 1.41706
17 26 1.53906
17 27 1.37378
17 28 1.07719
17 29 1.07719
17 30 1.07719
17 31 1.07719
17 32 1.07719
17 33 1.18389
17 34 1.23508
17 35 1.26621
17 36 1.26594
17 37 1.07977
17 38 1.07977
17 39 1.07977
17 40 1.07977
17 41 1.07977
17 42 1.18311
17 43 1.23526
17 44 1.27338
17 45 1.27545
17 46 1.08084
17 47 1.08084
17 48 1.08084
17 49 1.08084
17 50 1.08084
17 51 1.22853
17 52 1.32774
17 53 1.38661
17 54 1.333
17 55 1.07935
17 56 1.07935
17 57 1.07935
17 58 1.07935
17 59 1.07935
17 60 1.20376
17 61 1.27055
17 62 1.30911
17 63 1.29533
17 64 1.07657
17 65 1.07657
17 66 1.07657
17 67 1.07657
17 68 1.07657
17 69 1.16111
17 70 1.20019
17 71 1.22782
17 72 1.2361
17 73 1.07731
17 74 1.07731
17 75 1.07731
17 76 1.07731
17 77 1.07731
17 78 1.14454
17 79 1.17686
17 80 1.20555
17 81 1.2167
17 82 1.0781
17 83 1.0781
17 84 1.0781
17 85 1.0781
17 86 1.0781
17 87 1.15341
17 88 1.19954
17 89 1.23147
17 90 1.23983
17 91 1.07669
17 92 1.07669
17 93 1.07669
17 94 1.07669
17 95 1.07669
17 96 1.15095
17 97 1.18817
17 98 1.21686
17 99 1.22665
17 100 1.07429
17 101 1.07429
17 102 1.07429
17 103 1.07429
17 104 1.07429
17 105 1.1348
17 106 1.16306
17 107 1.1867
17 108 1.19727
17 109 1.07364
17 110 1.07364
17 111 1.07364
17 112 1.07364
17 113 1.07364
17 114 1.12102
17 115 1.14138
17 116 1.1633
17 117 1.17209
17 118 1.07424
17 119 1.07424
17 120 1.07424
17 121 1.07424
17 122 1.07424
17 123 1.12161
17 124 1.14826
17 125 1.17287
17 126 1.18278
17 127 1.07302
17 128 1.07302
17 129 1.07302
17 130 1.07302
17 131 1.07302
17 132 1.12099
17 133 1.14483
17 134 1.1672
17 135 1.17733
17 136 1.07102
17 137 1.07102
17 138 1.07102
17 139 1.07102
17 140 1.07102
17 141 1.11377
17 142 1.13435
17 143 1.15314
17 144 1.16233
18 1 1.0748
18 2 1.0748
18 3 1.0748
18 4 1.0748
18 5 1.0748
18 6 1.17784
18 7 1.24677
18 8 1.33183
18 9 1.38271
18 10 1.07545
18 11 1.07545
18 12 1.07545
18 13 1.07545
18 14 1.07545
18 15 1.20335
18 16 1.31276
18 17 1.54081
18 18 2.13854
18 19 1.07455
18 20 1.07455
18 21 1.07455
18 22 1.07455
18 23 1.07455
18 24 1.18739
18 25 1.26715
18 26 1.37544
18 27 1.4515
18 28 1.07271
18 29 1.07271
18 30 1.07271
18 31 1.07271
18 32 1.07271
18 33 1.15893
18 34 1.2103
18 35 1.26655
18 36 1.29753
18 37 1.07501
18 38 1.07501
18 39 1.07501
18 40 1.07501
18 41 1.07501
18 42 1.15874
18 43 1.21017
18 44 1.27007
18 45 1.30303
18 46 1.07546
18 47 1.07546
18 48 1.07546
18 49 1.07546
18 50 1.07546
18 51 1.17416
18 52 1.24697
18 53 1.33048
18 54 1.38002
18 55 1.07442
18 56 1.07442
18 57 1.07442
18 58 1.07442
18 59 1.07442
18 60 1.16687
18 61 1.22637
18 62 1.29444
18 63 1.33201
18 64 1.07256
18 65 1.07256
18 66 1.07256
18 67 1.07256
18 68 1.07256
18 69 1.14763
18 70 1.19057
18 71 1.23561
18 72 1.25953
18 73 1.07351
18 74 1.07351
18 75 1.07351
18 76 1.07351
18 77 1.07351
18 78 1.13731
18 79 1.17369
18 80 1.21327
18 81 1.23301
18 82 1.07393
18 83 1.07393
18 84 1.07393
18 85 1.07393
18 86 1.07393
18 87 1.14096
18 88 1.18933
18 89 1.23729
18 90 1.26093
18 91 1.0728
18 92 1.0728
18 93 1.0728
18 94 1.0728
18 95 1.0728
18 96 1.1407
18 97 1.18156
18 98 1.22465
18 99 1.24678
18 100 1.07101
18 101 1.07101
18 102 1.07101
18 103 1.07101
18 104 1.07101
18 105 1.13068
18 106 1.16327
18 107 1.19628
18 108 1.21339
18 109 1.07076
18 110 1.07076
18 111 1.07076
18 112 1.07076
18 113 1.07076
18 114 1.11981
18 115 1.14364
18 116 1.17084
18 117 1.18269
18 118 1.07116
18 119 1.07116
18 120 1.07116
18 121 1.07116
18 122 1.07116
18 123 1.11931
18 124 1.14995
18 125 1.1813
18 126 1.19526
18 127 1.0701
18 128 1.0701
18 129 1.0701
18 130 1.0701
18 131 1.0701
18 132 1.1194
18 133 1.14698
18 134 1.1757
18 135 1.18981
18 136 1.06846
18 137 1.06846
18 138 1.06846
18 139 1.06846
18 140 1.06846
18 141 1.11378
18 142 1.13766
18 143 1.16131
18 144 1.17343
19 1 1.11785
19 2 1.11785
19 3 1.11785
19 4 1.11785
19 5 1.11785
19 6 1.0951
19 7 1.08504
19 8 1.07647
19 9 1.07228
19 10 1.16137
19 11 1.16137
19 12 1.16137
19 13 1.16137
19 14 1.16137
19 15 1.10973
19 16 1.09292
19 17 1.08024
19 18 1.07455
19 19 1.30399
19 20 1.30399
19 21 1.30399
19 22 1.30399
19 23 1.30399
19 24 1.1174
19 25 1.09632
19 26 1.08171
19 27 1.07511
19 28 1.16177
19 29 1.16177
19 30 1.16177
19 31 1.16177
19 32 1.16177
19 33 1.11032
19 34 1.09363
19 35 1.08066
19 36 1.07458
19 37 1.11116
19 38 1.11116
19 39 1.11116
19 40 1.11116
19 41 1.11116
19 42 1.09184
19 43 1.08336
19 44 1.07594
19 45 1.07241
19 46 1.13475
19 47 1.13475
19 48 1.13475
19 49 1.13475
19 50 1.13475
19 51 1.10234
19 52 1.08926
19 53 1.07884
19 54 1.07441
19 55 1.14679
19 56 1.14679
19 57 1.14679
19 58 1.14679
19 59 1.14679
19 60 1.10648
19 61 1.09197
19 62 1.08023
19 63 1.07478
19 64 1.13527
19 65 1.13527
19 66 1.13527
19 67 1.13527
19 68 1.13527
19 69 1.1032
19 70 1.09026
19 71 1.07942
19 72 1.07421
19 73 1.10119
19 74 1.10119
19 75 1.10119
19 76 1.10119
19 77 1.10119
19 78 1.08677
19 79 1.08002
19 80 1.07385
19 81 1.07106
19 82 1.11378
19 83 1.11378
19 84 1.11378
19 85 1.11378
19 86 1.11378
19 87 1.09338
19 88 1.08422
19 89 1.07604
19 90 1.07272
19 91 1.11827
19 92 1.11827
19 93 1.11827
19 94 1.11827
19 95 1.11827
19 96 1.0956
19 97 1.08589
19 98 1.07707
19 99 1.07295
19 100 1.11437
19 101 1.11437
19 102 1.11437
19 103 1.11437
19 104 1.11437
19 105 1.09397
19 106 1.08472
19 107 1.07646
19 108 1.0724
19 109 1.09109
19 110 1.09109
19 111 1.09109
19 112 1.09109
19 113 1.09109
19 114 1.08098
19 115 1.07565
19 116 1.07093
19 117 1.06864
19 118 1.09828
19 119 1.09828
19 120 1.09828
19 121 1.09828
19 122 1.09828
19 123 1.08525
19 124 1.07856
19 125 1.07247
19 126 1.07002
19 127 1.10056
19 128 1.10056
19 129 1.10056
19 130 1.10056
19 131 1.10056
19 132 1.08621
19 133 1.07944
19 134 1.07311
19 135 1.07014
19 136 1.09883
19 137 1.09883
19 138 1.09883
19 139 1.09883
19 140 1.09883
19 141 1.0852
19 142 1.07866
19 143 1.07263
19 144 1.06962
20 1 1.11785
20 2 1.11785
20 3 1.11785
20 4 1.11785
20 5 1.11785
20 6 1.0951
20 7 1.08504
20 8 1.07647
20 9 1.07228
20 10 1.16137
20 11 1.16137
20 12 1.16137
20 13 1.16137
20 14 1.16137
20 15 1.10973
20 16 1.09292
20 17 1.08024
20 18 1.07455
20 19 1.30399
20 20 1.30399
20 21 1.30399
20 22 1.30399
20 23 1.30399
20 24 1.1174
20 25 1.09632
20 26 1.08171
20 27 1.07511
20 28 1.16177
20 29 1.16177
20 30 1.16177
20 31 1.16177
20 32 1.16177
20 33 1.11032
20 34 1.09363
20 35 1.08066
20 36 1.07458
20 37 1.11116
20 38 1.11116
20 39 1.11116
20 40 1.11116
20 41 1.11116
20 42 1.09184
20 43 1.08336
20 44 1.07594
20 45 1.07241
20 46 1.13475
20 47 1.13475
20 48 1.13475
20 49 1.13475
20 50 1.13475
20 51 1.10234
20 52 1.08926
20 53 1.07884
20 54 1.07441
20 55 1.14679
20 56 1.14679
20 57 1.14679
20 58 1.14679
20 59 1.14679
20 60 1.10648
20 61 1.09197
20 62 1.08023
20 63 1.07478
20 64 1.13527
20 65 1.13527
20 66 1.13527
20 67 1.13527
20 68 1.13527
20 69 1.1032
20 70 1.09026
20 71 1.07942
20 72 1.07421
20 73 1.10119
20 74 1.10119
20 75 1.10119
20 76 1.10119
20 77 1.10119
20 78 1.08677
20 79 1.08002
20 80 1.07385
20 81 1.07106
20 82 1.11378
20 83 1.11378
20 84 1.11378
20 85 1.11378
20 86 1.11378
20 87 1.09338
20 88 1.08422
20 89 1.07604
20 90 1.07272
20 91 1.11827
20 92 1.11827
20 93 1.11827
20 94 1.11827
20 95 1.11827
20 96 1.0956
20 97 1.08589
20 98 1.07707
20 99 1.07295
20 100 1.11437
20 101 1.11437
20 102 1.11437
20 103 1.11437
20 104 1.11437
20 105 1.09397
20 106 1.08472
20 107 1.07646
20 108 1.0724
20 109 1.09109
20 110 1.09109
20 111 1.09109
20 112 1.09109
20 113 1.09109
20 114 1.08098
20 115 1.07565
20 116 1.07093
20 117 1.06864
20 118 1.09828
20 119 1.09828
20 120 1.09828
20 121 1.09828
20 122 1.09828
20 123 1.08525
20 124 1.07856
20 125 1.07247
20 126 1.07002
20 127 1.10056
20 128 1.10056
20 129 1.10056
20 130 1.10056
20 131 1.10056
20 132 1.08621
20 133 1.07944
20 134 1.07311
20 135 1.07014
20 136 1.09883
20 137 1.09883
20 138 1.09883
20 139 1.09883
20 140 1.09883
20 141 1.0852
20 142 1.07866
20 143 1.07263
20 144 1.06962
21 1 1.11785
21 2 1.11785
21 3 1.11785
21 4 1.11785
21 5 1.11785
21 6 1.0951
21 7 1.08504
21 8 1.07647
21 9 1.07228
21 10 1.16137
21 11 1.16137
21 12 1.16137
21 13 1.16137
21 14 1.16137
21 15 1.10973
21 16 1.09292
21 17 1.08024
21 18 1.07455
21 19 1.30399
21 20 1.30399
21 21 1.30399
21 22 1.30399
21 23 1.30399
21 24 1.1174
21 25 1.09632
21 26 1.08171
21 27 1.07511
21 28 1.16177
21 29 1.16177
21 30 1.16177
21 31 1.16177
21 32 1.16177
21 33 1.11032
21 34 1.09363
21 35 1.08066
21 36 1.07458
21 37 1.11116
21 38 1.11116
21 39 1.11116
21 40 1.11116
21 41 1.11116
21 42 1.09184
