injected_el measured_el potential
1 1 1.30438
1 2 1.30438
1 3 1.30438
1 4 1.30438
1 5 1.30438
1 6 1.1161
1 7 1.0978
1 8 1.08463
1 9 1.07811
1 10 1.1456
1 11 1.1456
1 12 1.1456
1 13 1.1456
1 14 1.1456
1 15 1.10173
1 16 1.09557
1 17 1.08576
1 18 1.07821
1 19 1.11704
1 20 1.11704
1 21 1.11704
1 22 1.11704
1 23 1.11704
1 24 1.09816
1 25 1.09356
1 26 1.08384
1 27 1.07624
1 28 1.09998
1 29 1.09998
1 30 1.09998
1 31 1.09998
1 32 1.09998
1 33 1.08966
1 34 1.0836
1 35 1.0762
1 36 1.0721
1 37 1.14748
1 38 1.14748
1 39 1.14748
1 40 1.14748
1 41 1.14748
1 42 1.10719
1 43 1.09368
1 44 1.08274
1 45 1.07727
1 46 1.12858
1 47 1.12858
1 48 1.12858
1 49 1.12858
1 50 1.12858
1 51 1.09917
1 52 1.09213
1 53 1.08329
1 54 1.07682
1 55 1.11089
1 56 1.11089
1 57 1.11089
1 58 1.11089
1 59 1.11089
1 60 1.09509
1 61 1.08996
1 62 1.08074
1 63 1.07474
1 64 1.09707
1 65 1.09707
1 66 1.09707
1 67 1.09707
1 68 1.09707
1 69 1.08645
1 70 1.081
1 71 1.07477
1 72 1.07137
1 73 1.11921
1 74 1.11921
1 75 1.11921
1 76 1.11921
1 77 1.11921
1 78 1.09699
1 79 1.0875
1 80 1.07908
1 81 1.07483
1 82 1.11143
1 83 1.11143
1 84 1.11143
1 85 1.11143
1 86 1.11143
1 87 1.09303
1 88 1.08626
1 89 1.07864
1 90 1.07401
1 91 1.10123
1 92 1.10123
1 93 1.10123
1 94 1.10123
1 95 1.10123
1 96 1.08832
1 97 1.08315
1 98 1.07615
1 99 1.07212
1 100 1.09133
1 101 1.09133
1 102 1.09133
1 103 1.09133
1 104 1.09133
1 105 1.08183
1 106 1.07703
1 107 1.072
1 108 1.06933
1 109 1.10162
1 110 1.10162
1 111 1.10162
1 112 1.10162
1 113 1.10162
1 114 1.08748
1 115 1.08076
1 116 1.07455
1 117 1.07143
1 118 1.0974
1 119 1.0974
1 120 1.0974
1 121 1.0974
1 122 1.0974
1 123 1.08498
1 124 1.07929
1 125 1.0735
1 126 1.07044
1 127 1.09124
1 128 1.09124
1 129 1.09124
1 130 1.09124
1 131 1.09124
1 132 1.08122
1 133 1.07649
1 134 1.07143
1 135 1.06877
1 136 1.08439
1 137 1.08439
1 138 1.08439
1 139 1.08439
1 140 1.08439
1 141 1.07648
1 142 1.07247
1 143 1.06851
1 144 1.06646
2 1 1.30438
2 2 1.30438
2 3 1.30438
2 4 1.30438
2 5 1.30438
2 6 1.1161
2 7 1.0978
2 8 1.08463
2 9 1.07811
2 10 1.1456
2 11 1.1456
2 12 1.1456
2 13 1.1456
2 14 1.1456
2 15 1.10173
2 16 1.09557
2 17 1.08576
2 18 1.07821
2 19 1.11704
2 20 1.11704
2 21 1.11704
2 22 1.11704
2 23 1.11704
2 24 1.09816
2 25 1.09356
2 26 1.08384
2 27 1.07624
2 28 1.09998
2 29 1.09998
2 30 1.09998
2 31 1.09998
2 32 1.09998
2 33 1.08966
2 34 1.0836
2 35 1.0762
2 36 1.0721
2 37 1.14748
2 38 1.14748
2 39 1.14748
2 40 1.14748
2 41 1.14748
2 42 1.10719
2 43 1.09368
2 44 1.08274
2 45 1.07727
2 46 1.12858
2 47 1.12858
2 48 1.12858
2 49 1.12858
2 50 1.12858
2 51 1.09917
2 52 1.09213
2 53 1.08329
2 54 1.07682
2 55 1.11089
2 56 1.11089
2 57 1.11089
2 58 1.11089
2 59 1.11089
2 60 1.09509
2 61 1.08996
2 62 1.08074
2 63 1.07474
2 64 1.09707
2 65 1.09707
2 66 1.09707
2 67 1.09707
2 68 1.09707
2 69 1.08645
2 70 1.081
2 71 1.07477
2 72 1.07137
2 73 1.11921
2 74 1.11921
2 75 1.11921
2 76 1.11921
2 77 1.11921
2 78 1.09699
2 79 1.0875
2 80 1.07908
2 81 1.07483
2 82 1.11143
2 83 1.11143
2 84 1.11143
2 85 1.11143
2 86 1.11143
2 87 1.09303
2 88 1.08626
2 89 1.07864
2 90 1.07401
2 91 1.10123
2 92 1.10123
2 93 1.10123
2 94 1.10123
2 95 1.10123
2 96 1.08832
2 97 1.08315
2 98 1.07615
2 99 1.07212
2 100 1.09133
2 101 1.09133
2 102 1.09133
2 103 1.09133
2 104 1.09133
2 105 1.08183
2 106 1.07703
2 107 1.072
2 108 1.06933
2 109 1.10162
2 110 1.10162
2 111 1.10162
2 112 1.10162
2 113 1.10162
2 114 1.08748
2 115 1.08076
2 116 1.07455
2 117 1.07143
2 118 1.0974
2 119 1.0974
2 120 1.0974
2 121 1.0974
2 122 1.0974
2 123 1.08498
2 124 1.07929
2 125 1.0735
2 126 1.07044
2 127 1.09124
2 128 1.09124
2 129 1.09124
2 130 1.09124
2 131 1.09124
2 132 1.08122
2 133 1.07649
2 134 1.07143
2 135 1.06877
2 136 1.08439
2 137 1.08439
2 138 1.08439
2 139 1.08439
2 140 1.08439
2 141 1.07648
2 142 1.07247
2 143 1.06851
2 144 1.06646
3 1 1.30438
3 2 1.30438
3 3 1.30438
3 4 1.30438
3 5 1.30438
3 6 1.1161
3 7 1.0978
3 8 1.08463
3 9 1.07811
3 10 1.1456
3 11 1.1456
3 12 1.1456
3 13 1.1456
3 14 1.1456
3 15 1.10173
3 16 1.09557
3 17 1.08576
3 18 1.07821
3 19 1.11704
3 20 1.11704
3 21 1.11704
3 22 1.11704
3 23 1.11704
3 24 1.09816
3 25 1.09356
3 26 1.08384
3 27 1.07624
3 28 1.09998
3 29 1.09998
3 30 1.09998
3 31 1.09998
3 32 1.09998
3 33 1.08966
3 34 1.0836
3 35 1.0762
3 36 1.0721
3 37 1.14748
3 38 1.14748
3 39 1.14748
3 40 1.14748
3 41 1.14748
3 42 1.10719
3 43 1.09368
3 44 1.08274
3 45 1.07727
3 46 1.12858
3 47 1.12858
3 48 1.12858
3 49 1.12858
3 50 1.12858
3 51 1.09917
3 52 1.09213
3 53 1.08329
3 54 1.07682
3 55 1.11089
3 56 1.11089
3 57 1.11089
3 58 1.11089
3 59 1.11089
3 60 1.09509
3 61 1.08996
3 62 1.08074
3 63 1.07474
3 64 1.09707
3 65 1.09707
3 66 1.09707
3 67 1.09707
3 68 1.09707
3 69 1.08645
3 70 1.081
3 71 1.07477
3 72 1.07137
3 73 1.11921
3 74 1.11921
3 75 1.11921
3 76 1.11921
3 77 1.11921
3 78 1.09699
3 79 1.0875
3 80 1.07908
3 81 1.07483
3 82 1.11143
3 83 1.11143
3 84 1.11143
3 85 1.11143
3 86 1.11143
3 87 1.09303
3 88 1.08626
3 89 1.07864
3 90 1.07401
3 91 1.10123
3 92 1.10123
3 93 1.10123
3 94 1.10123
3 95 1.10123
3 96 1.08832
3 97 1.08315
3 98 1.07615
3 99 1.07212
3 100 1.09133
3 101 1.09133
3 102 1.09133
3 103 1.09133
3 104 1.09133
3 105 1.08183
3 106 1.07703
3 107 1.072
3 108 1.06933
3 109 1.10162
3 110 1.10162
3 111 1.10162
3 112 1.10162
3 113 1.10162
3 114 1.08748
3 115 1.08076
3 116 1.07455
3 117 1.07143
3 118 1.0974
3 119 1.0974
3 120 1.0974
3 121 1.0974
3 122 1.0974
3 123 1.08498
3 124 1.07929
3 125 1.0735
3 126 1.07044
3 127 1.09124
3 128 1.09124
3 129 1.09124
3 130 1.09124
3 131 1.09124
3 132 1.08122
3 133 1.07649
3 134 1.07143
3 135 1.06877
3 136 1.08439
3 137 1.08439
3 138 1.08439
3 139 1.08439
3 140 1.08439
3 141 1.07648
3 142 1.07247
3 143 1.06851
3 144 1.06646
4 1 1.30438
4 2 1.30438
4 3 1.30438
4 4 1.30438
4 5 1.30438
4 6 1.1161
4 7 1.0978
4 8 1.08463
4 9 1.07811
4 10 1.1456
4 11 1.1456
4 12 1.1456
4 13 1.1456
4 14 1.1456
4 15 1.10173
4 16 1.09557
4 17 1.08576
4 18 1.07821
4 19 1.11704
4 20 1.11704
4 21 1.11704
4 22 1.11704
4 23 1.11704
4 24 1.09816
4 25 1.09356
4 26 1.08384
4 27 1.07624
4 28 1.09998
4 29 1.09998
4 30 1.09998
4 31 1.09998
4 32 1.09998
4 33 1.08966
4 34 1.0836
4 35 1.0762
4 36 1.0721
4 37 1.14748
4 38 1.14748
4 39 1.14748
4 40 1.14748
4 41 1.14748
4 42 1.10719
4 43 1.09368
4 44 1.08274
4 45 1.07727
4 46 1.12858
4 47 1.12858
4 48 1.12858
4 49 1.12858
4 50 1.12858
4 51 1.09917
4 52 1.09213
4 53 1.08329
4 54 1.07682
4 55 1.11089
4 56 1.11089
4 57 1.11089
4 58 1.11089
4 59 1.11089
4 60 1.09509
4 61 1.08996
4 62 1.08074
4 63 1.07474
4 64 1.09707
4 65 1.09707
4 66 1.09707
4 67 1.09707
4 68 1.09707
4 69 1.08645
4 70 1.081
4 71 1.07477
4 72 1.07137
4 73 1.11921
4 74 1.11921
4 75 1.11921
4 76 1.11921
4 77 1.11921
4 78 1.09699
4 79 1.0875
4 80 1.07908
4 81 1.07483
4 82 1.11143
4 83 1.11143
4 84 1.11143
4 85 1.11143
4 86 1.11143
4 87 1.09303
4 88 1.08626
4 89 1.07864
4 90 1.07401
4 91 1.10123
4 92 1.10123
4 93 1.10123
4 94 1.10123
4 95 1.10123
4 96 1.08832
4 97 1.08315
4 98 1.07615
4 99 1.07212
4 100 1.09133
4 101 1.09133
4 102 1.09133
4 103 1.09133
4 104 1.09133
4 105 1.08183
4 106 1.07703
4 107 1.072
4 108 1.06933
4 109 1.10162
4 110 1.10162
4 111 1.10162
4 112 1.10162
4 113 1.10162
4 114 1.08748
4 115 1.08076
4 116 1.07455
4 117 1.07143
4 118 1.0974
4 119 1.0974
4 120 1.0974
4 121 1.0974
4 122 1.0974
4 123 1.08498
4 124 1.07929
4 125 1.0735
4 126 1.07044
4 127 1.09124
4 128 1.09124
4 129 1.09124
4 130 1.09124
4 131 1.09124
4 132 1.08122
4 133 1.07649
4 134 1.07143
4 135 1.06877
4 136 1.08439
4 137 1.08439
4 138 1.08439
4 139 1.08439
4 140 1.08439
4 141 1.07648
4 142 1.07247
4 143 1.06851
4 144 1.06646
5 1 1.30438
5 2 1.30438
5 3 1.30438
5 4 1.30438
5 5 1.30438
5 6 1.1161
5 7 1.0978
5 8 1.08463
5 9 1.07811
5 10 1.1456
5 11 1.1456
5 12 1.1456
5 13 1.1456
5 14 1.1456
5 15 1.10173
5 16 1.09557
5 17 1.08576
5 18 1.07821
5 19 1.11704
5 20 1.11704
5 21 1.11704
5 22 1.11704
5 23 1.11704
5 24 1.09816
5 25 1.09356
5 26 1.08384
5 27 1.07624
5 28 1.09998
5 29 1.09998
5 30 1.09998
5 31 1.09998
5 32 1.09998
5 33 1.08966
5 34 1.0836
5 35 1.0762
5 36 1.0721
5 37 1.14748
5 38 1.14748
5 39 1.14748
5 40 1.14748
5 41 1.14748
5 42 1.10719
5 43 1.09368
5 44 1.08274
5 45 1.07727
5 46 1.12858
5 47 1.12858
5 48 1.12858
5 49 1.12858
5 50 1.12858
5 51 1.09917
5 52 1.09213
5 53 1.08329
5 54 1.07682
5 55 1.11089
5 56 1.11089
5 57 1.11089
5 58 1.11089
5 59 1.11089
5 60 1.09509
5 61 1.08996
5 62 1.08074
5 63 1.07474
5 64 1.09707
5 65 1.09707
5 66 1.09707
5 67 1.09707
5 68 1.09707
5 69 1.08645
5 70 1.081
5 71 1.07477
5 72 1.07137
5 73 1.11921
5 74 1.11921
5 75 1.11921
5 76 1.11921
5 77 1.11921
5 78 1.09699
5 79 1.0875
5 80 1.07908
5 81 1.07483
5 82 1.11143
5 83 1.11143
5 84 1.11143
5 85 1.11143
5 86 1.11143
5 87 1.09303
5 88 1.08626
5 89 1.07864
5 90 1.07401
5 91 1.10123
5 92 1.10123
5 93 1.10123
5 94 1.10123
5 95 1.10123
5 96 1.08832
5 97 1.08315
5 98 1.07615
5 99 1.07212
5 100 1.09133
5 101 1.09133
5 102 1.09133
5 103 1.09133
5 104 1.09133
5 105 1.08183
5 106 1.07703
5 107 1.072
5 108 1.06933
5 109 1.10162
5 110 1.10162
5 111 1.10162
5 112 1.10162
5 113 1.10162
5 114 1.08748
5 115 1.08076
5 116 1.07455
5 117 1.07143
5 118 1.0974
5 119 1.0974
5 120 1.0974
5 121 1.0974
5 122 1.0974
5 123 1.08498
5 124 1.07929
5 125 1.0735
5 126 1.07044
5 127 1.09124
5 128 1.09124
5 129 1.09124
5 130 1.09124
5 131 1.09124
5 132 1.08122
5 133 1.07649
5 134 1.07143
5 135 1.06877
5 136 1.08439
5 137 1.08439
5 138 1.08439
5 139 1.08439
5 140 1.08439
5 141 1.07648
5 142 1.07247
5 143 1.06851
5 144 1.06646
6 1 1.1161
6 2 1.1161
6 3 1.1161
6 4 1.1161
6 5 1.1161
6 6 6.46353
6 7 1.99688
6 8 1.35627
6 9 1.1961
6 10 1.10886
6 11 1.10886
6 12 1.10886
6 13 1.10886
6 14 1.10886
6 15 1.31308
6 16 1.28915
6 17 1.23042
6 18 1.18189
6 19 1.1
6 20 1.1
6 21 1.1
6 22 1.1
6 23 1.1
6 24 1.22273
6 25 1.22659
6 26 1.19206
6 27 1.16074
6 28 1.08938
6 29 1.08938
6 30 1.08938
6 31 1.08938
6 32 1.08938
6 33 1.15528
6 34 1.15796
6 35 1.14448
6 36 1.13501
6 37 1.10611
6 38 1.10611
6 39 1.10611
6 40 1.10611
6 41 1.10611
6 42 1.39544
6 43 1.3252
6 44 1.2264
6 45 1.17449
6 46 1.10184
6 47 1.10184
6 48 1.10184
6 49 1.10184
6 50 1.10184
6 51 1.23806
6 52 1.23359
6 53 1.19695
6 54 1.16574
6 55 1.09501
6 56 1.09501
6 57 1.09501
6 58 1.09501
6 59 1.09501
6 60 1.19132
6 61 1.19881
6 62 1.16889
6 63 1.14867
6 64 1.08699
6 65 1.08699
6 66 1.08699
6 67 1.08699
6 68 1.08699
6 69 1.13351
6 70 1.14037
6 71 1.13402
6 72 1.12864
6 73 1.09572
6 74 1.09572
6 75 1.09572
6 76 1.09572
6 77 1.09572
6 78 1.18253
6 79 1.18339
6 80 1.16285
6 81 1.14869
6 82 1.09314
6 83 1.09314
6 84 1.09314
6 85 1.09314
6 86 1.09314
6 87 1.16277
6 88 1.17231
6 89 1.15596
6 90 1.14373
6 91 1.08836
6 92 1.08836
6 93 1.08836
6 94 1.08836
6 95 1.08836
6 96 1.14011
6 97 1.15109
6 98 1.13979
6 99 1.1322
6 100 1.08251
6 101 1.08251
6 102 1.08251
6 103 1.08251
6 104 1.08251
6 105 1.11247
6 106 1.1196
6 107 1.11927
6 108 1.11779
6 109 1.0864
6 110 1.0864
6 111 1.0864
6 112 1.0864
6 113 1.0864
6 114 1.12253
6 115 1.12917
6 116 1.12794
6 117 1.12579
6 118 1.08466
6 119 1.08466
6 120 1.08466
6 121 1.08466
6 122 1.08466
6 123 1.11802
6 124 1.12609
6 125 1.12474
6 126 1.12273
6 127 1.08136
6 128 1.08136
6 129 1.08136
6 130 1.08136
6 131 1.08136
6 132 1.10815
6 133 1.11586
6 134 1.11608
6 135 1.11527
6 136 1.07713
6 137 1.07713
6 138 1.07713
6 139 1.07713
6 140 1.07713
6 141 1.09586
6 142 1.10188
6 143 1.10466
6 144 1.10546
7 1 1.0978
7 2 1.0978
7 3 1.0978
7 4 1.0978
7 5 1.0978
7 6 1.99688
7 7 6.43421
7 8 1.90973
7 9 1.28912
7 10 1.09684
7 11 1.09684
7 12 1.09684
7 13 1.09684
7 14 1.09684
7 15 1.29281
7 16 1.33698
7 17 1.29254
7 18 1.23729
7 19 1.09202
7 20 1.09202
7 21 1.09202
7 22 1.09202
7 23 1.09202
7 24 1.22909
7 25 1.24612
7 26 1.22255
7 27 1.19609
7 28 1.08382
7 29 1.08382
7 30 1.08382
7 31 1.08382
7 32 1.08382
7 33 1.16201
7 34 1.17205
7 35 1.16543
7 36 1.15939
7 37 1.09348
7 38 1.09348
7 39 1.09348
7 40 1.09348
7 41 1.09348
7 42 1.32637
7 43 1.41228
7 44 1.31
7 45 1.2336
7 46 1.09212
7 47 1.09212
7 48 1.09212
7 49 1.09212
7 50 1.09212
7 51 1.24048
7 52 1.264
7 53 1.23937
7 54 1.21014
7 55 1.08799
7 56 1.08799
7 57 1.08799
7 58 1.08799
7 59 1.08799
7 60 1.20049
7 61 1.21862
7 62 1.19609
7 63 1.18018
7 64 1.08192
7 65 1.08192
7 66 1.08192
7 67 1.08192
7 68 1.08192
7 69 1.14048
7 70 1.15397
7 71 1.15356
7 72 1.15119
7 73 1.08712
7 74 1.08712
7 75 1.08712
7 76 1.08712
7 77 1.08712
7 78 1.18274
7 79 1.20688
7 80 1.19853
7 81 1.18714
7 82 1.08588
7 83 1.08588
7 84 1.08588
7 85 1.08588
7 86 1.08588
7 87 1.17031
7 88 1.19249
7 89 1.18445
7 90 1.17624
7 91 1.08266
7 92 1.08266
7 93 1.08266
7 94 1.08266
7 95 1.08266
7 96 1.14836
7 97 1.16724
7 98 1.16184
7 99 1.15767
7 100 1.07819
7 101 1.07819
7 102 1.07819
7 103 1.07819
7 104 1.07819
7 105 1.11869
7 106 1.13135
7 107 1.13604
7 108 1.13712
7 109 1.08044
7 110 1.08044
7 111 1.08044
7 112 1.08044
7 113 1.08044
7 114 1.12838
7 115 1.14383
7 116 1.15044
7 117 1.15192
7 118 1.07937
7 119 1.07937
7 120 1.07937
7 121 1.07937
7 122 1.07937
7 123 1.12469
7 124 1.13998
7 125 1.14497
7 126 1.14617
7 127 1.07695
7 128 1.07695
7 129 1.07695
7 130 1.07695
7 131 1.07695
7 132 1.11442
7 133 1.12783
7 134 1.13309
7 135 1.13491
7 136 1.07362
7 137 1.07362
7 138 1.07362
7 139 1.07362
7 140 1.07362
7 141 1.10095
7 142 1.11139
7 143 1.1183
7 144 1.12119
8 1 1.08463
8 2 1.08463
8 3 1.08463
8 4 1.08463
8 5 1.08463
8 6 1.35627
8 7 1.90973
8 8 6.22324
8 9 1.52431
8 10 1.08487
8 11 1.08487
8 12 1.08487
8 13 1.08487
8 14 1.08487
8 15 1.21934
8 16 1.25798
8 17 1.32619
8 18 1.31311
8 19 1.08211
8 20 1.08211
8 21 1.08211
8 22 1.08211
8 23 1.08211
8 24 1.19113
8 25 1.212
8 26 1.22758
8 27 1.23062
8 28 1.07638
8 29 1.07638
8 30 1.07638
8 31 1.07638
8 32 1.07638
8 33 1.14664
8 34 1.1645
8 35 1.17567
8 36 1.18064
8 37 1.08274
8 38 1.08274
8 39 1.08274
8 40 1.08274
8 41 1.08274
8 42 1.22892
8 43 1.31484
8 44 1.3776
8 45 1.32076
8 46 1.08211
8 47 1.08211
8 48 1.08211
8 49 1.08211
8 50 1.08211
8 51 1.19771
8 52 1.22859
8 53 1.25801
8 54 1.26361
8 55 1.07949
8 56 1.07949
8 57 1.07949
8 58 1.07949
8 59 1.07949
8 60 1.17476
8 61 1.19773
8 62 1.2058
8 63 1.21129
8 64 1.07519
8 65 1.07519
8 66 1.07519
8 67 1.07519
8 68 1.07519
8 69 1.13227
8 70 1.15211
8 71 1.16509
8 72 1.17107
8 73 1.07904
8 74 1.07904
8 75 1.07904
8 76 1.07904
8 77 1.07904
8 78 1.16387
8 79 1.20194
8 80 1.22836
8 81 1.23495
8 82 1.0781
8 83 1.0781
8 84 1.0781
8 85 1.0781
8 86 1.0781
8 87 1.15681
8 88 1.18655
8 89 1.2036
8 90 1.21208
8 91 1.07582
8 92 1.07582
8 93 1.07582
8 94 1.07582
8 95 1.07582
8 96 1.14034
8 97 1.16484
8 98 1.17584
8 99 1.18255
8 100 1.0725
8 101 1.0725
8 102 1.0725
8 103 1.0725
8 104 1.0725
8 105 1.11644
8 106 1.13453
8 107 1.14805
8 108 1.15445
8 109 1.07454
8 110 1.07454
8 111 1.07454
8 112 1.07454
8 113 1.07454
8 114 1.12799
8 115 1.15243
8 116 1.17269
8 117 1.18203
8 118 1.07354
8 119 1.07354
8 120 1.07354
8 121 1.07354
8 122 1.07354
8 123 1.12393
8 124 1.14621
8 125 1.16277
8 126 1.17099
8 127 1.07165
8 128 1.07165
8 129 1.07165
8 130 1.07165
8 131 1.07165
8 132 1.11441
8 133 1.13337
8 134 1.14715
8 135 1.1541
8 136 1.06902
8 137 1.06902
8 138 1.06902
8 139 1.06902
8 140 1.06902
8 141 1.1019
8 142 1.11683
8 143 1.12944
8 144 1.13557
9 1 1.07811
9 2 1.07811
9 3 1.07811
9 4 1.07811
9 5 1.07811
9 6 1.1961
9 7 1.28912
9 8 1.52431
9 9 2.13292
9 10 1.07857
9 11 1.07857
9 12 1.07857
9 13 1.07857
9 14 1.07857
9 15 1.17761
9 16 1.20573
9 17 1.28562
9 18 1.36629
9 19 1.0767
9 20 1.0767
9 21 1.0767
9 22 1.0767
9 23 1.0767
9 24 1.16663
9 25 1.18789
9 26 1.22555
9 27 1.2514
9 28 1.07228
9 29 1.07228
9 30 1.07228
9 31 1.07228
9 32 1.07228
9 33 1.13637
9 34 1.15848
9 35 1.18068
9 36 1.19299
9 37 1.07719
9 38 1.07719
9 39 1.07719
9 40 1.07719
9 41 1.07719
9 42 1.1758
9 43 1.23781
9 44 1.32282
9 45 1.37853
9 46 1.07677
9 47 1.07677
9 48 1.07677
9 49 1.07677
9 50 1.07677
9 51 1.16994
9 52 1.20016
9 53 1.25439
9 54 1.29682
9 55 1.07484
9 56 1.07484
9 57 1.07484
9 58 1.07484
9 59 1.07484
9 60 1.15723
9 61 1.18166
9 62 1.20877
9 63 1.22974
9 64 1.07147
9 65 1.07147
9 66 1.07147
9 67 1.07147
9 68 1.07147
9 69 1.12644
9 70 1.14975
9 71 1.1711
9 72 1.18258
9 73 1.07473
9 74 1.07473
9 75 1.07473
9 76 1.07473
9 77 1.07473
9 78 1.14999
9 79 1.19192
9 80 1.23746
9 81 1.26274
9 82 1.07389
9 83 1.07389
9 84 1.07389
9 85 1.07389
9 86 1.07389
9 87 1.14652
9 88 1.17898
9 89 1.21152
9 90 1.233
9 91 1.07206
9 92 1.07206
9 93 1.07206
9 94 1.07206
9 95 1.07206
9 96 1.1341
9 97 1.16125
9 98 1.18278
9 99 1.19692
9 100 1.06937
9 101 1.06937
9 102 1.06937
9 103 1.06937
9 104 1.06937
9 105 1.11446
9 106 1.13558
9 107 1.15456
9 108 1.16437
9 109 1.07133
9 110 1.07133
9 111 1.07133
9 112 1.07133
9 113 1.07133
9 114 1.12631
9 115 1.15533
9 116 1.18401
9 117 1.19896
9 118 1.07035
9 119 1.07035
9 120 1.07035
9 121 1.07035
9 122 1.07035
9 123 1.12237
9 124 1.14833
9 125 1.17211
9 126 1.18506
9 127 1.06873
9 128 1.06873
9 129 1.06873
9 130 1.06873
9 131 1.06873
9 132 1.11369
9 133 1.13568
9 134 1.15475
9 135 1.16499
9 136 1.06649
9 137 1.06649
9 138 1.06649
9 139 1.06649
9 140 1.06649
9 141 1.10211
9 142 1.11956
9 143 1.13559
9 144 1.14371
10 1 1.1456
10 2 1.1456
10 3 1.1456
10 4 1.1456
10 5 1.1456
10 6 1.10886
10 7 1.09684
10 8 1.08487
10 9 1.07857
10 10 1.30144
10 11 1.30144
10 12 1.30144
10 13 1.30144
10 14 1.30144
10 15 1.1162
10 16 1.10658
10 17 1.09262
10 18 1.08195
10 19 1.15925
10 20 1.15925
10 21 1.15925
10 22 1.15925
10 23 1.15925
10 24 1.11416
10 25 1.10606
10 26 1.09203
10 27 1.08141
10 28 1.12451
10 29 1.12451
10 30 1.12451
10 31 1.12451
10 32 1.12451
10 33 1.10404
10 34 1.09433
10 35 1.08347
10 36 1.07758
10 37 1.12836
10 38 1.12836
10 39 1.12836
10 40 1.12836
10 41 1.12836
10 42 1.10272
10 43 1.0926
10 44 1.08275
10 45 1.07756
10 46 1.14563
10 47 1.14563
10 48 1.14563
10 49 1.14563
10 50 1.14563
10 51 1.10903
10 52 1.10028
10 53 1.08842
10 54 1.07992
10 55 1.13377
10 56 1.13377
10 57 1.13377
10 58 1.13377
10 59 1.13377
10 60 1.10776
10 61 1.09988
10 62 1.08732
10 63 1.07918
10 64 1.116
10 65 1.116
10 66 1.116
10 67 1.116
10 68 1.116
10 69 1.0984
10 70 1.09009
10 71 1.08119
10 72 1.07642
10 73 1.11118
10 74 1.11118
10 75 1.11118
10 76 1.11118
10 77 1.11118
10 78 1.09411
10 79 1.08637
10 80 1.0788
10 81 1.07487
10 82 1.11776
10 83 1.11776
10 84 1.11776
10 85 1.11776
10 86 1.11776
10 87 1.09819
10 88 1.09105
10 89 1.08192
10 90 1.07638
10 91 1.11345
10 92 1.11345
10 93 1.11345
10 94 1.11345
10 95 1.11345
10 96 1.09658
10 97 1.08981
10 98 1.08091
10 99 1.07575
10 100 1.10432
10 101 1.10432
10 102 1.10432
10 103 1.10432
10 104 1.10432
10 105 1.09078
10 106 1.08411
10 107 1.07731
10 108 1.07372
10 109 1.0972
10 110 1.0972
10 111 1.0972
10 112 1.0972
10 113 1.0972
10 114 1.0854
10 115 1.07962
10 116 1.07408
10 117 1.07124
10 118 1.10036
10 119 1.10036
10 120 1.10036
10 121 1.10036
10 122 1.10036
10 123 1.08768
10 124 1.08181
10 125 1.07551
10 126 1.07216
10 127 1.09822
10 128 1.09822
10 129 1.09822
10 130 1.09822
10 131 1.09822
10 132 1.08643
10 133 1.08085
10 134 1.07483
10 135 1.07165
10 136 1.09311
10 137 1.09311
10 138 1.09311
10 139 1.09311
10 140 1.09311
10 141 1.08292
10 142 1.07779
10 143 1.07275
10 144 1.07015
11 1 1.1456
11 2 1.1456
11 3 1.1456
11 4 1.1456
11 5 1.1456
11 6 1.10886
11 7 1.09684
11 8 1.08487
11 9 1.07857
11 10 1.30144
11 11 1.30144
11 12 1.30144
11 13 1.30144
11 14 1.30144
11 15 1.1162
11 16 1.10658
11 17 1.09262
11 18 1.08195
11 19 1.15925
11 20 1.15925
11 21 1.15925
11 22 1.15925
11 23 1.15925
11 24 1.11416
11 25 1.10606
11 26 1.09203
11 27 1.08141
11 28 1.12451
11 29 1.12451
11 30 1.12451
11 31 1.12451
11 32 1.12451
11 33 1.10404
11 34 1.09433
11 35 1.08347
11 36 1.07758
11 37 1.12836
11 38 1.12836
11 39 1.12836
11 40 1.12836
11 41 1.12836
11 42 1.10272
11 43 1.0926
11 44 1.08275
11 45 1.07756
11 46 1.14563
11 47 1.14563
11 48 1.14563
11 49 1.14563
11 50 1.14563
11 51 1.10903
11 52 1.10028
11 53 1.08842
11 54 1.07992
11 55 1.13377
11 56 1.13377
11 57 1.13377
11 58 1.13377
11 59 1.13377
11 60 1.10776
11 61 1.09988
11 62 1.08732
11 63 1.07918
11 64 1.116
11 65 1.116
11 66 1.116
11 67 1.116
11 68 1.116
11 69 1.0984
11 70 1.09009
11 71 1.08119
11 72 1.07642
11 73 1.11118
11 74 1.11118
11 75 1.11118
11 76 1.11118
11 77 1.11118
11 78 1.09411
11 79 1.08637
11 80 1.0788
11 81 1.07487
11 82 1.11776
11 83 1.11776
11 84 1.11776
11 85 1.11776
11 86 1.11776
11 87 1.09819
11 88 1.09105
11 89 1.08192
11 90 1.07638
11 91 1.11345
11 92 1.11345
11 93 1.11345
11 94 1.11345
11 95 1.11345
11 96 1.09658
11 97 1.08981
11 98 1.08091
11 99 1.07575
11 100 1.10432
11 101 1.10432
11 102 1.10432
11 103 1.10432
11 104 1.10432
11 105 1.09078
11 106 1.08411
11 107 1.07731
11 108 1.07372
11 109 1.0972
11 110 1.0972
11 111 1.0972
11 112 1.0972
11 113 1.0972
11 114 1.0854
11 115 1.07962
11 116 1.07408
11 117 1.07124
11 118 1.10036
11 119 1.10036
11 120 1.10036
11 121 1.10036
11 122 1.10036
11 123 1.08768
11 124 1.08181
11 125 1.07551
11 126 1.07216
11 127 1.09822
11 128 1.09822
11 129 1.09822
11 130 1.09822
11 131 1.09822
11 132 1.08643
11 133 1.08085
11 134 1.07483
11 135 1.07165
11 136 1.09311
11 137 1.09311
11 138 1.09311
11 139 1.09311
11 140 1.09311
11 141 1.08292
11 142 1.07779
11 143 1.07275
11 144 1.07015
12 1 1.1456
12 2 1.1456
12 3 1.1456
12 4 1.1456
12 5 1.1456
12 6 1.10886
12 7 1.09684
12 8 1.08487
12 9 1.07857
12 10 1.30144
12 11 1.30144
12 12 1.30144
12 13 1.30144
12 14 1.30144
12 15 1.1162
12 16 1.10658
12 17 1.09262
12 18 1.08195
12 19 1.15925
12 20 1.15925
12 21 1.15925
12 22 1.15925
12 23 1.15925
12 24 1.11416
12 25 1.10606
12 26 1.09203
12 27 1.08141
12 28 1.12451
12 29 1.12451
12 30 1.12451
12 31 1.12451
12 32 1.12451
12 33 1.10404
12 34 1.09433
12 35 1.08347
12 36 1.07758
12 37 1.12836
12 38 1.12836
12 39 1.12836
12 40 1.12836
12 41 1.12836
12 42 1.10272
12 43 1.0926
12 44 1.08275
12 45 1.07756
12 46 1.14563
12 47 1.14563
12 48 1.14563
12 49 1.14563
12 50 1.14563
12 51 1.10903
12 52 1.10028
12 53 1.08842
12 54 1.07992
12 55 1.13377
12 56 1.13377
12 57 1.13377
12 58 1.13377
12 59 1.13377
12 60 1.10776
12 61 1.09988
12 62 1.08732
12 63 1.07918
12 64 1.116
12 65 1.116
12 66 1.116
12 67 1.116
12 68 1.116
12 69 1.0984
12 70 1.09009
12 71 1.08119
12 72 1.07642
12 73 1.11118
12 74 1.11118
12 75 1.11118
12 76 1.11118
12 77 1.11118
12 78 1.09411
12 79 1.08637
12 80 1.0788
12 81 1.07487
12 82 1.11776
12 83 1.11776
12 84 1.11776
12 85 1.11776
12 86 1.11776
12 87 1.09819
12 88 1.09105
12 89 1.08192
12 90 1.07638
12 91 1.11345
12 92 1.11345
12 93 1.11345
12 94 1.11345
12 95 1.11345
12 96 1.09658
12 97 1.08981
12 98 1.08091
12 99 1.07575
12 100 1.10432
12 101 1.10432
12 102 1.10432
12 103 1.10432
12 104 1.10432
12 105 1.09078
12 106 1.08411
12 107 1.07731
12 108 1.07372
12 109 1.0972
12 110 1.0972
12 111 1.0972
12 112 1.0972
12 113 1.0972
12 114 1.0854
12 115 1.07962
12 116 1.07408
12 117 1.07124
12 118 1.10036
12 119 1.10036
12 120 1.10036
12 121 1.10036
12 122 1.10036
12 123 1.08768
12 124 1.08181
12 125 1.07551
12 126 1.07216
12 127 1.09822
12 128 1.09822
12 129 1.09822
12 130 1.09822
12 131 1.09822
12 132 1.08643
12 133 1.08085
12 134 1.07483
12 135 1.07165
12 136 1.09311
12 137 1.09311
12 138 1.09311
12 139 1.09311
12 140 1.09311
12 141 1.08292
12 142 1.07779
12 143 1.07275
12 144 1.07015
13 1 1.1456
13 2 1.1456
13 3 1.1456
13 4 1.1456
13 5 1.1456
13 6 1.10886
13 7 1.09684
13 8 1.08487
13 9 1.07857
13 10 1.30144
13 11 1.30144
13 12 1.30144
13 13 1.30144
13 14 1.30144
13 15 1.1162
13 16 1.10658
13 17 1.09262
13 18 1.08195
13 19 1.15925
13 20 1.15925
13 21 1.15925
13 22 1.15925
13 23 1.15925
13 24 1.11416
13 25 1.10606
13 26 1.09203
13 27 1.08141
13 28 1.12451
13 29 1.12451
13 30 1.12451
13 31 1.12451
13 32 1.12451
13 33 1.10404
13 34 1.09433
13 35 1.08347
13 36 1.07758
13 37 1.12836
13 38 1.12836
13 39 1.12836
13 40 1.12836
13 41 1.12836
13 42 1.10272
13 43 1.0926
13 44 1.08275
13 45 1.07756
13 46 1.14563
13 47 1.14563
13 48 1.14563
13 49 1.14563
13 50 1.14563
13 51 1.10903
13 52 1.10028
13 53 1.08842
13 54 1.07992
13 55 1.13377
13 56 1.13377
13 57 1.13377
13 58 1.13377
13 59 1.13377
13 60 1.10776
13 61 1.09988
13 62 1.08732
13 63 1.07918
13 64 1.116
13 65 1.116
13 66 1.116
13 67 1.116
13 68 1.116
13 69 1.0984
13 70 1.09009
13 71 1.08119
13 72 1.07642
13 73 1.11118
13 74 1.11118
13 75 1.11118
13 76 1.11118
13 77 1.11118
13 78 1.09411
13 79 1.08637
13 80 1.0788
13 81 1.07487
13 82 1.11776
13 83 1.11776
13 84 1.11776
13 85 1.11776
13 86 1.11776
13 87 1.09819
13 88 1.09105
13 89 1.08192
13 90 1.07638
13 91 1.11345
13 92 1.11345
13 93 1.11345
13 94 1.11345
13 95 1.11345
13 96 1.09658
13 97 1.08981
13 98 1.08091
13 99 1.07575
13 100 1.10432
13 101 1.10432
13 102 1.10432
13 103 1.10432
13 104 1.10432
13 105 1.09078
13 106 1.08411
13 107 1.07731
13 108 1.07372
13 109 1.0972
13 110 1.0972
13 111 1.0972
13 112 1.0972
13 113 1.0972
13 114 1.0854
13 115 1.07962
13 116 1.07408
13 117 1.07124
13 118 1.10036
13 119 1.10036
13 120 1.10036
13 121 1.10036
13 122 1.10036
13 123 1.08768
13 124 1.08181
13 125 1.07551
13 126 1.07216
13 127 1.09822
13 128 1.09822
13 129 1.09822
13 130 1.09822
13 131 1.09822
13 132 1.08643
13 133 1.08085
13 134 1.07483
13 135 1.07165
13 136 1.09311
13 137 1.09311
13 138 1.09311
13 139 1.09311
13 140 1.09311
13 141 1.08292
13 142 1.07779
13 143 1.07275
13 144 1.07015
14 1 1.1456
14 2 1.1456
14 3 1.1456
14 4 1.1456
14 5 1.1456
14 6 1.10886
14 7 1.09684
14 8 1.08487
14 9 1.07857
14 10 1.30144
14 11 1.30144
14 12 1.30144
14 13 1.30144
14 14 1.30144
14 15 1.1162
14 16 1.10658
14 17 1.09262
14 18 1.08195
14 19 1.15925
14 20 1.15925
14 21 1.15925
14 22 1.15925
14 23 1.15925
14 24 1.11416
14 25 1.10606
14 26 1.09203
14 27 1.08141
14 28 1.12451
14 29 1.12451
14 30 1.12451
14 31 1.12451
14 32 1.12451
14 33 1.10404
14 34 1.09433
14 35 1.08347
14 36 1.07758
14 37 1.12836
14 38 1.12836
14 39 1.12836
14 40 1.12836
14 41 1.12836
14 42 1.10272
14 43 1.0926
14 44 1.08275
14 45 1.07756
14 46 1.14563
14 47 1.14563
14 48 1.14563
14 49 1.14563
14 50 1.14563
14 51 1.10903
14 52 1.10028
14 53 1.08842
14 54 1.07992
14 55 1.13377
14 56 1.13377
14 57 1.13377
14 58 1.13377
14 59 1.13377
14 60 1.10776
14 61 1.09988
14 62 1.08732
14 63 1.07918
14 64 1.116
14 65 1.116
14 66 1.116
14 67 1.116
14 68 1.116
14 69 1.0984
14 70 1.09009
14 71 1.08119
14 72 1.07642
14 73 1.11118
14 74 1.11118
14 75 1.11118
14 76 1.11118
14 77 1.11118
14 78 1.09411
14 79 1.08637
14 80 1.0788
14 81 1.07487
14 82 1.11776
14 83 1.11776
14 84 1.11776
14 85 1.11776
14 86 1.11776
14 87 1.09819
14 88 1.09105
14 89 1.08192
14 90 1.07638
14 91 1.11345
14 92 1.11345
14 93 1.11345
14 94 1.11345
14 95 1.11345
14 96 1.09658
14 97 1.08981
14 98 1.08091
14 99 1.07575
14 100 1.10432
14 101 1.10432
14 102 1.10432
14 103 1.10432
14 104 1.10432
14 105 1.09078
14 106 1.08411
14 107 1.07731
14 108 1.07372
14 109 1.0972
14 110 1.0972
14 111 1.0972
14 112 1.0972
14 113 1.0972
14 114 1.0854
14 115 1.07962
14 116 1.07408
14 117 1.07124
14 118 1.10036
14 119 1.10036
14 120 1.10036
14 121 1.10036
14 122 1.10036
14 123 1.08768
14 124 1.08181
14 125 1.07551
14 126 1.07216
14 127 1.09822
14 128 1.09822
14 129 1.09822
14 130 1.09822
14 131 1.09822
14 132 1.08643
14 133 1.08085
14 134 1.07483
14 135 1.07165
14 136 1.09311
14 137 1.09311
14 138 1.09311
14 139 1.09311
14 140 1.09311
14 141 1.08292
14 142 1.07779
14 143 1.07275
14 144 1.07015
15 1 1.10173
15 2 1.10173
15 3 1.10173
15 4 1.10173
15 5 1.10173
15 6 1.31308
15 7 1.29281
15 8 1.21934
15 9 1.17761
15 10 1.1162
15 11 1.1162
15 12 1.1162
15 13 1.1162
15 14 1.1162
15 15 2.35647
15 16 1.55347
15 17 1.3363
15 18 1.21571
15 19 1.11427
15 20 1.11427
15 21 1.11427
15 22 1.11427
15 23 1.11427
15 24 1.4629
15 25 1.42713
15 26 1.30484
15 27 1.21042
15 28 1.10147
15 29 1.10147
15 30 1.10147
15 31 1.10147
15 32 1.10147
15 33 1.26456
15 34 1.25677
15 35 1.20725
15 36 1.17563
15 37 1.09705
15 38 1.09705
15 39 1.09705
15 40 1.09705
15 41 1.09705
15 42 1.21224
15 43 1.21848
15 44 1.18645
15 45 1.16436
15 46 1.10521
15 47 1.10521
15 48 1.10521
15 49 1.10521
15 50 1.10521
15 51 1.35819
15 52 1.34078
15 53 1.25305
15 54 1.18947
15 55 1.10412
15 56 1.10412
15 57 1.10412
15 58 1.10412
15 59 1.10412
15 60 1.32357
15 61 1.32283
15 62 1.23921
15 63 1.18448
15 64 1.09677
15 65 1.09677
15 66 1.09677
15 67 1.09677
15 68 1.09677
15 69 1.19886
15 70 1.20539
15 71 1.18025
15 72 1.16219
15 73 1.09005
15 74 1.09005
15 75 1.09005
15 76 1.09005
15 77 1.09005
15 78 1.14998
15 79 1.16012
15 80 1.15177
15 81 1.14429
15 82 1.09472
15 83 1.09472
15 84 1.09472
15 85 1.09472
15 86 1.09472
15 87 1.19812
15 88 1.21474
15 89 1.18193
15 90 1.15919
15 91 1.09399
15 92 1.09399
15 93 1.09399
15 94 1.09399
15 95 1.09399
15 96 1.18971
15 97 1.20464
15 98 1.17559
15 99 1.15632
15 100 1.08974
15 101 1.08974
15 102 1.08974
15 103 1.08974
15 104 1.08974
15 105 1.14649
15 106 1.15597
15 107 1.14918
15 108 1.14275
15 109 1.08264
15 110 1.08264
15 111 1.08264
15 112 1.08264
15 113 1.08264
15 114 1.1145
15 115 1.12297
15 116 1.12459
15 117 1.12407
15 118 1.08542
15 119 1.08542
15 120 1.08542
15 121 1.08542
15 122 1.08542
15 123 1.12977
15 124 1.14068
15 125 1.13664
15 126 1.13253
15 127 1.08494
15 128 1.08494
15 129 1.08494
15 130 1.08494
15 131 1.08494
15 132 1.12703
15 133 1.13744
15 134 1.13436
15 135 1.13094
15 136 1.08234
15 137 1.08234
15 138 1.08234
15 139 1.08234
15 140 1.08234
15 141 1.11329
15 142 1.12157
15 143 1.12339
15 144 1.12304
16 1 1.09557
16 2 1.09557
16 3 1.09557
16 4 1.09557
16 5 1.09557
16 6 1.28915
16 7 1.33698
16 8 1.25798
16 9 1.20573
16 10 1.10658
16 11 1.10658
16 12 1.10658
16 13 1.10658
16 14 1.10658
16 15 1.55347
16 16 2.32029
16 17 1.50012
16 18 1.2588
16 19 1.10605
16 20 1.10605
16 21 1.10605
16 22 1.10605
16 23 1.10605
16 24 1.41988
16 25 1.48799
16 26 1.35953
16 27 1.24485
16 28 1.096
16 29 1.096
16 30 1.096
16 31 1.096
16 32 1.096
16 33 1.25937
16 34 1.27234
16 35 1.22948
16 36 1.19807
16 37 1.09225
16 38 1.09225
16 39 1.09225
16 40 1.09225
16 41 1.09225
16 42 1.2144
16 43 1.24092
16 44 1.21163
16 45 1.18749
16 46 1.09903
16 47 1.09903
16 48 1.09903
16 49 1.09903
16 50 1.09903
16 51 1.34783
16 52 1.39256
16 53 1.29552
16 54 1.21905
16 55 1.09839
16 56 1.09839
16 57 1.09839
16 58 1.09839
16 59 1.09839
16 60 1.32179
16 61 1.35562
16 62 1.27022
16 63 1.21047
16 64 1.09235
16 65 1.09235
16 66 1.09235
16 67 1.09235
16 68 1.09235
16 69 1.20185
16 70 1.21903
16 71 1.19856
16 72 1.18149
16 73 1.08656
16 74 1.08656
16 75 1.08656
16 76 1.08656
16 77 1.08656
16 78 1.15564
16 79 1.17294
16 80 1.16811
16 81 1.16158
16 82 1.09062
16 83 1.09062
16 84 1.09062
16 85 1.09062
16 86 1.09062
16 87 1.20576
16 88 1.23484
16 89 1.20292
16 90 1.17936
16 91 1.09007
16 92 1.09007
16 93 1.09007
16 94 1.09007
16 95 1.09007
16 96 1.19644
16 97 1.22123
16 98 1.19404
16 99 1.17498
16 100 1.08643
16 101 1.08643
16 102 1.08643
16 103 1.08643
16 104 1.08643
16 105 1.15123
16 106 1.16617
16 107 1.16296
16 108 1.15793
16 109 1.08015
16 110 1.08015
16 111 1.08015
16 112 1.08015
16 113 1.08015
16 114 1.11904
16 115 1.1313
16 116 1.13589
16 117 1.13669
16 118 1.08263
16 119 1.08263
16 120 1.08263
16 121 1.08263
16 122 1.08263
16 123 1.13529
16 124 1.15086
16 125 1.14952
16 126 1.14654
16 127 1.08222
16 128 1.08222
16 129 1.08222
16 130 1.08222
16 131 1.08222
16 132 1.13212
16 133 1.14681
16 134 1.14646
16 135 1.14425
16 136 1.07993
16 137 1.07993
16 138 1.07993
16 139 1.07993
16 140 1.07993
16 141 1.11728
16 142 1.12893
16 143 1.13355
16 144 1.13452
17 1 1.08576
17 2 1.08576
17 3 1.08576
17 4 1.08576
17 5 1.08576
17 6 1.23042
17 7 1.29254
17 8 1.32619
17 9 1.28562
17 10 1.09262
17 11 1.09262
17 12 1.09262
17 13 1.09262
17 14 1.09262
17 15 1.3363
17 16 1.50012
17 17 4.61464
17 18 1.46676
17 19 1.09232
17 20 1.09232
17 21 1.09232
17 22 1.09232
17 23 1.09232
17 24 1.30268
17 25 1.36211
17 26 1.44439
17 27 1.33817
17 28 1.08571
17 29 1.08571
17 30 1.08571
17 31 1.08571
17 32 1.08571
17 33 1.21281
17 34 1.24316
17 35 1.25208
17 36 1.24531
17 37 1.08371
17 38 1.08371
17 39 1.08371
17 40 1.08371
17 41 1.08371
17 42 1.1882
17 43 1.22868
17 44 1.24557
17 45 1.24207
17 46 1.08798
17 47 1.08798
17 48 1.08798
17 49 1.08798
17 50 1.08798
17 51 1.26404
17 52 1.3105
17 53 1.33223
17 54 1.29113
17 55 1.08749
17 56 1.08749
17 57 1.08749
17 58 1.08749
17 59 1.08749
17 60 1.2502
17 61 1.28868
17 62 1.28452
17 63 1.26573
17 64 1.08338
17 65 1.08338
17 66 1.08338
17 67 1.08338
17 68 1.08338
17 69 1.17679
17 70 1.20555
17 71 1.21674
17 72 1.21799
17 73 1.07974
17 74 1.07974
17 75 1.07974
17 76 1.07974
17 77 1.07974
17 78 1.14868
17 79 1.17594
17 80 1.19158
17 81 1.19696
17 82 1.08235
17 83 1.08235
17 84 1.08235
17 85 1.08235
17 86 1.08235
17 87 1.18143
17 88 1.21634
17 89 1.22
17 90 1.21839
17 91 1.08185
17 92 1.08185
17 93 1.08185
17 94 1.08185
17 95 1.08185
17 96 1.17415
17 97 1.20536
17 98 1.20872
17 99 1.20883
17 100 1.07923
17 101 1.07923
17 102 1.07923
17 103 1.07923
17 104 1.07923
17 105 1.1425
17 106 1.16568
17 107 1.17913
17 108 1.18424
17 109 1.07494
17 110 1.07494
17 111 1.07494
17 112 1.07494
17 113 1.07494
17 114 1.11987
17 115 1.13911
17 116 1.1538
17 117 1.16047
17 118 1.07655
17 119 1.07655
17 120 1.07655
17 121 1.07655
17 122 1.07655
17 123 1.1316
17 124 1.15389
17 125 1.166
17 126 1.17129
17 127 1.07615
17 128 1.07615
17 129 1.07615
17 130 1.07615
17 131 1.07615
17 132 1.12847
17 133 1.14956
17 134 1.16148
17 135 1.16678
17 136 1.07438
17 137 1.07438
17 138 1.07438
17 139 1.07438
17 140 1.07438
17 141 1.1164
17 142 1.13402
17 143 1.14739
17 144 1.15349
18 1 1.07821
18 2 1.07821
18 3 1.07821
18 4 1.07821
18 5 1.07821
18 6 1.18189
18 7 1.23729
18 8 1.31311
18 9 1.36629
18 10 1.08195
18 11 1.08195
18 12 1.08195
18 13 1.08195
18 14 1.08195
18 15 1.21571
18 16 1.2588
18 17 1.46676
18 18 2.1001
18 19 1.08162
18 20 1.08162
18 21 1.08162
18 22 1.08162
18 23 1.08162
18 24 1.20941
18 25 1.24593
18 26 1.33945
18 27 1.41745
18 28 1.07749
18 29 1.07749
18 30 1.07749
18 31 1.07749
18 32 1.07749
18 33 1.17106
18 34 1.20871
18 35 1.2532
18 36 1.27941
18 37 1.07714
18 38 1.07714
18 39 1.07714
18 40 1.07714
18 41 1.07714
18 42 1.16485
18 43 1.21132
18 44 1.26337
18 45 1.29441
18 46 1.07945
18 47 1.07945
18 48 1.07945
18 49 1.07945
18 50 1.07945
18 51 1.19763
18 52 1.23576
18 53 1.30409
18 54 1.36259
18 55 1.07896
18 56 1.07896
18 57 1.07896
18 58 1.07896
18 59 1.07896
18 60 1.19103
18 61 1.22641
18 62 1.27533
18 63 1.31413
18 64 1.07625
18 65 1.07625
18 66 1.07625
18 67 1.07625
18 68 1.07625
18 69 1.15422
18 70 1.18999
18 71 1.22644
18 72 1.24683
18 73 1.0745
18 74 1.0745
18 75 1.0745
18 76 1.0745
18 77 1.0745
18 78 1.14227
18 79 1.17717
18 80 1.21133
18 81 1.22983
18 82 1.07592
18 83 1.07592
18 84 1.07592
18 85 1.07592
18 86 1.07592
18 87 1.16015
18 88 1.1977
18 89 1.23114
18 90 1.25406
18 91 1.0754
18 92 1.0754
18 93 1.0754
18 94 1.0754
18 95 1.0754
18 96 1.15454
18 97 1.18945
18 98 1.21871
18 99 1.23816
18 100 1.07351
18 101 1.07351
18 102 1.07351
18 103 1.07351
18 104 1.07351
18 105 1.13428
18 106 1.16364
18 107 1.19121
18 108 1.2057
18 109 1.07096
18 110 1.07096
18 111 1.07096
18 112 1.07096
18 113 1.07096
18 114 1.12073
18 115 1.14598
18 116 1.16991
18 117 1.18221
18 118 1.07184
18 119 1.07184
18 120 1.07184
18 121 1.07184
18 122 1.07184
18 123 1.12832
18 124 1.15609
18 125 1.18026
18 126 1.19343
18 127 1.07138
18 128 1.07138
18 129 1.07138
18 130 1.07138
18 131 1.07138
18 132 1.1251
18 133 1.15136
18 134 1.17404
18 135 1.18626
18 136 1.06999
18 137 1.06999
18 138 1.06999
18 139 1.06999
18 140 1.06999
18 141 1.11534
18 142 1.13778
18 143 1.15863
18 144 1.16925
19 1 1.11704
19 2 1.11704
19 3 1.11704
19 4 1.11704
19 5 1.11704
19 6 1.1
19 7 1.09202
19 8 1.08211
19 9 1.0767
19 10 1.15925
19 11 1.15925
19 12 1.15925
19 13 1.15925
19 14 1.15925
19 15 1.11427
19 16 1.10605
19 17 1.09232
19 18 1.08162
19 19 1.30098
19 20 1.30098
19 21 1.30098
19 22 1.30098
19 23 1.30098
19 24 1.11801
19 25 1.1079
19 26 1.0932
19 27 1.08229
19 28 1.16024
19 29 1.16024
19 30 1.16024
19 31 1.16024
19 32 1.16024
19 33 1.11317
19 34 1.09936
19 35 1.08634
19 36 1.07955
19 37 1.1107
19 38 1.1107
19 39 1.1107
19 40 1.1107
19 41 1.1107
19 42 1.09547
19 43 1.08833
19 44 1.0802
19 45 1.07575
19 46 1.13372
19 47 1.13372
19 48 1.13372
19 49 1.13372
19 50 1.13372
19 51 1.10747
19 52 1.0997
19 53 1.08797
19 54 1.07957
19 55 1.14549
19 56 1.14549
19 57 1.14549
19 58 1.14549
19 59 1.14549
19 60 1.11048
19 61 1.1013
19 62 1.08838
19 63 1.07998
19 64 1.13424
19 65 1.13424
19 66 1.13424
19 67 1.13424
19 68 1.13424
19 69 1.10563
19 70 1.09444
19 71 1.08381
19 72 1.07828
19 73 1.10101
19 74 1.10101
19 75 1.10101
19 76 1.10101
19 77 1.10101
19 78 1.08883
19 79 1.08288
19 80 1.07656
19 81 1.0732
19 82 1.11341
19 83 1.11341
19 84 1.11341
19 85 1.11341
19 86 1.11341
19 87 1.09669
19 88 1.09029
19 89 1.08143
19 90 1.07602
19 91 1.11769
19 92 1.11769
19 93 1.11769
19 94 1.11769
19 95 1.11769
19 96 1.09858
19 97 1.09102
19 98 1.0818
19 99 1.07646
19 100 1.11377
19 101 1.11377
19 102 1.11377
19 103 1.11377
19 104 1.11377
19 105 1.09577
19 106 1.08749
19 107 1.07952
19 108 1.0754
19 109 1.09105
19 110 1.09105
19 111 1.09105
19 112 1.09105
19 113 1.09105
19 114 1.08165
19 115 1.07689
19 116 1.07217
19 117 1.06973
19 118 1.09819
19 119 1.09819
19 120 1.09819
19 121 1.09819
19 122 1.09819
19 123 1.08656
19 124 1.08109
19 125 1.07505
19 126 1.07183
19 127 1.10032
19 128 1.10032
19 129 1.10032
19 130 1.10032
19 131 1.10032
19 132 1.08775
19 133 1.08182
19 134 1.07556
19 135 1.07225
19 136 1.0985
19 137 1.0985
19 138 1.0985
19 139 1.0985
19 140 1.0985
19 141 1.08632
19 142 1.08032
19 143 1.07457
19 144 1.07163
20 1 1.11704
20 2 1.11704
20 3 1.11704
20 4 1.11704
20 5 1.11704
20 6 1.1
20 7 1.09202
20 8 1.08211
20 9 1.0767
20 10 1.15925
20 11 1.15925
20 12 1.15925
20 13 1.15925
20 14 1.15925
20 15 1.11427
20 16 1.10605
20 17 1.09232
20 18 1.08162
20 19 1.30098
20 20 1.30098
20 21 1.30098
20 22 1.30098
20 23 1.30098
20 24 1.11801
20 25 1.1079
20 26 1.0932
20 27 1.08229
20 28 1.16024
20 29 1.16024
20 30 1.16024
20 31 1.16024
20 32 1.16024
20 33 1.11317
20 34 1.09936
20 35 1.08634
20 36 1.07955
20 37 1.1107
20 38 1.1107
20 39 1.1107
20 40 1.1107
20 41 1.1107
20 42 1.09547
20 43 1.08833
20 44 1.0802
20 45 1.07575
20 46 1.13372
20 47 1.13372
20 48 1.13372
20 49 1.13372
20 50 1.13372
20 51 1.10747
20 52 1.0997
20 53 1.08797
20 54 1.07957
20 55 1.14549
20 56 1.14549
20 57 1.14549
20 58 1.14549
20 59 1.14549
20 60 1.11048
20 61 1.1013
20 62 1.08838
20 63 1.07998
20 64 1.13424
20 65 1.13424
20 66 1.13424
20 67 1.13424
20 68 1.13424
20 69 1.10563
20 70 1.09444
20 71 1.08381
20 72 1.07828
20 73 1.10101
20 74 1.10101
20 75 1.10101
20 76 1.10101
20 77 1.10101
20 78 1.08883
20 79 1.08288
20 80 1.07656
20 81 1.0732
20 82 1.11341
20 83 1.11341
20 84 1.11341
20 85 1.11341
20 86 1.11341
20 87 1.09669
20 88 1.09029
20 89 1.08143
20 90 1.07602
20 91 1.11769
20 92 1.11769
20 93 1.11769
20 94 1.11769
20 95 1.11769
20 96 1.09858
20 97 1.09102
20 98 1.0818
20 99 1.07646
20 100 1.11377
20 101 1.11377
20 102 1.11377
20 103 1.11377
20 104 1.11377
20 105 1.09577
20 106 1.08749
20 107 1.07952
20 108 1.0754
20 109 1.09105
20 110 1.09105
20 111 1.09105
20 112 1.09105
20 113 1.09105
20 114 1.08165
20 115 1.07689
20 116 1.07217
20 117 1.06973
20 118 1.09819
20 119 1.09819
20 120 1.09819
20 121 1.09819
20 122 1.09819
20 123 1.08656
20 124 1.08109
20 125 1.07505
20 126 1.07183
20 127 1.10032
20 128 1.10032
20 129 1.10032
20 130 1.10032
20 131 1.10032
20 132 1.08775
20 133 1.08182
20 134 1.07556
20 135 1.07225
20 136 1.0985
20 137 1.0985
20 138 1.0985
20 139 1.0985
20 140 1.0985
20 141 1.08632
20 142 1.08032
20 143 1.07457
20 144 1.07163
21 1 1.11704
21 2 1.11704
21 3 1.11704
21 4 1.11704
21 5 1.11704
21 6 1.1
21 7 1.09202
21 8 1.08211
21 9 1.0767
21 10 1.15925
21 11 1.15925
21 12 1.15925
21 13 1.15925
21 14 1.15925
21 15 1.11427
21 16 1.10605
21 17 1.09232
21 18 1.08162
21 19 1.30098
21 20 1.30098
21 21 1.30098
21 22 1.30098
21 23 1.30098
21 24 1.11801
21 25 1.1079
21 26 1.0932
21 27 1.08229
21 28 1.16024
21 29 1.16024
21 30 1.16024
21 31 1.16024
21 32 1.16024
21 33 1.11317
21 34 1.09936
21 35 1.08634
21 36 1.07955
21 37 1.1107
21 38 1.1107
21 39 1.1107
21 40 1.1107
21 41 1.1107
21 42 1.09547
21 43 1.08833
21 44 1.0802
21 45 1.07575
21 46 1.13372
