injected_el measured_el potential
1 1 1.30481
1 2 1.30481
1 3 1.30481
1 4 1.30481
1 5 1.30481
1 6 1.11822
1 7 1.09723
1 8 1.08282
1 9 1.07636
1 10 1.14664
1 11 1.14664
1 12 1.14664
1 13 1.14664
1 14 1.14664
1 15 1.10664
1 16 1.09178
1 17 1.08002
1 18 1.07453
1 19 1.11792
1 20 1.11792
1 21 1.11792
1 22 1.11792
1 23 1.11792
1 24 1.09535
1 25 1.08522
1 26 1.07639
1 27 1.07206
1 28 1.10039
1 29 1.10039
1 30 1.10039
1 31 1.10039
1 32 1.10039
1 33 1.08582
1 34 1.07879
1 35 1.07235
1 36 1.06913
1 37 1.14755
1 38 1.14755
1 39 1.14755
1 40 1.14755
1 41 1.14755
1 42 1.10718
1 43 1.09308
1 44 1.08148
1 45 1.0763
1 46 1.12898
1 47 1.12898
1 48 1.12898
1 49 1.12898
1 50 1.12898
1 51 1.10107
1 52 1.08888
1 53 1.07896
1 54 1.07442
1 55 1.11131
1 56 1.11131
1 57 1.11131
1 58 1.11131
1 59 1.11131
1 60 1.09243
1 61 1.08364
1 62 1.07582
1 63 1.07197
1 64 1.09732
1 65 1.09732
1 66 1.09732
1 67 1.09732
1 68 1.09732
1 69 1.08432
1 70 1.07794
1 71 1.07204
1 72 1.0691
1 73 1.11905
1 74 1.11905
1 75 1.11905
1 76 1.11905
1 77 1.11905
1 78 1.09663
1 79 1.08716
1 80 1.07837
1 81 1.0746
1 82 1.11144
1 83 1.11144
1 84 1.11144
1 85 1.11144
1 86 1.11144
1 87 1.09316
1 88 1.08414
1 89 1.07629
1 90 1.0728
1 91 1.10135
1 92 1.10135
1 93 1.10135
1 94 1.10135
1 95 1.10135
1 96 1.08719
1 97 1.08015
1 98 1.07368
1 99 1.0705
1 100 1.09144
1 101 1.09144
1 102 1.09144
1 103 1.09144
1 104 1.09144
1 105 1.08077
1 106 1.07538
1 107 1.07035
1 108 1.06782
1 109 1.10139
1 110 1.10139
1 111 1.10139
1 112 1.10139
1 113 1.10139
1 114 1.08749
1 115 1.08086
1 116 1.07451
1 117 1.07177
1 118 1.09724
1 119 1.09724
1 120 1.09724
1 121 1.09724
1 122 1.09724
1 123 1.08544
1 124 1.07869
1 125 1.07273
1 126 1.07015
1 127 1.0912
1 128 1.0912
1 129 1.0912
1 130 1.0912
1 131 1.0912
1 132 1.08104
1 133 1.07559
1 134 1.07055
1 135 1.06808
1 136 1.08441
1 137 1.08441
1 138 1.08441
1 139 1.08441
1 140 1.08441
1 141 1.07609
1 142 1.07178
1 143 1.0677
1 144 1.06565
2 1 1.30481
2 2 1.30481
2 3 1.30481
2 4 1.30481
2 5 1.30481
2 6 1.11822
2 7 1.09723
2 8 1.08282
2 9 1.07636
2 10 1.14664
2 11 1.14664
2 12 1.14664
2 13 1.14664
2 14 1.14664
2 15 1.10664
2 16 1.09178
2 17 1.08002
2 18 1.07453
2 19 1.11792
2 20 1.11792
2 21 1.11792
2 22 1.11792
2 23 1.11792
2 24 1.09535
2 25 1.08522
2 26 1.07639
2 27 1.07206
2 28 1.10039
2 29 1.10039
2 30 1.10039
2 31 1.10039
2 32 1.10039
2 33 1.08582
2 34 1.07879
2 35 1.07235
2 36 1.06913
2 37 1.14755
2 38 1.14755
2 39 1.14755
2 40 1.14755
2 41 1.14755
2 42 1.10718
2 43 1.09308
2 44 1.08148
2 45 1.0763
2 46 1.12898
2 47 1.12898
2 48 1.12898
2 49 1.12898
2 50 1.12898
2 51 1.10107
2 52 1.08888
2 53 1.07896
2 54 1.07442
2 55 1.11131
2 56 1.11131
2 57 1.11131
2 58 1.11131
2 59 1.11131
2 60 1.09243
2 61 1.08364
2 62 1.07582
2 63 1.07197
2 64 1.09732
2 65 1.09732
2 66 1.09732
2 67 1.09732
2 68 1.09732
2 69 1.08432
2 70 1.07794
2 71 1.07204
2 72 1.0691
2 73 1.11905
2 74 1.11905
2 75 1.11905
2 76 1.11905
2 77 1.11905
2 78 1.09663
2 79 1.08716
2 80 1.07837
2 81 1.0746
2 82 1.11144
2 83 1.11144
2 84 1.11144
2 85 1.11144
2 86 1.11144
2 87 1.09316
2 88 1.08414
2 89 1.07629
2 90 1.0728
2 91 1.10135
2 92 1.10135
2 93 1.10135
2 94 1.10135
2 95 1.10135
2 96 1.08719
2 97 1.08015
2 98 1.07368
2 99 1.0705
2 100 1.09144
2 101 1.09144
2 102 1.09144
2 103 1.09144
2 104 1.09144
2 105 1.08077
2 106 1.07538
2 107 1.07035
2 108 1.06782
2 109 1.10139
2 110 1.10139
2 111 1.10139
2 112 1.10139
2 113 1.10139
2 114 1.08749
2 115 1.08086
2 116 1.07451
2 117 1.07177
2 118 1.09724
2 119 1.09724
2 120 1.09724
2 121 1.09724
2 122 1.09724
2 123 1.08544
2 124 1.07869
2 125 1.07273
2 126 1.07015
2 127 1.0912
2 128 1.0912
2 129 1.0912
2 130 1.0912
2 131 1.0912
2 132 1.08104
2 133 1.07559
2 134 1.07055
2 135 1.06808
2 136 1.08441
2 137 1.08441
2 138 1.08441
2 139 1.08441
2 140 1.08441
2 141 1.07609
2 142 1.07178
2 143 1.0677
2 144 1.06565
3 1 1.30481
3 2 1.30481
3 3 1.30481
3 4 1.30481
3 5 1.30481
3 6 1.11822
3 7 1.09723
3 8 1.08282
3 9 1.07636
3 10 1.14664
3 11 1.14664
3 12 1.14664
3 13 1.14664
3 14 1.14664
3 15 1.10664
3 16 1.09178
3 17 1.08002
3 18 1.07453
3 19 1.11792
3 20 1.11792
3 21 1.11792
3 22 1.11792
3 23 1.11792
3 24 1.09535
3 25 1.08522
3 26 1.07639
3 27 1.07206
3 28 1.10039
3 29 1.10039
3 30 1.10039
3 31 1.10039
3 32 1.10039
3 33 1.08582
3 34 1.07879
3 35 1.07235
3 36 1.06913
3 37 1.14755
3 38 1.14755
3 39 1.14755
3 40 1.14755
3 41 1.14755
3 42 1.10718
3 43 1.09308
3 44 1.08148
3 45 1.0763
3 46 1.12898
3 47 1.12898
3 48 1.12898
3 49 1.12898
3 50 1.12898
3 51 1.10107
3 52 1.08888
3 53 1.07896
3 54 1.07442
3 55 1.11131
3 56 1.11131
3 57 1.11131
3 58 1.11131
3 59 1.11131
3 60 1.09243
3 61 1.08364
3 62 1.07582
3 63 1.07197
3 64 1.09732
3 65 1.09732
3 66 1.09732
3 67 1.09732
3 68 1.09732
3 69 1.08432
3 70 1.07794
3 71 1.07204
3 72 1.0691
3 73 1.11905
3 74 1.11905
3 75 1.11905
3 76 1.11905
3 77 1.11905
3 78 1.09663
3 79 1.08716
3 80 1.07837
3 81 1.0746
3 82 1.11144
3 83 1.11144
3 84 1.11144
3 85 1.11144
3 86 1.11144
3 87 1.09316
3 88 1.08414
3 89 1.07629
3 90 1.0728
3 91 1.10135
3 92 1.10135
3 93 1.10135
3 94 1.10135
3 95 1.10135
3 96 1.08719
3 97 1.08015
3 98 1.07368
3 99 1.0705
3 100 1.09144
3 101 1.09144
3 102 1.09144
3 103 1.09144
3 104 1.09144
3 105 1.08077
3 106 1.07538
3 107 1.07035
3 108 1.06782
3 109 1.10139
3 110 1.10139
3 111 1.10139
3 112 1.10139
3 113 1.10139
3 114 1.08749
3 115 1.08086
3 116 1.07451
3 117 1.07177
3 118 1.09724
3 119 1.09724
3 120 1.09724
3 121 1.09724
3 122 1.09724
3 123 1.08544
3 124 1.07869
3 125 1.07273
3 126 1.07015
3 127 1.0912
3 128 1.0912
3 129 1.0912
3 130 1.0912
3 131 1.0912
3 132 1.08104
3 133 1.07559
3 134 1.07055
3 135 1.06808
3 136 1.08441
3 137 1.08441
3 138 1.08441
3 139 1.08441
3 140 1.08441
3 141 1.07609
3 142 1.07178
3 143 1.0677
3 144 1.06565
4 1 1.30481
4 2 1.30481
4 3 1.30481
4 4 1.30481
4 5 1.30481
4 6 1.11822
4 7 1.09723
4 8 1.08282
4 9 1.07636
4 10 1.14664
4 11 1.14664
4 12 1.14664
4 13 1.14664
4 14 1.14664
4 15 1.10664
4 16 1.09178
4 17 1.08002
4 18 1.07453
4 19 1.11792
4 20 1.11792
4 21 1.11792
4 22 1.11792
4 23 1.11792
4 24 1.09535
4 25 1.08522
4 26 1.07639
4 27 1.07206
4 28 1.10039
4 29 1.10039
4 30 1.10039
4 31 1.10039
4 32 1.10039
4 33 1.08582
4 34 1.07879
4 35 1.07235
4 36 1.06913
4 37 1.14755
4 38 1.14755
4 39 1.14755
4 40 1.14755
4 41 1.14755
4 42 1.10718
4 43 1.09308
4 44 1.08148
4 45 1.0763
4 46 1.12898
4 47 1.12898
4 48 1.12898
4 49 1.12898
4 50 1.12898
4 51 1.10107
4 52 1.08888
4 53 1.07896
4 54 1.07442
4 55 1.11131
4 56 1.11131
4 57 1.11131
4 58 1.11131
4 59 1.11131
4 60 1.09243
4 61 1.08364
4 62 1.07582
4 63 1.07197
4 64 1.09732
4 65 1.09732
4 66 1.09732
4 67 1.09732
4 68 1.09732
4 69 1.08432
4 70 1.07794
4 71 1.07204
4 72 1.0691
4 73 1.11905
4 74 1.11905
4 75 1.11905
4 76 1.11905
4 77 1.11905
4 78 1.09663
4 79 1.08716
4 80 1.07837
4 81 1.0746
4 82 1.11144
4 83 1.11144
4 84 1.11144
4 85 1.11144
4 86 1.11144
4 87 1.09316
4 88 1.08414
4 89 1.07629
4 90 1.0728
4 91 1.10135
4 92 1.10135
4 93 1.10135
4 94 1.10135
4 95 1.10135
4 96 1.08719
4 97 1.08015
4 98 1.07368
4 99 1.0705
4 100 1.09144
4 101 1.09144
4 102 1.09144
4 103 1.09144
4 104 1.09144
4 105 1.08077
4 106 1.07538
4 107 1.07035
4 108 1.06782
4 109 1.10139
4 110 1.10139
4 111 1.10139
4 112 1.10139
4 113 1.10139
4 114 1.08749
4 115 1.08086
4 116 1.07451
4 117 1.07177
4 118 1.09724
4 119 1.09724
4 120 1.09724
4 121 1.09724
4 122 1.09724
4 123 1.08544
4 124 1.07869
4 125 1.07273
4 126 1.07015
4 127 1.0912
4 128 1.0912
4 129 1.0912
4 130 1.0912
4 131 1.0912
4 132 1.08104
4 133 1.07559
4 134 1.07055
4 135 1.06808
4 136 1.08441
4 137 1.08441
4 138 1.08441
4 139 1.08441
4 140 1.08441
4 141 1.07609
4 142 1.07178
4 143 1.0677
4 144 1.06565
5 1 1.30481
5 2 1.30481
5 3 1.30481
5 4 1.30481
5 5 1.30481
5 6 1.11822
5 7 1.09723
5 8 1.08282
5 9 1.07636
5 10 1.14664
5 11 1.14664
5 12 1.14664
5 13 1.14664
5 14 1.14664
5 15 1.10664
5 16 1.09178
5 17 1.08002
5 18 1.07453
5 19 1.11792
5 20 1.11792
5 21 1.11792
5 22 1.11792
5 23 1.11792
5 24 1.09535
5 25 1.08522
5 26 1.07639
5 27 1.07206
5 28 1.10039
5 29 1.10039
5 30 1.10039
5 31 1.10039
5 32 1.10039
5 33 1.08582
5 34 1.07879
5 35 1.07235
5 36 1.06913
5 37 1.14755
5 38 1.14755
5 39 1.14755
5 40 1.14755
5 41 1.14755
5 42 1.10718
5 43 1.09308
5 44 1.08148
5 45 1.0763
5 46 1.12898
5 47 1.12898
5 48 1.12898
5 49 1.12898
5 50 1.12898
5 51 1.10107
5 52 1.08888
5 53 1.07896
5 54 1.07442
5 55 1.11131
5 56 1.11131
5 57 1.11131
5 58 1.11131
5 59 1.11131
5 60 1.09243
5 61 1.08364
5 62 1.07582
5 63 1.07197
5 64 1.09732
5 65 1.09732
5 66 1.09732
5 67 1.09732
5 68 1.09732
5 69 1.08432
5 70 1.07794
5 71 1.07204
5 72 1.0691
5 73 1.11905
5 74 1.11905
5 75 1.11905
5 76 1.11905
5 77 1.11905
5 78 1.09663
5 79 1.08716
5 80 1.07837
5 81 1.0746
5 82 1.11144
5 83 1.11144
5 84 1.11144
5 85 1.11144
5 86 1.11144
5 87 1.09316
5 88 1.08414
5 89 1.07629
5 90 1.0728
5 91 1.10135
5 92 1.10135
5 93 1.10135
5 94 1.10135
5 95 1.10135
5 96 1.08719
5 97 1.08015
5 98 1.07368
5 99 1.0705
5 100 1.09144
5 101 1.09144
5 102 1.09144
5 103 1.09144
5 104 1.09144
5 105 1.08077
5 106 1.07538
5 107 1.07035
5 108 1.06782
5 109 1.10139
5 110 1.10139
5 111 1.10139
5 112 1.10139
5 113 1.10139
5 114 1.08749
5 115 1.08086
5 116 1.07451
5 117 1.07177
5 118 1.09724
5 119 1.09724
5 120 1.09724
5 121 1.09724
5 122 1.09724
5 123 1.08544
5 124 1.07869
5 125 1.07273
5 126 1.07015
5 127 1.0912
5 128 1.0912
5 129 1.0912
5 130 1.0912
5 131 1.0912
5 132 1.08104
5 133 1.07559
5 134 1.07055
5 135 1.06808
5 136 1.08441
5 137 1.08441
5 138 1.08441
5 139 1.08441
5 140 1.08441
5 141 1.07609
5 142 1.07178
5 143 1.0677
5 144 1.06565
6 1 1.11822
6 2 1.11822
6 3 1.11822
6 4 1.11822
6 5 1.11822
6 6 6.83937
6 7 2.11024
6 8 1.38194
6 9 1.20377
6 10 1.1064
6 11 1.1064
6 12 1.1064
6 13 1.1064
6 14 1.1064
6 15 1.43355
6 16 1.35545
6 17 1.2379
6 18 1.17825
6 19 1.09509
6 20 1.09509
6 21 1.09509
6 22 1.09509
6 23 1.09509
6 24 1.1895
6 25 1.18908
6 26 1.16536
6 27 1.14937
6 28 1.08558
6 29 1.08558
6 30 1.08558
6 31 1.08558
6 32 1.08558
6 33 1.12293
6 34 1.12925
6 35 1.12759
6 36 1.12519
6 37 1.10858
6 38 1.10858
6 39 1.10858
6 40 1.10858
6 41 1.10858
6 42 1.40316
6 43 1.33878
6 44 1.23252
6 45 1.18047
6 46 1.10126
6 47 1.10126
6 48 1.10126
6 49 1.10126
6 50 1.10126
6 51 1.24589
6 52 1.23412
6 53 1.18954
6 54 1.16312
6 55 1.09244
6 56 1.09244
6 57 1.09244
6 58 1.09244
6 59 1.09244
6 60 1.15511
6 61 1.15978
6 62 1.14926
6 63 1.14083
6 64 1.08421
6 65 1.08421
6 66 1.08421
6 67 1.08421
6 68 1.08421
6 69 1.11417
6 70 1.1206
6 71 1.1213
6 72 1.1205
6 73 1.09796
6 74 1.09796
6 75 1.09796
6 76 1.09796
6 77 1.09796
6 78 1.18187
6 79 1.18384
6 80 1.16382
6 81 1.15197
6 82 1.09345
6 83 1.09345
6 84 1.09345
6 85 1.09345
6 86 1.09345
6 87 1.1498
6 88 1.15671
6 89 1.1483
6 90 1.14146
6 91 1.0872
6 92 1.0872
6 93 1.0872
6 94 1.0872
6 95 1.0872
6 96 1.12246
6 97 1.1292
6 98 1.12866
6 99 1.12672
6 100 1.08073
6 101 1.08073
6 102 1.08073
6 103 1.08073
6 104 1.08073
6 105 1.102
6 106 1.10805
6 107 1.11089
6 108 1.11168
6 109 1.0883
6 110 1.0883
6 111 1.0883
6 112 1.0883
6 113 1.0883
6 114 1.12296
6 115 1.12848
6 116 1.12855
6 117 1.12728
6 118 1.08536
6 119 1.08536
6 120 1.08536
6 121 1.08536
6 122 1.08536
6 123 1.11191
6 124 1.11875
6 125 1.12109
6 126 1.12092
6 127 1.081
6 128 1.081
6 129 1.081
6 130 1.081
6 131 1.081
6 132 1.10133
6 133 1.10732
6 134 1.11075
6 135 1.11161
6 136 1.0761
6 137 1.0761
6 138 1.0761
6 139 1.0761
6 140 1.0761
6 141 1.09073
6 142 1.09595
6 143 1.09963
6 144 1.10117
7 1 1.09723
7 2 1.09723
7 3 1.09723
7 4 1.09723
7 5 1.09723
7 6 2.11024
7 7 6.78762
7 8 1.9637
7 9 1.31137
7 10 1.09165
7 11 1.09165
7 12 1.09165
7 13 1.09165
7 14 1.09165
7 15 1.3555
7 16 1.45433
7 17 1.33427
7 18 1.24764
7 19 1.08495
7 20 1.08495
7 21 1.08495
7 22 1.08495
7 23 1.08495
7 24 1.18894
7 25 1.21594
7 26 1.20712
7 27 1.19455
7 28 1.07852
7 29 1.07852
7 30 1.07852
7 31 1.07852
7 32 1.07852
7 33 1.12928
7 34 1.14599
7 35 1.15378
7 36 1.15577
7 37 1.0938
7 38 1.0938
7 39 1.0938
7 40 1.0938
7 41 1.0938
7 42 1.33347
7 43 1.427
7 44 1.32293
7 45 1.24916
7 46 1.08931
7 47 1.08931
7 48 1.08931
7 49 1.08931
7 50 1.08931
7 51 1.23291
7 52 1.27209
7 53 1.24461
7 54 1.21708
7 55 1.08358
7 56 1.08358
7 57 1.08358
7 58 1.08358
7 59 1.08358
7 60 1.15921
7 61 1.18104
7 62 1.18347
7 63 1.17964
7 64 1.07779
7 65 1.07779
7 66 1.07779
7 67 1.07779
7 68 1.07779
7 69 1.12057
7 70 1.13581
7 71 1.14488
7 72 1.14814
7 73 1.08792
7 74 1.08792
7 75 1.08792
7 76 1.08792
7 77 1.08792
7 78 1.18065
7 79 1.20775
7 80 1.20337
7 81 1.19571
7 82 1.08467
7 83 1.08467
7 84 1.08467
7 85 1.08467
7 86 1.08467
7 87 1.15295
7 88 1.17725
7 89 1.18206
7 90 1.17958
7 91 1.08015
7 92 1.08015
7 93 1.08015
7 94 1.08015
7 95 1.08015
7 96 1.12837
7 97 1.14546
7 98 1.15462
7 99 1.15703
7 100 1.07531
7 101 1.07531
7 102 1.07531
7 103 1.07531
7 104 1.07531
7 105 1.10801
7 106 1.12097
7 107 1.1306
7 108 1.13479
7 109 1.08145
7 110 1.08145
7 111 1.08145
7 112 1.08145
7 113 1.08145
7 114 1.12819
7 115 1.14359
7 116 1.15346
7 117 1.15622
7 118 1.07912
7 119 1.07912
7 120 1.07912
7 121 1.07912
7 122 1.07912
7 123 1.11686
7 124 1.13292
7 125 1.14405
7 126 1.14748
7 127 1.07566
7 128 1.07566
7 129 1.07566
7 130 1.07566
7 131 1.07566
7 132 1.10684
7 133 1.11976
7 134 1.13013
7 135 1.13427
7 136 1.07177
7 137 1.07177
7 138 1.07177
7 139 1.07177
7 140 1.07177
7 141 1.0959
7 142 1.10642
7 143 1.11533
7 144 1.11952
8 1 1.08282
8 2 1.08282
8 3 1.08282
8 4 1.08282
8 5 1.08282
8 6 1.38194
8 7 1.9637
8 8 6.00722
8 9 1.54077
8 10 1.07999
8 11 1.07999
8 12 1.07999
8 13 1.07999
8 14 1.07999
8 15 1.23843
8 16 1.33503
8 17 1.39442
8 18 1.33292
8 19 1.07627
8 20 1.07627
8 21 1.07627
8 22 1.07627
8 23 1.07627
8 24 1.16568
8 25 1.20738
8 26 1.2357
8 27 1.24201
8 28 1.07224
8 29 1.07224
8 30 1.07224
8 31 1.07224
8 32 1.07224
8 33 1.12797
8 34 1.15402
8 35 1.17594
8 36 1.186
8 37 1.082
8 38 1.082
8 39 1.082
8 40 1.082
8 41 1.082
8 42 1.22923
8 43 1.32143
8 44 1.38159
8 45 1.33255
8 46 1.07933
8 47 1.07933
8 48 1.07933
8 49 1.07933
8 50 1.07933
8 51 1.18853
8 52 1.24555
8 53 1.27933
8 54 1.27608
8 55 1.07585
8 56 1.07585
8 57 1.07585
8 58 1.07585
8 59 1.07585
8 60 1.14881
8 61 1.18332
8 62 1.20976
8 63 1.2191
8 64 1.07203
8 65 1.07203
8 66 1.07203
8 67 1.07203
8 68 1.07203
8 69 1.12151
8 70 1.145
8 71 1.16547
8 72 1.17517
8 73 1.07914
8 74 1.07914
8 75 1.07914
8 76 1.07914
8 77 1.07914
8 78 1.16029
8 79 1.2016
8 80 1.23137
8 81 1.24029
8 82 1.07691
8 83 1.07691
8 84 1.07691
8 85 1.07691
8 86 1.07691
8 87 1.14358
8 88 1.18077
8 89 1.20862
8 90 1.21781
8 91 1.07383
8 92 1.07383
8 93 1.07383
8 94 1.07383
8 95 1.07383
8 96 1.12738
8 97 1.15382
8 98 1.17675
8 99 1.18676
8 100 1.07039
8 101 1.07039
8 102 1.07039
8 103 1.07039
8 104 1.07039
8 105 1.1109
8 106 1.13051
8 107 1.14834
8 108 1.15706
8 109 1.07517
8 110 1.07517
8 111 1.07517
8 112 1.07517
8 113 1.07517
8 114 1.12648
8 115 1.15108
8 116 1.17426
8 117 1.18374
8 118 1.0734
8 119 1.0734
8 120 1.0734
8 121 1.0734
8 122 1.0734
8 123 1.11714
8 124 1.14191
8 125 1.16408
8 126 1.17287
8 127 1.07077
8 128 1.07077
8 129 1.07077
8 130 1.07077
8 131 1.07077
8 132 1.1094
8 133 1.12901
8 134 1.1475
8 135 1.15589
8 136 1.06779
8 137 1.06779
8 138 1.06779
8 139 1.06779
8 140 1.06779
8 141 1.0995
8 142 1.11513
8 143 1.12973
8 144 1.13697
9 1 1.07636
9 2 1.07636
9 3 1.07636
9 4 1.07636
9 5 1.07636
9 6 1.20377
9 7 1.31137
9 8 1.54077
9 9 2.14067
9 10 1.07452
9 11 1.07452
9 12 1.07452
9 13 1.07452
9 14 1.07452
9 15 1.17883
9 16 1.24866
9 17 1.33373
9 18 1.38464
9 19 1.07206
9 20 1.07206
9 21 1.07206
9 22 1.07206
9 23 1.07206
9 24 1.1499
9 25 1.19479
9 26 1.24183
9 27 1.26656
9 28 1.06913
9 29 1.06913
9 30 1.06913
9 31 1.06913
9 32 1.06913
9 33 1.12555
9 34 1.15578
9 35 1.18564
9 36 1.20101
9 37 1.07642
9 38 1.07642
9 39 1.07642
9 40 1.07642
9 41 1.07642
9 42 1.17553
9 43 1.24337
9 44 1.32738
9 45 1.38104
9 46 1.07451
9 47 1.07451
9 48 1.07451
9 49 1.07451
9 50 1.07451
9 51 1.16093
9 52 1.2169
9 53 1.27612
9 54 1.3061
9 55 1.07203
9 56 1.07203
9 57 1.07203
9 58 1.07203
9 59 1.07203
9 60 1.14022
9 61 1.17902
9 62 1.21849
9 63 1.23828
9 64 1.06913
9 65 1.06913
9 66 1.06913
9 67 1.06913
9 68 1.06913
9 69 1.12046
9 70 1.14772
9 71 1.17446
9 72 1.18813
9 73 1.07481
9 74 1.07481
9 75 1.07481
9 76 1.07481
9 77 1.07481
9 78 1.14623
9 79 1.19063
9 80 1.23718
9 81 1.26178
9 82 1.07305
9 83 1.07305
9 84 1.07305
9 85 1.07305
9 86 1.07305
9 87 1.13576
9 88 1.17724
9 89 1.21733
9 90 1.23581
9 91 1.07064
9 92 1.07064
9 93 1.07064
9 94 1.07064
9 95 1.07064
9 96 1.12489
9 97 1.15536
9 98 1.18577
9 99 1.20069
9 100 1.06788
9 101 1.06788
9 102 1.06788
9 103 1.06788
9 104 1.06788
9 105 1.11129
9 106 1.13404
9 107 1.15621
9 108 1.16749
9 109 1.07197
9 110 1.07197
9 111 1.07197
9 112 1.07197
9 113 1.07197
9 114 1.12376
9 115 1.15241
9 116 1.18263
9 117 1.19638
9 118 1.07046
9 119 1.07046
9 120 1.07046
9 121 1.07046
9 122 1.07046
9 123 1.11582
9 124 1.14449
9 125 1.17244
9 126 1.18447
9 127 1.06825
9 128 1.06825
9 129 1.06825
9 130 1.06825
9 131 1.06825
9 132 1.10963
9 133 1.13234
9 134 1.15505
9 135 1.1658
9 136 1.06572
9 137 1.06572
9 138 1.06572
9 139 1.06572
9 140 1.06572
9 141 1.10063
9 142 1.11868
9 143 1.13617
9 144 1.145
10 1 1.14664
10 2 1.14664
10 3 1.14664
10 4 1.14664
10 5 1.14664
10 6 1.1064
10 7 1.09165
10 8 1.07999
10 9 1.07452
10 10 1.30397
10 11 1.30397
10 12 1.30397
10 13 1.30397
10 14 1.30397
10 15 1.11736
10 16 1.09617
10 17 1.08165
10 18 1.07519
10 19 1.16145
10 20 1.16145
10 21 1.16145
10 22 1.16145
10 23 1.16145
10 24 1.10996
10 25 1.09327
10 26 1.08037
10 27 1.07434
10 28 1.12565
10 29 1.12565
10 30 1.12565
10 31 1.12565
10 32 1.12565
10 33 1.0988
10 34 1.08727
10 35 1.07737
10 36 1.07256
10 37 1.12894
10 38 1.12894
10 39 1.12894
10 40 1.12894
10 41 1.12894
10 42 1.10023
10 43 1.08872
10 44 1.07895
10 45 1.07449
10 46 1.14673
10 47 1.14673
10 48 1.14673
10 49 1.14673
10 50 1.14673
10 51 1.10657
10 52 1.09166
10 53 1.08007
10 54 1.07495
10 55 1.13491
10 56 1.13491
10 57 1.13491
10 58 1.13491
10 59 1.13491
10 60 1.10281
10 61 1.08991
10 62 1.07916
10 63 1.07404
10 64 1.11679
10 65 1.11679
10 66 1.11679
10 67 1.11679
10 68 1.11679
10 69 1.09508
10 70 1.08525
10 71 1.07657
10 72 1.07231
10 73 1.1114
10 74 1.1114
10 75 1.1114
10 76 1.1114
10 77 1.1114
10 78 1.09239
10 79 1.08398
10 80 1.07626
10 81 1.07292
10 82 1.11818
10 83 1.11818
10 84 1.11818
10 85 1.11818
10 86 1.11818
10 87 1.09584
10 88 1.08569
10 89 1.07694
10 90 1.07318
10 91 1.11398
10 92 1.11398
10 93 1.11398
10 94 1.11398
10 95 1.11398
10 96 1.09373
10 97 1.08452
10 98 1.07625
10 99 1.07228
10 100 1.1048
10 101 1.1048
10 102 1.1048
10 103 1.1048
10 104 1.1048
10 105 1.08879
10 106 1.08113
10 107 1.07416
10 108 1.0707
10 109 1.09724
10 110 1.09724
10 111 1.09724
10 112 1.09724
10 113 1.09724
10 114 1.08482
10 115 1.07858
10 116 1.07278
10 117 1.07027
10 118 1.10046
10 119 1.10046
10 120 1.10046
10 121 1.10046
10 122 1.10046
10 123 1.08678
10 124 1.07953
10 125 1.07309
10 126 1.07041
10 127 1.09844
10 128 1.09844
10 129 1.09844
10 130 1.09844
10 131 1.09844
10 132 1.08514
10 133 1.07854
10 134 1.07246
10 135 1.06956
10 136 1.09336
10 137 1.09336
10 138 1.09336
10 139 1.09336
10 140 1.09336
10 141 1.08183
10 142 1.07612
10 143 1.0708
10 144 1.06814
11 1 1.14664
11 2 1.14664
11 3 1.14664
11 4 1.14664
11 5 1.14664
11 6 1.1064
11 7 1.09165
11 8 1.07999
11 9 1.07452
11 10 1.30397
11 11 1.30397
11 12 1.30397
11 13 1.30397
11 14 1.30397
11 15 1.11736
11 16 1.09617
11 17 1.08165
11 18 1.07519
11 19 1.16145
11 20 1.16145
11 21 1.16145
11 22 1.16145
11 23 1.16145
11 24 1.10996
11 25 1.09327
11 26 1.08037
11 27 1.07434
11 28 1.12565
11 29 1.12565
11 30 1.12565
11 31 1.12565
11 32 1.12565
11 33 1.0988
11 34 1.08727
11 35 1.07737
11 36 1.07256
11 37 1.12894
11 38 1.12894
11 39 1.12894
11 40 1.12894
11 41 1.12894
11 42 1.10023
11 43 1.08872
11 44 1.07895
11 45 1.07449
11 46 1.14673
11 47 1.14673
11 48 1.14673
11 49 1.14673
11 50 1.14673
11 51 1.10657
11 52 1.09166
11 53 1.08007
11 54 1.07495
11 55 1.13491
11 56 1.13491
11 57 1.13491
11 58 1.13491
11 59 1.13491
11 60 1.10281
11 61 1.08991
11 62 1.07916
11 63 1.07404
11 64 1.11679
11 65 1.11679
11 66 1.11679
11 67 1.11679
11 68 1.11679
11 69 1.09508
11 70 1.08525
11 71 1.07657
11 72 1.07231
11 73 1.1114
11 74 1.1114
11 75 1.1114
11 76 1.1114
11 77 1.1114
11 78 1.09239
11 79 1.08398
11 80 1.07626
11 81 1.07292
11 82 1.11818
11 83 1.11818
11 84 1.11818
11 85 1.11818
11 86 1.11818
11 87 1.09584
11 88 1.08569
11 89 1.07694
11 90 1.07318
11 91 1.11398
11 92 1.11398
11 93 1.11398
11 94 1.11398
11 95 1.11398
11 96 1.09373
11 97 1.08452
11 98 1.07625
11 99 1.07228
11 100 1.1048
11 101 1.1048
11 102 1.1048
11 103 1.1048
11 104 1.1048
11 105 1.08879
11 106 1.08113
11 107 1.07416
11 108 1.0707
11 109 1.09724
11 110 1.09724
11 111 1.09724
11 112 1.09724
11 113 1.09724
11 114 1.08482
11 115 1.07858
11 116 1.07278
11 117 1.07027
11 118 1.10046
11 119 1.10046
11 120 1.10046
11 121 1.10046
11 122 1.10046
11 123 1.08678
11 124 1.07953
11 125 1.07309
11 126 1.07041
11 127 1.09844
11 128 1.09844
11 129 1.09844
11 130 1.09844
11 131 1.09844
11 132 1.08514
11 133 1.07854
11 134 1.07246
11 135 1.06956
11 136 1.09336
11 137 1.09336
11 138 1.09336
11 139 1.09336
11 140 1.09336
11 141 1.08183
11 142 1.07612
11 143 1.0708
11 144 1.06814
12 1 1.14664
12 2 1.14664
12 3 1.14664
12 4 1.14664
12 5 1.14664
12 6 1.1064
12 7 1.09165
12 8 1.07999
12 9 1.07452
12 10 1.30397
12 11 1.30397
12 12 1.30397
12 13 1.30397
12 14 1.30397
12 15 1.11736
12 16 1.09617
12 17 1.08165
12 18 1.07519
12 19 1.16145
12 20 1.16145
12 21 1.16145
12 22 1.16145
12 23 1.16145
12 24 1.10996
12 25 1.09327
12 26 1.08037
12 27 1.07434
12 28 1.12565
12 29 1.12565
12 30 1.12565
12 31 1.12565
12 32 1.12565
12 33 1.0988
12 34 1.08727
12 35 1.07737
12 36 1.07256
12 37 1.12894
12 38 1.12894
12 39 1.12894
12 40 1.12894
12 41 1.12894
12 42 1.10023
12 43 1.08872
12 44 1.07895
12 45 1.07449
12 46 1.14673
12 47 1.14673
12 48 1.14673
12 49 1.14673
12 50 1.14673
12 51 1.10657
12 52 1.09166
12 53 1.08007
12 54 1.07495
12 55 1.13491
12 56 1.13491
12 57 1.13491
12 58 1.13491
12 59 1.13491
12 60 1.10281
12 61 1.08991
12 62 1.07916
12 63 1.07404
12 64 1.11679
12 65 1.11679
12 66 1.11679
12 67 1.11679
12 68 1.11679
12 69 1.09508
12 70 1.08525
12 71 1.07657
12 72 1.07231
12 73 1.1114
12 74 1.1114
12 75 1.1114
12 76 1.1114
12 77 1.1114
12 78 1.09239
12 79 1.08398
12 80 1.07626
12 81 1.07292
12 82 1.11818
12 83 1.11818
12 84 1.11818
12 85 1.11818
12 86 1.11818
12 87 1.09584
12 88 1.08569
12 89 1.07694
12 90 1.07318
12 91 1.11398
12 92 1.11398
12 93 1.11398
12 94 1.11398
12 95 1.11398
12 96 1.09373
12 97 1.08452
12 98 1.07625
12 99 1.07228
12 100 1.1048
12 101 1.1048
12 102 1.1048
12 103 1.1048
12 104 1.1048
12 105 1.08879
12 106 1.08113
12 107 1.07416
12 108 1.0707
12 109 1.09724
12 110 1.09724
12 111 1.09724
12 112 1.09724
12 113 1.09724
12 114 1.08482
12 115 1.07858
12 116 1.07278
12 117 1.07027
12 118 1.10046
12 119 1.10046
12 120 1.10046
12 121 1.10046
12 122 1.10046
12 123 1.08678
12 124 1.07953
12 125 1.07309
12 126 1.07041
12 127 1.09844
12 128 1.09844
12 129 1.09844
12 130 1.09844
12 131 1.09844
12 132 1.08514
12 133 1.07854
12 134 1.07246
12 135 1.06956
12 136 1.09336
12 137 1.09336
12 138 1.09336
12 139 1.09336
12 140 1.09336
12 141 1.08183
12 142 1.07612
12 143 1.0708
12 144 1.06814
13 1 1.14664
13 2 1.14664
13 3 1.14664
13 4 1.14664
13 5 1.14664
13 6 1.1064
13 7 1.09165
13 8 1.07999
13 9 1.07452
13 10 1.30397
13 11 1.30397
13 12 1.30397
13 13 1.30397
13 14 1.30397
13 15 1.11736
13 16 1.09617
13 17 1.08165
13 18 1.07519
13 19 1.16145
13 20 1.16145
13 21 1.16145
13 22 1.16145
13 23 1.16145
13 24 1.10996
13 25 1.09327
13 26 1.08037
13 27 1.07434
13 28 1.12565
13 29 1.12565
13 30 1.12565
13 31 1.12565
13 32 1.12565
13 33 1.0988
13 34 1.08727
13 35 1.07737
13 36 1.07256
13 37 1.12894
13 38 1.12894
13 39 1.12894
13 40 1.12894
13 41 1.12894
13 42 1.10023
13 43 1.08872
13 44 1.07895
13 45 1.07449
13 46 1.14673
13 47 1.14673
13 48 1.14673
13 49 1.14673
13 50 1.14673
13 51 1.10657
13 52 1.09166
13 53 1.08007
13 54 1.07495
13 55 1.13491
13 56 1.13491
13 57 1.13491
13 58 1.13491
13 59 1.13491
13 60 1.10281
13 61 1.08991
13 62 1.07916
13 63 1.07404
13 64 1.11679
13 65 1.11679
13 66 1.11679
13 67 1.11679
13 68 1.11679
13 69 1.09508
13 70 1.08525
13 71 1.07657
13 72 1.07231
13 73 1.1114
13 74 1.1114
13 75 1.1114
13 76 1.1114
13 77 1.1114
13 78 1.09239
13 79 1.08398
13 80 1.07626
13 81 1.07292
13 82 1.11818
13 83 1.11818
13 84 1.11818
13 85 1.11818
13 86 1.11818
13 87 1.09584
13 88 1.08569
13 89 1.07694
13 90 1.07318
13 91 1.11398
13 92 1.11398
13 93 1.11398
13 94 1.11398
13 95 1.11398
13 96 1.09373
13 97 1.08452
13 98 1.07625
13 99 1.07228
13 100 1.1048
13 101 1.1048
13 102 1.1048
13 103 1.1048
13 104 1.1048
13 105 1.08879
13 106 1.08113
13 107 1.07416
13 108 1.0707
13 109 1.09724
13 110 1.09724
13 111 1.09724
13 112 1.09724
13 113 1.09724
13 114 1.08482
13 115 1.07858
13 116 1.07278
13 117 1.07027
13 118 1.10046
13 119 1.10046
13 120 1.10046
13 121 1.10046
13 122 1.10046
13 123 1.08678
13 124 1.07953
13 125 1.07309
13 126 1.07041
13 127 1.09844
13 128 1.09844
13 129 1.09844
13 130 1.09844
13 131 1.09844
13 132 1.08514
13 133 1.07854
13 134 1.07246
13 135 1.06956
13 136 1.09336
13 137 1.09336
13 138 1.09336
13 139 1.09336
13 140 1.09336
13 141 1.08183
13 142 1.07612
13 143 1.0708
13 144 1.06814
14 1 1.14664
14 2 1.14664
14 3 1.14664
14 4 1.14664
14 5 1.14664
14 6 1.1064
14 7 1.09165
14 8 1.07999
14 9 1.07452
14 10 1.30397
14 11 1.30397
14 12 1.30397
14 13 1.30397
14 14 1.30397
14 15 1.11736
14 16 1.09617
14 17 1.08165
14 18 1.07519
14 19 1.16145
14 20 1.16145
14 21 1.16145
14 22 1.16145
14 23 1.16145
14 24 1.10996
14 25 1.09327
14 26 1.08037
14 27 1.07434
14 28 1.12565
14 29 1.12565
14 30 1.12565
14 31 1.12565
14 32 1.12565
14 33 1.0988
14 34 1.08727
14 35 1.07737
14 36 1.07256
14 37 1.12894
14 38 1.12894
14 39 1.12894
14 40 1.12894
14 41 1.12894
14 42 1.10023
14 43 1.08872
14 44 1.07895
14 45 1.07449
14 46 1.14673
14 47 1.14673
14 48 1.14673
14 49 1.14673
14 50 1.14673
14 51 1.10657
14 52 1.09166
14 53 1.08007
14 54 1.07495
14 55 1.13491
14 56 1.13491
14 57 1.13491
14 58 1.13491
14 59 1.13491
14 60 1.10281
14 61 1.08991
14 62 1.07916
14 63 1.07404
14 64 1.11679
14 65 1.11679
14 66 1.11679
14 67 1.11679
14 68 1.11679
14 69 1.09508
14 70 1.08525
14 71 1.07657
14 72 1.07231
14 73 1.1114
14 74 1.1114
14 75 1.1114
14 76 1.1114
14 77 1.1114
14 78 1.09239
14 79 1.08398
14 80 1.07626
14 81 1.07292
14 82 1.11818
14 83 1.11818
14 84 1.11818
14 85 1.11818
14 86 1.11818
14 87 1.09584
14 88 1.08569
14 89 1.07694
14 90 1.07318
14 91 1.11398
14 92 1.11398
14 93 1.11398
14 94 1.11398
14 95 1.11398
14 96 1.09373
14 97 1.08452
14 98 1.07625
14 99 1.07228
14 100 1.1048
14 101 1.1048
14 102 1.1048
14 103 1.1048
14 104 1.1048
14 105 1.08879
14 106 1.08113
14 107 1.07416
14 108 1.0707
14 109 1.09724
14 110 1.09724
14 111 1.09724
14 112 1.09724
14 113 1.09724
14 114 1.08482
14 115 1.07858
14 116 1.07278
14 117 1.07027
14 118 1.10046
14 119 1.10046
14 120 1.10046
14 121 1.10046
14 122 1.10046
14 123 1.08678
14 124 1.07953
14 125 1.07309
14 126 1.07041
14 127 1.09844
14 128 1.09844
14 129 1.09844
14 130 1.09844
14 131 1.09844
14 132 1.08514
14 133 1.07854
14 134 1.07246
14 135 1.06956
14 136 1.09336
14 137 1.09336
14 138 1.09336
14 139 1.09336
14 140 1.09336
14 141 1.08183
14 142 1.07612
14 143 1.0708
14 144 1.06814
15 1 1.10664
15 2 1.10664
15 3 1.10664
15 4 1.10664
15 5 1.10664
15 6 1.43355
15 7 1.3555
15 8 1.23843
15 9 1.17883
15 10 1.11736
15 11 1.11736
15 12 1.11736
15 13 1.11736
15 14 1.11736
15 15 6.90539
15 16 2.13085
15 17 1.38574
15 18 1.20357
15 19 1.1098
15 20 1.1098
15 21 1.1098
15 22 1.1098
15 23 1.1098
15 24 1.67551
15 25 1.47923
15 26 1.27837
15 27 1.18734
15 28 1.09858
15 29 1.09858
15 30 1.09858
15 31 1.09858
15 32 1.09858
15 33 1.23989
15 34 1.22973
15 35 1.18585
15 36 1.15889
15 37 1.10143
15 38 1.10143
15 39 1.10143
15 40 1.10143
15 41 1.10143
15 42 1.2366
15 43 1.22727
15 44 1.18717
15 45 1.16317
15 46 1.10707
15 47 1.10707
15 48 1.10707
15 49 1.10707
15 50 1.10707
15 51 1.42624
15 52 1.3501
15 53 1.23427
15 54 1.17885
15 55 1.10292
15 56 1.10292
15 57 1.10292
15 58 1.10292
15 59 1.10292
15 60 1.30275
15 61 1.27686
15 62 1.20799
15 63 1.16858
15 64 1.09496
15 65 1.09496
15 66 1.09496
15 67 1.09496
15 68 1.09496
15 69 1.18221
15 70 1.18342
15 71 1.16241
15 72 1.14799
15 73 1.09343
15 74 1.09343
15 75 1.09343
15 76 1.09343
15 77 1.09343
15 78 1.14781
15 79 1.15346
15 80 1.14644
15 81 1.1411
15 82 1.09642
15 83 1.09642
15 84 1.09642
15 85 1.09642
15 86 1.09642
15 87 1.17744
15 88 1.18186
15 89 1.16187
15 90 1.14973
15 91 1.0939
15 92 1.0939
15 93 1.0939
15 94 1.0939
15 95 1.0939
15 96 1.16538
15 97 1.16934
15 98 1.15462
15 99 1.14412
15 100 1.08873
15 101 1.08873
15 102 1.08873
15 103 1.08873
15 104 1.08873
15 105 1.13398
15 106 1.13991
15 107 1.13554
15 108 1.13136
15 109 1.08523
15 110 1.08523
15 111 1.08523
15 112 1.08523
15 113 1.08523
15 114 1.11204
15 115 1.11745
15 116 1.12022
15 117 1.1204
15 118 1.08689
15 119 1.08689
15 120 1.08689
15 121 1.08689
15 122 1.08689
15 123 1.11766
15 124 1.12502
15 125 1.12577
15 126 1.12505
15 127 1.08524
15 128 1.08524
15 129 1.08524
15 130 1.08524
15 131 1.08524
15 132 1.11546
15 133 1.12197
15 134 1.12275
15 135 1.122
15 136 1.08183
15 137 1.08183
15 138 1.08183
15 139 1.08183
15 140 1.08183
15 141 1.10567
15 142 1.11184
15 143 1.11405
15 144 1.11438
16 1 1.09178
16 2 1.09178
16 3 1.09178
16 4 1.09178
16 5 1.09178
16 6 1.35545
16 7 1.45433
16 8 1.33503
16 9 1.24866
16 10 1.09617
16 11 1.09617
16 12 1.09617
16 13 1.09617
16 14 1.09617
16 15 2.13085
16 16 6.891
16 17 1.97527
16 18 1.31215
16 19 1.09301
16 20 1.09301
16 21 1.09301
16 22 1.09301
16 23 1.09301
16 24 1.47816
16 25 1.69155
16 26 1.42607
16 27 1.26772
16 28 1.08696
16 29 1.08696
16 30 1.08696
16 31 1.08696
16 32 1.08696
16 33 1.22941
16 34 1.26577
16 35 1.23791
16 36 1.21102
16 37 1.08945
16 38 1.08945
16 39 1.08945
16 40 1.08945
16 41 1.08945
16 42 1.22532
16 43 1.26313
16 44 1.24104
16 45 1.21726
16 46 1.09225
16 47 1.09225
16 48 1.09225
16 49 1.09225
16 50 1.09225
16 51 1.3484
16 52 1.44851
16 53 1.32929
16 54 1.24849
16 55 1.08986
16 56 1.08986
16 57 1.08986
16 58 1.08986
16 59 1.08986
16 60 1.2755
16 61 1.32807
16 62 1.27468
16 63 1.22842
16 64 1.08504
16 65 1.08504
16 66 1.08504
16 67 1.08504
16 68 1.08504
16 69 1.1832
16 70 1.20833
16 71 1.20202
16 72 1.19181
16 73 1.08468
16 74 1.08468
16 75 1.08468
16 76 1.08468
16 77 1.08468
16 78 1.15163
16 79 1.17338
16 80 1.17965
16 81 1.17919
16 82 1.08635
16 83 1.08635
16 84 1.08635
16 85 1.08635
16 86 1.08635
16 87 1.17661
16 88 1.20796
16 89 1.20291
16 90 1.19432
16 91 1.08454
16 92 1.08454
16 93 1.08454
16 94 1.08454
16 95 1.08454
16 96 1.1678
16 97 1.19201
16 98 1.19124
16 99 1.1853
16 100 1.08099
16 101 1.08099
16 102 1.08099
16 103 1.08099
16 104 1.08099
16 105 1.13981
16 106 1.15792
16 107 1.16426
16 108 1.16483
16 109 1.07901
16 110 1.07901
16 111 1.07901
16 112 1.07901
16 113 1.07901
16 114 1.11772
16 115 1.13156
16 116 1.14307
16 117 1.14693
16 118 1.08003
16 119 1.08003
16 120 1.08003
16 121 1.08003
16 122 1.08003
16 123 1.12261
16 124 1.14069
16 125 1.15124
16 126 1.15461
16 127 1.07865
16 128 1.07865
16 129 1.07865
16 130 1.07865
16 131 1.07865
16 132 1.12126
16 133 1.13712
16 134 1.1469
16 135 1.15032
16 136 1.07606
16 137 1.07606
16 138 1.07606
16 139 1.07606
16 140 1.07606
16 141 1.1118
16 142 1.12547
16 143 1.13504
16 144 1.13905
17 1 1.08002
17 2 1.08002
17 3 1.08002
17 4 1.08002
17 5 1.08002
17 6 1.2379
17 7 1.33427
17 8 1.39442
17 9 1.33373
17 10 1.08165
17 11 1.08165
17 12 1.08165
17 13 1.08165
17 14 1.08165
17 15 1.38574
17 16 1.97527
17 17 6.06441
17 18 1.54187
17 19 1.08019
17 20 1.08019
17 21 1.08019
17 22 1.08019
17 23 1.08019
17 24 1.27646
17 25 1.42247
17 26 1.54552
17 27 1.3753
17 28 1.07716
17 29 1.07716
17 30 1.07716
17 31 1.07716
17 32 1.07716
17 33 1.18517
17 34 1.23679
17 35 1.26776
17 36 1.26703
17 37 1.07943
17 38 1.07943
17 39 1.07943
17 40 1.07943
17 41 1.07943
17 42 1.18421
17 43 1.23838
17 44 1.27478
17 45 1.27575
17 46 1.08053
17 47 1.08053
17 48 1.08053
17 49 1.08053
17 50 1.08053
17 51 1.23381
17 52 1.33212
17 53 1.38968
17 54 1.33303
17 55 1.07916
17 56 1.07916
17 57 1.07916
17 58 1.07916
17 59 1.07916
17 60 1.20652
17 61 1.27334
17 62 1.31045
17 63 1.29596
17 64 1.07645
17 65 1.07645
17 66 1.07645
17 67 1.07645
17 68 1.07645
17 69 1.16203
17 70 1.20136
17 71 1.22877
17 72 1.23683
17 73 1.07695
17 74 1.07695
17 75 1.07695
17 76 1.07695
17 77 1.07695
17 78 1.14316
17 79 1.17715
17 80 1.2057
17 81 1.217
17 82 1.07767
17 83 1.07767
17 84 1.07767
17 85 1.07767
17 86 1.07767
17 87 1.15667
17 88 1.2021
17 89 1.2322
17 90 1.24031
17 91 1.0764
17 92 1.0764
17 93 1.0764
17 94 1.0764
17 95 1.0764
17 96 1.15267
17 97 1.18996
17 98 1.21769
17 99 1.22719
17 100 1.07411
17 101 1.07411
17 102 1.07411
17 103 1.07411
17 104 1.07411
17 105 1.13526
17 106 1.16375
17 107 1.1873
17 108 1.19778
17 109 1.07334
17 110 1.07334
17 111 1.07334
17 112 1.07334
17 113 1.07334
17 114 1.11862
17 115 1.14063
17 116 1.16295
17 117 1.17216
17 118 1.07384
17 119 1.07384
17 120 1.07384
17 121 1.07384
17 122 1.07384
17 123 1.1214
17 124 1.14909
17 125 1.17303
17 126 1.18318
17 127 1.0727
17 128 1.0727
17 129 1.0727
17 130 1.0727
17 131 1.0727
17 132 1.12108
17 133 1.14553
17 134 1.16754
17 135 1.17772
17 136 1.07081
17 137 1.07081
17 138 1.07081
17 139 1.07081
17 140 1.07081
17 141 1.11379
17 142 1.1346
17 143 1.15345
17 144 1.16266
18 1 1.07453
18 2 1.07453
18 3 1.07453
18 4 1.07453
18 5 1.07453
18 6 1.17825
18 7 1.24764
18 8 1.33292
18 9 1.38464
18 10 1.07519
18 11 1.07519
18 12 1.07519
18 13 1.07519
18 14 1.07519
18 15 1.20357
18 16 1.31215
18 17 1.54187
18 18 2.14162
18 19 1.07434
18 20 1.07434
18 21 1.07434
18 22 1.07434
18 23 1.07434
18 24 1.18768
18 25 1.26755
18 26 1.37634
18 27 1.45331
18 28 1.07254
18 29 1.07254
18 30 1.07254
18 31 1.07254
18 32 1.07254
18 33 1.15921
18 34 1.21087
18 35 1.26748
18 36 1.29871
18 37 1.07461
18 38 1.07461
18 39 1.07461
18 40 1.07461
18 41 1.07461
18 42 1.15864
18 43 1.21179
18 44 1.27201
18 45 1.30524
18 46 1.07505
18 47 1.07505
18 48 1.07505
18 49 1.07505
18 50 1.07505
18 51 1.17583
18 52 1.24731
18 53 1.33136
18 54 1.3828
18 55 1.07411
18 56 1.07411
18 57 1.07411
18 58 1.07411
18 59 1.07411
18 60 1.16773
18 61 1.22728
18 62 1.29549
18 63 1.33389
18 64 1.07234
18 65 1.07234
18 66 1.07234
18 67 1.07234
18 68 1.07234
18 69 1.14798
18 70 1.19127
18 71 1.23662
18 72 1.26076
18 73 1.07312
18 74 1.07312
18 75 1.07312
18 76 1.07312
18 77 1.07312
18 78 1.13595
18 79 1.17416
18 80 1.21442
18 81 1.23474
18 82 1.07344
18 83 1.07344
18 84 1.07344
18 85 1.07344
18 86 1.07344
18 87 1.14299
18 88 1.19109
18 89 1.23854
18 90 1.26305
18 91 1.07244
18 92 1.07244
18 93 1.07244
18 94 1.07244
18 95 1.07244
18 96 1.14181
18 97 1.18302
18 98 1.22595
18 99 1.24838
18 100 1.07076
18 101 1.07076
18 102 1.07076
18 103 1.07076
18 104 1.07076
18 105 1.131
18 106 1.16397
18 107 1.19722
18 108 1.21449
18 109 1.07046
18 110 1.07046
18 111 1.07046
18 112 1.07046
18 113 1.07046
18 114 1.11763
18 115 1.14337
18 116 1.17134
18 117 1.18372
18 118 1.07073
18 119 1.07073
18 120 1.07073
18 121 1.07073
18 122 1.07073
18 123 1.11919
18 124 1.15105
18 125 1.18217
18 126 1.1967
18 127 1.06975
18 128 1.06975
18 129 1.06975
18 130 1.06975
18 131 1.06975
18 132 1.11956
18 133 1.14792
18 134 1.17661
18 135 1.191
18 136 1.06822
18 137 1.06822
18 138 1.06822
18 139 1.06822
18 140 1.06822
18 141 1.11387
18 142 1.13811
18 143 1.16203
18 144 1.17429
19 1 1.11792
19 2 1.11792
19 3 1.11792
19 4 1.11792
19 5 1.11792
19 6 1.09509
19 7 1.08495
19 8 1.07627
19 9 1.07206
19 10 1.16145
19 11 1.16145
19 12 1.16145
19 13 1.16145
19 14 1.16145
19 15 1.1098
19 16 1.09301
19 17 1.08019
19 18 1.07434
19 19 1.30406
19 20 1.30406
19 21 1.30406
19 22 1.30406
19 23 1.30406
19 24 1.11744
19 25 1.09631
19 26 1.08162
19 27 1.07494
19 28 1.16183
19 29 1.16183
19 30 1.16183
19 31 1.16183
19 32 1.16183
19 33 1.11031
19 34 1.09358
19 35 1.08056
19 36 1.07445
19 37 1.11124
19 38 1.11124
19 39 1.11124
19 40 1.11124
19 41 1.11124
19 42 1.09172
19 43 1.08313
19 44 1.0756
19 45 1.07209
19 46 1.13486
19 47 1.13486
19 48 1.13486
19 49 1.13486
19 50 1.13486
19 51 1.10244
19 52 1.08935
19 53 1.07877
19 54 1.07409
19 55 1.14688
19 56 1.14688
19 57 1.14688
19 58 1.14688
19 59 1.14688
19 60 1.1066
19 61 1.09193
19 62 1.08009
19 63 1.07455
19 64 1.13533
19 65 1.13533
19 66 1.13533
19 67 1.13533
19 68 1.13533
19 69 1.10319
19 70 1.09018
19 71 1.07929
19 72 1.07405
19 73 1.10125
19 74 1.10125
19 75 1.10125
19 76 1.10125
19 77 1.10125
19 78 1.0865
19 79 1.07969
19 80 1.07344
19 81 1.0707
19 82 1.11389
19 83 1.11389
19 84 1.11389
19 85 1.11389
19 86 1.11389
19 87 1.09334
19 88 1.08401
19 89 1.07583
19 90 1.07237
19 91 1.11835
19 92 1.11835
19 93 1.11835
19 94 1.11835
19 95 1.11835
19 96 1.09561
19 97 1.0857
19 98 1.07687
19 99 1.07269
19 100 1.11442
19 101 1.11442
19 102 1.11442
19 103 1.11442
19 104 1.11442
19 105 1.09393
19 106 1.0846
19 107 1.0763
19 108 1.07222
19 109 1.09112
19 110 1.09112
19 111 1.09112
19 112 1.09112
19 113 1.09112
19 114 1.08077
19 115 1.07537
19 116 1.07046
19 117 1.06831
19 118 1.09834
19 119 1.09834
19 120 1.09834
19 121 1.09834
19 122 1.09834
19 123 1.08503
19 124 1.07825
19 125 1.07216
19 126 1.06967
19 127 1.10062
19 128 1.10062
19 129 1.10062
19 130 1.10062
19 131 1.10062
19 132 1.08608
19 133 1.0792
19 134 1.07285
19 135 1.06987
19 136 1.09887
19 137 1.09887
19 138 1.09887
19 139 1.09887
19 140 1.09887
19 141 1.08513
19 142 1.07852
19 143 1.07245
19 144 1.06943
20 1 1.11792
20 2 1.11792
20 3 1.11792
20 4 1.11792
20 5 1.11792
20 6 1.09509
20 7 1.08495
20 8 1.07627
20 9 1.07206
20 10 1.16145
20 11 1.16145
20 12 1.16145
20 13 1.16145
20 14 1.16145
20 15 1.1098
20 16 1.09301
20 17 1.08019
20 18 1.07434
20 19 1.30406
20 20 1.30406
20 21 1.30406
20 22 1.30406
20 23 1.30406
20 24 1.11744
20 25 1.09631
20 26 1.08162
20 27 1.07494
20 28 1.16183
20 29 1.16183
20 30 1.16183
20 31 1.16183
20 32 1.16183
20 33 1.11031
20 34 1.09358
20 35 1.08056
20 36 1.07445
20 37 1.11124
20 38 1.11124
20 39 1.11124
20 40 1.11124
20 41 1.11124
20 42 1.09172
20 43 1.08313
20 44 1.0756
20 45 1.07209
20 46 1.13486
20 47 1.13486
20 48 1.13486
20 49 1.13486
20 50 1.13486
20 51 1.10244
20 52 1.08935
20 53 1.07877
20 54 1.07409
20 55 1.14688
20 56 1.14688
20 57 1.14688
20 58 1.14688
20 59 1.14688
20 60 1.1066
20 61 1.09193
20 62 1.08009
20 63 1.07455
20 64 1.13533
20 65 1.13533
20 66 1.13533
20 67 1.13533
20 68 1.13533
20 69 1.10319
20 70 1.09018
20 71 1.07929
20 72 1.07405
20 73 1.10125
20 74 1.10125
20 75 1.10125
20 76 1.10125
20 77 1.10125
20 78 1.0865
20 79 1.07969
20 80 1.07344
20 81 1.0707
20 82 1.11389
20 83 1.11389
20 84 1.11389
20 85 1.11389
20 86 1.11389
20 87 1.09334
20 88 1.08401
20 89 1.07583
20 90 1.07237
20 91 1.11835
20 92 1.11835
20 93 1.11835
20 94 1.11835
20 95 1.11835
20 96 1.09561
20 97 1.0857
20 98 1.07687
20 99 1.07269
20 100 1.11442
20 101 1.11442
20 102 1.11442
20 103 1.11442
20 104 1.11442
20 105 1.09393
20 106 1.0846
20 107 1.0763
20 108 1.07222
20 109 1.09112
20 110 1.09112
20 111 1.09112
20 112 1.09112
20 113 1.09112
20 114 1.08077
20 115 1.07537
20 116 1.07046
20 117 1.06831
20 118 1.09834
20 119 1.09834
20 120 1.09834
20 121 1.09834
20 122 1.09834
20 123 1.08503
20 124 1.07825
20 125 1.07216
20 126 1.06967
20 127 1.10062
20 128 1.10062
20 129 1.10062
20 130 1.10062
20 131 1.10062
20 132 1.08608
20 133 1.0792
20 134 1.07285
20 135 1.06987
20 136 1.09887
20 137 1.09887
20 138 1.09887
20 139 1.09887
20 140 1.09887
20 141 1.08513
20 142 1.07852
20 143 1.07245
20 144 1.06943
21 1 1.11792
21 2 1.11792
21 3 1.11792
21 4 1.11792
21 5 1.11792
21 6 1.09509
21 7 1.08495
21 8 1.07627
21 9 1.07206
21 10 1.16145
21 11 1.16145
21 12 1.16145
21 13 1.16145
21 14 1.16145
21 15 1.1098
21 16 1.09301
21 17 1.08019
21 18 1.07434
21 19 1.30406
21 20 1.30406
21 21 1.30406
21 22 1.30406
21 23 1.30406
21 24 1.11744
21 25 1.09631
21 26 1.08162
21 27 1.07494
21 28 1.16183
21 29 1.16183
21 30 1.16183
21 31 1.16183
21 32 1.16183
21 33 1.11031
21 34 1.09358
21 35 1.08056
21 36 1.07445
