injected_el measured_el potential
1 1 1.30484
1 2 1.30484
1 3 1.30484
1 4 1.30484
1 5 1.30484
1 6 1.11823
1 7 1.09721
1 8 1.08278
1 9 1.0763
1 10 1.14666
1 11 1.14666
1 12 1.14666
1 13 1.14666
1 14 1.14666
1 15 1.10662
1 16 1.09177
1 17 1.07999
1 18 1.07447
1 19 1.11793
1 20 1.11793
1 21 1.11793
1 22 1.11793
1 23 1.11793
1 24 1.09534
1 25 1.0852
1 26 1.07635
1 27 1.07201
1 28 1.1004
1 29 1.1004
1 30 1.1004
1 31 1.1004
1 32 1.1004
1 33 1.08581
1 34 1.07876
1 35 1.07231
1 36 1.0691
1 37 1.14758
1 38 1.14758
1 39 1.14758
1 40 1.14758
1 41 1.14758
1 42 1.10719
1 43 1.09303
1 44 1.08141
1 45 1.07622
1 46 1.12901
1 47 1.12901
1 48 1.12901
1 49 1.12901
1 50 1.12901
1 51 1.10103
1 52 1.08886
1 53 1.07892
1 54 1.07434
1 55 1.11132
1 56 1.11132
1 57 1.11132
1 58 1.11132
1 59 1.11132
1 60 1.0924
1 61 1.0836
1 62 1.07576
1 63 1.0719
1 64 1.09733
1 65 1.09733
1 66 1.09733
1 67 1.09733
1 68 1.09733
1 69 1.08429
1 70 1.0779
1 71 1.072
1 72 1.06905
1 73 1.11907
1 74 1.11907
1 75 1.11907
1 76 1.11907
1 77 1.11907
1 78 1.09664
1 79 1.0871
1 80 1.07829
1 81 1.0745
1 82 1.11146
1 83 1.11146
1 84 1.11146
1 85 1.11146
1 86 1.11146
1 87 1.0931
1 88 1.08407
1 89 1.07623
1 90 1.07271
1 91 1.10137
1 92 1.10137
1 93 1.10137
1 94 1.10137
1 95 1.10137
1 96 1.08713
1 97 1.08008
1 98 1.07361
1 99 1.07043
1 100 1.09145
1 101 1.09145
1 102 1.09145
1 103 1.09145
1 104 1.09145
1 105 1.08073
1 106 1.07533
1 107 1.07029
1 108 1.06777
1 109 1.1014
1 110 1.1014
1 111 1.1014
1 112 1.1014
1 113 1.1014
1 114 1.08749
1 115 1.08081
1 116 1.07441
1 117 1.07168
1 118 1.09726
1 119 1.09726
1 120 1.09726
1 121 1.09726
1 122 1.09726
1 123 1.08536
1 124 1.0786
1 125 1.07265
1 126 1.07006
1 127 1.09121
1 128 1.09121
1 129 1.09121
1 130 1.09121
1 131 1.09121
1 132 1.08096
1 133 1.07551
1 134 1.07048
1 135 1.06801
1 136 1.08441
1 137 1.08441
1 138 1.08441
1 139 1.08441
1 140 1.08441
1 141 1.07604
1 142 1.07173
1 143 1.06765
1 144 1.06559
2 1 1.30484
2 2 1.30484
2 3 1.30484
2 4 1.30484
2 5 1.30484
2 6 1.11823
2 7 1.09721
2 8 1.08278
2 9 1.0763
2 10 1.14666
2 11 1.14666
2 12 1.14666
2 13 1.14666
2 14 1.14666
2 15 1.10662
2 16 1.09177
2 17 1.07999
2 18 1.07447
2 19 1.11793
2 20 1.11793
2 21 1.11793
2 22 1.11793
2 23 1.11793
2 24 1.09534
2 25 1.0852
2 26 1.07635
2 27 1.07201
2 28 1.1004
2 29 1.1004
2 30 1.1004
2 31 1.1004
2 32 1.1004
2 33 1.08581
2 34 1.07876
2 35 1.07231
2 36 1.0691
2 37 1.14758
2 38 1.14758
2 39 1.14758
2 40 1.14758
2 41 1.14758
2 42 1.10719
2 43 1.09303
2 44 1.08141
2 45 1.07622
2 46 1.12901
2 47 1.12901
2 48 1.12901
2 49 1.12901
2 50 1.12901
2 51 1.10103
2 52 1.08886
2 53 1.07892
2 54 1.07434
2 55 1.11132
2 56 1.11132
2 57 1.11132
2 58 1.11132
2 59 1.11132
2 60 1.0924
2 61 1.0836
2 62 1.07576
2 63 1.0719
2 64 1.09733
2 65 1.09733
2 66 1.09733
2 67 1.09733
2 68 1.09733
2 69 1.08429
2 70 1.0779
2 71 1.072
2 72 1.06905
2 73 1.11907
2 74 1.11907
2 75 1.11907
2 76 1.11907
2 77 1.11907
2 78 1.09664
2 79 1.0871
2 80 1.07829
2 81 1.0745
2 82 1.11146
2 83 1.11146
2 84 1.11146
2 85 1.11146
2 86 1.11146
2 87 1.0931
2 88 1.08407
2 89 1.07623
2 90 1.07271
2 91 1.10137
2 92 1.10137
2 93 1.10137
2 94 1.10137
2 95 1.10137
2 96 1.08713
2 97 1.08008
2 98 1.07361
2 99 1.07043
2 100 1.09145
2 101 1.09145
2 102 1.09145
2 103 1.09145
2 104 1.09145
2 105 1.08073
2 106 1.07533
2 107 1.07029
2 108 1.06777
2 109 1.1014
2 110 1.1014
2 111 1.1014
2 112 1.1014
2 113 1.1014
2 114 1.08749
2 115 1.08081
2 116 1.07441
2 117 1.07168
2 118 1.09726
2 119 1.09726
2 120 1.09726
2 121 1.09726
2 122 1.09726
2 123 1.08536
2 124 1.0786
2 125 1.07265
2 126 1.07006
2 127 1.09121
2 128 1.09121
2 129 1.09121
2 130 1.09121
2 131 1.09121
2 132 1.08096
2 133 1.07551
2 134 1.07048
2 135 1.06801
2 136 1.08441
2 137 1.08441
2 138 1.08441
2 139 1.08441
2 140 1.08441
2 141 1.07604
2 142 1.07173
2 143 1.06765
2 144 1.06559
3 1 1.30484
3 2 1.30484
3 3 1.30484
3 4 1.30484
3 5 1.30484
3 6 1.11823
3 7 1.09721
3 8 1.08278
3 9 1.0763
3 10 1.14666
3 11 1.14666
3 12 1.14666
3 13 1.14666
3 14 1.14666
3 15 1.10662
3 16 1.09177
3 17 1.07999
3 18 1.07447
3 19 1.11793
3 20 1.11793
3 21 1.11793
3 22 1.11793
3 23 1.11793
3 24 1.09534
3 25 1.0852
3 26 1.07635
3 27 1.07201
3 28 1.1004
3 29 1.1004
3 30 1.1004
3 31 1.1004
3 32 1.1004
3 33 1.08581
3 34 1.07876
3 35 1.07231
3 36 1.0691
3 37 1.14758
3 38 1.14758
3 39 1.14758
3 40 1.14758
3 41 1.14758
3 42 1.10719
3 43 1.09303
3 44 1.08141
3 45 1.07622
3 46 1.12901
3 47 1.12901
3 48 1.12901
3 49 1.12901
3 50 1.12901
3 51 1.10103
3 52 1.08886
3 53 1.07892
3 54 1.07434
3 55 1.11132
3 56 1.11132
3 57 1.11132
3 58 1.11132
3 59 1.11132
3 60 1.0924
3 61 1.0836
3 62 1.07576
3 63 1.0719
3 64 1.09733
3 65 1.09733
3 66 1.09733
3 67 1.09733
3 68 1.09733
3 69 1.08429
3 70 1.0779
3 71 1.072
3 72 1.06905
3 73 1.11907
3 74 1.11907
3 75 1.11907
3 76 1.11907
3 77 1.11907
3 78 1.09664
3 79 1.0871
3 80 1.07829
3 81 1.0745
3 82 1.11146
3 83 1.11146
3 84 1.11146
3 85 1.11146
3 86 1.11146
3 87 1.0931
3 88 1.08407
3 89 1.07623
3 90 1.07271
3 91 1.10137
3 92 1.10137
3 93 1.10137
3 94 1.10137
3 95 1.10137
3 96 1.08713
3 97 1.08008
3 98 1.07361
3 99 1.07043
3 100 1.09145
3 101 1.09145
3 102 1.09145
3 103 1.09145
3 104 1.09145
3 105 1.08073
3 106 1.07533
3 107 1.07029
3 108 1.06777
3 109 1.1014
3 110 1.1014
3 111 1.1014
3 112 1.1014
3 113 1.1014
3 114 1.08749
3 115 1.08081
3 116 1.07441
3 117 1.07168
3 118 1.09726
3 119 1.09726
3 120 1.09726
3 121 1.09726
3 122 1.09726
3 123 1.08536
3 124 1.0786
3 125 1.07265
3 126 1.07006
3 127 1.09121
3 128 1.09121
3 129 1.09121
3 130 1.09121
3 131 1.09121
3 132 1.08096
3 133 1.07551
3 134 1.07048
3 135 1.06801
3 136 1.08441
3 137 1.08441
3 138 1.08441
3 139 1.08441
3 140 1.08441
3 141 1.07604
3 142 1.07173
3 143 1.06765
3 144 1.06559
4 1 1.30484
4 2 1.30484
4 3 1.30484
4 4 1.30484
4 5 1.30484
4 6 1.11823
4 7 1.09721
4 8 1.08278
4 9 1.0763
4 10 1.14666
4 11 1.14666
4 12 1.14666
4 13 1.14666
4 14 1.14666
4 15 1.10662
4 16 1.09177
4 17 1.07999
4 18 1.07447
4 19 1.11793
4 20 1.11793
4 21 1.11793
4 22 1.11793
4 23 1.11793
4 24 1.09534
4 25 1.0852
4 26 1.07635
4 27 1.07201
4 28 1.1004
4 29 1.1004
4 30 1.1004
4 31 1.1004
4 32 1.1004
4 33 1.08581
4 34 1.07876
4 35 1.07231
4 36 1.0691
4 37 1.14758
4 38 1.14758
4 39 1.14758
4 40 1.14758
4 41 1.14758
4 42 1.10719
4 43 1.09303
4 44 1.08141
4 45 1.07622
4 46 1.12901
4 47 1.12901
4 48 1.12901
4 49 1.12901
4 50 1.12901
4 51 1.10103
4 52 1.08886
4 53 1.07892
4 54 1.07434
4 55 1.11132
4 56 1.11132
4 57 1.11132
4 58 1.11132
4 59 1.11132
4 60 1.0924
4 61 1.0836
4 62 1.07576
4 63 1.0719
4 64 1.09733
4 65 1.09733
4 66 1.09733
4 67 1.09733
4 68 1.09733
4 69 1.08429
4 70 1.0779
4 71 1.072
4 72 1.06905
4 73 1.11907
4 74 1.11907
4 75 1.11907
4 76 1.11907
4 77 1.11907
4 78 1.09664
4 79 1.0871
4 80 1.07829
4 81 1.0745
4 82 1.11146
4 83 1.11146
4 84 1.11146
4 85 1.11146
4 86 1.11146
4 87 1.0931
4 88 1.08407
4 89 1.07623
4 90 1.07271
4 91 1.10137
4 92 1.10137
4 93 1.10137
4 94 1.10137
4 95 1.10137
4 96 1.08713
4 97 1.08008
4 98 1.07361
4 99 1.07043
4 100 1.09145
4 101 1.09145
4 102 1.09145
4 103 1.09145
4 104 1.09145
4 105 1.08073
4 106 1.07533
4 107 1.07029
4 108 1.06777
4 109 1.1014
4 110 1.1014
4 111 1.1014
4 112 1.1014
4 113 1.1014
4 114 1.08749
4 115 1.08081
4 116 1.07441
4 117 1.07168
4 118 1.09726
4 119 1.09726
4 120 1.09726
4 121 1.09726
4 122 1.09726
4 123 1.08536
4 124 1.0786
4 125 1.07265
4 126 1.07006
4 127 1.09121
4 128 1.09121
4 129 1.09121
4 130 1.09121
4 131 1.09121
4 132 1.08096
4 133 1.07551
4 134 1.07048
4 135 1.06801
4 136 1.08441
4 137 1.08441
4 138 1.08441
4 139 1.08441
4 140 1.08441
4 141 1.07604
4 142 1.07173
4 143 1.06765
4 144 1.06559
5 1 1.30484
5 2 1.30484
5 3 1.30484
5 4 1.30484
5 5 1.30484
5 6 1.11823
5 7 1.09721
5 8 1.08278
5 9 1.0763
5 10 1.14666
5 11 1.14666
5 12 1.14666
5 13 1.14666
5 14 1.14666
5 15 1.10662
5 16 1.09177
5 17 1.07999
5 18 1.07447
5 19 1.11793
5 20 1.11793
5 21 1.11793
5 22 1.11793
5 23 1.11793
5 24 1.09534
5 25 1.0852
5 26 1.07635
5 27 1.07201
5 28 1.1004
5 29 1.1004
5 30 1.1004
5 31 1.1004
5 32 1.1004
5 33 1.08581
5 34 1.07876
5 35 1.07231
5 36 1.0691
5 37 1.14758
5 38 1.14758
5 39 1.14758
5 40 1.14758
5 41 1.14758
5 42 1.10719
5 43 1.09303
5 44 1.08141
5 45 1.07622
5 46 1.12901
5 47 1.12901
5 48 1.12901
5 49 1.12901
5 50 1.12901
5 51 1.10103
5 52 1.08886
5 53 1.07892
5 54 1.07434
5 55 1.11132
5 56 1.11132
5 57 1.11132
5 58 1.11132
5 59 1.11132
5 60 1.0924
5 61 1.0836
5 62 1.07576
5 63 1.0719
5 64 1.09733
5 65 1.09733
5 66 1.09733
5 67 1.09733
5 68 1.09733
5 69 1.08429
5 70 1.0779
5 71 1.072
5 72 1.06905
5 73 1.11907
5 74 1.11907
5 75 1.11907
5 76 1.11907
5 77 1.11907
5 78 1.09664
5 79 1.0871
5 80 1.07829
5 81 1.0745
5 82 1.11146
5 83 1.11146
5 84 1.11146
5 85 1.11146
5 86 1.11146
5 87 1.0931
5 88 1.08407
5 89 1.07623
5 90 1.07271
5 91 1.10137
5 92 1.10137
5 93 1.10137
5 94 1.10137
5 95 1.10137
5 96 1.08713
5 97 1.08008
5 98 1.07361
5 99 1.07043
5 100 1.09145
5 101 1.09145
5 102 1.09145
5 103 1.09145
5 104 1.09145
5 105 1.08073
5 106 1.07533
5 107 1.07029
5 108 1.06777
5 109 1.1014
5 110 1.1014
5 111 1.1014
5 112 1.1014
5 113 1.1014
5 114 1.08749
5 115 1.08081
5 116 1.07441
5 117 1.07168
5 118 1.09726
5 119 1.09726
5 120 1.09726
5 121 1.09726
5 122 1.09726
5 123 1.08536
5 124 1.0786
5 125 1.07265
5 126 1.07006
5 127 1.09121
5 128 1.09121
5 129 1.09121
5 130 1.09121
5 131 1.09121
5 132 1.08096
5 133 1.07551
5 134 1.07048
5 135 1.06801
5 136 1.08441
5 137 1.08441
5 138 1.08441
5 139 1.08441
5 140 1.08441
5 141 1.07604
5 142 1.07173
5 143 1.06765
5 144 1.06559
6 1 1.11823
6 2 1.11823
6 3 1.11823
6 4 1.11823
6 5 1.11823
6 6 6.85361
6 7 2.11437
6 8 1.38301
6 9 1.20393
6 10 1.1064
6 11 1.1064
6 12 1.1064
6 13 1.1064
6 14 1.1064
6 15 1.43506
6 16 1.35675
6 17 1.23848
6 18 1.17835
6 19 1.0951
6 20 1.0951
6 21 1.0951
6 22 1.0951
6 23 1.0951
6 24 1.18997
6 25 1.18951
6 26 1.16557
6 27 1.14947
6 28 1.08558
6 29 1.08558
6 30 1.08558
6 31 1.08558
6 32 1.08558
6 33 1.12308
6 34 1.1294
6 35 1.12769
6 36 1.12527
6 37 1.1085
6 38 1.1085
6 39 1.1085
6 40 1.1085
6 41 1.1085
6 42 1.40553
6 43 1.34042
6 44 1.23302
6 45 1.18044
6 46 1.1012
6 47 1.1012
6 48 1.1012
6 49 1.1012
6 50 1.1012
6 51 1.24707
6 52 1.23511
6 53 1.18996
6 54 1.16312
6 55 1.0924
6 56 1.0924
6 57 1.0924
6 58 1.0924
6 59 1.0924
6 60 1.15552
6 61 1.16013
6 62 1.14939
6 63 1.14087
6 64 1.08419
6 65 1.08419
6 66 1.08419
6 67 1.08419
6 68 1.08419
6 69 1.11426
6 70 1.12071
6 71 1.12136
6 72 1.12054
6 73 1.09787
6 74 1.09787
6 75 1.09787
6 76 1.09787
6 77 1.09787
6 78 1.18188
6 79 1.18393
6 80 1.1638
6 81 1.15188
6 82 1.09335
6 83 1.09335
6 84 1.09335
6 85 1.09335
6 86 1.09335
6 87 1.15038
6 88 1.1571
6 89 1.14841
6 90 1.14142
6 91 1.08714
6 92 1.08714
6 93 1.08714
6 94 1.08714
6 95 1.08714
6 96 1.12263
6 97 1.12936
6 98 1.12869
6 99 1.12671
6 100 1.08069
6 101 1.08069
6 102 1.08069
6 103 1.08069
6 104 1.08069
6 105 1.10201
6 106 1.10808
6 107 1.11091
6 108 1.11169
6 109 1.08823
6 110 1.08823
6 111 1.08823
6 112 1.08823
6 113 1.08823
6 114 1.12257
6 115 1.12828
6 116 1.12837
6 117 1.12718
6 118 1.08528
6 119 1.08528
6 120 1.08528
6 121 1.08528
6 122 1.08528
6 123 1.1118
6 124 1.11875
6 125 1.12103
6 126 1.12085
6 127 1.08093
6 128 1.08093
6 129 1.08093
6 130 1.08093
6 131 1.08093
6 132 1.10125
6 133 1.10731
6 134 1.1107
6 135 1.11157
6 136 1.07606
6 137 1.07606
6 138 1.07606
6 139 1.07606
6 140 1.07606
6 141 1.09068
6 142 1.09592
6 143 1.0996
6 144 1.10115
7 1 1.09721
7 2 1.09721
7 3 1.09721
7 4 1.09721
7 5 1.09721
7 6 2.11437
7 7 6.80772
7 8 1.9667
7 9 1.31168
7 10 1.09163
7 11 1.09163
7 12 1.09163
7 13 1.09163
7 14 1.09163
7 15 1.35671
7 16 1.45585
7 17 1.33503
7 18 1.24781
7 19 1.08494
7 20 1.08494
7 21 1.08494
7 22 1.08494
7 23 1.08494
7 24 1.18936
7 25 1.21639
7 26 1.20737
7 27 1.1947
7 28 1.07851
7 29 1.07851
7 30 1.07851
7 31 1.07851
7 32 1.07851
7 33 1.12943
7 34 1.14616
7 35 1.15392
7 36 1.15589
7 37 1.09371
7 38 1.09371
7 39 1.09371
7 40 1.09371
7 41 1.09371
7 42 1.33515
7 43 1.42974
7 44 1.32403
7 45 1.24927
7 46 1.08924
7 47 1.08924
7 48 1.08924
7 49 1.08924
7 50 1.08924
7 51 1.23404
7 52 1.27322
7 53 1.24512
7 54 1.21716
7 55 1.08354
7 56 1.08354
7 57 1.08354
7 58 1.08354
7 59 1.08354
7 60 1.15962
7 61 1.18143
7 62 1.18363
7 63 1.17974
7 64 1.07775
7 65 1.07775
7 66 1.07775
7 67 1.07775
7 68 1.07775
7 69 1.12068
7 70 1.13594
7 71 1.14498
7 72 1.14822
7 73 1.08782
7 74 1.08782
7 75 1.08782
7 76 1.08782
7 77 1.08782
7 78 1.18066
7 79 1.20802
7 80 1.20351
7 81 1.19574
7 82 1.08457
7 83 1.08457
7 84 1.08457
7 85 1.08457
7 86 1.08457
7 87 1.15363
7 88 1.17777
7 89 1.18224
7 90 1.17964
7 91 1.08008
7 92 1.08008
7 93 1.08008
7 94 1.08008
7 95 1.08008
7 96 1.12858
7 97 1.14569
7 98 1.15471
7 99 1.15709
7 100 1.07526
7 101 1.07526
7 102 1.07526
7 103 1.07526
7 104 1.07526
7 105 1.10804
7 106 1.12103
7 107 1.13065
7 108 1.13484
7 109 1.08137
7 110 1.08137
7 111 1.08137
7 112 1.08137
7 113 1.08137
7 114 1.12776
7 115 1.14343
7 116 1.15335
7 117 1.15621
7 118 1.07902
7 119 1.07902
7 120 1.07902
7 121 1.07902
7 122 1.07902
7 123 1.11683
7 124 1.13303
7 125 1.14405
7 126 1.1475
7 127 1.07559
7 128 1.07559
7 129 1.07559
7 130 1.07559
7 131 1.07559
7 132 1.1068
7 133 1.11981
7 134 1.13013
7 135 1.13429
7 136 1.07171
7 137 1.07171
7 138 1.07171
7 139 1.07171
7 140 1.07171
7 141 1.09586
7 142 1.10642
7 143 1.11534
7 144 1.11954
8 1 1.08278
8 2 1.08278
8 3 1.08278
8 4 1.08278
8 5 1.08278
8 6 1.38301
8 7 1.9667
8 8 6.02154
8 9 1.54132
8 10 1.07994
8 11 1.07994
8 12 1.07994
8 13 1.07994
8 14 1.07994
8 15 1.23883
8 16 1.3355
8 17 1.39483
8 18 1.33314
8 19 1.07623
8 20 1.07623
8 21 1.07623
8 22 1.07623
8 23 1.07623
8 24 1.16583
8 25 1.20755
8 26 1.23583
8 27 1.24217
8 28 1.07221
8 29 1.07221
8 30 1.07221
8 31 1.07221
8 32 1.07221
8 33 1.12802
8 34 1.15411
8 35 1.17605
8 36 1.18612
8 37 1.08191
8 38 1.08191
8 39 1.08191
8 40 1.08191
8 41 1.08191
8 42 1.22988
8 43 1.32287
8 44 1.38301
8 45 1.33291
8 46 1.07925
8 47 1.07925
8 48 1.07925
8 49 1.07925
8 50 1.07925
8 51 1.18906
8 52 1.24593
8 53 1.27955
8 54 1.27629
8 55 1.07579
8 56 1.07579
8 57 1.07579
8 58 1.07579
8 59 1.07579
8 60 1.149
8 61 1.1835
8 62 1.20984
8 63 1.21924
8 64 1.07198
8 65 1.07198
8 66 1.07198
8 67 1.07198
8 68 1.07198
8 69 1.12155
8 70 1.14507
8 71 1.16556
8 72 1.17528
8 73 1.07905
8 74 1.07905
8 75 1.07905
8 76 1.07905
8 77 1.07905
8 78 1.16022
8 79 1.20185
8 80 1.23168
8 81 1.24056
8 82 1.07681
8 83 1.07681
8 84 1.07681
8 85 1.07681
8 86 1.07681
8 87 1.14406
8 88 1.1811
8 89 1.20876
8 90 1.21802
8 91 1.07375
8 92 1.07375
8 93 1.07375
8 94 1.07375
8 95 1.07375
8 96 1.12753
8 97 1.154
8 98 1.17684
8 99 1.1869
8 100 1.07034
8 101 1.07034
8 102 1.07034
8 103 1.07034
8 104 1.07034
8 105 1.11091
8 106 1.13057
8 107 1.14842
8 108 1.15715
8 109 1.07509
8 110 1.07509
8 111 1.07509
8 112 1.07509
8 113 1.07509
8 114 1.12607
8 115 1.15102
8 116 1.1743
8 117 1.18389
8 118 1.07329
8 119 1.07329
8 120 1.07329
8 121 1.07329
8 122 1.07329
8 123 1.11715
8 124 1.14206
8 125 1.16414
8 126 1.17303
8 127 1.07069
8 128 1.07069
8 129 1.07069
8 130 1.07069
8 131 1.07069
8 132 1.10938
8 133 1.12909
8 134 1.14755
8 135 1.15599
8 136 1.06773
8 137 1.06773
8 138 1.06773
8 139 1.06773
8 140 1.06773
8 141 1.09947
8 142 1.11514
8 143 1.12977
8 144 1.13704
9 1 1.0763
9 2 1.0763
9 3 1.0763
9 4 1.0763
9 5 1.0763
9 6 1.20393
9 7 1.31168
9 8 1.54132
9 9 2.14119
9 10 1.07446
9 11 1.07446
9 12 1.07446
9 13 1.07446
9 14 1.07446
9 15 1.1789
9 16 1.24867
9 17 1.33385
9 18 1.38506
9 19 1.07201
9 20 1.07201
9 21 1.07201
9 22 1.07201
9 23 1.07201
9 24 1.14995
9 25 1.19487
9 26 1.24199
9 27 1.26682
9 28 1.06909
9 29 1.06909
9 30 1.06909
9 31 1.06909
9 32 1.06909
9 33 1.1256
9 34 1.15587
9 35 1.18579
9 36 1.2012
9 37 1.07633
9 38 1.07633
9 39 1.07633
9 40 1.07633
9 41 1.07633
9 42 1.17568
9 43 1.24391
9 44 1.32811
9 45 1.38165
9 46 1.07442
9 47 1.07442
9 48 1.07442
9 49 1.07442
9 50 1.07442
9 51 1.16118
9 52 1.21695
9 53 1.27626
9 54 1.30658
9 55 1.07196
9 56 1.07196
9 57 1.07196
9 58 1.07196
9 59 1.07196
9 60 1.14033
9 61 1.17915
9 62 1.21864
9 63 1.23858
9 64 1.06908
9 65 1.06908
9 66 1.06908
9 67 1.06908
9 68 1.06908
9 69 1.1205
9 70 1.14782
9 71 1.17461
9 72 1.18833
9 73 1.07472
9 74 1.07472
9 75 1.07472
9 76 1.07472
9 77 1.07472
9 78 1.14612
9 79 1.19085
9 80 1.23757
9 81 1.26225
9 82 1.07294
9 83 1.07294
9 84 1.07294
9 85 1.07294
9 86 1.07294
9 87 1.13615
9 88 1.1775
9 89 1.21753
9 90 1.23623
9 91 1.07056
9 92 1.07056
9 93 1.07056
9 94 1.07056
9 95 1.07056
9 96 1.12504
9 97 1.15555
9 98 1.18595
9 99 1.20096
9 100 1.06783
9 101 1.06783
9 102 1.06783
9 103 1.06783
9 104 1.06783
9 105 1.11133
9 106 1.13414
9 107 1.15636
9 108 1.16767
9 109 1.0719
9 110 1.0719
9 111 1.0719
9 112 1.0719
9 113 1.0719
9 114 1.1234
9 115 1.15242
9 116 1.18279
9 117 1.19667
9 118 1.07037
9 119 1.07037
9 120 1.07037
9 121 1.07037
9 122 1.07037
9 123 1.11586
9 124 1.1447
9 125 1.1726
9 126 1.18477
9 127 1.06817
9 128 1.06817
9 129 1.06817
9 130 1.06817
9 131 1.06817
9 132 1.10964
9 133 1.13248
9 134 1.15518
9 135 1.16602
9 136 1.06567
9 137 1.06567
9 138 1.06567
9 139 1.06567
9 140 1.06567
9 141 1.10062
9 142 1.11873
9 143 1.13628
9 144 1.14515
10 1 1.14666
10 2 1.14666
10 3 1.14666
10 4 1.14666
10 5 1.14666
10 6 1.1064
10 7 1.09163
10 8 1.07994
10 9 1.07446
10 10 1.30399
10 11 1.30399
10 12 1.30399
10 13 1.30399
10 14 1.30399
10 15 1.11737
10 16 1.09618
10 17 1.08164
10 18 1.07513
10 19 1.16146
10 20 1.16146
10 21 1.16146
10 22 1.16146
10 23 1.16146
10 24 1.10997
10 25 1.09326
10 26 1.08034
10 27 1.07429
10 28 1.12566
10 29 1.12566
10 30 1.12566
10 31 1.12566
10 32 1.12566
10 33 1.09879
10 34 1.08726
10 35 1.07734
10 36 1.07252
10 37 1.12896
10 38 1.12896
10 39 1.12896
10 40 1.12896
10 41 1.12896
10 42 1.10022
10 43 1.08867
10 44 1.07887
10 45 1.07441
10 46 1.14676
10 47 1.14676
10 48 1.14676
10 49 1.14676
10 50 1.14676
10 51 1.10657
10 52 1.09167
10 53 1.08005
10 54 1.07487
10 55 1.13493
10 56 1.13493
10 57 1.13493
10 58 1.13493
10 59 1.13493
10 60 1.10281
10 61 1.08989
10 62 1.07912
10 63 1.07398
10 64 1.11681
10 65 1.11681
10 66 1.11681
10 67 1.11681
10 68 1.11681
10 69 1.09507
10 70 1.08523
10 71 1.07654
10 72 1.07227
10 73 1.11142
10 74 1.11142
10 75 1.11142
10 76 1.11142
10 77 1.11142
10 78 1.09235
10 79 1.08391
10 80 1.07617
10 81 1.07283
10 82 1.11821
10 83 1.11821
10 84 1.11821
10 85 1.11821
10 86 1.11821
10 87 1.09582
10 88 1.08564
10 89 1.07689
10 90 1.0731
10 91 1.114
10 92 1.114
10 93 1.114
10 94 1.114
10 95 1.114
10 96 1.09371
10 97 1.08447
10 98 1.07619
10 99 1.07222
10 100 1.10482
10 101 1.10482
10 102 1.10482
10 103 1.10482
10 104 1.10482
10 105 1.08876
10 106 1.08109
10 107 1.07411
10 108 1.07065
10 109 1.09725
10 110 1.09725
10 111 1.09725
10 112 1.09725
10 113 1.09725
10 114 1.08477
10 115 1.07851
10 116 1.07268
10 117 1.07018
10 118 1.10048
10 119 1.10048
10 120 1.10048
10 121 1.10048
10 122 1.10048
10 123 1.08671
10 124 1.07945
10 125 1.07302
10 126 1.07032
10 127 1.09845
10 128 1.09845
10 129 1.09845
10 130 1.09845
10 131 1.09845
10 132 1.08508
10 133 1.07847
10 134 1.0724
10 135 1.06949
10 136 1.09337
10 137 1.09337
10 138 1.09337
10 139 1.09337
10 140 1.09337
10 141 1.0818
10 142 1.07607
10 143 1.07075
10 144 1.06809
11 1 1.14666
11 2 1.14666
11 3 1.14666
11 4 1.14666
11 5 1.14666
11 6 1.1064
11 7 1.09163
11 8 1.07994
11 9 1.07446
11 10 1.30399
11 11 1.30399
11 12 1.30399
11 13 1.30399
11 14 1.30399
11 15 1.11737
11 16 1.09618
11 17 1.08164
11 18 1.07513
11 19 1.16146
11 20 1.16146
11 21 1.16146
11 22 1.16146
11 23 1.16146
11 24 1.10997
11 25 1.09326
11 26 1.08034
11 27 1.07429
11 28 1.12566
11 29 1.12566
11 30 1.12566
11 31 1.12566
11 32 1.12566
11 33 1.09879
11 34 1.08726
11 35 1.07734
11 36 1.07252
11 37 1.12896
11 38 1.12896
11 39 1.12896
11 40 1.12896
11 41 1.12896
11 42 1.10022
11 43 1.08867
11 44 1.07887
11 45 1.07441
11 46 1.14676
11 47 1.14676
11 48 1.14676
11 49 1.14676
11 50 1.14676
11 51 1.10657
11 52 1.09167
11 53 1.08005
11 54 1.07487
11 55 1.13493
11 56 1.13493
11 57 1.13493
11 58 1.13493
11 59 1.13493
11 60 1.10281
11 61 1.08989
11 62 1.07912
11 63 1.07398
11 64 1.11681
11 65 1.11681
11 66 1.11681
11 67 1.11681
11 68 1.11681
11 69 1.09507
11 70 1.08523
11 71 1.07654
11 72 1.07227
11 73 1.11142
11 74 1.11142
11 75 1.11142
11 76 1.11142
11 77 1.11142
11 78 1.09235
11 79 1.08391
11 80 1.07617
11 81 1.07283
11 82 1.11821
11 83 1.11821
11 84 1.11821
11 85 1.11821
11 86 1.11821
11 87 1.09582
11 88 1.08564
11 89 1.07689
11 90 1.0731
11 91 1.114
11 92 1.114
11 93 1.114
11 94 1.114
11 95 1.114
11 96 1.09371
11 97 1.08447
11 98 1.07619
11 99 1.07222
11 100 1.10482
11 101 1.10482
11 102 1.10482
11 103 1.10482
11 104 1.10482
11 105 1.08876
11 106 1.08109
11 107 1.07411
11 108 1.07065
11 109 1.09725
11 110 1.09725
11 111 1.09725
11 112 1.09725
11 113 1.09725
11 114 1.08477
11 115 1.07851
11 116 1.07268
11 117 1.07018
11 118 1.10048
11 119 1.10048
11 120 1.10048
11 121 1.10048
11 122 1.10048
11 123 1.08671
11 124 1.07945
11 125 1.07302
11 126 1.07032
11 127 1.09845
11 128 1.09845
11 129 1.09845
11 130 1.09845
11 131 1.09845
11 132 1.08508
11 133 1.07847
11 134 1.0724
11 135 1.06949
11 136 1.09337
11 137 1.09337
11 138 1.09337
11 139 1.09337
11 140 1.09337
11 141 1.0818
11 142 1.07607
11 143 1.07075
11 144 1.06809
12 1 1.14666
12 2 1.14666
12 3 1.14666
12 4 1.14666
12 5 1.14666
12 6 1.1064
12 7 1.09163
12 8 1.07994
12 9 1.07446
12 10 1.30399
12 11 1.30399
12 12 1.30399
12 13 1.30399
12 14 1.30399
12 15 1.11737
12 16 1.09618
12 17 1.08164
12 18 1.07513
12 19 1.16146
12 20 1.16146
12 21 1.16146
12 22 1.16146
12 23 1.16146
12 24 1.10997
12 25 1.09326
12 26 1.08034
12 27 1.07429
12 28 1.12566
12 29 1.12566
12 30 1.12566
12 31 1.12566
12 32 1.12566
12 33 1.09879
12 34 1.08726
12 35 1.07734
12 36 1.07252
12 37 1.12896
12 38 1.12896
12 39 1.12896
12 40 1.12896
12 41 1.12896
12 42 1.10022
12 43 1.08867
12 44 1.07887
12 45 1.07441
12 46 1.14676
12 47 1.14676
12 48 1.14676
12 49 1.14676
12 50 1.14676
12 51 1.10657
12 52 1.09167
12 53 1.08005
12 54 1.07487
12 55 1.13493
12 56 1.13493
12 57 1.13493
12 58 1.13493
12 59 1.13493
12 60 1.10281
12 61 1.08989
12 62 1.07912
12 63 1.07398
12 64 1.11681
12 65 1.11681
12 66 1.11681
12 67 1.11681
12 68 1.11681
12 69 1.09507
12 70 1.08523
12 71 1.07654
12 72 1.07227
12 73 1.11142
12 74 1.11142
12 75 1.11142
12 76 1.11142
12 77 1.11142
12 78 1.09235
12 79 1.08391
12 80 1.07617
12 81 1.07283
12 82 1.11821
12 83 1.11821
12 84 1.11821
12 85 1.11821
12 86 1.11821
12 87 1.09582
12 88 1.08564
12 89 1.07689
12 90 1.0731
12 91 1.114
12 92 1.114
12 93 1.114
12 94 1.114
12 95 1.114
12 96 1.09371
12 97 1.08447
12 98 1.07619
12 99 1.07222
12 100 1.10482
12 101 1.10482
12 102 1.10482
12 103 1.10482
12 104 1.10482
12 105 1.08876
12 106 1.08109
12 107 1.07411
12 108 1.07065
12 109 1.09725
12 110 1.09725
12 111 1.09725
12 112 1.09725
12 113 1.09725
12 114 1.08477
12 115 1.07851
12 116 1.07268
12 117 1.07018
12 118 1.10048
12 119 1.10048
12 120 1.10048
12 121 1.10048
12 122 1.10048
12 123 1.08671
12 124 1.07945
12 125 1.07302
12 126 1.07032
12 127 1.09845
12 128 1.09845
12 129 1.09845
12 130 1.09845
12 131 1.09845
12 132 1.08508
12 133 1.07847
12 134 1.0724
12 135 1.06949
12 136 1.09337
12 137 1.09337
12 138 1.09337
12 139 1.09337
12 140 1.09337
12 141 1.0818
12 142 1.07607
12 143 1.07075
12 144 1.06809
13 1 1.14666
13 2 1.14666
13 3 1.14666
13 4 1.14666
13 5 1.14666
13 6 1.1064
13 7 1.09163
13 8 1.07994
13 9 1.07446
13 10 1.30399
13 11 1.30399
13 12 1.30399
13 13 1.30399
13 14 1.30399
13 15 1.11737
13 16 1.09618
13 17 1.08164
13 18 1.07513
13 19 1.16146
13 20 1.16146
13 21 1.16146
13 22 1.16146
13 23 1.16146
13 24 1.10997
13 25 1.09326
13 26 1.08034
13 27 1.07429
13 28 1.12566
13 29 1.12566
13 30 1.12566
13 31 1.12566
13 32 1.12566
13 33 1.09879
13 34 1.08726
13 35 1.07734
13 36 1.07252
13 37 1.12896
13 38 1.12896
13 39 1.12896
13 40 1.12896
13 41 1.12896
13 42 1.10022
13 43 1.08867
13 44 1.07887
13 45 1.07441
13 46 1.14676
13 47 1.14676
13 48 1.14676
13 49 1.14676
13 50 1.14676
13 51 1.10657
13 52 1.09167
13 53 1.08005
13 54 1.07487
13 55 1.13493
13 56 1.13493
13 57 1.13493
13 58 1.13493
13 59 1.13493
13 60 1.10281
13 61 1.08989
13 62 1.07912
13 63 1.07398
13 64 1.11681
13 65 1.11681
13 66 1.11681
13 67 1.11681
13 68 1.11681
13 69 1.09507
13 70 1.08523
13 71 1.07654
13 72 1.07227
13 73 1.11142
13 74 1.11142
13 75 1.11142
13 76 1.11142
13 77 1.11142
13 78 1.09235
13 79 1.08391
13 80 1.07617
13 81 1.07283
13 82 1.11821
13 83 1.11821
13 84 1.11821
13 85 1.11821
13 86 1.11821
13 87 1.09582
13 88 1.08564
13 89 1.07689
13 90 1.0731
13 91 1.114
13 92 1.114
13 93 1.114
13 94 1.114
13 95 1.114
13 96 1.09371
13 97 1.08447
13 98 1.07619
13 99 1.07222
13 100 1.10482
13 101 1.10482
13 102 1.10482
13 103 1.10482
13 104 1.10482
13 105 1.08876
13 106 1.08109
13 107 1.07411
13 108 1.07065
13 109 1.09725
13 110 1.09725
13 111 1.09725
13 112 1.09725
13 113 1.09725
13 114 1.08477
13 115 1.07851
13 116 1.07268
13 117 1.07018
13 118 1.10048
13 119 1.10048
13 120 1.10048
13 121 1.10048
13 122 1.10048
13 123 1.08671
13 124 1.07945
13 125 1.07302
13 126 1.07032
13 127 1.09845
13 128 1.09845
13 129 1.09845
13 130 1.09845
13 131 1.09845
13 132 1.08508
13 133 1.07847
13 134 1.0724
13 135 1.06949
13 136 1.09337
13 137 1.09337
13 138 1.09337
13 139 1.09337
13 140 1.09337
13 141 1.0818
13 142 1.07607
13 143 1.07075
13 144 1.06809
14 1 1.14666
14 2 1.14666
14 3 1.14666
14 4 1.14666
14 5 1.14666
14 6 1.1064
14 7 1.09163
14 8 1.07994
14 9 1.07446
14 10 1.30399
14 11 1.30399
14 12 1.30399
14 13 1.30399
14 14 1.30399
14 15 1.11737
14 16 1.09618
14 17 1.08164
14 18 1.07513
14 19 1.16146
14 20 1.16146
14 21 1.16146
14 22 1.16146
14 23 1.16146
14 24 1.10997
14 25 1.09326
14 26 1.08034
14 27 1.07429
14 28 1.12566
14 29 1.12566
14 30 1.12566
14 31 1.12566
14 32 1.12566
14 33 1.09879
14 34 1.08726
14 35 1.07734
14 36 1.07252
14 37 1.12896
14 38 1.12896
14 39 1.12896
14 40 1.12896
14 41 1.12896
14 42 1.10022
14 43 1.08867
14 44 1.07887
14 45 1.07441
14 46 1.14676
14 47 1.14676
14 48 1.14676
14 49 1.14676
14 50 1.14676
14 51 1.10657
14 52 1.09167
14 53 1.08005
14 54 1.07487
14 55 1.13493
14 56 1.13493
14 57 1.13493
14 58 1.13493
14 59 1.13493
14 60 1.10281
14 61 1.08989
14 62 1.07912
14 63 1.07398
14 64 1.11681
14 65 1.11681
14 66 1.11681
14 67 1.11681
14 68 1.11681
14 69 1.09507
14 70 1.08523
14 71 1.07654
14 72 1.07227
14 73 1.11142
14 74 1.11142
14 75 1.11142
14 76 1.11142
14 77 1.11142
14 78 1.09235
14 79 1.08391
14 80 1.07617
14 81 1.07283
14 82 1.11821
14 83 1.11821
14 84 1.11821
14 85 1.11821
14 86 1.11821
14 87 1.09582
14 88 1.08564
14 89 1.07689
14 90 1.0731
14 91 1.114
14 92 1.114
14 93 1.114
14 94 1.114
14 95 1.114
14 96 1.09371
14 97 1.08447
14 98 1.07619
14 99 1.07222
14 100 1.10482
14 101 1.10482
14 102 1.10482
14 103 1.10482
14 104 1.10482
14 105 1.08876
14 106 1.08109
14 107 1.07411
14 108 1.07065
14 109 1.09725
14 110 1.09725
14 111 1.09725
14 112 1.09725
14 113 1.09725
14 114 1.08477
14 115 1.07851
14 116 1.07268
14 117 1.07018
14 118 1.10048
14 119 1.10048
14 120 1.10048
14 121 1.10048
14 122 1.10048
14 123 1.08671
14 124 1.07945
14 125 1.07302
14 126 1.07032
14 127 1.09845
14 128 1.09845
14 129 1.09845
14 130 1.09845
14 131 1.09845
14 132 1.08508
14 133 1.07847
14 134 1.0724
14 135 1.06949
14 136 1.09337
14 137 1.09337
14 138 1.09337
14 139 1.09337
14 140 1.09337
14 141 1.0818
14 142 1.07607
14 143 1.07075
14 144 1.06809
15 1 1.10662
15 2 1.10662
15 3 1.10662
15 4 1.10662
15 5 1.10662
15 6 1.43506
15 7 1.35671
15 8 1.23883
15 9 1.1789
15 10 1.11737
15 11 1.11737
15 12 1.11737
15 13 1.11737
15 14 1.11737
15 15 6.90792
15 16 2.13297
15 17 1.38686
15 18 1.20363
15 19 1.10982
15 20 1.10982
15 21 1.10982
15 22 1.10982
15 23 1.10982
15 24 1.67642
15 25 1.48005
15 26 1.27877
15 27 1.18746
15 28 1.09859
15 29 1.09859
15 30 1.09859
15 31 1.09859
15 32 1.09859
15 33 1.24015
15 34 1.23
15 35 1.18602
15 36 1.159
15 37 1.10137
15 38 1.10137
15 39 1.10137
15 40 1.10137
15 41 1.10137
15 42 1.23782
15 43 1.2285
15 44 1.18754
15 45 1.16317
15 46 1.10703
15 47 1.10703
15 48 1.10703
15 49 1.10703
15 50 1.10703
15 51 1.42875
15 52 1.35204
15 53 1.23518
15 54 1.17887
15 55 1.10291
15 56 1.10291
15 57 1.10291
15 58 1.10291
15 59 1.10291
15 60 1.30383
15 61 1.27771
15 62 1.20836
15 63 1.16868
15 64 1.09496
15 65 1.09496
15 66 1.09496
15 67 1.09496
15 68 1.09496
15 69 1.18248
15 70 1.18369
15 71 1.16258
15 72 1.14809
15 73 1.09336
15 74 1.09336
15 75 1.09336
15 76 1.09336
15 77 1.09336
15 78 1.14787
15 79 1.15374
15 80 1.14651
15 81 1.14108
15 82 1.09635
15 83 1.09635
15 84 1.09635
15 85 1.09635
15 86 1.09635
15 87 1.17883
15 88 1.18279
15 89 1.16226
15 90 1.14976
15 91 1.09386
15 92 1.09386
15 93 1.09386
15 94 1.09386
15 95 1.09386
15 96 1.16601
15 97 1.16985
15 98 1.15486
15 99 1.14419
15 100 1.08871
15 101 1.08871
15 102 1.08871
15 103 1.08871
15 104 1.08871
15 105 1.13414
15 106 1.14009
15 107 1.13566
15 108 1.13143
15 109 1.08517
15 110 1.08517
15 111 1.08517
15 112 1.08517
15 113 1.08517
15 114 1.1117
15 115 1.11736
15 116 1.12012
15 117 1.12036
15 118 1.08683
15 119 1.08683
15 120 1.08683
15 121 1.08683
15 122 1.08683
15 123 1.11779
15 124 1.12525
15 125 1.12583
15 126 1.12506
15 127 1.0852
15 128 1.0852
15 129 1.0852
15 130 1.0852
15 131 1.0852
15 132 1.11558
15 133 1.12215
15 134 1.12283
15 135 1.12203
15 136 1.08181
15 137 1.08181
15 138 1.08181
15 139 1.08181
15 140 1.08181
15 141 1.10572
15 142 1.11191
15 143 1.1141
15 144 1.11442
16 1 1.09177
16 2 1.09177
16 3 1.09177
16 4 1.09177
16 5 1.09177
16 6 1.35675
16 7 1.45585
16 8 1.3355
16 9 1.24867
16 10 1.09618
16 11 1.09618
16 12 1.09618
16 13 1.09618
16 14 1.09618
16 15 2.13297
16 16 6.8966
16 17 1.9784
16 18 1.31208
16 19 1.09303
16 20 1.09303
16 21 1.09303
16 22 1.09303
16 23 1.09303
16 24 1.47911
16 25 1.69276
16 26 1.42663
16 27 1.26781
16 28 1.08698
16 29 1.08698
16 30 1.08698
16 31 1.08698
16 32 1.08698
16 33 1.22972
16 34 1.26611
16 35 1.23811
16 36 1.21112
16 37 1.08939
16 38 1.08939
16 39 1.08939
16 40 1.08939
16 41 1.08939
16 42 1.22642
16 43 1.26468
16 44 1.24152
16 45 1.21724
16 46 1.09222
16 47 1.09222
16 48 1.09222
16 49 1.09222
16 50 1.09222
16 51 1.35065
16 52 1.45084
16 53 1.3304
16 54 1.24843
16 55 1.08985
16 56 1.08985
16 57 1.08985
16 58 1.08985
16 59 1.08985
16 60 1.27653
16 61 1.32907
16 62 1.27508
16 63 1.22848
16 64 1.08503
16 65 1.08503
16 66 1.08503
16 67 1.08503
16 68 1.08503
16 69 1.18349
16 70 1.20865
16 71 1.20221
16 72 1.1919
16 73 1.08461
16 74 1.08461
16 75 1.08461
16 76 1.08461
16 77 1.08461
16 78 1.15169
16 79 1.17375
16 80 1.17975
16 81 1.17919
16 82 1.08628
16 83 1.08628
16 84 1.08628
16 85 1.08628
16 86 1.08628
16 87 1.178
16 88 1.209
16 89 1.20331
16 90 1.19436
16 91 1.0845
16 92 1.0845
16 93 1.0845
16 94 1.0845
16 95 1.0845
16 96 1.16846
16 97 1.1926
16 98 1.1915
16 99 1.18537
16 100 1.08098
16 101 1.08098
16 102 1.08098
16 103 1.08098
16 104 1.08098
16 105 1.13999
16 106 1.15813
16 107 1.16439
16 108 1.16491
16 109 1.07895
16 110 1.07895
16 111 1.07895
16 112 1.07895
16 113 1.07895
16 114 1.11733
16 115 1.13148
16 116 1.14298
16 117 1.14691
16 118 1.07996
16 119 1.07996
16 120 1.07996
16 121 1.07996
16 122 1.07996
16 123 1.12279
16 124 1.141
16 125 1.15132
16 126 1.15464
16 127 1.0786
16 128 1.0786
16 129 1.0786
16 130 1.0786
16 131 1.0786
16 132 1.12141
16 133 1.13735
16 134 1.14699
16 135 1.15037
16 136 1.07603
16 137 1.07603
16 138 1.07603
16 139 1.07603
16 140 1.07603
16 141 1.11185
16 142 1.12556
16 143 1.13511
16 144 1.13909
17 1 1.07999
17 2 1.07999
17 3 1.07999
17 4 1.07999
17 5 1.07999
17 6 1.23848
17 7 1.33503
17 8 1.39483
17 9 1.33385
17 10 1.08164
17 11 1.08164
17 12 1.08164
17 13 1.08164
17 14 1.08164
17 15 1.38686
17 16 1.9784
17 17 6.09637
17 18 1.54214
17 19 1.08018
17 20 1.08018
17 21 1.08018
17 22 1.08018
17 23 1.08018
17 24 1.27708
17 25 1.42349
17 26 1.54674
17 27 1.37563
17 28 1.07715
17 29 1.07715
17 30 1.07715
17 31 1.07715
17 32 1.07715
17 33 1.18542
17 34 1.23713
17 35 1.26808
17 36 1.26727
17 37 1.07936
17 38 1.07936
17 39 1.07936
17 40 1.07936
17 41 1.07936
17 42 1.18466
17 43 1.2392
17 44 1.27514
17 45 1.27585
17 46 1.08047
17 47 1.08047
17 48 1.08047
17 49 1.08047
17 50 1.08047
17 51 1.23484
17 52 1.33299
17 53 1.39043
17 54 1.3331
17 55 1.07912
17 56 1.07912
17 57 1.07912
17 58 1.07912
17 59 1.07912
17 60 1.20706
17 61 1.27389
17 62 1.31078
17 63 1.29613
17 64 1.07643
17 65 1.07643
17 66 1.07643
17 67 1.07643
17 68 1.07643
17 69 1.16223
17 70 1.20161
17 71 1.22899
17 72 1.237
17 73 1.07687
17 74 1.07687
17 75 1.07687
17 76 1.07687
17 77 1.07687
17 78 1.14305
17 79 1.17735
17 80 1.2058
17 81 1.21711
17 82 1.07758
17 83 1.07758
17 84 1.07758
17 85 1.07758
17 86 1.07758
17 87 1.1575
17 88 1.20268
17 89 1.23242
17 90 1.24046
17 91 1.07633
17 92 1.07633
17 93 1.07633
17 94 1.07633
17 95 1.07633
17 96 1.15308
17 97 1.19036
17 98 1.21791
17 99 1.22734
17 100 1.07408
17 101 1.07408
17 102 1.07408
17 103 1.07408
17 104 1.07408
17 105 1.13538
17 106 1.16392
17 107 1.18745
17 108 1.19791
17 109 1.07327
17 110 1.07327
17 111 1.07327
17 112 1.07327
17 113 1.07327
17 114 1.11818
17 115 1.14053
17 116 1.1629
17 117 1.17222
17 118 1.07375
17 119 1.07375
17 120 1.07375
17 121 1.07375
17 122 1.07375
17 123 1.12152
17 124 1.14934
17 125 1.1731
17 126 1.18332
17 127 1.07264
17 128 1.07264
17 129 1.07264
17 130 1.07264
17 131 1.07264
17 132 1.12119
17 133 1.14574
17 134 1.16766
17 135 1.17784
17 136 1.07077
17 137 1.07077
17 138 1.07077
17 139 1.07077
17 140 1.07077
17 141 1.11383
17 142 1.13469
17 143 1.15354
17 144 1.16276
18 1 1.07447
18 2 1.07447
18 3 1.07447
18 4 1.07447
18 5 1.07447
18 6 1.17835
18 7 1.24781
18 8 1.33314
18 9 1.38506
18 10 1.07513
18 11 1.07513
18 12 1.07513
18 13 1.07513
18 14 1.07513
18 15 1.20363
18 16 1.31208
18 17 1.54214
18 18 2.14222
18 19 1.0743
18 20 1.0743
18 21 1.0743
18 22 1.0743
18 23 1.0743
18 24 1.18775
18 25 1.26766
18 26 1.37656
18 27 1.45368
18 28 1.07251
18 29 1.07251
18 30 1.07251
18 31 1.07251
18 32 1.07251
18 33 1.15928
18 34 1.211
18 35 1.26768
18 36 1.29896
18 37 1.07452
18 38 1.07452
18 39 1.07452
18 40 1.07452
18 41 1.07452
18 42 1.15876
18 43 1.21222
18 44 1.27246
18 45 1.30574
18 46 1.07496
18 47 1.07496
18 48 1.07496
18 49 1.07496
18 50 1.07496
18 51 1.17617
18 52 1.24738
18 53 1.3316
18 54 1.38338
18 55 1.07405
18 56 1.07405
18 57 1.07405
18 58 1.07405
18 59 1.07405
18 60 1.16791
18 61 1.22748
18 62 1.29574
18 63 1.33429
18 64 1.07229
18 65 1.07229
18 66 1.07229
18 67 1.07229
18 68 1.07229
18 69 1.14807
18 70 1.19142
18 71 1.23684
18 72 1.26103
18 73 1.07303
18 74 1.07303
18 75 1.07303
18 76 1.07303
18 77 1.07303
18 78 1.1358
18 79 1.17436
18 80 1.21469
18 81 1.23515
18 82 1.07334
18 83 1.07334
18 84 1.07334
18 85 1.07334
18 86 1.07334
18 87 1.14354
18 88 1.19146
18 89 1.23884
18 90 1.26353
18 91 1.07236
18 92 1.07236
18 93 1.07236
18 94 1.07236
18 95 1.07236
18 96 1.14207
18 97 1.18334
18 98 1.22625
18 99 1.24873
18 100 1.07071
18 101 1.07071
18 102 1.07071
18 103 1.07071
18 104 1.07071
18 105 1.13109
18 106 1.16414
18 107 1.19744
18 108 1.21474
18 109 1.07038
18 110 1.07038
18 111 1.07038
18 112 1.07038
18 113 1.07038
18 114 1.11723
18 115 1.14336
18 116 1.17144
18 117 1.18398
18 118 1.07063
18 119 1.07063
18 120 1.07063
18 121 1.07063
18 122 1.07063
18 123 1.11932
18 124 1.15134
18 125 1.18237
18 126 1.19704
18 127 1.06967
18 128 1.06967
18 129 1.06967
18 130 1.06967
18 131 1.06967
18 132 1.11968
18 133 1.14816
18 134 1.17683
18 135 1.19127
18 136 1.06816
18 137 1.06816
18 138 1.06816
18 139 1.06816
18 140 1.06816
18 141 1.11392
18 142 1.13823
18 143 1.1622
18 144 1.17449
19 1 1.11793
19 2 1.11793
19 3 1.11793
19 4 1.11793
19 5 1.11793
19 6 1.0951
19 7 1.08494
19 8 1.07623
19 9 1.07201
19 10 1.16146
19 11 1.16146
19 12 1.16146
19 13 1.16146
19 14 1.16146
19 15 1.10982
19 16 1.09303
19 17 1.08018
19 18 1.0743
19 19 1.30407
19 20 1.30407
19 21 1.30407
19 22 1.30407
19 23 1.30407
19 24 1.11745
19 25 1.09631
19 26 1.0816
19 27 1.07491
19 28 1.16184
19 29 1.16184
19 30 1.16184
19 31 1.16184
19 32 1.16184
19 33 1.11031
19 34 1.09357
19 35 1.08054
19 36 1.07442
19 37 1.11125
19 38 1.11125
19 39 1.11125
19 40 1.11125
19 41 1.11125
19 42 1.09171
19 43 1.08309
19 44 1.07553
19 45 1.07202
19 46 1.13489
19 47 1.13489
19 48 1.13489
19 49 1.13489
19 50 1.13489
19 51 1.10247
19 52 1.08937
19 53 1.07876
19 54 1.07403
19 55 1.1469
19 56 1.1469
19 57 1.1469
19 58 1.1469
19 59 1.1469
19 60 1.10663
19 61 1.09192
19 62 1.08007
19 63 1.0745
19 64 1.13534
19 65 1.13534
19 66 1.13534
19 67 1.13534
19 68 1.13534
19 69 1.10319
19 70 1.09017
19 71 1.07926
19 72 1.07402
19 73 1.10127
19 74 1.10127
19 75 1.10127
19 76 1.10127
19 77 1.10127
19 78 1.08645
19 79 1.07962
19 80 1.07336
19 81 1.07062
19 82 1.11391
19 83 1.11391
19 84 1.11391
19 85 1.11391
19 86 1.11391
19 87 1.09334
19 88 1.08398
19 89 1.0758
19 90 1.0723
19 91 1.11837
19 92 1.11837
19 93 1.11837
19 94 1.11837
19 95 1.11837
19 96 1.09562
19 97 1.08567
19 98 1.07683
19 99 1.07263
19 100 1.11444
19 101 1.11444
19 102 1.11444
19 103 1.11444
19 104 1.11444
19 105 1.09393
19 106 1.08458
19 107 1.07626
19 108 1.07218
19 109 1.09112
19 110 1.09112
19 111 1.09112
19 112 1.09112
19 113 1.09112
19 114 1.08071
19 115 1.0753
19 116 1.07036
19 117 1.06823
19 118 1.09835
19 119 1.09835
19 120 1.09835
19 121 1.09835
19 122 1.09835
19 123 1.08498
19 124 1.07819
19 125 1.0721
19 126 1.06959
19 127 1.10063
19 128 1.10063
19 129 1.10063
19 130 1.10063
19 131 1.10063
19 132 1.08606
19 133 1.07916
19 134 1.0728
19 135 1.06981
19 136 1.09888
19 137 1.09888
19 138 1.09888
19 139 1.09888
19 140 1.09888
19 141 1.08511
19 142 1.07849
19 143 1.07241
19 144 1.06939
20 1 1.11793
20 2 1.11793
20 3 1.11793
20 4 1.11793
20 5 1.11793
20 6 1.0951
20 7 1.08494
20 8 1.07623
20 9 1.07201
20 10 1.16146
20 11 1.16146
20 12 1.16146
20 13 1.16146
20 14 1.16146
20 15 1.10982
20 16 1.09303
20 17 1.08018
20 18 1.0743
20 19 1.30407
20 20 1.30407
20 21 1.30407
20 22 1.30407
20 23 1.30407
20 24 1.11745
20 25 1.09631
20 26 1.0816
20 27 1.07491
20 28 1.16184
20 29 1.16184
20 30 1.16184
20 31 1.16184
20 32 1.16184
20 33 1.11031
20 34 1.09357
20 35 1.08054
20 36 1.07442
20 37 1.11125
20 38 1.11125
20 39 1.11125
20 40 1.11125
20 41 1.11125
20 42 1.09171
20 43 1.08309
20 44 1.07553
20 45 1.07202
20 46 1.13489
20 47 1.13489
20 48 1.13489
20 49 1.13489
20 50 1.13489
20 51 1.10247
20 52 1.08937
20 53 1.07876
20 54 1.07403
20 55 1.1469
20 56 1.1469
20 57 1.1469
20 58 1.1469
20 59 1.1469
20 60 1.10663
20 61 1.09192
20 62 1.08007
20 63 1.0745
20 64 1.13534
20 65 1.13534
20 66 1.13534
20 67 1.13534
20 68 1.13534
20 69 1.10319
20 70 1.09017
20 71 1.07926
20 72 1.07402
20 73 1.10127
20 74 1.10127
20 75 1.10127
20 76 1.10127
20 77 1.10127
20 78 1.08645
20 79 1.07962
20 80 1.07336
20 81 1.07062
20 82 1.11391
20 83 1.11391
20 84 1.11391
20 85 1.11391
20 86 1.11391
20 87 1.09334
20 88 1.08398
20 89 1.0758
20 90 1.0723
20 91 1.11837
20 92 1.11837
20 93 1.11837
20 94 1.11837
20 95 1.11837
20 96 1.09562
20 97 1.08567
20 98 1.07683
20 99 1.07263
20 100 1.11444
20 101 1.11444
20 102 1.11444
20 103 1.11444
20 104 1.11444
20 105 1.09393
20 106 1.08458
20 107 1.07626
20 108 1.07218
20 109 1.09112
20 110 1.09112
20 111 1.09112
20 112 1.09112
20 113 1.09112
20 114 1.08071
20 115 1.0753
20 116 1.07036
20 117 1.06823
20 118 1.09835
20 119 1.09835
20 120 1.09835
20 121 1.09835
20 122 1.09835
20 123 1.08498
20 124 1.07819
20 125 1.0721
20 126 1.06959
20 127 1.10063
20 128 1.10063
20 129 1.10063
20 130 1.10063
20 131 1.10063
20 132 1.08606
20 133 1.07916
20 134 1.0728
20 135 1.06981
20 136 1.09888
20 137 1.09888
20 138 1.09888
20 139 1.09888
20 140 1.09888
20 141 1.08511
20 142 1.07849
20 143 1.07241
20 144 1.06939
21 1 1.11793
21 2 1.11793
21 3 1.11793
21 4 1.11793
21 5 1.11793
21 6 1.0951
21 7 1.08494
21 8 1.07623
21 9 1.07201
21 10 1.16146
21 11 1.16146
21 12 1.16146
21 13 1.16146
21 14 1.16146
21 15 1.10982
21 16 1.09303
21 17 1.08018
21 18 1.0743
21 19 1.30407
21 20 1.30407
21 21 1.30407
21 22 1.30407
21 23 1.30407
21 24 1.11745
21 25 1.09631
21 26 1.0816
21 27 1.07491
21 28 1.16184
21 29 1.16184
21 30 1.16184
21 31 1.16184
21 32 1.16184
21 33 1.11031
21 34 1.09357
21 35 1.08054
21 36 1.07442
21 37 1.11125
21 38 1.11125
21 39 1.11125
21 40 1.11125
