injected_el measured_el potential
1 1 1.30405
1 2 1.30405
1 3 1.30405
1 4 1.30405
1 5 1.30405
1 6 1.11701
1 7 1.09897
1 8 1.0852
1 9 1.07823
1 10 1.14585
1 11 1.14585
1 12 1.14585
1 13 1.14585
1 14 1.14585
1 15 1.10826
1 16 1.09319
1 17 1.08174
1 18 1.07699
1 19 1.11741
1 20 1.11741
1 21 1.11741
1 22 1.11741
1 23 1.11741
1 24 1.09637
1 25 1.08672
1 26 1.07842
1 27 1.07417
1 28 1.10008
1 29 1.10008
1 30 1.10008
1 31 1.10008
1 32 1.10008
1 33 1.08708
1 34 1.08034
1 35 1.07396
1 36 1.07074
1 37 1.14703
1 38 1.14703
1 39 1.14703
1 40 1.14703
1 41 1.14703
1 42 1.10518
1 43 1.09377
1 44 1.08401
1 45 1.07844
1 46 1.12817
1 47 1.12817
1 48 1.12817
1 49 1.12817
1 50 1.12817
1 51 1.10144
1 52 1.0913
1 53 1.08178
1 54 1.07737
1 55 1.11078
1 56 1.11078
1 57 1.11078
1 58 1.11078
1 59 1.11078
1 60 1.09439
1 61 1.08662
1 62 1.07872
1 63 1.07447
1 64 1.09704
1 65 1.09704
1 66 1.09704
1 67 1.09704
1 68 1.09704
1 69 1.08614
1 70 1.08007
1 71 1.07404
1 72 1.07095
1 73 1.11882
1 74 1.11882
1 75 1.11882
1 76 1.11882
1 77 1.11882
1 78 1.09507
1 79 1.0875
1 80 1.08098
1 81 1.07644
1 82 1.11101
1 83 1.11101
1 84 1.11101
1 85 1.11101
1 86 1.11101
1 87 1.09308
1 88 1.08642
1 89 1.07962
1 90 1.07553
1 91 1.10101
1 92 1.10101
1 93 1.10101
1 94 1.10101
1 95 1.10101
1 96 1.08962
1 97 1.08341
1 98 1.07674
1 99 1.0729
1 100 1.09124
1 101 1.09124
1 102 1.09124
1 103 1.09124
1 104 1.09124
1 105 1.08239
1 106 1.0774
1 107 1.07228
1 108 1.06961
1 109 1.10135
1 110 1.10135
1 111 1.10135
1 112 1.10135
1 113 1.10135
1 114 1.08652
1 115 1.0818
1 116 1.07682
1 117 1.07311
1 118 1.09712
1 119 1.09712
1 120 1.09712
1 121 1.09712
1 122 1.09712
1 123 1.08477
1 124 1.08071
1 125 1.07587
1 126 1.0723
1 127 1.09106
1 128 1.09106
1 129 1.09106
1 130 1.09106
1 131 1.09106
1 132 1.08248
1 133 1.07831
1 134 1.07328
1 135 1.07008
1 136 1.0843
1 137 1.0843
1 138 1.0843
1 139 1.0843
1 140 1.0843
1 141 1.07724
1 142 1.07343
1 143 1.06937
1 144 1.0672
2 1 1.30405
2 2 1.30405
2 3 1.30405
2 4 1.30405
2 5 1.30405
2 6 1.11701
2 7 1.09897
2 8 1.0852
2 9 1.07823
2 10 1.14585
2 11 1.14585
2 12 1.14585
2 13 1.14585
2 14 1.14585
2 15 1.10826
2 16 1.09319
2 17 1.08174
2 18 1.07699
2 19 1.11741
2 20 1.11741
2 21 1.11741
2 22 1.11741
2 23 1.11741
2 24 1.09637
2 25 1.08672
2 26 1.07842
2 27 1.07417
2 28 1.10008
2 29 1.10008
2 30 1.10008
2 31 1.10008
2 32 1.10008
2 33 1.08708
2 34 1.08034
2 35 1.07396
2 36 1.07074
2 37 1.14703
2 38 1.14703
2 39 1.14703
2 40 1.14703
2 41 1.14703
2 42 1.10518
2 43 1.09377
2 44 1.08401
2 45 1.07844
2 46 1.12817
2 47 1.12817
2 48 1.12817
2 49 1.12817
2 50 1.12817
2 51 1.10144
2 52 1.0913
2 53 1.08178
2 54 1.07737
2 55 1.11078
2 56 1.11078
2 57 1.11078
2 58 1.11078
2 59 1.11078
2 60 1.09439
2 61 1.08662
2 62 1.07872
2 63 1.07447
2 64 1.09704
2 65 1.09704
2 66 1.09704
2 67 1.09704
2 68 1.09704
2 69 1.08614
2 70 1.08007
2 71 1.07404
2 72 1.07095
2 73 1.11882
2 74 1.11882
2 75 1.11882
2 76 1.11882
2 77 1.11882
2 78 1.09507
2 79 1.0875
2 80 1.08098
2 81 1.07644
2 82 1.11101
2 83 1.11101
2 84 1.11101
2 85 1.11101
2 86 1.11101
2 87 1.09308
2 88 1.08642
2 89 1.07962
2 90 1.07553
2 91 1.10101
2 92 1.10101
2 93 1.10101
2 94 1.10101
2 95 1.10101
2 96 1.08962
2 97 1.08341
2 98 1.07674
2 99 1.0729
2 100 1.09124
2 101 1.09124
2 102 1.09124
2 103 1.09124
2 104 1.09124
2 105 1.08239
2 106 1.0774
2 107 1.07228
2 108 1.06961
2 109 1.10135
2 110 1.10135
2 111 1.10135
2 112 1.10135
2 113 1.10135
2 114 1.08652
2 115 1.0818
2 116 1.07682
2 117 1.07311
2 118 1.09712
2 119 1.09712
2 120 1.09712
2 121 1.09712
2 122 1.09712
2 123 1.08477
2 124 1.08071
2 125 1.07587
2 126 1.0723
2 127 1.09106
2 128 1.09106
2 129 1.09106
2 130 1.09106
2 131 1.09106
2 132 1.08248
2 133 1.07831
2 134 1.07328
2 135 1.07008
2 136 1.0843
2 137 1.0843
2 138 1.0843
2 139 1.0843
2 140 1.0843
2 141 1.07724
2 142 1.07343
2 143 1.06937
2 144 1.0672
3 1 1.30405
3 2 1.30405
3 3 1.30405
3 4 1.30405
3 5 1.30405
3 6 1.11701
3 7 1.09897
3 8 1.0852
3 9 1.07823
3 10 1.14585
3 11 1.14585
3 12 1.14585
3 13 1.14585
3 14 1.14585
3 15 1.10826
3 16 1.09319
3 17 1.08174
3 18 1.07699
3 19 1.11741
3 20 1.11741
3 21 1.11741
3 22 1.11741
3 23 1.11741
3 24 1.09637
3 25 1.08672
3 26 1.07842
3 27 1.07417
3 28 1.10008
3 29 1.10008
3 30 1.10008
3 31 1.10008
3 32 1.10008
3 33 1.08708
3 34 1.08034
3 35 1.07396
3 36 1.07074
3 37 1.14703
3 38 1.14703
3 39 1.14703
3 40 1.14703
3 41 1.14703
3 42 1.10518
3 43 1.09377
3 44 1.08401
3 45 1.07844
3 46 1.12817
3 47 1.12817
3 48 1.12817
3 49 1.12817
3 50 1.12817
3 51 1.10144
3 52 1.0913
3 53 1.08178
3 54 1.07737
3 55 1.11078
3 56 1.11078
3 57 1.11078
3 58 1.11078
3 59 1.11078
3 60 1.09439
3 61 1.08662
3 62 1.07872
3 63 1.07447
3 64 1.09704
3 65 1.09704
3 66 1.09704
3 67 1.09704
3 68 1.09704
3 69 1.08614
3 70 1.08007
3 71 1.07404
3 72 1.07095
3 73 1.11882
3 74 1.11882
3 75 1.11882
3 76 1.11882
3 77 1.11882
3 78 1.09507
3 79 1.0875
3 80 1.08098
3 81 1.07644
3 82 1.11101
3 83 1.11101
3 84 1.11101
3 85 1.11101
3 86 1.11101
3 87 1.09308
3 88 1.08642
3 89 1.07962
3 90 1.07553
3 91 1.10101
3 92 1.10101
3 93 1.10101
3 94 1.10101
3 95 1.10101
3 96 1.08962
3 97 1.08341
3 98 1.07674
3 99 1.0729
3 100 1.09124
3 101 1.09124
3 102 1.09124
3 103 1.09124
3 104 1.09124
3 105 1.08239
3 106 1.0774
3 107 1.07228
3 108 1.06961
3 109 1.10135
3 110 1.10135
3 111 1.10135
3 112 1.10135
3 113 1.10135
3 114 1.08652
3 115 1.0818
3 116 1.07682
3 117 1.07311
3 118 1.09712
3 119 1.09712
3 120 1.09712
3 121 1.09712
3 122 1.09712
3 123 1.08477
3 124 1.08071
3 125 1.07587
3 126 1.0723
3 127 1.09106
3 128 1.09106
3 129 1.09106
3 130 1.09106
3 131 1.09106
3 132 1.08248
3 133 1.07831
3 134 1.07328
3 135 1.07008
3 136 1.0843
3 137 1.0843
3 138 1.0843
3 139 1.0843
3 140 1.0843
3 141 1.07724
3 142 1.07343
3 143 1.06937
3 144 1.0672
4 1 1.30405
4 2 1.30405
4 3 1.30405
4 4 1.30405
4 5 1.30405
4 6 1.11701
4 7 1.09897
4 8 1.0852
4 9 1.07823
4 10 1.14585
4 11 1.14585
4 12 1.14585
4 13 1.14585
4 14 1.14585
4 15 1.10826
4 16 1.09319
4 17 1.08174
4 18 1.07699
4 19 1.11741
4 20 1.11741
4 21 1.11741
4 22 1.11741
4 23 1.11741
4 24 1.09637
4 25 1.08672
4 26 1.07842
4 27 1.07417
4 28 1.10008
4 29 1.10008
4 30 1.10008
4 31 1.10008
4 32 1.10008
4 33 1.08708
4 34 1.08034
4 35 1.07396
4 36 1.07074
4 37 1.14703
4 38 1.14703
4 39 1.14703
4 40 1.14703
4 41 1.14703
4 42 1.10518
4 43 1.09377
4 44 1.08401
4 45 1.07844
4 46 1.12817
4 47 1.12817
4 48 1.12817
4 49 1.12817
4 50 1.12817
4 51 1.10144
4 52 1.0913
4 53 1.08178
4 54 1.07737
4 55 1.11078
4 56 1.11078
4 57 1.11078
4 58 1.11078
4 59 1.11078
4 60 1.09439
4 61 1.08662
4 62 1.07872
4 63 1.07447
4 64 1.09704
4 65 1.09704
4 66 1.09704
4 67 1.09704
4 68 1.09704
4 69 1.08614
4 70 1.08007
4 71 1.07404
4 72 1.07095
4 73 1.11882
4 74 1.11882
4 75 1.11882
4 76 1.11882
4 77 1.11882
4 78 1.09507
4 79 1.0875
4 80 1.08098
4 81 1.07644
4 82 1.11101
4 83 1.11101
4 84 1.11101
4 85 1.11101
4 86 1.11101
4 87 1.09308
4 88 1.08642
4 89 1.07962
4 90 1.07553
4 91 1.10101
4 92 1.10101
4 93 1.10101
4 94 1.10101
4 95 1.10101
4 96 1.08962
4 97 1.08341
4 98 1.07674
4 99 1.0729
4 100 1.09124
4 101 1.09124
4 102 1.09124
4 103 1.09124
4 104 1.09124
4 105 1.08239
4 106 1.0774
4 107 1.07228
4 108 1.06961
4 109 1.10135
4 110 1.10135
4 111 1.10135
4 112 1.10135
4 113 1.10135
4 114 1.08652
4 115 1.0818
4 116 1.07682
4 117 1.07311
4 118 1.09712
4 119 1.09712
4 120 1.09712
4 121 1.09712
4 122 1.09712
4 123 1.08477
4 124 1.08071
4 125 1.07587
4 126 1.0723
4 127 1.09106
4 128 1.09106
4 129 1.09106
4 130 1.09106
4 131 1.09106
4 132 1.08248
4 133 1.07831
4 134 1.07328
4 135 1.07008
4 136 1.0843
4 137 1.0843
4 138 1.0843
4 139 1.0843
4 140 1.0843
4 141 1.07724
4 142 1.07343
4 143 1.06937
4 144 1.0672
5 1 1.30405
5 2 1.30405
5 3 1.30405
5 4 1.30405
5 5 1.30405
5 6 1.11701
5 7 1.09897
5 8 1.0852
5 9 1.07823
5 10 1.14585
5 11 1.14585
5 12 1.14585
5 13 1.14585
5 14 1.14585
5 15 1.10826
5 16 1.09319
5 17 1.08174
5 18 1.07699
5 19 1.11741
5 20 1.11741
5 21 1.11741
5 22 1.11741
5 23 1.11741
5 24 1.09637
5 25 1.08672
5 26 1.07842
5 27 1.07417
5 28 1.10008
5 29 1.10008
5 30 1.10008
5 31 1.10008
5 32 1.10008
5 33 1.08708
5 34 1.08034
5 35 1.07396
5 36 1.07074
5 37 1.14703
5 38 1.14703
5 39 1.14703
5 40 1.14703
5 41 1.14703
5 42 1.10518
5 43 1.09377
5 44 1.08401
5 45 1.07844
5 46 1.12817
5 47 1.12817
5 48 1.12817
5 49 1.12817
5 50 1.12817
5 51 1.10144
5 52 1.0913
5 53 1.08178
5 54 1.07737
5 55 1.11078
5 56 1.11078
5 57 1.11078
5 58 1.11078
5 59 1.11078
5 60 1.09439
5 61 1.08662
5 62 1.07872
5 63 1.07447
5 64 1.09704
5 65 1.09704
5 66 1.09704
5 67 1.09704
5 68 1.09704
5 69 1.08614
5 70 1.08007
5 71 1.07404
5 72 1.07095
5 73 1.11882
5 74 1.11882
5 75 1.11882
5 76 1.11882
5 77 1.11882
5 78 1.09507
5 79 1.0875
5 80 1.08098
5 81 1.07644
5 82 1.11101
5 83 1.11101
5 84 1.11101
5 85 1.11101
5 86 1.11101
5 87 1.09308
5 88 1.08642
5 89 1.07962
5 90 1.07553
5 91 1.10101
5 92 1.10101
5 93 1.10101
5 94 1.10101
5 95 1.10101
5 96 1.08962
5 97 1.08341
5 98 1.07674
5 99 1.0729
5 100 1.09124
5 101 1.09124
5 102 1.09124
5 103 1.09124
5 104 1.09124
5 105 1.08239
5 106 1.0774
5 107 1.07228
5 108 1.06961
5 109 1.10135
5 110 1.10135
5 111 1.10135
5 112 1.10135
5 113 1.10135
5 114 1.08652
5 115 1.0818
5 116 1.07682
5 117 1.07311
5 118 1.09712
5 119 1.09712
5 120 1.09712
5 121 1.09712
5 122 1.09712
5 123 1.08477
5 124 1.08071
5 125 1.07587
5 126 1.0723
5 127 1.09106
5 128 1.09106
5 129 1.09106
5 130 1.09106
5 131 1.09106
5 132 1.08248
5 133 1.07831
5 134 1.07328
5 135 1.07008
5 136 1.0843
5 137 1.0843
5 138 1.0843
5 139 1.0843
5 140 1.0843
5 141 1.07724
5 142 1.07343
5 143 1.06937
5 144 1.0672
6 1 1.11701
6 2 1.11701
6 3 1.11701
6 4 1.11701
6 5 1.11701
6 6 5.14655
6 7 1.90217
6 8 1.35937
6 9 1.20105
6 10 1.10781
6 11 1.10781
6 12 1.10781
6 13 1.10781
6 14 1.10781
6 15 1.38972
6 16 1.32683
6 17 1.22519
6 18 1.18168
6 19 1.09653
6 20 1.09653
6 21 1.09653
6 22 1.09653
6 23 1.09653
6 24 1.18005
6 25 1.18253
6 26 1.16753
6 27 1.15283
6 28 1.08687
6 29 1.08687
6 30 1.08687
6 31 1.08687
6 32 1.08687
6 33 1.12518
6 34 1.13113
6 35 1.13011
6 36 1.12802
6 37 1.10841
6 38 1.10841
6 39 1.10841
6 40 1.10841
6 41 1.10841
6 42 1.37605
6 43 1.32136
6 44 1.23457
6 45 1.18353
6 46 1.10415
6 47 1.10415
6 48 1.10415
6 49 1.10415
6 50 1.10415
6 51 1.23417
6 52 1.22877
6 53 1.19265
6 54 1.17038
6 55 1.09506
6 56 1.09506
6 57 1.09506
6 58 1.09506
6 59 1.09506
6 60 1.16015
6 61 1.16404
6 62 1.1567
6 63 1.14706
6 64 1.08618
6 65 1.08618
6 66 1.08618
6 67 1.08618
6 68 1.08618
6 69 1.12161
6 70 1.12701
6 71 1.12663
6 72 1.12521
6 73 1.09812
6 74 1.09812
6 75 1.09812
6 76 1.09812
6 77 1.09812
6 78 1.19213
6 79 1.18977
6 80 1.17283
6 81 1.15672
6 82 1.09567
6 83 1.09567
6 84 1.09567
6 85 1.09567
6 86 1.09567
6 87 1.16732
6 88 1.16712
6 89 1.1585
6 90 1.14921
6 91 1.0897
6 92 1.0897
6 93 1.0897
6 94 1.0897
6 95 1.0897
6 96 1.13933
6 97 1.1416
6 98 1.13835
6 99 1.13363
6 100 1.08277
6 101 1.08277
6 102 1.08277
6 103 1.08277
6 104 1.08277
6 105 1.11075
6 106 1.11624
6 107 1.11734
6 108 1.11708
6 109 1.08866
6 110 1.08866
6 111 1.08866
6 112 1.08866
6 113 1.08866
6 114 1.13412
6 115 1.14137
6 116 1.13725
6 117 1.13246
6 118 1.08693
6 119 1.08693
6 120 1.08693
6 121 1.08693
6 122 1.08693
6 123 1.12952
6 124 1.13285
6 125 1.13125
6 126 1.1281
6 127 1.08296
6 128 1.08296
6 129 1.08296
6 130 1.08296
6 131 1.08296
6 132 1.11698
6 133 1.12093
6 134 1.12011
6 135 1.11831
6 136 1.07794
6 137 1.07794
6 138 1.07794
6 139 1.07794
6 140 1.07794
6 141 1.09843
6 142 1.10392
6 143 1.10606
6 144 1.1066
7 1 1.09897
7 2 1.09897
7 3 1.09897
7 4 1.09897
7 5 1.09897
7 6 1.90217
7 7 5.2145
7 8 1.83458
7 9 1.29013
7 10 1.09485
7 11 1.09485
7 12 1.09485
7 13 1.09485
7 14 1.09485
7 15 1.32735
7 16 1.40694
7 17 1.30023
7 18 1.24017
7 19 1.0877
7 20 1.0877
7 21 1.0877
7 22 1.0877
7 23 1.0877
7 24 1.17994
7 25 1.2051
7 26 1.20402
7 27 1.19094
7 28 1.08074
7 29 1.08074
7 30 1.08074
7 31 1.08074
7 32 1.08074
7 33 1.1304
7 34 1.14511
7 35 1.15221
7 36 1.15375
7 37 1.09593
7 38 1.09593
7 39 1.09593
7 40 1.09593
7 41 1.09593
7 42 1.33138
7 43 1.39839
7 44 1.30879
7 45 1.24093
7 46 1.0938
7 47 1.0938
7 48 1.0938
7 49 1.0938
7 50 1.0938
7 51 1.22519
7 52 1.25653
7 53 1.23664
7 54 1.21517
7 55 1.08741
7 56 1.08741
7 57 1.08741
7 58 1.08741
7 59 1.08741
7 60 1.16295
7 61 1.18025
7 62 1.1855
7 63 1.17941
7 64 1.08063
7 65 1.08063
7 66 1.08063
7 67 1.08063
7 68 1.08063
7 69 1.1267
7 70 1.13944
7 71 1.14631
7 72 1.14833
7 73 1.08971
7 74 1.08971
7 75 1.08971
7 76 1.08971
7 77 1.08971
7 78 1.19756
7 79 1.21307
7 80 1.20619
7 81 1.19359
7 82 1.08825
7 83 1.08825
7 84 1.08825
7 85 1.08825
7 86 1.08825
7 87 1.17212
7 88 1.18341
7 89 1.18567
7 90 1.18063
7 91 1.08371
7 92 1.08371
7 93 1.08371
7 94 1.08371
7 95 1.08371
7 96 1.14456
7 97 1.15448
7 98 1.15972
7 99 1.15874
7 100 1.07814
7 101 1.07814
7 102 1.07814
7 103 1.07814
7 104 1.07814
7 105 1.11584
7 106 1.127
7 107 1.13377
7 108 1.13638
7 109 1.0829
7 110 1.0829
7 111 1.0829
7 112 1.0829
7 113 1.0829
7 114 1.14261
7 115 1.15647
7 116 1.15827
7 117 1.1573
7 118 1.08167
7 119 1.08167
7 120 1.08167
7 121 1.08167
7 122 1.08167
7 123 1.13729
7 124 1.14556
7 125 1.1498
7 126 1.15027
7 127 1.07845
7 128 1.07845
7 129 1.07845
7 130 1.07845
7 131 1.07845
7 132 1.1234
7 133 1.13197
7 134 1.13618
7 135 1.13723
7 136 1.07426
7 137 1.07426
7 138 1.07426
7 139 1.07426
7 140 1.07426
7 141 1.10321
7 142 1.11301
7 143 1.11932
7 144 1.12202
8 1 1.0852
8 2 1.0852
8 3 1.0852
8 4 1.0852
8 5 1.0852
8 6 1.35937
8 7 1.83458
8 8 5.87472
8 9 1.51505
8 10 1.08319
8 11 1.08319
8 12 1.08319
8 13 1.08319
8 14 1.08319
8 15 1.23055
8 16 1.31844
8 17 1.35959
8 18 1.31958
8 19 1.07899
8 20 1.07899
8 21 1.07899
8 22 1.07899
8 23 1.07899
8 24 1.16233
8 25 1.20244
8 26 1.23364
8 27 1.23457
8 28 1.07439
8 29 1.07439
8 30 1.07439
8 31 1.07439
8 32 1.07439
8 33 1.12912
8 34 1.15277
8 35 1.17275
8 36 1.18139
8 37 1.08438
8 38 1.08438
8 39 1.08438
8 40 1.08438
8 41 1.08438
8 42 1.23558
8 43 1.303
8 44 1.35124
8 45 1.31659
8 46 1.08336
8 47 1.08336
8 48 1.08336
8 49 1.08336
8 50 1.08336
8 51 1.18554
8 52 1.23176
8 53 1.26411
8 54 1.26486
8 55 1.07928
8 56 1.07928
8 57 1.07928
8 58 1.07928
8 59 1.07928
8 60 1.15135
8 61 1.18024
8 62 1.20764
8 63 1.2128
8 64 1.07456
8 65 1.07456
8 66 1.07456
8 67 1.07456
8 68 1.07456
8 69 1.12551
8 70 1.14597
8 71 1.16355
8 72 1.17152
8 73 1.08095
8 74 1.08095
8 75 1.08095
8 76 1.08095
8 77 1.08095
8 78 1.17508
8 79 1.20106
8 80 1.22414
8 81 1.23211
8 82 1.08009
8 83 1.08009
8 84 1.08009
8 85 1.08009
8 86 1.08009
8 87 1.15828
8 88 1.17967
8 89 1.20291
8 90 1.21082
8 91 1.07693
8 92 1.07693
8 93 1.07693
8 94 1.07693
8 95 1.07693
8 96 1.13886
8 97 1.15692
8 98 1.17567
8 99 1.18251
8 100 1.07281
8 101 1.07281
8 102 1.07281
8 103 1.07281
8 104 1.07281
8 105 1.11604
8 106 1.13313
8 107 1.14767
8 108 1.15462
8 109 1.07643
8 110 1.07643
8 111 1.07643
8 112 1.07643
8 113 1.07643
8 114 1.1394
8 115 1.15839
8 116 1.17225
8 117 1.18065
8 118 1.07554
8 119 1.07554
8 120 1.07554
8 121 1.07554
8 122 1.07554
8 123 1.13517
8 124 1.14834
8 125 1.16227
8 126 1.16995
8 127 1.07309
8 128 1.07309
8 129 1.07309
8 130 1.07309
8 131 1.07309
8 132 1.12301
8 133 1.13637
8 134 1.14813
8 135 1.15403
8 136 1.06982
8 137 1.06982
8 138 1.06982
8 139 1.06982
8 140 1.06982
8 141 1.1046
8 142 1.11871
8 143 1.13025
8 144 1.13588
9 1 1.07823
9 2 1.07823
9 3 1.07823
9 4 1.07823
9 5 1.07823
9 6 1.20105
9 7 1.29013
9 8 1.51505
9 9 2.12696
9 10 1.077
9 11 1.077
9 12 1.077
9 13 1.077
9 14 1.077
9 15 1.17625
9 16 1.2455
9 17 1.32134
9 18 1.36897
9 19 1.07419
9 20 1.07419
9 21 1.07419
9 22 1.07419
9 23 1.07419
9 24 1.14855
9 25 1.19259
9 26 1.24013
9 27 1.25732
9 28 1.07079
9 29 1.07079
9 30 1.07079
9 31 1.07079
9 32 1.07079
9 33 1.12626
9 34 1.15414
9 35 1.1817
9 36 1.19534
9 37 1.07826
9 38 1.07826
9 39 1.07826
9 40 1.07826
9 41 1.07826
9 42 1.18168
9 43 1.23278
9 44 1.3084
9 45 1.36792
9 46 1.07764
9 47 1.07764
9 48 1.07764
9 49 1.07764
9 50 1.07764
9 51 1.15974
9 52 1.20678
9 53 1.26279
9 54 1.29108
9 55 1.07471
9 56 1.07471
9 57 1.07471
9 58 1.07471
9 59 1.07471
9 60 1.14175
9 61 1.17506
9 62 1.21443
9 63 1.22908
9 64 1.07107
9 65 1.07107
9 66 1.07107
9 67 1.07107
9 68 1.07107
9 69 1.12293
9 70 1.14715
9 71 1.17089
9 72 1.1827
9 73 1.07614
9 74 1.07614
9 75 1.07614
9 76 1.07614
9 77 1.07614
9 78 1.15872
9 79 1.188
9 80 1.22766
9 81 1.25405
9 82 1.0755
9 83 1.0755
9 84 1.0755
9 85 1.0755
9 86 1.0755
9 87 1.14737
9 88 1.17306
9 89 1.20804
9 90 1.22586
9 91 1.07304
9 92 1.07304
9 93 1.07304
9 94 1.07304
9 95 1.07304
9 96 1.13331
9 97 1.15531
9 98 1.18179
9 99 1.19387
9 100 1.0697
9 101 1.0697
9 102 1.0697
9 103 1.0697
9 104 1.0697
9 105 1.11471
9 106 1.13477
9 107 1.1537
9 108 1.16327
9 109 1.07279
9 110 1.07279
9 111 1.07279
9 112 1.07279
9 113 1.07279
9 114 1.13555
9 115 1.15686
9 116 1.17832
9 117 1.19324
9 118 1.07202
9 119 1.07202
9 120 1.07202
9 121 1.07202
9 122 1.07202
9 123 1.13199
9 124 1.14761
9 125 1.16729
9 126 1.17962
9 127 1.06997
9 128 1.06997
9 129 1.06997
9 130 1.06997
9 131 1.06997
9 132 1.1212
9 133 1.13703
9 134 1.15315
9 135 1.162
9 136 1.06721
9 137 1.06721
9 138 1.06721
9 139 1.06721
9 140 1.06721
9 141 1.10436
9 142 1.12065
9 143 1.13509
9 144 1.14239
10 1 1.14585
10 2 1.14585
10 3 1.14585
10 4 1.14585
10 5 1.14585
10 6 1.10781
10 7 1.09485
10 8 1.08319
10 9 1.077
10 10 1.30259
10 11 1.30259
10 12 1.30259
10 13 1.30259
10 14 1.30259
10 15 1.11926
10 16 1.09767
10 17 1.08381
10 18 1.07825
10 19 1.16054
10 20 1.16054
10 21 1.16054
10 22 1.16054
10 23 1.16054
10 24 1.11093
10 25 1.09488
10 26 1.08258
10 27 1.07688
10 28 1.12507
10 29 1.12507
10 30 1.12507
10 31 1.12507
10 32 1.12507
10 33 1.10004
10 34 1.08898
10 35 1.07923
10 36 1.07447
10 37 1.12832
10 38 1.12832
10 39 1.12832
10 40 1.12832
10 41 1.12832
10 42 1.10157
10 43 1.09185
10 44 1.08279
10 45 1.07741
10 46 1.14555
10 47 1.14555
10 48 1.14555
10 49 1.14555
10 50 1.14555
10 51 1.10747
10 52 1.09466
10 53 1.08359
10 54 1.0786
10 55 1.13401
10 56 1.13401
10 57 1.13401
10 58 1.13401
10 59 1.13401
10 60 1.10435
10 61 1.09314
10 62 1.08242
10 63 1.07707
10 64 1.11625
10 65 1.11625
10 66 1.11625
10 67 1.11625
10 68 1.11625
10 69 1.09677
10 70 1.08751
10 71 1.07884
10 72 1.07451
10 73 1.11109
10 74 1.11109
10 75 1.11109
10 76 1.11109
10 77 1.11109
10 78 1.09327
10 79 1.08649
10 80 1.0801
10 81 1.07554
10 82 1.11758
10 83 1.11758
10 84 1.11758
10 85 1.11758
10 86 1.11758
10 87 1.09677
10 88 1.08877
10 89 1.08113
10 90 1.07662
10 91 1.11341
10 92 1.11341
10 93 1.11341
10 94 1.11341
10 95 1.11341
10 96 1.09605
10 97 1.08799
10 98 1.07974
10 99 1.07519
10 100 1.10441
10 101 1.10441
10 102 1.10441
10 103 1.10441
10 104 1.10441
10 105 1.09033
10 106 1.08325
10 107 1.07637
10 108 1.07284
10 109 1.09714
10 110 1.09714
10 111 1.09714
10 112 1.09714
10 113 1.09714
10 114 1.08516
10 115 1.08108
10 116 1.07606
10 117 1.07229
10 118 1.10025
10 119 1.10025
10 120 1.10025
10 121 1.10025
10 122 1.10025
10 123 1.08689
10 124 1.08223
10 125 1.07701
10 126 1.07318
10 127 1.09818
10 128 1.09818
10 129 1.09818
10 130 1.09818
10 131 1.09818
10 132 1.08654
10 133 1.08134
10 134 1.07562
10 135 1.07203
10 136 1.09314
10 137 1.09314
10 138 1.09314
10 139 1.09314
10 140 1.09314
10 141 1.083
10 142 1.07787
10 143 1.07272
10 144 1.07002
11 1 1.14585
11 2 1.14585
11 3 1.14585
11 4 1.14585
11 5 1.14585
11 6 1.10781
11 7 1.09485
11 8 1.08319
11 9 1.077
11 10 1.30259
11 11 1.30259
11 12 1.30259
11 13 1.30259
11 14 1.30259
11 15 1.11926
11 16 1.09767
11 17 1.08381
11 18 1.07825
11 19 1.16054
11 20 1.16054
11 21 1.16054
11 22 1.16054
11 23 1.16054
11 24 1.11093
11 25 1.09488
11 26 1.08258
11 27 1.07688
11 28 1.12507
11 29 1.12507
11 30 1.12507
11 31 1.12507
11 32 1.12507
11 33 1.10004
11 34 1.08898
11 35 1.07923
11 36 1.07447
11 37 1.12832
11 38 1.12832
11 39 1.12832
11 40 1.12832
11 41 1.12832
11 42 1.10157
11 43 1.09185
11 44 1.08279
11 45 1.07741
11 46 1.14555
11 47 1.14555
11 48 1.14555
11 49 1.14555
11 50 1.14555
11 51 1.10747
11 52 1.09466
11 53 1.08359
11 54 1.0786
11 55 1.13401
11 56 1.13401
11 57 1.13401
11 58 1.13401
11 59 1.13401
11 60 1.10435
11 61 1.09314
11 62 1.08242
11 63 1.07707
11 64 1.11625
11 65 1.11625
11 66 1.11625
11 67 1.11625
11 68 1.11625
11 69 1.09677
11 70 1.08751
11 71 1.07884
11 72 1.07451
11 73 1.11109
11 74 1.11109
11 75 1.11109
11 76 1.11109
11 77 1.11109
11 78 1.09327
11 79 1.08649
11 80 1.0801
11 81 1.07554
11 82 1.11758
11 83 1.11758
11 84 1.11758
11 85 1.11758
11 86 1.11758
11 87 1.09677
11 88 1.08877
11 89 1.08113
11 90 1.07662
11 91 1.11341
11 92 1.11341
11 93 1.11341
11 94 1.11341
11 95 1.11341
11 96 1.09605
11 97 1.08799
11 98 1.07974
11 99 1.07519
11 100 1.10441
11 101 1.10441
11 102 1.10441
11 103 1.10441
11 104 1.10441
11 105 1.09033
11 106 1.08325
11 107 1.07637
11 108 1.07284
11 109 1.09714
11 110 1.09714
11 111 1.09714
11 112 1.09714
11 113 1.09714
11 114 1.08516
11 115 1.08108
11 116 1.07606
11 117 1.07229
11 118 1.10025
11 119 1.10025
11 120 1.10025
11 121 1.10025
11 122 1.10025
11 123 1.08689
11 124 1.08223
11 125 1.07701
11 126 1.07318
11 127 1.09818
11 128 1.09818
11 129 1.09818
11 130 1.09818
11 131 1.09818
11 132 1.08654
11 133 1.08134
11 134 1.07562
11 135 1.07203
11 136 1.09314
11 137 1.09314
11 138 1.09314
11 139 1.09314
11 140 1.09314
11 141 1.083
11 142 1.07787
11 143 1.07272
11 144 1.07002
12 1 1.14585
12 2 1.14585
12 3 1.14585
12 4 1.14585
12 5 1.14585
12 6 1.10781
12 7 1.09485
12 8 1.08319
12 9 1.077
12 10 1.30259
12 11 1.30259
12 12 1.30259
12 13 1.30259
12 14 1.30259
12 15 1.11926
12 16 1.09767
12 17 1.08381
12 18 1.07825
12 19 1.16054
12 20 1.16054
12 21 1.16054
12 22 1.16054
12 23 1.16054
12 24 1.11093
12 25 1.09488
12 26 1.08258
12 27 1.07688
12 28 1.12507
12 29 1.12507
12 30 1.12507
12 31 1.12507
12 32 1.12507
12 33 1.10004
12 34 1.08898
12 35 1.07923
12 36 1.07447
12 37 1.12832
12 38 1.12832
12 39 1.12832
12 40 1.12832
12 41 1.12832
12 42 1.10157
12 43 1.09185
12 44 1.08279
12 45 1.07741
12 46 1.14555
12 47 1.14555
12 48 1.14555
12 49 1.14555
12 50 1.14555
12 51 1.10747
12 52 1.09466
12 53 1.08359
12 54 1.0786
12 55 1.13401
12 56 1.13401
12 57 1.13401
12 58 1.13401
12 59 1.13401
12 60 1.10435
12 61 1.09314
12 62 1.08242
12 63 1.07707
12 64 1.11625
12 65 1.11625
12 66 1.11625
12 67 1.11625
12 68 1.11625
12 69 1.09677
12 70 1.08751
12 71 1.07884
12 72 1.07451
12 73 1.11109
12 74 1.11109
12 75 1.11109
12 76 1.11109
12 77 1.11109
12 78 1.09327
12 79 1.08649
12 80 1.0801
12 81 1.07554
12 82 1.11758
12 83 1.11758
12 84 1.11758
12 85 1.11758
12 86 1.11758
12 87 1.09677
12 88 1.08877
12 89 1.08113
12 90 1.07662
12 91 1.11341
12 92 1.11341
12 93 1.11341
12 94 1.11341
12 95 1.11341
12 96 1.09605
12 97 1.08799
12 98 1.07974
12 99 1.07519
12 100 1.10441
12 101 1.10441
12 102 1.10441
12 103 1.10441
12 104 1.10441
12 105 1.09033
12 106 1.08325
12 107 1.07637
12 108 1.07284
12 109 1.09714
12 110 1.09714
12 111 1.09714
12 112 1.09714
12 113 1.09714
12 114 1.08516
12 115 1.08108
12 116 1.07606
12 117 1.07229
12 118 1.10025
12 119 1.10025
12 120 1.10025
12 121 1.10025
12 122 1.10025
12 123 1.08689
12 124 1.08223
12 125 1.07701
12 126 1.07318
12 127 1.09818
12 128 1.09818
12 129 1.09818
12 130 1.09818
12 131 1.09818
12 132 1.08654
12 133 1.08134
12 134 1.07562
12 135 1.07203
12 136 1.09314
12 137 1.09314
12 138 1.09314
12 139 1.09314
12 140 1.09314
12 141 1.083
12 142 1.07787
12 143 1.07272
12 144 1.07002
13 1 1.14585
13 2 1.14585
13 3 1.14585
13 4 1.14585
13 5 1.14585
13 6 1.10781
13 7 1.09485
13 8 1.08319
13 9 1.077
13 10 1.30259
13 11 1.30259
13 12 1.30259
13 13 1.30259
13 14 1.30259
13 15 1.11926
13 16 1.09767
13 17 1.08381
13 18 1.07825
13 19 1.16054
13 20 1.16054
13 21 1.16054
13 22 1.16054
13 23 1.16054
13 24 1.11093
13 25 1.09488
13 26 1.08258
13 27 1.07688
13 28 1.12507
13 29 1.12507
13 30 1.12507
13 31 1.12507
13 32 1.12507
13 33 1.10004
13 34 1.08898
13 35 1.07923
13 36 1.07447
13 37 1.12832
13 38 1.12832
13 39 1.12832
13 40 1.12832
13 41 1.12832
13 42 1.10157
13 43 1.09185
13 44 1.08279
13 45 1.07741
13 46 1.14555
13 47 1.14555
13 48 1.14555
13 49 1.14555
13 50 1.14555
13 51 1.10747
13 52 1.09466
13 53 1.08359
13 54 1.0786
13 55 1.13401
13 56 1.13401
13 57 1.13401
13 58 1.13401
13 59 1.13401
13 60 1.10435
13 61 1.09314
13 62 1.08242
13 63 1.07707
13 64 1.11625
13 65 1.11625
13 66 1.11625
13 67 1.11625
13 68 1.11625
13 69 1.09677
13 70 1.08751
13 71 1.07884
13 72 1.07451
13 73 1.11109
13 74 1.11109
13 75 1.11109
13 76 1.11109
13 77 1.11109
13 78 1.09327
13 79 1.08649
13 80 1.0801
13 81 1.07554
13 82 1.11758
13 83 1.11758
13 84 1.11758
13 85 1.11758
13 86 1.11758
13 87 1.09677
13 88 1.08877
13 89 1.08113
13 90 1.07662
13 91 1.11341
13 92 1.11341
13 93 1.11341
13 94 1.11341
13 95 1.11341
13 96 1.09605
13 97 1.08799
13 98 1.07974
13 99 1.07519
13 100 1.10441
13 101 1.10441
13 102 1.10441
13 103 1.10441
13 104 1.10441
13 105 1.09033
13 106 1.08325
13 107 1.07637
13 108 1.07284
13 109 1.09714
13 110 1.09714
13 111 1.09714
13 112 1.09714
13 113 1.09714
13 114 1.08516
13 115 1.08108
13 116 1.07606
13 117 1.07229
13 118 1.10025
13 119 1.10025
13 120 1.10025
13 121 1.10025
13 122 1.10025
13 123 1.08689
13 124 1.08223
13 125 1.07701
13 126 1.07318
13 127 1.09818
13 128 1.09818
13 129 1.09818
13 130 1.09818
13 131 1.09818
13 132 1.08654
13 133 1.08134
13 134 1.07562
13 135 1.07203
13 136 1.09314
13 137 1.09314
13 138 1.09314
13 139 1.09314
13 140 1.09314
13 141 1.083
13 142 1.07787
13 143 1.07272
13 144 1.07002
14 1 1.14585
14 2 1.14585
14 3 1.14585
14 4 1.14585
14 5 1.14585
14 6 1.10781
14 7 1.09485
14 8 1.08319
14 9 1.077
14 10 1.30259
14 11 1.30259
14 12 1.30259
14 13 1.30259
14 14 1.30259
14 15 1.11926
14 16 1.09767
14 17 1.08381
14 18 1.07825
14 19 1.16054
14 20 1.16054
14 21 1.16054
14 22 1.16054
14 23 1.16054
14 24 1.11093
14 25 1.09488
14 26 1.08258
14 27 1.07688
14 28 1.12507
14 29 1.12507
14 30 1.12507
14 31 1.12507
14 32 1.12507
14 33 1.10004
14 34 1.08898
14 35 1.07923
14 36 1.07447
14 37 1.12832
14 38 1.12832
14 39 1.12832
14 40 1.12832
14 41 1.12832
14 42 1.10157
14 43 1.09185
14 44 1.08279
14 45 1.07741
14 46 1.14555
14 47 1.14555
14 48 1.14555
14 49 1.14555
14 50 1.14555
14 51 1.10747
14 52 1.09466
14 53 1.08359
14 54 1.0786
14 55 1.13401
14 56 1.13401
14 57 1.13401
14 58 1.13401
14 59 1.13401
14 60 1.10435
14 61 1.09314
14 62 1.08242
14 63 1.07707
14 64 1.11625
14 65 1.11625
14 66 1.11625
14 67 1.11625
14 68 1.11625
14 69 1.09677
14 70 1.08751
14 71 1.07884
14 72 1.07451
14 73 1.11109
14 74 1.11109
14 75 1.11109
14 76 1.11109
14 77 1.11109
14 78 1.09327
14 79 1.08649
14 80 1.0801
14 81 1.07554
14 82 1.11758
14 83 1.11758
14 84 1.11758
14 85 1.11758
14 86 1.11758
14 87 1.09677
14 88 1.08877
14 89 1.08113
14 90 1.07662
14 91 1.11341
14 92 1.11341
14 93 1.11341
14 94 1.11341
14 95 1.11341
14 96 1.09605
14 97 1.08799
14 98 1.07974
14 99 1.07519
14 100 1.10441
14 101 1.10441
14 102 1.10441
14 103 1.10441
14 104 1.10441
14 105 1.09033
14 106 1.08325
14 107 1.07637
14 108 1.07284
14 109 1.09714
14 110 1.09714
14 111 1.09714
14 112 1.09714
14 113 1.09714
14 114 1.08516
14 115 1.08108
14 116 1.07606
14 117 1.07229
14 118 1.10025
14 119 1.10025
14 120 1.10025
14 121 1.10025
14 122 1.10025
14 123 1.08689
14 124 1.08223
14 125 1.07701
14 126 1.07318
14 127 1.09818
14 128 1.09818
14 129 1.09818
14 130 1.09818
14 131 1.09818
14 132 1.08654
14 133 1.08134
14 134 1.07562
14 135 1.07203
14 136 1.09314
14 137 1.09314
14 138 1.09314
14 139 1.09314
14 140 1.09314
14 141 1.083
14 142 1.07787
14 143 1.07272
14 144 1.07002
15 1 1.10826
15 2 1.10826
15 3 1.10826
15 4 1.10826
15 5 1.10826
15 6 1.38972
15 7 1.32735
15 8 1.23055
15 9 1.17625
15 10 1.11926
15 11 1.11926
15 12 1.11926
15 13 1.11926
15 14 1.11926
15 15 5.73086
15 16 1.8736
15 17 1.31349
15 18 1.20029
15 19 1.10996
15 20 1.10996
15 21 1.10996
15 22 1.10996
15 23 1.10996
15 24 1.51973
15 25 1.37836
15 26 1.24315
15 27 1.18048
15 28 1.09828
15 29 1.09828
15 30 1.09828
15 31 1.09828
15 32 1.09828
15 33 1.21285
15 34 1.20408
15 35 1.17183
15 36 1.15222
15 37 1.10401
15 38 1.10401
15 39 1.10401
15 40 1.10401
15 41 1.10401
15 42 1.24942
15 43 1.23327
15 44 1.19323
15 45 1.16575
15 46 1.11134
15 47 1.11134
15 48 1.11134
15 49 1.11134
15 50 1.11134
15 51 1.31973
15 52 1.27964
15 53 1.21453
15 54 1.17993
15 55 1.10537
15 56 1.10537
15 57 1.10537
15 58 1.10537
15 59 1.10537
15 60 1.24803
15 61 1.23458
15 62 1.19403
15 63 1.1665
15 64 1.09596
15 65 1.09596
15 66 1.09596
15 67 1.09596
15 68 1.09596
15 69 1.17184
15 70 1.17172
15 71 1.15555
15 72 1.14469
15 73 1.09582
15 74 1.09582
15 75 1.09582
15 76 1.09582
15 77 1.09582
15 78 1.16983
15 79 1.16877
15 80 1.15732
15 81 1.14577
15 82 1.09981
15 83 1.09981
15 84 1.09981
15 85 1.09981
15 86 1.09981
15 87 1.1858
15 88 1.17858
15 89 1.16551
15 90 1.15347
15 91 1.09662
15 92 1.09662
15 93 1.09662
15 94 1.09662
15 95 1.09662
15 96 1.16907
15 97 1.16679
15 98 1.15506
15 99 1.1453
15 100 1.09027
15 101 1.09027
15 102 1.09027
15 103 1.09027
15 104 1.09027
15 105 1.13441
15 106 1.13884
15 107 1.13458
15 108 1.13083
15 109 1.08727
15 110 1.08727
15 111 1.08727
15 112 1.08727
15 113 1.08727
15 114 1.12764
15 115 1.13419
15 116 1.13014
15 117 1.12571
15 118 1.0894
15 119 1.0894
15 120 1.0894
15 121 1.0894
15 122 1.0894
15 123 1.13526
15 124 1.13663
15 125 1.13399
15 126 1.12999
15 127 1.0875
15 128 1.0875
15 129 1.0875
15 130 1.0875
15 131 1.0875
15 132 1.12791
15 133 1.13058
15 134 1.12811
15 135 1.12512
15 136 1.08345
15 137 1.08345
15 138 1.08345
15 139 1.08345
15 140 1.08345
15 141 1.1098
15 142 1.11536
15 143 1.11618
15 144 1.11578
16 1 1.09319
16 2 1.09319
16 3 1.09319
16 4 1.09319
16 5 1.09319
16 6 1.32683
16 7 1.40694
16 8 1.31844
16 9 1.2455
16 10 1.09767
16 11 1.09767
16 12 1.09767
16 13 1.09767
16 14 1.09767
16 15 1.8736
16 16 5.85547
16 17 1.75174
16 18 1.31533
16 19 1.09347
16 20 1.09347
16 21 1.09347
16 22 1.09347
16 23 1.09347
16 24 1.37772
16 25 1.55639
16 26 1.38047
16 27 1.26323
16 28 1.087
16 29 1.087
16 30 1.087
16 31 1.087
16 32 1.087
16 33 1.20716
16 34 1.2388
16 35 1.2231
16 36 1.20501
16 37 1.09151
16 38 1.09151
16 39 1.09151
16 40 1.09151
16 41 1.09151
16 42 1.23716
16 43 1.26231
16 44 1.24185
16 45 1.21818
16 46 1.09564
16 47 1.09564
16 48 1.09564
16 49 1.09564
16 50 1.09564
16 51 1.26898
16 52 1.3376
16 53 1.29438
16 54 1.24907
16 55 1.09199
16 56 1.09199
16 57 1.09199
16 58 1.09199
16 59 1.09199
16 60 1.22948
16 61 1.27154
16 62 1.25601
16 63 1.22627
16 64 1.08602
16 65 1.08602
16 66 1.08602
16 67 1.08602
16 68 1.08602
16 69 1.17298
16 70 1.19439
16 71 1.19386
16 72 1.1883
16 73 1.08653
16 74 1.08653
16 75 1.08653
16 76 1.08653
16 77 1.08653
16 78 1.17395
16 79 1.1864
16 80 1.18742
16 81 1.18226
16 82 1.08918
16 83 1.08918
16 84 1.08918
16 85 1.08918
16 86 1.08918
16 87 1.18387
16 88 1.19602
16 89 1.20131
16 90 1.19587
16 91 1.08689
16 92 1.08689
16 93 1.08689
16 94 1.08689
16 95 1.08689
16 96 1.16945
16 97 1.18376
16 98 1.18836
16 99 1.18507
16 100 1.08237
16 101 1.08237
16 102 1.08237
16 103 1.08237
16 104 1.08237
16 105 1.13931
16 106 1.15517
16 107 1.16204
16 108 1.16358
16 109 1.08054
16 110 1.08054
16 111 1.08054
16 112 1.08054
16 113 1.08054
16 114 1.13497
16 115 1.1481
16 116 1.15098
16 117 1.15125
16 118 1.08207
16 119 1.08207
16 120 1.08207
16 121 1.08207
16 122 1.08207
16 123 1.14183
16 124 1.15001
16 125 1.15626
16 126 1.15785
16 127 1.08056
16 128 1.08056
16 129 1.08056
16 130 1.08056
16 131 1.08056
16 132 1.13381
16 133 1.14384
16 134 1.15011
16 135 1.15214
16 136 1.07745
16 137 1.07745
16 138 1.07745
16 139 1.07745
16 140 1.07745
16 141 1.11545
16 142 1.12812
16 143 1.13626
16 144 1.13966
17 1 1.08174
17 2 1.08174
17 3 1.08174
17 4 1.08174
17 5 1.08174
17 6 1.22519
17 7 1.30023
17 8 1.35959
17 9 1.32134
17 10 1.08381
17 11 1.08381
17 12 1.08381
17 13 1.08381
17 14 1.08381
17 15 1.31349
17 16 1.75174
17 17 4.00968
17 18 1.53532
17 19 1.0818
17 20 1.0818
17 21 1.0818
17 22 1.0818
17 23 1.0818
17 24 1.24135
17 25 1.36946
17 26 1.50129
17 27 1.36883
17 28 1.07831
17 29 1.07831
17 30 1.07831
17 31 1.07831
17 32 1.07831
17 33 1.17706
17 34 1.22447
17 35 1.25808
17 36 1.26119
17 37 1.08156
17 38 1.08156
17 39 1.08156
17 40 1.08156
17 41 1.08156
17 42 1.19527
17 43 1.23542
17 44 1.2665
17 45 1.26913
17 46 1.084
17 47 1.084
17 48 1.084
17 49 1.084
17 50 1.084
17 51 1.20465
17 52 1.28084
17 53 1.35654
17 54 1.32775
17 55 1.08187
17 56 1.08187
17 57 1.08187
17 58 1.08187
17 59 1.08187
17 60 1.19014
17 61 1.24802
17 62 1.30143
17 63 1.29219
17 64 1.07821
17 65 1.07821
17 66 1.07821
17 67 1.07821
17 68 1.07821
17 69 1.15976
17 70 1.19563
17 71 1.22391
17 72 1.2332
17 73 1.07877
17 74 1.07877
17 75 1.07877
17 76 1.07877
17 77 1.07877
17 78 1.16288
17 79 1.18528
17 80 1.20625
17 81 1.21479
17 82 1.08059
17 83 1.08059
17 84 1.08059
17 85 1.08059
17 86 1.08059
17 87 1.16799
17 88 1.19386
17 89 1.22694
17 90 1.23666
17 91 1.07907
17 92 1.07907
17 93 1.07907
17 94 1.07907
17 95 1.07907
17 96 1.15831
17 97 1.18534
17 98 1.21431
17 99 1.22438
17 100 1.07599
17 101 1.07599
17 102 1.07599
17 103 1.07599
17 104 1.07599
17 105 1.13731
17 106 1.16322
17 107 1.18546
17 108 1.19565
17 109 1.07473
17 110 1.07473
17 111 1.07473
17 112 1.07473
17 113 1.07473
17 114 1.13514
17 115 1.15336
17 116 1.16568
17 117 1.17302
17 118 1.0759
17 119 1.0759
17 120 1.0759
17 121 1.0759
17 122 1.0759
17 123 1.14104
17 124 1.15536
17 125 1.17295
17 126 1.18271
17 127 1.07479
17 128 1.07479
17 129 1.07479
17 130 1.07479
17 131 1.07479
17 132 1.13388
17 133 1.15071
17 134 1.16798
17 135 1.17709
17 136 1.0725
17 137 1.0725
17 138 1.0725
17 139 1.0725
17 140 1.0725
17 141 1.11788
17 142 1.13715
17 143 1.15383
17 144 1.16208
18 1 1.07699
18 2 1.07699
18 3 1.07699
18 4 1.07699
18 5 1.07699
18 6 1.18168
18 7 1.24017
18 8 1.31958
18 9 1.36897
18 10 1.07825
18 11 1.07825
18 12 1.07825
18 13 1.07825
18 14 1.07825
18 15 1.20029
18 16 1.31533
18 17 1.53532
18 18 2.10617
18 19 1.07691
18 20 1.07691
18 21 1.07691
18 22 1.07691
18 23 1.07691
18 24 1.18538
18 25 1.26545
18 26 1.37478
18 27 1.4346
18 28 1.07448
18 29 1.07448
18 30 1.07448
18 31 1.07448
18 32 1.07448
18 33 1.15887
18 34 1.20701
18 35 1.25982
18 36 1.28783
18 37 1.07717
18 38 1.07717
18 39 1.07717
18 40 1.07717
18 41 1.07717
18 42 1.17174
18 43 1.2122
18 44 1.2623
18 45 1.29161
18 46 1.0789
18 47 1.0789
18 48 1.0789
18 49 1.0789
18 50 1.0789
18 51 1.17212
18 52 1.23311
18 53 1.31648
18 54 1.36093
18 55 1.07733
18 56 1.07733
18 57 1.07733
18 58 1.07733
18 59 1.07733
18 60 1.16578
18 61 1.21819
18 62 1.28706
18 63 1.31789
18 64 1.07459
18 65 1.07459
18 66 1.07459
18 67 1.07459
18 68 1.07459
18 69 1.14875
18 70 1.18772
18 71 1.22914
18 72 1.25071
18 73 1.07516
18 74 1.07516
18 75 1.07516
18 76 1.07516
18 77 1.07516
18 78 1.15346
18 79 1.17873
18 80 1.20901
18 81 1.22655
18 82 1.07655
18 83 1.07655
18 84 1.07655
18 85 1.07655
18 86 1.07655
18 87 1.15554
18 88 1.18447
18 89 1.22772
18 90 1.24985
18 91 1.07535
18 92 1.07535
18 93 1.07535
18 94 1.07535
18 95 1.07535
18 96 1.14818
18 97 1.17829
18 98 1.21746
18 99 1.23744
18 100 1.07289
18 101 1.07289
18 102 1.07289
18 103 1.07289
18 104 1.07289
18 105 1.13288
18 106 1.16206
18 107 1.19151
18 108 1.20686
18 109 1.07189
18 110 1.07189
18 111 1.07189
18 112 1.07189
18 113 1.07189
18 114 1.13226
18 115 1.15205
18 116 1.16899
18 117 1.18016
18 118 1.07283
18 119 1.07283
18 120 1.07283
18 121 1.07283
18 122 1.07283
18 123 1.13709
18 124 1.15352
18 125 1.17612
18 126 1.19022
18 127 1.07189
18 128 1.07189
18 129 1.07189
18 130 1.07189
18 131 1.07189
18 132 1.13062
18 133 1.14982
18 134 1.17203
18 135 1.18483
18 136 1.06999
18 137 1.06999
18 138 1.06999
18 139 1.06999
18 140 1.06999
18 141 1.11669
18 142 1.13832
18 143 1.15879
18 144 1.16939
19 1 1.11741
19 2 1.11741
19 3 1.11741
19 4 1.11741
19 5 1.11741
19 6 1.09653
19 7 1.0877
19 8 1.07899
19 9 1.07419
19 10 1.16054
19 11 1.16054
19 12 1.16054
19 13 1.16054
19 14 1.16054
19 15 1.10996
19 16 1.09347
19 17 1.0818
19 18 1.07691
19 19 1.30321
19 20 1.30321
19 21 1.30321
19 22 1.30321
19 23 1.30321
19 24 1.11736
19 25 1.09714
19 26 1.0831
19 27 1.07703
19 28 1.16125
19 29 1.16125
19 30 1.16125
19 31 1.16125
19 32 1.16125
19 33 1.11076
19 34 1.09468
19 35 1.08196
19 36 1.07599
19 37 1.11082
19 38 1.11082
19 39 1.11082
19 40 1.11082
19 41 1.11082
19 42 1.09365
19 43 1.08635
19 44 1.07911
19 45 1.07466
19 46 1.13391
19 47 1.13391
19 48 1.13391
19 49 1.13391
19 50 1.13391
19 51 1.10255
19 52 1.09139
19 53 1.08164
19 54 1.07722
19 55 1.14601
19 56 1.14601
19 57 1.14601
19 58 1.14601
19 59 1.14601
19 60 1.10634
19 61 1.09401
19 62 1.08254
19 63 1.07708
19 64 1.13477
19 65 1.13477
19 66 1.13477
19 67 1.13477
19 68 1.13477
19 69 1.10375
19 70 1.09159
19 71 1.081
19 72 1.07584
19 73 1.10104
19 74 1.10104
19 75 1.10104
19 76 1.10104
19 77 1.10104
19 78 1.088
19 79 1.08253
19 80 1.07705
19 81 1.07308
19 82 1.11338
19 83 1.11338
19 84 1.11338
19 85 1.11338
19 86 1.11338
19 87 1.09397
19 88 1.08649
19 89 1.07948
19 90 1.07537
19 91 1.1178
19 92 1.1178
19 93 1.1178
19 94 1.1178
19 95 1.1178
19 96 1.09648
19 97 1.08806
19 98 1.07966
19 99 1.07515
19 100 1.11401
19 101 1.11401
19 102 1.11401
19 103 1.11401
19 104 1.11401
19 105 1.09464
19 106 1.08598
19 107 1.078
19 108 1.07398
19 109 1.09107
19 110 1.09107
19 111 1.09107
19 112 1.09107
19 113 1.09107
19 114 1.0815
19 115 1.07813
19 116 1.07359
19 117 1.07017
19 118 1.09817
19 119 1.09817
19 120 1.09817
19 121 1.09817
19 122 1.09817
19 123 1.08513
19 124 1.08059
19 125 1.0757
19 126 1.07213
19 127 1.10037
19 128 1.10037
19 129 1.10037
19 130 1.10037
19 131 1.10037
19 132 1.08669
19 133 1.08117
19 134 1.07551
19 135 1.07199
19 136 1.09863
19 137 1.09863
19 138 1.09863
19 139 1.09863
19 140 1.09863
19 141 1.08583
19 142 1.07977
19 143 1.07399
19 144 1.071
20 1 1.11741
20 2 1.11741
20 3 1.11741
20 4 1.11741
20 5 1.11741
20 6 1.09653
20 7 1.0877
20 8 1.07899
20 9 1.07419
20 10 1.16054
20 11 1.16054
20 12 1.16054
20 13 1.16054
20 14 1.16054
20 15 1.10996
20 16 1.09347
20 17 1.0818
20 18 1.07691
20 19 1.30321
20 20 1.30321
20 21 1.30321
20 22 1.30321
20 23 1.30321
20 24 1.11736
20 25 1.09714
20 26 1.0831
20 27 1.07703
20 28 1.16125
20 29 1.16125
20 30 1.16125
20 31 1.16125
20 32 1.16125
20 33 1.11076
20 34 1.09468
20 35 1.08196
20 36 1.07599
20 37 1.11082
20 38 1.11082
20 39 1.11082
20 40 1.11082
20 41 1.11082
20 42 1.09365
20 43 1.08635
20 44 1.07911
20 45 1.07466
20 46 1.13391
20 47 1.13391
20 48 1.13391
20 49 1.13391
20 50 1.13391
20 51 1.10255
20 52 1.09139
20 53 1.08164
20 54 1.07722
20 55 1.14601
20 56 1.14601
20 57 1.14601
20 58 1.14601
20 59 1.14601
20 60 1.10634
20 61 1.09401
20 62 1.08254
20 63 1.07708
20 64 1.13477
20 65 1.13477
20 66 1.13477
20 67 1.13477
20 68 1.13477
20 69 1.10375
20 70 1.09159
20 71 1.081
20 72 1.07584
20 73 1.10104
20 74 1.10104
20 75 1.10104
20 76 1.10104
20 77 1.10104
20 78 1.088
20 79 1.08253
20 80 1.07705
20 81 1.07308
20 82 1.11338
20 83 1.11338
20 84 1.11338
20 85 1.11338
20 86 1.11338
20 87 1.09397
20 88 1.08649
20 89 1.07948
20 90 1.07537
20 91 1.1178
20 92 1.1178
20 93 1.1178
20 94 1.1178
20 95 1.1178
20 96 1.09648
20 97 1.08806
20 98 1.07966
20 99 1.07515
20 100 1.11401
20 101 1.11401
20 102 1.11401
20 103 1.11401
20 104 1.11401
20 105 1.09464
20 106 1.08598
20 107 1.078
20 108 1.07398
20 109 1.09107
20 110 1.09107
20 111 1.09107
20 112 1.09107
20 113 1.09107
20 114 1.0815
20 115 1.07813
20 116 1.07359
20 117 1.07017
20 118 1.09817
20 119 1.09817
20 120 1.09817
20 121 1.09817
20 122 1.09817
20 123 1.08513
20 124 1.08059
20 125 1.0757
20 126 1.07213
20 127 1.10037
20 128 1.10037
20 129 1.10037
20 130 1.10037
20 131 1.10037
20 132 1.08669
20 133 1.08117
20 134 1.07551
20 135 1.07199
20 136 1.09863
20 137 1.09863
20 138 1.09863
20 139 1.09863
20 140 1.09863
20 141 1.08583
20 142 1.07977
20 143 1.07399
20 144 1.071
21 1 1.11741
21 2 1.11741
21 3 1.11741
21 4 1.11741
21 5 1.11741
21 6 1.09653
21 7 1.0877
21 8 1.07899
21 9 1.07419
21 10 1.16054
21 11 1.16054
21 12 1.16054
21 13 1.16054
21 14 1.16054
21 15 1.10996
21 16 1.09347
21 17 1.0818
21 18 1.07691
21 19 1.30321
21 20 1.30321
21 21 1.30321
21 22 1.30321
21 23 1.30321
21 24 1.11736
21 25 1.09714
21 26 1.0831
21 27 1.07703
21 28 1.16125
21 29 1.16125
21 30 1.16125
21 31 1.16125
21 32 1.16125
21 33 1.11076
21 34 1.09468
21 35 1.08196
21 36 1.07599
