injected_el measured_el potential
1 1 1.30513
1 2 1.30513
1 3 1.30513
1 4 1.30513
1 5 1.30513
1 6 1.11844
1 7 1.0972
1 8 1.0824
1 9 1.07567
1 10 1.1469
1 11 1.1469
1 12 1.1469
1 13 1.1469
1 14 1.1469
1 15 1.10663
1 16 1.09171
1 17 1.07963
1 18 1.07389
1 19 1.11812
1 20 1.11812
1 21 1.11812
1 22 1.11812
1 23 1.11812
1 24 1.09528
1 25 1.08501
1 26 1.07597
1 27 1.07154
1 28 1.10054
1 29 1.10054
1 30 1.10054
1 31 1.10054
1 32 1.10054
1 33 1.08572
1 34 1.07856
1 35 1.07199
1 36 1.06872
1 37 1.148
1 38 1.148
1 39 1.148
1 40 1.148
1 41 1.148
1 42 1.10762
1 43 1.09276
1 44 1.0808
1 45 1.0752
1 46 1.12934
1 47 1.12934
1 48 1.12934
1 49 1.12934
1 50 1.12934
1 51 1.10083
1 52 1.08874
1 53 1.07845
1 54 1.07347
1 55 1.11155
1 56 1.11155
1 57 1.11155
1 58 1.11155
1 59 1.11155
1 60 1.09225
1 61 1.08326
1 62 1.07521
1 63 1.07124
1 64 1.09749
1 65 1.09749
1 66 1.09749
1 67 1.09749
1 68 1.09749
1 69 1.08411
1 70 1.07758
1 71 1.07156
1 72 1.06854
1 73 1.11949
1 74 1.11949
1 75 1.11949
1 76 1.11949
1 77 1.11949
1 78 1.09656
1 79 1.08642
1 80 1.07751
1 81 1.07327
1 82 1.11183
1 83 1.11183
1 84 1.11183
1 85 1.11183
1 86 1.11183
1 87 1.09254
1 88 1.08357
1 89 1.07558
1 90 1.07166
1 91 1.10161
1 92 1.10161
1 93 1.10161
1 94 1.10161
1 95 1.10161
1 96 1.08668
1 97 1.07949
1 98 1.07291
1 99 1.06963
1 100 1.09161
1 101 1.09161
1 102 1.09161
1 103 1.09161
1 104 1.09161
1 105 1.08042
1 106 1.07489
1 107 1.06975
1 108 1.06717
1 109 1.10172
1 110 1.10172
1 111 1.10172
1 112 1.10172
1 113 1.10172
1 114 1.08698
1 115 1.07988
1 116 1.07337
1 117 1.07041
1 118 1.09757
1 119 1.09757
1 120 1.09757
1 121 1.09757
1 122 1.09757
1 123 1.08428
1 124 1.07775
1 125 1.07182
1 126 1.06891
1 127 1.09142
1 128 1.09142
1 129 1.09142
1 130 1.09142
1 131 1.09142
1 132 1.08026
1 133 1.07476
1 134 1.06966
1 135 1.06711
1 136 1.08455
1 137 1.08455
1 138 1.08455
1 139 1.08455
1 140 1.08455
1 141 1.07563
1 142 1.07119
1 143 1.06702
1 144 1.06493
2 1 1.30513
2 2 1.30513
2 3 1.30513
2 4 1.30513
2 5 1.30513
2 6 1.11844
2 7 1.0972
2 8 1.0824
2 9 1.07567
2 10 1.1469
2 11 1.1469
2 12 1.1469
2 13 1.1469
2 14 1.1469
2 15 1.10663
2 16 1.09171
2 17 1.07963
2 18 1.07389
2 19 1.11812
2 20 1.11812
2 21 1.11812
2 22 1.11812
2 23 1.11812
2 24 1.09528
2 25 1.08501
2 26 1.07597
2 27 1.07154
2 28 1.10054
2 29 1.10054
2 30 1.10054
2 31 1.10054
2 32 1.10054
2 33 1.08572
2 34 1.07856
2 35 1.07199
2 36 1.06872
2 37 1.148
2 38 1.148
2 39 1.148
2 40 1.148
2 41 1.148
2 42 1.10762
2 43 1.09276
2 44 1.0808
2 45 1.0752
2 46 1.12934
2 47 1.12934
2 48 1.12934
2 49 1.12934
2 50 1.12934
2 51 1.10083
2 52 1.08874
2 53 1.07845
2 54 1.07347
2 55 1.11155
2 56 1.11155
2 57 1.11155
2 58 1.11155
2 59 1.11155
2 60 1.09225
2 61 1.08326
2 62 1.07521
2 63 1.07124
2 64 1.09749
2 65 1.09749
2 66 1.09749
2 67 1.09749
2 68 1.09749
2 69 1.08411
2 70 1.07758
2 71 1.07156
2 72 1.06854
2 73 1.11949
2 74 1.11949
2 75 1.11949
2 76 1.11949
2 77 1.11949
2 78 1.09656
2 79 1.08642
2 80 1.07751
2 81 1.07327
2 82 1.11183
2 83 1.11183
2 84 1.11183
2 85 1.11183
2 86 1.11183
2 87 1.09254
2 88 1.08357
2 89 1.07558
2 90 1.07166
2 91 1.10161
2 92 1.10161
2 93 1.10161
2 94 1.10161
2 95 1.10161
2 96 1.08668
2 97 1.07949
2 98 1.07291
2 99 1.06963
2 100 1.09161
2 101 1.09161
2 102 1.09161
2 103 1.09161
2 104 1.09161
2 105 1.08042
2 106 1.07489
2 107 1.06975
2 108 1.06717
2 109 1.10172
2 110 1.10172
2 111 1.10172
2 112 1.10172
2 113 1.10172
2 114 1.08698
2 115 1.07988
2 116 1.07337
2 117 1.07041
2 118 1.09757
2 119 1.09757
2 120 1.09757
2 121 1.09757
2 122 1.09757
2 123 1.08428
2 124 1.07775
2 125 1.07182
2 126 1.06891
2 127 1.09142
2 128 1.09142
2 129 1.09142
2 130 1.09142
2 131 1.09142
2 132 1.08026
2 133 1.07476
2 134 1.06966
2 135 1.06711
2 136 1.08455
2 137 1.08455
2 138 1.08455
2 139 1.08455
2 140 1.08455
2 141 1.07563
2 142 1.07119
2 143 1.06702
2 144 1.06493
3 1 1.30513
3 2 1.30513
3 3 1.30513
3 4 1.30513
3 5 1.30513
3 6 1.11844
3 7 1.0972
3 8 1.0824
3 9 1.07567
3 10 1.1469
3 11 1.1469
3 12 1.1469
3 13 1.1469
3 14 1.1469
3 15 1.10663
3 16 1.09171
3 17 1.07963
3 18 1.07389
3 19 1.11812
3 20 1.11812
3 21 1.11812
3 22 1.11812
3 23 1.11812
3 24 1.09528
3 25 1.08501
3 26 1.07597
3 27 1.07154
3 28 1.10054
3 29 1.10054
3 30 1.10054
3 31 1.10054
3 32 1.10054
3 33 1.08572
3 34 1.07856
3 35 1.07199
3 36 1.06872
3 37 1.148
3 38 1.148
3 39 1.148
3 40 1.148
3 41 1.148
3 42 1.10762
3 43 1.09276
3 44 1.0808
3 45 1.0752
3 46 1.12934
3 47 1.12934
3 48 1.12934
3 49 1.12934
3 50 1.12934
3 51 1.10083
3 52 1.08874
3 53 1.07845
3 54 1.07347
3 55 1.11155
3 56 1.11155
3 57 1.11155
3 58 1.11155
3 59 1.11155
3 60 1.09225
3 61 1.08326
3 62 1.07521
3 63 1.07124
3 64 1.09749
3 65 1.09749
3 66 1.09749
3 67 1.09749
3 68 1.09749
3 69 1.08411
3 70 1.07758
3 71 1.07156
3 72 1.06854
3 73 1.11949
3 74 1.11949
3 75 1.11949
3 76 1.11949
3 77 1.11949
3 78 1.09656
3 79 1.08642
3 80 1.07751
3 81 1.07327
3 82 1.11183
3 83 1.11183
3 84 1.11183
3 85 1.11183
3 86 1.11183
3 87 1.09254
3 88 1.08357
3 89 1.07558
3 90 1.07166
3 91 1.10161
3 92 1.10161
3 93 1.10161
3 94 1.10161
3 95 1.10161
3 96 1.08668
3 97 1.07949
3 98 1.07291
3 99 1.06963
3 100 1.09161
3 101 1.09161
3 102 1.09161
3 103 1.09161
3 104 1.09161
3 105 1.08042
3 106 1.07489
3 107 1.06975
3 108 1.06717
3 109 1.10172
3 110 1.10172
3 111 1.10172
3 112 1.10172
3 113 1.10172
3 114 1.08698
3 115 1.07988
3 116 1.07337
3 117 1.07041
3 118 1.09757
3 119 1.09757
3 120 1.09757
3 121 1.09757
3 122 1.09757
3 123 1.08428
3 124 1.07775
3 125 1.07182
3 126 1.06891
3 127 1.09142
3 128 1.09142
3 129 1.09142
3 130 1.09142
3 131 1.09142
3 132 1.08026
3 133 1.07476
3 134 1.06966
3 135 1.06711
3 136 1.08455
3 137 1.08455
3 138 1.08455
3 139 1.08455
3 140 1.08455
3 141 1.07563
3 142 1.07119
3 143 1.06702
3 144 1.06493
4 1 1.30513
4 2 1.30513
4 3 1.30513
4 4 1.30513
4 5 1.30513
4 6 1.11844
4 7 1.0972
4 8 1.0824
4 9 1.07567
4 10 1.1469
4 11 1.1469
4 12 1.1469
4 13 1.1469
4 14 1.1469
4 15 1.10663
4 16 1.09171
4 17 1.07963
4 18 1.07389
4 19 1.11812
4 20 1.11812
4 21 1.11812
4 22 1.11812
4 23 1.11812
4 24 1.09528
4 25 1.08501
4 26 1.07597
4 27 1.07154
4 28 1.10054
4 29 1.10054
4 30 1.10054
4 31 1.10054
4 32 1.10054
4 33 1.08572
4 34 1.07856
4 35 1.07199
4 36 1.06872
4 37 1.148
4 38 1.148
4 39 1.148
4 40 1.148
4 41 1.148
4 42 1.10762
4 43 1.09276
4 44 1.0808
4 45 1.0752
4 46 1.12934
4 47 1.12934
4 48 1.12934
4 49 1.12934
4 50 1.12934
4 51 1.10083
4 52 1.08874
4 53 1.07845
4 54 1.07347
4 55 1.11155
4 56 1.11155
4 57 1.11155
4 58 1.11155
4 59 1.11155
4 60 1.09225
4 61 1.08326
4 62 1.07521
4 63 1.07124
4 64 1.09749
4 65 1.09749
4 66 1.09749
4 67 1.09749
4 68 1.09749
4 69 1.08411
4 70 1.07758
4 71 1.07156
4 72 1.06854
4 73 1.11949
4 74 1.11949
4 75 1.11949
4 76 1.11949
4 77 1.11949
4 78 1.09656
4 79 1.08642
4 80 1.07751
4 81 1.07327
4 82 1.11183
4 83 1.11183
4 84 1.11183
4 85 1.11183
4 86 1.11183
4 87 1.09254
4 88 1.08357
4 89 1.07558
4 90 1.07166
4 91 1.10161
4 92 1.10161
4 93 1.10161
4 94 1.10161
4 95 1.10161
4 96 1.08668
4 97 1.07949
4 98 1.07291
4 99 1.06963
4 100 1.09161
4 101 1.09161
4 102 1.09161
4 103 1.09161
4 104 1.09161
4 105 1.08042
4 106 1.07489
4 107 1.06975
4 108 1.06717
4 109 1.10172
4 110 1.10172
4 111 1.10172
4 112 1.10172
4 113 1.10172
4 114 1.08698
4 115 1.07988
4 116 1.07337
4 117 1.07041
4 118 1.09757
4 119 1.09757
4 120 1.09757
4 121 1.09757
4 122 1.09757
4 123 1.08428
4 124 1.07775
4 125 1.07182
4 126 1.06891
4 127 1.09142
4 128 1.09142
4 129 1.09142
4 130 1.09142
4 131 1.09142
4 132 1.08026
4 133 1.07476
4 134 1.06966
4 135 1.06711
4 136 1.08455
4 137 1.08455
4 138 1.08455
4 139 1.08455
4 140 1.08455
4 141 1.07563
4 142 1.07119
4 143 1.06702
4 144 1.06493
5 1 1.30513
5 2 1.30513
5 3 1.30513
5 4 1.30513
5 5 1.30513
5 6 1.11844
5 7 1.0972
5 8 1.0824
5 9 1.07567
5 10 1.1469
5 11 1.1469
5 12 1.1469
5 13 1.1469
5 14 1.1469
5 15 1.10663
5 16 1.09171
5 17 1.07963
5 18 1.07389
5 19 1.11812
5 20 1.11812
5 21 1.11812
5 22 1.11812
5 23 1.11812
5 24 1.09528
5 25 1.08501
5 26 1.07597
5 27 1.07154
5 28 1.10054
5 29 1.10054
5 30 1.10054
5 31 1.10054
5 32 1.10054
5 33 1.08572
5 34 1.07856
5 35 1.07199
5 36 1.06872
5 37 1.148
5 38 1.148
5 39 1.148
5 40 1.148
5 41 1.148
5 42 1.10762
5 43 1.09276
5 44 1.0808
5 45 1.0752
5 46 1.12934
5 47 1.12934
5 48 1.12934
5 49 1.12934
5 50 1.12934
5 51 1.10083
5 52 1.08874
5 53 1.07845
5 54 1.07347
5 55 1.11155
5 56 1.11155
5 57 1.11155
5 58 1.11155
5 59 1.11155
5 60 1.09225
5 61 1.08326
5 62 1.07521
5 63 1.07124
5 64 1.09749
5 65 1.09749
5 66 1.09749
5 67 1.09749
5 68 1.09749
5 69 1.08411
5 70 1.07758
5 71 1.07156
5 72 1.06854
5 73 1.11949
5 74 1.11949
5 75 1.11949
5 76 1.11949
5 77 1.11949
5 78 1.09656
5 79 1.08642
5 80 1.07751
5 81 1.07327
5 82 1.11183
5 83 1.11183
5 84 1.11183
5 85 1.11183
5 86 1.11183
5 87 1.09254
5 88 1.08357
5 89 1.07558
5 90 1.07166
5 91 1.10161
5 92 1.10161
5 93 1.10161
5 94 1.10161
5 95 1.10161
5 96 1.08668
5 97 1.07949
5 98 1.07291
5 99 1.06963
5 100 1.09161
5 101 1.09161
5 102 1.09161
5 103 1.09161
5 104 1.09161
5 105 1.08042
5 106 1.07489
5 107 1.06975
5 108 1.06717
5 109 1.10172
5 110 1.10172
5 111 1.10172
5 112 1.10172
5 113 1.10172
5 114 1.08698
5 115 1.07988
5 116 1.07337
5 117 1.07041
5 118 1.09757
5 119 1.09757
5 120 1.09757
5 121 1.09757
5 122 1.09757
5 123 1.08428
5 124 1.07775
5 125 1.07182
5 126 1.06891
5 127 1.09142
5 128 1.09142
5 129 1.09142
5 130 1.09142
5 131 1.09142
5 132 1.08026
5 133 1.07476
5 134 1.06966
5 135 1.06711
5 136 1.08455
5 137 1.08455
5 138 1.08455
5 139 1.08455
5 140 1.08455
5 141 1.07563
5 142 1.07119
5 143 1.06702
5 144 1.06493
6 1 1.11844
6 2 1.11844
6 3 1.11844
6 4 1.11844
6 5 1.11844
6 6 6.91989
6 7 2.14482
6 8 1.39437
6 9 1.20561
6 10 1.10659
6 11 1.10659
6 12 1.10659
6 13 1.10659
6 14 1.10659
6 15 1.44621
6 16 1.36723
6 17 1.24355
6 18 1.17984
6 19 1.09523
6 20 1.09523
6 21 1.09523
6 22 1.09523
6 23 1.09523
6 24 1.19384
6 25 1.19332
6 26 1.16785
6 27 1.15083
6 28 1.08567
6 29 1.08567
6 30 1.08567
6 31 1.08567
6 32 1.08567
6 33 1.12454
6 34 1.13099
6 35 1.12898
6 36 1.12633
6 37 1.10783
6 38 1.10783
6 39 1.10783
6 40 1.10783
6 41 1.10783
6 42 1.44291
6 43 1.36488
6 44 1.24291
6 45 1.18091
6 46 1.10086
6 47 1.10086
6 48 1.10086
6 49 1.10086
6 50 1.10086
6 51 1.25877
6 52 1.24572
6 53 1.19488
6 54 1.16399
6 55 1.09223
6 56 1.09223
6 57 1.09223
6 58 1.09223
6 59 1.09223
6 60 1.15965
6 61 1.16397
6 62 1.15136
6 63 1.14189
6 64 1.08408
6 65 1.08408
6 66 1.08408
6 67 1.08408
6 68 1.08408
6 69 1.11558
6 70 1.12216
6 71 1.12247
6 72 1.1214
6 73 1.09689
6 74 1.09689
6 75 1.09689
6 76 1.09689
6 77 1.09689
6 78 1.19131
6 79 1.19171
6 80 1.16758
6 81 1.15193
6 82 1.09262
6 83 1.09262
6 84 1.09262
6 85 1.09262
6 86 1.09262
6 87 1.15901
6 88 1.16345
6 89 1.1512
6 90 1.14199
6 91 1.0867
6 92 1.0867
6 93 1.0867
6 94 1.0867
6 95 1.0867
6 96 1.12548
6 97 1.132
6 98 1.13005
6 99 1.12742
6 100 1.08042
6 101 1.08042
6 102 1.08042
6 103 1.08042
6 104 1.08042
6 105 1.1028
6 106 1.10906
6 107 1.11168
6 108 1.1123
6 109 1.08726
6 110 1.08726
6 111 1.08726
6 112 1.08726
6 113 1.08726
6 114 1.12263
6 115 1.12973
6 116 1.12857
6 117 1.12703
6 118 1.08439
6 119 1.08439
6 120 1.08439
6 121 1.08439
6 122 1.08439
6 123 1.1145
6 124 1.12125
6 125 1.12194
6 126 1.12114
6 127 1.08033
6 128 1.08033
6 129 1.08033
6 130 1.08033
6 131 1.08033
6 132 1.10226
6 133 1.10853
6 134 1.11125
6 135 1.11195
6 136 1.07566
6 137 1.07566
6 138 1.07566
6 139 1.07566
6 140 1.07566
6 141 1.09087
6 142 1.09632
6 143 1.09997
6 144 1.10148
7 1 1.0972
7 2 1.0972
7 3 1.0972
7 4 1.0972
7 5 1.0972
7 6 2.14482
7 7 6.92197
7 8 1.99584
7 9 1.31391
7 10 1.09166
7 11 1.09166
7 12 1.09166
7 13 1.09166
7 14 1.09166
7 15 1.36706
7 16 1.46861
7 17 1.34133
7 18 1.24968
7 19 1.08495
7 20 1.08495
7 21 1.08495
7 22 1.08495
7 23 1.08495
7 24 1.19326
7 25 1.2206
7 26 1.21003
7 27 1.19644
7 28 1.0785
7 29 1.0785
7 30 1.0785
7 31 1.0785
7 32 1.0785
7 33 1.13097
7 34 1.14796
7 35 1.1555
7 36 1.15727
7 37 1.09294
7 38 1.09294
7 39 1.09294
7 40 1.09294
7 41 1.09294
7 42 1.36439
7 43 1.46548
7 44 1.34008
7 45 1.25066
7 46 1.08876
7 47 1.08876
7 48 1.08876
7 49 1.08876
7 50 1.08876
7 51 1.24558
7 52 1.28505
7 53 1.25084
7 54 1.21868
7 55 1.08324
7 56 1.08324
7 57 1.08324
7 58 1.08324
7 59 1.08324
7 60 1.16391
7 61 1.1857
7 62 1.186
7 63 1.18129
7 64 1.07754
7 65 1.07754
7 66 1.07754
7 67 1.07754
7 68 1.07754
7 69 1.12215
7 70 1.13767
7 71 1.14646
7 72 1.14949
7 73 1.08669
7 74 1.08669
7 75 1.08669
7 76 1.08669
7 77 1.08669
7 78 1.19062
7 79 1.21851
7 80 1.20928
7 81 1.19716
7 82 1.08366
7 83 1.08366
7 84 1.08366
7 85 1.08366
7 86 1.08366
7 87 1.16317
7 88 1.18507
7 89 1.18569
7 90 1.18122
7 91 1.0795
7 92 1.0795
7 93 1.0795
7 94 1.0795
7 95 1.0795
7 96 1.13192
7 97 1.14895
7 98 1.15664
7 99 1.15849
7 100 1.07488
7 101 1.07488
7 102 1.07488
7 103 1.07488
7 104 1.07488
7 105 1.10905
7 106 1.12237
7 107 1.13186
7 108 1.13593
7 109 1.08022
7 110 1.08022
7 111 1.08022
7 112 1.08022
7 113 1.08022
7 114 1.12845
7 115 1.1461
7 116 1.15449
7 117 1.15738
7 118 1.07793
7 119 1.07793
7 120 1.07793
7 121 1.07793
7 122 1.07793
7 123 1.12077
7 124 1.13649
7 125 1.14563
7 126 1.14889
7 127 1.07483
7 128 1.07483
7 129 1.07483
7 130 1.07483
7 131 1.07483
7 132 1.1084
7 133 1.1217
7 134 1.13129
7 135 1.13542
7 136 1.07121
7 137 1.07121
7 138 1.07121
7 139 1.07121
7 140 1.07121
7 141 1.09629
7 142 1.10719
7 143 1.11616
7 144 1.12039
8 1 1.0824
8 2 1.0824
8 3 1.0824
8 4 1.0824
8 5 1.0824
8 6 1.39437
8 7 1.99584
8 8 6.23614
8 9 1.54632
8 10 1.0796
8 11 1.0796
8 12 1.0796
8 13 1.0796
8 14 1.0796
8 15 1.24331
8 16 1.34095
8 17 1.39938
8 18 1.33593
8 19 1.07593
8 20 1.07593
8 21 1.07593
8 22 1.07593
8 23 1.07593
8 24 1.16776
8 25 1.2099
8 26 1.23796
8 27 1.24438
8 28 1.07195
8 29 1.07195
8 30 1.07195
8 31 1.07195
8 32 1.07195
8 33 1.12896
8 34 1.15544
8 35 1.17762
8 36 1.1878
8 37 1.08093
8 38 1.08093
8 39 1.08093
8 40 1.08093
8 41 1.08093
8 42 1.2428
8 43 1.34067
8 44 1.39917
8 45 1.33678
8 46 1.07848
8 47 1.07848
8 48 1.07848
8 49 1.07848
8 50 1.07848
8 51 1.19474
8 52 1.25074
8 53 1.28257
8 54 1.27913
8 55 1.07521
8 56 1.07521
8 57 1.07521
8 58 1.07521
8 59 1.07521
8 60 1.1513
8 61 1.18592
8 62 1.21173
8 63 1.22146
8 64 1.07154
8 65 1.07154
8 66 1.07154
8 67 1.07154
8 68 1.07154
8 69 1.12246
8 70 1.14642
8 71 1.16712
8 72 1.17696
8 73 1.07775
8 74 1.07775
8 75 1.07775
8 76 1.07775
8 77 1.07775
8 78 1.16642
8 79 1.209
8 80 1.23755
8 81 1.24465
8 82 1.07567
8 83 1.07567
8 84 1.07567
8 85 1.07567
8 86 1.07567
8 87 1.15079
8 88 1.18552
8 89 1.21145
8 90 1.22122
8 91 1.07294
8 92 1.07294
8 93 1.07294
8 94 1.07294
8 95 1.07294
8 96 1.12992
8 97 1.15653
8 98 1.17888
8 99 1.18918
8 100 1.06976
8 101 1.06976
8 102 1.06976
8 103 1.06976
8 104 1.06976
8 105 1.11165
8 106 1.13181
8 107 1.14991
8 108 1.15878
8 109 1.07379
8 110 1.07379
8 111 1.07379
8 112 1.07379
8 113 1.07379
8 114 1.12668
8 115 1.15383
8 116 1.17643
8 117 1.18725
8 118 1.07199
8 119 1.07199
8 120 1.07199
8 121 1.07199
8 122 1.07199
8 123 1.1211
8 124 1.14526
8 125 1.16613
8 126 1.17602
8 127 1.06974
8 128 1.06974
8 129 1.06974
8 130 1.06974
8 131 1.06974
8 132 1.11097
8 133 1.13109
8 134 1.14922
8 135 1.15812
8 136 1.06705
8 137 1.06705
8 138 1.06705
8 139 1.06705
8 140 1.06705
8 141 1.09989
8 142 1.11609
8 143 1.13103
8 144 1.1385
9 1 1.07567
9 2 1.07567
9 3 1.07567
9 4 1.07567
9 5 1.07567
9 6 1.20561
9 7 1.31391
9 8 1.54632
9 9 2.14773
9 10 1.07389
9 11 1.07389
9 12 1.07389
9 13 1.07389
9 14 1.07389
9 15 1.17988
9 16 1.24962
9 17 1.33601
9 18 1.38978
9 19 1.07153
9 20 1.07153
9 21 1.07153
9 22 1.07153
9 23 1.07153
9 24 1.15085
9 25 1.19637
9 26 1.24437
9 27 1.27012
9 28 1.06871
9 29 1.06871
9 30 1.06871
9 31 1.06871
9 32 1.06871
9 33 1.12634
9 34 1.15722
9 35 1.18779
9 36 1.20358
9 37 1.07523
9 38 1.07523
9 39 1.07523
9 40 1.07523
9 41 1.07523
9 42 1.18018
9 43 1.25021
9 44 1.33628
9 45 1.38965
9 46 1.0735
9 47 1.0735
9 48 1.0735
9 49 1.0735
9 50 1.0735
9 51 1.16383
9 52 1.21849
9 53 1.27896
9 54 1.31244
9 55 1.07125
9 56 1.07125
9 57 1.07125
9 58 1.07125
9 59 1.07125
9 60 1.14183
9 61 1.18115
9 62 1.22134
9 63 1.24246
9 64 1.06855
9 65 1.06855
9 66 1.06855
9 67 1.06855
9 68 1.06855
9 69 1.12138
9 70 1.1494
9 71 1.17689
9 72 1.19102
9 73 1.07336
9 74 1.07336
9 75 1.07336
9 76 1.07336
9 77 1.07336
9 78 1.15012
9 79 1.19594
9 80 1.24384
9 81 1.2696
9 82 1.07172
9 83 1.07172
9 84 1.07172
9 85 1.07172
9 86 1.07172
9 87 1.14141
9 88 1.18079
9 89 1.22094
9 90 1.24196
9 91 1.06967
9 92 1.06967
9 93 1.06967
9 94 1.06967
9 95 1.06967
9 96 1.12721
9 97 1.15824
9 98 1.18899
9 99 1.20486
9 100 1.06719
9 101 1.06719
9 102 1.06719
9 103 1.06719
9 104 1.06719
9 105 1.11223
9 106 1.1358
9 107 1.15867
9 108 1.17037
9 109 1.07056
9 110 1.07056
9 111 1.07056
9 112 1.07056
9 113 1.07056
9 114 1.12418
9 115 1.15566
9 116 1.18629
9 117 1.20234
9 118 1.06902
9 119 1.06902
9 120 1.06902
9 121 1.06902
9 122 1.06902
9 123 1.12
9 124 1.14819
9 125 1.17568
9 126 1.18973
9 127 1.06718
9 128 1.06718
9 129 1.06718
9 130 1.06718
9 131 1.06718
9 132 1.11151
9 133 1.13502
9 134 1.15788
9 135 1.16956
9 136 1.06496
9 137 1.06496
9 138 1.06496
9 139 1.06496
9 140 1.06496
9 141 1.10134
9 142 1.1202
9 143 1.13836
9 144 1.14761
10 1 1.1469
10 2 1.1469
10 3 1.1469
10 4 1.1469
10 5 1.1469
10 6 1.10659
10 7 1.09166
10 8 1.0796
10 9 1.07389
10 10 1.30423
10 11 1.30423
10 12 1.30423
10 13 1.30423
10 14 1.30423
10 15 1.11752
10 16 1.09627
10 17 1.08141
10 18 1.07463
10 19 1.16166
10 20 1.16166
10 21 1.16166
10 22 1.16166
10 23 1.16166
10 24 1.11001
10 25 1.09318
10 26 1.08006
10 27 1.07389
10 28 1.12582
10 29 1.12582
10 30 1.12582
10 31 1.12582
10 32 1.12582
10 33 1.09877
10 34 1.08712
10 35 1.07709
10 36 1.07221
10 37 1.12933
10 38 1.12933
10 39 1.12933
10 40 1.12933
10 41 1.12933
10 42 1.10065
10 43 1.08859
10 44 1.07836
10 45 1.07349
10 46 1.1471
10 47 1.1471
10 48 1.1471
10 49 1.1471
10 50 1.1471
10 51 1.10679
10 52 1.09187
10 53 1.07982
10 54 1.07411
10 55 1.13519
10 56 1.13519
10 57 1.13519
10 58 1.13519
10 59 1.13519
10 60 1.10289
10 61 1.08974
10 62 1.07872
10 63 1.07341
10 64 1.11699
10 65 1.11699
10 66 1.11699
10 67 1.11699
10 68 1.11699
10 69 1.095
10 70 1.08502
10 71 1.07618
10 72 1.07184
10 73 1.1118
10 74 1.1118
10 75 1.1118
10 76 1.1118
10 77 1.1118
10 78 1.09224
10 79 1.0834
10 80 1.07547
10 81 1.07169
10 82 1.11859
10 83 1.11859
10 84 1.11859
10 85 1.11859
10 86 1.11859
10 87 1.09571
10 88 1.08546
10 89 1.07651
10 90 1.07215
10 91 1.11428
10 92 1.11428
10 93 1.11428
10 94 1.11428
10 95 1.11428
10 96 1.09359
10 97 1.0841
10 98 1.07567
10 99 1.07152
10 100 1.105
10 101 1.105
10 102 1.105
10 103 1.105
10 104 1.105
10 105 1.08861
10 106 1.08079
10 107 1.07367
10 108 1.07013
10 109 1.09753
10 110 1.09753
10 111 1.09753
10 112 1.09753
10 113 1.09753
10 114 1.08401
10 115 1.0776
10 116 1.07165
10 117 1.06896
10 118 1.10082
10 119 1.10082
10 120 1.10082
10 121 1.10082
10 122 1.10082
10 123 1.08598
10 124 1.07884
10 125 1.0724
10 126 1.06926
10 127 1.0987
10 128 1.0987
10 129 1.0987
10 130 1.0987
10 131 1.0987
10 132 1.0847
10 133 1.07795
10 134 1.07176
10 135 1.06869
10 136 1.09354
10 137 1.09354
10 138 1.09354
10 139 1.09354
10 140 1.09354
10 141 1.08156
10 142 1.07568
10 143 1.07023
10 144 1.06751
11 1 1.1469
11 2 1.1469
11 3 1.1469
11 4 1.1469
11 5 1.1469
11 6 1.10659
11 7 1.09166
11 8 1.0796
11 9 1.07389
11 10 1.30423
11 11 1.30423
11 12 1.30423
11 13 1.30423
11 14 1.30423
11 15 1.11752
11 16 1.09627
11 17 1.08141
11 18 1.07463
11 19 1.16166
11 20 1.16166
11 21 1.16166
11 22 1.16166
11 23 1.16166
11 24 1.11001
11 25 1.09318
11 26 1.08006
11 27 1.07389
11 28 1.12582
11 29 1.12582
11 30 1.12582
11 31 1.12582
11 32 1.12582
11 33 1.09877
11 34 1.08712
11 35 1.07709
11 36 1.07221
11 37 1.12933
11 38 1.12933
11 39 1.12933
11 40 1.12933
11 41 1.12933
11 42 1.10065
11 43 1.08859
11 44 1.07836
11 45 1.07349
11 46 1.1471
11 47 1.1471
11 48 1.1471
11 49 1.1471
11 50 1.1471
11 51 1.10679
11 52 1.09187
11 53 1.07982
11 54 1.07411
11 55 1.13519
11 56 1.13519
11 57 1.13519
11 58 1.13519
11 59 1.13519
11 60 1.10289
11 61 1.08974
11 62 1.07872
11 63 1.07341
11 64 1.11699
11 65 1.11699
11 66 1.11699
11 67 1.11699
11 68 1.11699
11 69 1.095
11 70 1.08502
11 71 1.07618
11 72 1.07184
11 73 1.1118
11 74 1.1118
11 75 1.1118
11 76 1.1118
11 77 1.1118
11 78 1.09224
11 79 1.0834
11 80 1.07547
11 81 1.07169
11 82 1.11859
11 83 1.11859
11 84 1.11859
11 85 1.11859
11 86 1.11859
11 87 1.09571
11 88 1.08546
11 89 1.07651
11 90 1.07215
11 91 1.11428
11 92 1.11428
11 93 1.11428
11 94 1.11428
11 95 1.11428
11 96 1.09359
11 97 1.0841
11 98 1.07567
11 99 1.07152
11 100 1.105
11 101 1.105
11 102 1.105
11 103 1.105
11 104 1.105
11 105 1.08861
11 106 1.08079
11 107 1.07367
11 108 1.07013
11 109 1.09753
11 110 1.09753
11 111 1.09753
11 112 1.09753
11 113 1.09753
11 114 1.08401
11 115 1.0776
11 116 1.07165
11 117 1.06896
11 118 1.10082
11 119 1.10082
11 120 1.10082
11 121 1.10082
11 122 1.10082
11 123 1.08598
11 124 1.07884
11 125 1.0724
11 126 1.06926
11 127 1.0987
11 128 1.0987
11 129 1.0987
11 130 1.0987
11 131 1.0987
11 132 1.0847
11 133 1.07795
11 134 1.07176
11 135 1.06869
11 136 1.09354
11 137 1.09354
11 138 1.09354
11 139 1.09354
11 140 1.09354
11 141 1.08156
11 142 1.07568
11 143 1.07023
11 144 1.06751
12 1 1.1469
12 2 1.1469
12 3 1.1469
12 4 1.1469
12 5 1.1469
12 6 1.10659
12 7 1.09166
12 8 1.0796
12 9 1.07389
12 10 1.30423
12 11 1.30423
12 12 1.30423
12 13 1.30423
12 14 1.30423
12 15 1.11752
12 16 1.09627
12 17 1.08141
12 18 1.07463
12 19 1.16166
12 20 1.16166
12 21 1.16166
12 22 1.16166
12 23 1.16166
12 24 1.11001
12 25 1.09318
12 26 1.08006
12 27 1.07389
12 28 1.12582
12 29 1.12582
12 30 1.12582
12 31 1.12582
12 32 1.12582
12 33 1.09877
12 34 1.08712
12 35 1.07709
12 36 1.07221
12 37 1.12933
12 38 1.12933
12 39 1.12933
12 40 1.12933
12 41 1.12933
12 42 1.10065
12 43 1.08859
12 44 1.07836
12 45 1.07349
12 46 1.1471
12 47 1.1471
12 48 1.1471
12 49 1.1471
12 50 1.1471
12 51 1.10679
12 52 1.09187
12 53 1.07982
12 54 1.07411
12 55 1.13519
12 56 1.13519
12 57 1.13519
12 58 1.13519
12 59 1.13519
12 60 1.10289
12 61 1.08974
12 62 1.07872
12 63 1.07341
12 64 1.11699
12 65 1.11699
12 66 1.11699
12 67 1.11699
12 68 1.11699
12 69 1.095
12 70 1.08502
12 71 1.07618
12 72 1.07184
12 73 1.1118
12 74 1.1118
12 75 1.1118
12 76 1.1118
12 77 1.1118
12 78 1.09224
12 79 1.0834
12 80 1.07547
12 81 1.07169
12 82 1.11859
12 83 1.11859
12 84 1.11859
12 85 1.11859
12 86 1.11859
12 87 1.09571
12 88 1.08546
12 89 1.07651
12 90 1.07215
12 91 1.11428
12 92 1.11428
12 93 1.11428
12 94 1.11428
12 95 1.11428
12 96 1.09359
12 97 1.0841
12 98 1.07567
12 99 1.07152
12 100 1.105
12 101 1.105
12 102 1.105
12 103 1.105
12 104 1.105
12 105 1.08861
12 106 1.08079
12 107 1.07367
12 108 1.07013
12 109 1.09753
12 110 1.09753
12 111 1.09753
12 112 1.09753
12 113 1.09753
12 114 1.08401
12 115 1.0776
12 116 1.07165
12 117 1.06896
12 118 1.10082
12 119 1.10082
12 120 1.10082
12 121 1.10082
12 122 1.10082
12 123 1.08598
12 124 1.07884
12 125 1.0724
12 126 1.06926
12 127 1.0987
12 128 1.0987
12 129 1.0987
12 130 1.0987
12 131 1.0987
12 132 1.0847
12 133 1.07795
12 134 1.07176
12 135 1.06869
12 136 1.09354
12 137 1.09354
12 138 1.09354
12 139 1.09354
12 140 1.09354
12 141 1.08156
12 142 1.07568
12 143 1.07023
12 144 1.06751
13 1 1.1469
13 2 1.1469
13 3 1.1469
13 4 1.1469
13 5 1.1469
13 6 1.10659
13 7 1.09166
13 8 1.0796
13 9 1.07389
13 10 1.30423
13 11 1.30423
13 12 1.30423
13 13 1.30423
13 14 1.30423
13 15 1.11752
13 16 1.09627
13 17 1.08141
13 18 1.07463
13 19 1.16166
13 20 1.16166
13 21 1.16166
13 22 1.16166
13 23 1.16166
13 24 1.11001
13 25 1.09318
13 26 1.08006
13 27 1.07389
13 28 1.12582
13 29 1.12582
13 30 1.12582
13 31 1.12582
13 32 1.12582
13 33 1.09877
13 34 1.08712
13 35 1.07709
13 36 1.07221
13 37 1.12933
13 38 1.12933
13 39 1.12933
13 40 1.12933
13 41 1.12933
13 42 1.10065
13 43 1.08859
13 44 1.07836
13 45 1.07349
13 46 1.1471
13 47 1.1471
13 48 1.1471
13 49 1.1471
13 50 1.1471
13 51 1.10679
13 52 1.09187
13 53 1.07982
13 54 1.07411
13 55 1.13519
13 56 1.13519
13 57 1.13519
13 58 1.13519
13 59 1.13519
13 60 1.10289
13 61 1.08974
13 62 1.07872
13 63 1.07341
13 64 1.11699
13 65 1.11699
13 66 1.11699
13 67 1.11699
13 68 1.11699
13 69 1.095
13 70 1.08502
13 71 1.07618
13 72 1.07184
13 73 1.1118
13 74 1.1118
13 75 1.1118
13 76 1.1118
13 77 1.1118
13 78 1.09224
13 79 1.0834
13 80 1.07547
13 81 1.07169
13 82 1.11859
13 83 1.11859
13 84 1.11859
13 85 1.11859
13 86 1.11859
13 87 1.09571
13 88 1.08546
13 89 1.07651
13 90 1.07215
13 91 1.11428
13 92 1.11428
13 93 1.11428
13 94 1.11428
13 95 1.11428
13 96 1.09359
13 97 1.0841
13 98 1.07567
13 99 1.07152
13 100 1.105
13 101 1.105
13 102 1.105
13 103 1.105
13 104 1.105
13 105 1.08861
13 106 1.08079
13 107 1.07367
13 108 1.07013
13 109 1.09753
13 110 1.09753
13 111 1.09753
13 112 1.09753
13 113 1.09753
13 114 1.08401
13 115 1.0776
13 116 1.07165
13 117 1.06896
13 118 1.10082
13 119 1.10082
13 120 1.10082
13 121 1.10082
13 122 1.10082
13 123 1.08598
13 124 1.07884
13 125 1.0724
13 126 1.06926
13 127 1.0987
13 128 1.0987
13 129 1.0987
13 130 1.0987
13 131 1.0987
13 132 1.0847
13 133 1.07795
13 134 1.07176
13 135 1.06869
13 136 1.09354
13 137 1.09354
13 138 1.09354
13 139 1.09354
13 140 1.09354
13 141 1.08156
13 142 1.07568
13 143 1.07023
13 144 1.06751
14 1 1.1469
14 2 1.1469
14 3 1.1469
14 4 1.1469
14 5 1.1469
14 6 1.10659
14 7 1.09166
14 8 1.0796
14 9 1.07389
14 10 1.30423
14 11 1.30423
14 12 1.30423
14 13 1.30423
14 14 1.30423
14 15 1.11752
14 16 1.09627
14 17 1.08141
14 18 1.07463
14 19 1.16166
14 20 1.16166
14 21 1.16166
14 22 1.16166
14 23 1.16166
14 24 1.11001
14 25 1.09318
14 26 1.08006
14 27 1.07389
14 28 1.12582
14 29 1.12582
14 30 1.12582
14 31 1.12582
14 32 1.12582
14 33 1.09877
14 34 1.08712
14 35 1.07709
14 36 1.07221
14 37 1.12933
14 38 1.12933
14 39 1.12933
14 40 1.12933
14 41 1.12933
14 42 1.10065
14 43 1.08859
14 44 1.07836
14 45 1.07349
14 46 1.1471
14 47 1.1471
14 48 1.1471
14 49 1.1471
14 50 1.1471
14 51 1.10679
14 52 1.09187
14 53 1.07982
14 54 1.07411
14 55 1.13519
14 56 1.13519
14 57 1.13519
14 58 1.13519
14 59 1.13519
14 60 1.10289
14 61 1.08974
14 62 1.07872
14 63 1.07341
14 64 1.11699
14 65 1.11699
14 66 1.11699
14 67 1.11699
14 68 1.11699
14 69 1.095
14 70 1.08502
14 71 1.07618
14 72 1.07184
14 73 1.1118
14 74 1.1118
14 75 1.1118
14 76 1.1118
14 77 1.1118
14 78 1.09224
14 79 1.0834
14 80 1.07547
14 81 1.07169
14 82 1.11859
14 83 1.11859
14 84 1.11859
14 85 1.11859
14 86 1.11859
14 87 1.09571
14 88 1.08546
14 89 1.07651
14 90 1.07215
14 91 1.11428
14 92 1.11428
14 93 1.11428
14 94 1.11428
14 95 1.11428
14 96 1.09359
14 97 1.0841
14 98 1.07567
14 99 1.07152
14 100 1.105
14 101 1.105
14 102 1.105
14 103 1.105
14 104 1.105
14 105 1.08861
14 106 1.08079
14 107 1.07367
14 108 1.07013
14 109 1.09753
14 110 1.09753
14 111 1.09753
14 112 1.09753
14 113 1.09753
14 114 1.08401
14 115 1.0776
14 116 1.07165
14 117 1.06896
14 118 1.10082
14 119 1.10082
14 120 1.10082
14 121 1.10082
14 122 1.10082
14 123 1.08598
14 124 1.07884
14 125 1.0724
14 126 1.06926
14 127 1.0987
14 128 1.0987
14 129 1.0987
14 130 1.0987
14 131 1.0987
14 132 1.0847
14 133 1.07795
14 134 1.07176
14 135 1.06869
14 136 1.09354
14 137 1.09354
14 138 1.09354
14 139 1.09354
14 140 1.09354
14 141 1.08156
14 142 1.07568
14 143 1.07023
14 144 1.06751
15 1 1.10663
15 2 1.10663
15 3 1.10663
15 4 1.10663
15 5 1.10663
15 6 1.44621
15 7 1.36706
15 8 1.24331
15 9 1.17988
15 10 1.11752
15 11 1.11752
15 12 1.11752
15 13 1.11752
15 14 1.11752
15 15 6.92064
15 16 2.1461
15 17 1.39472
15 18 1.20473
15 19 1.11
15 20 1.11
15 21 1.11
15 22 1.11
15 23 1.11
15 24 1.68181
15 25 1.48532
15 26 1.28177
15 27 1.18882
15 28 1.09874
15 29 1.09874
15 30 1.09874
15 31 1.09874
15 32 1.09874
15 33 1.24206
15 34 1.23205
15 35 1.1876
15 36 1.16019
15 37 1.10089
15 38 1.10089
15 39 1.10089
15 40 1.10089
15 41 1.10089
15 42 1.25737
15 43 1.24466
15 44 1.19408
15 45 1.16396
15 46 1.10686
15 47 1.10686
15 48 1.10686
15 49 1.10686
15 50 1.10686
15 51 1.44616
15 52 1.3672
15 53 1.24347
15 54 1.17991
15 55 1.10291
15 56 1.10291
15 57 1.10291
15 58 1.10291
15 59 1.10291
15 60 1.31119
15 61 1.28407
15 62 1.21175
15 63 1.17008
15 64 1.095
15 65 1.095
15 66 1.095
15 67 1.095
15 68 1.095
15 69 1.18473
15 70 1.18606
15 71 1.16431
15 72 1.14932
15 73 1.09265
15 74 1.09265
15 75 1.09265
15 76 1.09265
15 77 1.09265
15 78 1.15698
15 79 1.16214
15 80 1.15035
15 81 1.14185
15 82 1.09584
15 83 1.09584
15 84 1.09584
15 85 1.09584
15 86 1.09584
15 87 1.19322
15 88 1.19285
15 89 1.16764
15 90 1.15098
15 91 1.09364
15 92 1.09364
15 93 1.09364
15 94 1.09364
15 95 1.09364
15 96 1.17194
15 97 1.17481
15 98 1.1577
15 99 1.14552
15 100 1.08862
15 101 1.08862
15 102 1.08862
15 103 1.08862
15 104 1.08862
15 105 1.13595
15 106 1.14208
15 107 1.13716
15 108 1.13254
15 109 1.08443
15 110 1.08443
15 111 1.08443
15 112 1.08443
15 113 1.08443
15 114 1.11262
15 115 1.11998
15 116 1.12101
15 117 1.12092
15 118 1.08617
15 119 1.08617
15 120 1.08617
15 121 1.08617
15 122 1.08617
15 123 1.12338
15 124 1.13004
15 125 1.12838
15 126 1.12611
15 127 1.08481
15 128 1.08481
15 129 1.08481
15 130 1.08481
15 131 1.08481
15 132 1.11853
15 133 1.12509
15 134 1.12465
15 135 1.12309
15 136 1.0816
15 137 1.0816
15 138 1.0816
15 139 1.0816
15 140 1.0816
15 141 1.1068
15 142 1.11321
15 143 1.11518
15 144 1.1153
16 1 1.09171
16 2 1.09171
16 3 1.09171
16 4 1.09171
16 5 1.09171
16 6 1.36723
16 7 1.46861
16 8 1.34095
16 9 1.24962
16 10 1.09627
16 11 1.09627
16 12 1.09627
16 13 1.09627
16 14 1.09627
16 15 2.1461
16 16 6.92711
16 17 1.99869
16 18 1.3129
16 19 1.09316
16 20 1.09316
16 21 1.09316
16 22 1.09316
16 23 1.09316
16 24 1.48528
16 25 1.70052
16 26 1.43097
16 27 1.26938
16 28 1.08709
16 29 1.08709
16 30 1.08709
16 31 1.08709
16 32 1.08709
16 33 1.23204
16 34 1.26875
16 35 1.24013
16 36 1.21258
16 37 1.08882
16 38 1.08882
16 39 1.08882
16 40 1.08882
16 41 1.08882
16 42 1.24441
16 43 1.28398
16 44 1.24977
16 45 1.21849
16 46 1.09194
16 47 1.09194
16 48 1.09194
16 49 1.09194
16 50 1.09194
16 51 1.36716
16 52 1.46872
16 53 1.34112
16 54 1.24957
16 55 1.08976
16 56 1.08976
16 57 1.08976
16 58 1.08976
16 59 1.08976
16 60 1.28402
16 61 1.33664
16 62 1.27917
16 63 1.23019
16 64 1.085
16 65 1.085
16 66 1.085
16 67 1.085
16 68 1.085
16 69 1.18604
16 70 1.2115
16 71 1.20435
16 72 1.19346
16 73 1.08373
16 74 1.08373
16 75 1.08373
16 76 1.08373
16 77 1.08373
16 78 1.16111
16 79 1.18359
16 80 1.18458
16 81 1.18088
16 82 1.08561
16 83 1.08561
16 84 1.08561
16 85 1.08561
16 86 1.08561
16 87 1.19256
16 88 1.21999
16 89 1.20955
16 90 1.19629
16 91 1.08415
16 92 1.08415
16 93 1.08415
16 94 1.08415
16 95 1.08415
16 96 1.17472
16 97 1.19834
16 98 1.19497
16 99 1.18723
16 100 1.0808
16 101 1.0808
16 102 1.0808
16 103 1.0808
16 104 1.0808
16 105 1.14206
16 106 1.16052
16 107 1.16631
16 108 1.16643
16 109 1.07801
16 110 1.07801
16 111 1.07801
16 112 1.07801
16 113 1.07801
16 114 1.1186
16 115 1.13495
16 116 1.14443
16 117 1.14844
16 118 1.07909
16 119 1.07909
16 120 1.07909
16 121 1.07909
16 122 1.07909
16 123 1.1295
16 124 1.14668
16 125 1.15449
16 126 1.15662
16 127 1.07806
16 128 1.07806
16 129 1.07806
16 130 1.07806
16 131 1.07806
16 132 1.12493
16 133 1.141
16 134 1.14942
16 135 1.15209
16 136 1.07572
16 137 1.07572
16 138 1.07572
16 139 1.07572
16 140 1.07572
16 141 1.11317
16 142 1.12723
16 143 1.13661
16 144 1.14042
17 1 1.07963
17 2 1.07963
17 3 1.07963
17 4 1.07963
17 5 1.07963
17 6 1.24355
17 7 1.34133
17 8 1.39938
17 9 1.33601
17 10 1.08141
17 11 1.08141
17 12 1.08141
17 13 1.08141
17 14 1.08141
17 15 1.39472
17 16 1.99869
17 17 6.27897
17 18 1.54577
17 19 1.08004
17 20 1.08004
17 21 1.08004
17 22 1.08004
17 23 1.08004
17 24 1.2817
17 25 1.43085
17 26 1.55571
17 27 1.37926
17 28 1.07707
17 29 1.07707
17 30 1.07707
17 31 1.07707
17 32 1.07707
17 33 1.18757
17 34 1.24009
17 35 1.27115
17 36 1.26995
17 37 1.07851
17 38 1.07851
17 39 1.07851
17 40 1.07851
17 41 1.07851
17 42 1.19397
17 43 1.2501
17 44 1.28164
17 45 1.27882
17 46 1.07988
17 47 1.07988
17 48 1.07988
17 49 1.07988
17 50 1.07988
17 51 1.24342
17 52 1.34117
17 53 1.39942
17 54 1.33591
17 55 1.07873
17 56 1.07873
17 57 1.07873
17 58 1.07873
17 59 1.07873
17 60 1.21167
17 61 1.27909
17 62 1.31495
17 63 1.29919
17 64 1.07618
17 65 1.07618
17 66 1.07618
17 67 1.07618
17 68 1.07618
17 69 1.16428
17 70 1.20431
17 71 1.23171
17 72 1.23956
17 73 1.07573
17 74 1.07573
17 75 1.07573
17 76 1.07573
17 77 1.07573
17 78 1.14909
17 79 1.1842
17 80 1.21031
17 81 1.2207
17 82 1.07663
17 83 1.07663
17 84 1.07663
17 85 1.07663
17 86 1.07663
17 87 1.16723
17 88 1.20943
17 89 1.23747
17 90 1.24406
17 91 1.07572
17 92 1.07572
17 93 1.07572
17 94 1.07572
17 95 1.07572
17 96 1.15753
17 97 1.19485
17 98 1.2215
17 99 1.23035
17 100 1.07369
17 101 1.07369
17 102 1.07369
17 103 1.07369
17 104 1.07369
17 105 1.13711
17 106 1.16626
17 107 1.18986
17 108 1.20028
17 109 1.07208
17 110 1.07208
17 111 1.07208
17 112 1.07208
17 113 1.07208
17 114 1.11895
17 115 1.14369
17 116 1.16481
17 117 1.17536
17 118 1.07261
17 119 1.07261
17 120 1.07261
17 121 1.07261
17 122 1.07261
17 123 1.12747
17 124 1.15414
17 125 1.1764
17 126 1.18679
17 127 1.07186
17 128 1.07186
17 129 1.07186
17 130 1.07186
17 131 1.07186
17 132 1.1243
17 133 1.14921
17 134 1.17055
17 135 1.18063
17 136 1.07027
17 137 1.07027
17 138 1.07027
17 139 1.07027
17 140 1.07027
17 141 1.11507
17 142 1.13652
17 143 1.15557
17 144 1.16485
18 1 1.07389
18 2 1.07389
18 3 1.07389
18 4 1.07389
18 5 1.07389
18 6 1.17984
18 7 1.24968
18 8 1.33593
18 9 1.38978
18 10 1.07463
18 11 1.07463
18 12 1.07463
18 13 1.07463
18 14 1.07463
18 15 1.20473
18 16 1.3129
18 17 1.54577
18 18 2.14771
18 19 1.07389
18 20 1.07389
18 21 1.07389
18 22 1.07389
18 23 1.07389
18 24 1.18883
18 25 1.26938
18 26 1.37931
18 27 1.45744
18 28 1.0722
18 29 1.0722
18 30 1.0722
18 31 1.0722
18 32 1.0722
18 33 1.1602
18 34 1.21258
18 35 1.26998
18 36 1.30167
18 37 1.07352
18 38 1.07352
18 39 1.07352
18 40 1.07352
18 41 1.07352
18 42 1.16327
18 43 1.21815
18 44 1.27844
18 45 1.3122
18 46 1.07414
18 47 1.07414
18 48 1.07414
18 49 1.07414
18 50 1.07414
18 51 1.17971
18 52 1.24944
18 53 1.3358
18 54 1.38974
18 55 1.07343
18 56 1.07343
18 57 1.07343
18 58 1.07343
18 59 1.07343
18 60 1.17002
18 61 1.23012
18 62 1.29917
18 63 1.33874
18 64 1.07184
18 65 1.07184
18 66 1.07184
18 67 1.07184
18 68 1.07184
18 69 1.14931
18 70 1.19343
18 71 1.23956
18 72 1.26415
18 73 1.07177
18 74 1.07177
18 75 1.07177
18 76 1.07177
18 77 1.07177
18 78 1.14003
18 79 1.17977
18 80 1.22004
18 81 1.24154
18 82 1.07222
18 83 1.07222
18 84 1.07222
18 85 1.07222
18 86 1.07222
18 87 1.15034
18 88 1.1959
18 89 1.24382
18 90 1.26965
18 91 1.07156
18 92 1.07156
18 93 1.07156
18 94 1.07156
18 95 1.07156
18 96 1.1453
18 97 1.18704
18 98 1.23027
18 99 1.25318
18 100 1.07015
18 101 1.07015
18 102 1.07015
18 103 1.07015
18 104 1.07015
18 105 1.13248
18 106 1.16636
18 107 1.20026
18 108 1.21787
18 109 1.06911
18 110 1.06911
18 111 1.06911
18 112 1.06911
18 113 1.06911
18 114 1.118
18 115 1.14677
18 116 1.1745
18 117 1.18913
18 118 1.06937
18 119 1.06937
18 120 1.06937
18 121 1.06937
18 122 1.06937
18 123 1.12485
18 124 1.1559
18 125 1.18645
18 126 1.20235
18 127 1.06876
18 128 1.06876
18 129 1.06876
18 130 1.06876
18 131 1.06876
18 132 1.12261
18 133 1.15172
18 134 1.18046
18 135 1.19532
18 136 1.06754
18 137 1.06754
18 138 1.06754
18 139 1.06754
18 140 1.06754
18 141 1.11516
18 142 1.14028
18 143 1.16479
18 144 1.17736
19 1 1.11812
19 2 1.11812
19 3 1.11812
19 4 1.11812
19 5 1.11812
19 6 1.09523
19 7 1.08495
19 8 1.07593
19 9 1.07153
19 10 1.16166
19 11 1.16166
19 12 1.16166
19 13 1.16166
19 14 1.16166
19 15 1.11
19 16 1.09316
19 17 1.08004
19 18 1.07389
19 19 1.30425
19 20 1.30425
19 21 1.30425
19 22 1.30425
19 23 1.30425
19 24 1.11754
19 25 1.09628
19 26 1.0814
19 27 1.07459
19 28 1.16198
19 29 1.16198
19 30 1.16198
19 31 1.16198
19 32 1.16198
19 33 1.11033
19 34 1.09348
19 35 1.08035
19 36 1.07418
19 37 1.11154
19 38 1.11154
19 39 1.11154
19 40 1.11154
19 41 1.11154
19 42 1.09205
19 43 1.08309
19 44 1.07511
19 45 1.07125
19 46 1.13518
19 47 1.13518
19 48 1.13518
19 49 1.13518
19 50 1.13518
19 51 1.10284
19 52 1.08968
19 53 1.07868
19 54 1.07341
19 55 1.14713
19 56 1.14713
19 57 1.14713
19 58 1.14713
19 59 1.14713
19 60 1.10683
19 61 1.0919
19 62 1.0798
19 63 1.07405
19 64 1.13551
19 65 1.13551
19 66 1.13551
19 67 1.13551
19 68 1.13551
19 69 1.10321
19 70 1.09005
19 71 1.079
19 72 1.07368
19 73 1.10157
19 74 1.10157
19 75 1.10157
19 76 1.10157
19 77 1.10157
19 78 1.08634
19 79 1.07926
19 80 1.07276
19 81 1.06966
19 82 1.11426
19 83 1.11426
19 84 1.11426
19 85 1.11426
19 86 1.11426
19 87 1.09349
19 88 1.084
19 89 1.07561
19 90 1.07152
19 91 1.11864
19 92 1.11864
19 93 1.11864
19 94 1.11864
19 95 1.11864
19 96 1.09575
19 97 1.08549
19 98 1.07648
19 99 1.07207
19 100 1.11462
19 101 1.11462
19 102 1.11462
19 103 1.11462
19 104 1.11462
19 105 1.09391
19 106 1.0844
19 107 1.07594
19 108 1.07177
19 109 1.09136
19 110 1.09136
19 111 1.09136
19 112 1.09136
19 113 1.09136
19 114 1.07992
19 115 1.07452
19 116 1.06945
19 117 1.06717
19 118 1.09867
19 119 1.09867
19 120 1.09867
19 121 1.09867
19 122 1.09867
19 123 1.08459
19 124 1.07782
19 125 1.07168
19 126 1.0687
19 127 1.10087
19 128 1.10087
19 129 1.10087
19 130 1.10087
19 131 1.10087
19 132 1.08598
19 133 1.07886
19 134 1.07236
19 135 1.06915
19 136 1.09905
19 137 1.09905
19 138 1.09905
19 139 1.09905
19 140 1.09905
19 141 1.08503
19 142 1.07825
19 143 1.07202
19 144 1.06891
20 1 1.11812
20 2 1.11812
20 3 1.11812
20 4 1.11812
20 5 1.11812
20 6 1.09523
20 7 1.08495
20 8 1.07593
20 9 1.07153
20 10 1.16166
20 11 1.16166
20 12 1.16166
20 13 1.16166
20 14 1.16166
20 15 1.11
20 16 1.09316
20 17 1.08004
20 18 1.07389
20 19 1.30425
20 20 1.30425
20 21 1.30425
20 22 1.30425
20 23 1.30425
20 24 1.11754
20 25 1.09628
20 26 1.0814
20 27 1.07459
20 28 1.16198
20 29 1.16198
20 30 1.16198
20 31 1.16198
20 32 1.16198
20 33 1.11033
20 34 1.09348
20 35 1.08035
20 36 1.07418
20 37 1.11154
20 38 1.11154
20 39 1.11154
20 40 1.11154
20 41 1.11154
20 42 1.09205
20 43 1.08309
20 44 1.07511
20 45 1.07125
20 46 1.13518
20 47 1.13518
20 48 1.13518
20 49 1.13518
20 50 1.13518
20 51 1.10284
20 52 1.08968
20 53 1.07868
20 54 1.07341
20 55 1.14713
20 56 1.14713
20 57 1.14713
20 58 1.14713
20 59 1.14713
20 60 1.10683
20 61 1.0919
20 62 1.0798
20 63 1.07405
20 64 1.13551
20 65 1.13551
20 66 1.13551
20 67 1.13551
20 68 1.13551
20 69 1.10321
20 70 1.09005
20 71 1.079
20 72 1.07368
20 73 1.10157
20 74 1.10157
20 75 1.10157
20 76 1.10157
20 77 1.10157
20 78 1.08634
20 79 1.07926
20 80 1.07276
20 81 1.06966
20 82 1.11426
20 83 1.11426
20 84 1.11426
20 85 1.11426
20 86 1.11426
20 87 1.09349
20 88 1.084
20 89 1.07561
20 90 1.07152
20 91 1.11864
20 92 1.11864
20 93 1.11864
20 94 1.11864
20 95 1.11864
20 96 1.09575
20 97 1.08549
20 98 1.07648
20 99 1.07207
20 100 1.11462
20 101 1.11462
20 102 1.11462
20 103 1.11462
20 104 1.11462
20 105 1.09391
20 106 1.0844
20 107 1.07594
20 108 1.07177
20 109 1.09136
20 110 1.09136
20 111 1.09136
20 112 1.09136
20 113 1.09136
20 114 1.07992
20 115 1.07452
20 116 1.06945
20 117 1.06717
20 118 1.09867
20 119 1.09867
20 120 1.09867
20 121 1.09867
20 122 1.09867
20 123 1.08459
20 124 1.07782
20 125 1.07168
20 126 1.0687
20 127 1.10087
20 128 1.10087
20 129 1.10087
20 130 1.10087
20 131 1.10087
20 132 1.08598
20 133 1.07886
20 134 1.07236
20 135 1.06915
20 136 1.09905
20 137 1.09905
20 138 1.09905
20 139 1.09905
20 140 1.09905
20 141 1.08503
20 142 1.07825
20 143 1.07202
20 144 1.06891
21 1 1.11812
21 2 1.11812
21 3 1.11812
21 4 1.11812
21 5 1.11812
21 6 1.09523
21 7 1.08495
21 8 1.07593
21 9 1.07153
21 10 1.16166
21 11 1.16166
21 12 1.16166
21 13 1.16166
21 14 1.16166
21 15 1.11
21 16 1.09316
21 17 1.08004
21 18 1.07389
21 19 1.30425
21 20 1.30425
21 21 1.30425
21 22 1.30425
21 23 1.30425
21 24 1.11754
21 25 1.09628
21 26 1.0814
21 27 1.07459
21 28 1.16198
21 29 1.16198
21 30 1.16198
21 31 1.16198
21 32 1.16198
21 33 1.11033
21 34 1.09348
21 35 1.08035
21 36 1.07418
21 37 1.11154
21 38 1.11154
21 39 1.11154
21 40 1.11154
21 41 1.11154
21 42 1.09205
21 43 1.08309
21 44 1.07511
21 45 1.07125
21 46 1.13518
21 47 1.13518
21 48 1.13518
21 49 1.13518
