injected_el measured_el potential
1 1 1.30403
1 2 1.30403
1 3 1.30403
1 4 1.30403
1 5 1.30403
1 6 1.11673
1 7 1.09903
1 8 1.08535
1 9 1.07833
1 10 1.14579
1 11 1.14579
1 12 1.14579
1 13 1.14579
1 14 1.14579
1 15 1.10831
1 16 1.09345
1 17 1.08195
1 18 1.07719
1 19 1.11737
1 20 1.11737
1 21 1.11737
1 22 1.11737
1 23 1.11737
1 24 1.0965
1 25 1.08693
1 26 1.07865
1 27 1.07436
1 28 1.10006
1 29 1.10006
1 30 1.10006
1 31 1.10006
1 32 1.10006
1 33 1.08727
1 34 1.08054
1 35 1.07413
1 36 1.07089
1 37 1.14703
1 38 1.14703
1 39 1.14703
1 40 1.14703
1 41 1.14703
1 42 1.10507
1 43 1.09374
1 44 1.08409
1 45 1.0785
1 46 1.12814
1 47 1.12814
1 48 1.12814
1 49 1.12814
1 50 1.12814
1 51 1.10118
1 52 1.09149
1 53 1.08213
1 54 1.07756
1 55 1.11075
1 56 1.11075
1 57 1.11075
1 58 1.11075
1 59 1.11075
1 60 1.09463
1 61 1.08699
1 62 1.07903
1 63 1.07467
1 64 1.09702
1 65 1.09702
1 66 1.09702
1 67 1.09702
1 68 1.09702
1 69 1.08631
1 70 1.08028
1 71 1.07421
1 72 1.07109
1 73 1.11883
1 74 1.11883
1 75 1.11883
1 76 1.11883
1 77 1.11883
1 78 1.09509
1 79 1.08754
1 80 1.08104
1 81 1.07645
1 82 1.11102
1 83 1.11102
1 84 1.11102
1 85 1.11102
1 86 1.11102
1 87 1.09291
1 88 1.08652
1 89 1.07993
1 90 1.07565
1 91 1.101
1 92 1.101
1 93 1.101
1 94 1.101
1 95 1.101
1 96 1.08968
1 97 1.08365
1 98 1.07699
1 99 1.07303
1 100 1.09124
1 101 1.09124
1 102 1.09124
1 103 1.09124
1 104 1.09124
1 105 1.08247
1 106 1.07753
1 107 1.07241
1 108 1.06972
1 109 1.10136
1 110 1.10136
1 111 1.10136
1 112 1.10136
1 113 1.10136
1 114 1.08665
1 115 1.08193
1 116 1.07681
1 117 1.07308
1 118 1.09713
1 119 1.09713
1 120 1.09713
1 121 1.09713
1 122 1.09713
1 123 1.08474
1 124 1.08092
1 125 1.07605
1 126 1.07233
1 127 1.09106
1 128 1.09106
1 129 1.09106
1 130 1.09106
1 131 1.09106
1 132 1.08249
1 133 1.07854
1 134 1.07344
1 135 1.07014
1 136 1.0843
1 137 1.0843
1 138 1.0843
1 139 1.0843
1 140 1.0843
1 141 1.07727
1 142 1.07351
1 143 1.06944
1 144 1.06726
2 1 1.30403
2 2 1.30403
2 3 1.30403
2 4 1.30403
2 5 1.30403
2 6 1.11673
2 7 1.09903
2 8 1.08535
2 9 1.07833
2 10 1.14579
2 11 1.14579
2 12 1.14579
2 13 1.14579
2 14 1.14579
2 15 1.10831
2 16 1.09345
2 17 1.08195
2 18 1.07719
2 19 1.11737
2 20 1.11737
2 21 1.11737
2 22 1.11737
2 23 1.11737
2 24 1.0965
2 25 1.08693
2 26 1.07865
2 27 1.07436
2 28 1.10006
2 29 1.10006
2 30 1.10006
2 31 1.10006
2 32 1.10006
2 33 1.08727
2 34 1.08054
2 35 1.07413
2 36 1.07089
2 37 1.14703
2 38 1.14703
2 39 1.14703
2 40 1.14703
2 41 1.14703
2 42 1.10507
2 43 1.09374
2 44 1.08409
2 45 1.0785
2 46 1.12814
2 47 1.12814
2 48 1.12814
2 49 1.12814
2 50 1.12814
2 51 1.10118
2 52 1.09149
2 53 1.08213
2 54 1.07756
2 55 1.11075
2 56 1.11075
2 57 1.11075
2 58 1.11075
2 59 1.11075
2 60 1.09463
2 61 1.08699
2 62 1.07903
2 63 1.07467
2 64 1.09702
2 65 1.09702
2 66 1.09702
2 67 1.09702
2 68 1.09702
2 69 1.08631
2 70 1.08028
2 71 1.07421
2 72 1.07109
2 73 1.11883
2 74 1.11883
2 75 1.11883
2 76 1.11883
2 77 1.11883
2 78 1.09509
2 79 1.08754
2 80 1.08104
2 81 1.07645
2 82 1.11102
2 83 1.11102
2 84 1.11102
2 85 1.11102
2 86 1.11102
2 87 1.09291
2 88 1.08652
2 89 1.07993
2 90 1.07565
2 91 1.101
2 92 1.101
2 93 1.101
2 94 1.101
2 95 1.101
2 96 1.08968
2 97 1.08365
2 98 1.07699
2 99 1.07303
2 100 1.09124
2 101 1.09124
2 102 1.09124
2 103 1.09124
2 104 1.09124
2 105 1.08247
2 106 1.07753
2 107 1.07241
2 108 1.06972
2 109 1.10136
2 110 1.10136
2 111 1.10136
2 112 1.10136
2 113 1.10136
2 114 1.08665
2 115 1.08193
2 116 1.07681
2 117 1.07308
2 118 1.09713
2 119 1.09713
2 120 1.09713
2 121 1.09713
2 122 1.09713
2 123 1.08474
2 124 1.08092
2 125 1.07605
2 126 1.07233
2 127 1.09106
2 128 1.09106
2 129 1.09106
2 130 1.09106
2 131 1.09106
2 132 1.08249
2 133 1.07854
2 134 1.07344
2 135 1.07014
2 136 1.0843
2 137 1.0843
2 138 1.0843
2 139 1.0843
2 140 1.0843
2 141 1.07727
2 142 1.07351
2 143 1.06944
2 144 1.06726
3 1 1.30403
3 2 1.30403
3 3 1.30403
3 4 1.30403
3 5 1.30403
3 6 1.11673
3 7 1.09903
3 8 1.08535
3 9 1.07833
3 10 1.14579
3 11 1.14579
3 12 1.14579
3 13 1.14579
3 14 1.14579
3 15 1.10831
3 16 1.09345
3 17 1.08195
3 18 1.07719
3 19 1.11737
3 20 1.11737
3 21 1.11737
3 22 1.11737
3 23 1.11737
3 24 1.0965
3 25 1.08693
3 26 1.07865
3 27 1.07436
3 28 1.10006
3 29 1.10006
3 30 1.10006
3 31 1.10006
3 32 1.10006
3 33 1.08727
3 34 1.08054
3 35 1.07413
3 36 1.07089
3 37 1.14703
3 38 1.14703
3 39 1.14703
3 40 1.14703
3 41 1.14703
3 42 1.10507
3 43 1.09374
3 44 1.08409
3 45 1.0785
3 46 1.12814
3 47 1.12814
3 48 1.12814
3 49 1.12814
3 50 1.12814
3 51 1.10118
3 52 1.09149
3 53 1.08213
3 54 1.07756
3 55 1.11075
3 56 1.11075
3 57 1.11075
3 58 1.11075
3 59 1.11075
3 60 1.09463
3 61 1.08699
3 62 1.07903
3 63 1.07467
3 64 1.09702
3 65 1.09702
3 66 1.09702
3 67 1.09702
3 68 1.09702
3 69 1.08631
3 70 1.08028
3 71 1.07421
3 72 1.07109
3 73 1.11883
3 74 1.11883
3 75 1.11883
3 76 1.11883
3 77 1.11883
3 78 1.09509
3 79 1.08754
3 80 1.08104
3 81 1.07645
3 82 1.11102
3 83 1.11102
3 84 1.11102
3 85 1.11102
3 86 1.11102
3 87 1.09291
3 88 1.08652
3 89 1.07993
3 90 1.07565
3 91 1.101
3 92 1.101
3 93 1.101
3 94 1.101
3 95 1.101
3 96 1.08968
3 97 1.08365
3 98 1.07699
3 99 1.07303
3 100 1.09124
3 101 1.09124
3 102 1.09124
3 103 1.09124
3 104 1.09124
3 105 1.08247
3 106 1.07753
3 107 1.07241
3 108 1.06972
3 109 1.10136
3 110 1.10136
3 111 1.10136
3 112 1.10136
3 113 1.10136
3 114 1.08665
3 115 1.08193
3 116 1.07681
3 117 1.07308
3 118 1.09713
3 119 1.09713
3 120 1.09713
3 121 1.09713
3 122 1.09713
3 123 1.08474
3 124 1.08092
3 125 1.07605
3 126 1.07233
3 127 1.09106
3 128 1.09106
3 129 1.09106
3 130 1.09106
3 131 1.09106
3 132 1.08249
3 133 1.07854
3 134 1.07344
3 135 1.07014
3 136 1.0843
3 137 1.0843
3 138 1.0843
3 139 1.0843
3 140 1.0843
3 141 1.07727
3 142 1.07351
3 143 1.06944
3 144 1.06726
4 1 1.30403
4 2 1.30403
4 3 1.30403
4 4 1.30403
4 5 1.30403
4 6 1.11673
4 7 1.09903
4 8 1.08535
4 9 1.07833
4 10 1.14579
4 11 1.14579
4 12 1.14579
4 13 1.14579
4 14 1.14579
4 15 1.10831
4 16 1.09345
4 17 1.08195
4 18 1.07719
4 19 1.11737
4 20 1.11737
4 21 1.11737
4 22 1.11737
4 23 1.11737
4 24 1.0965
4 25 1.08693
4 26 1.07865
4 27 1.07436
4 28 1.10006
4 29 1.10006
4 30 1.10006
4 31 1.10006
4 32 1.10006
4 33 1.08727
4 34 1.08054
4 35 1.07413
4 36 1.07089
4 37 1.14703
4 38 1.14703
4 39 1.14703
4 40 1.14703
4 41 1.14703
4 42 1.10507
4 43 1.09374
4 44 1.08409
4 45 1.0785
4 46 1.12814
4 47 1.12814
4 48 1.12814
4 49 1.12814
4 50 1.12814
4 51 1.10118
4 52 1.09149
4 53 1.08213
4 54 1.07756
4 55 1.11075
4 56 1.11075
4 57 1.11075
4 58 1.11075
4 59 1.11075
4 60 1.09463
4 61 1.08699
4 62 1.07903
4 63 1.07467
4 64 1.09702
4 65 1.09702
4 66 1.09702
4 67 1.09702
4 68 1.09702
4 69 1.08631
4 70 1.08028
4 71 1.07421
4 72 1.07109
4 73 1.11883
4 74 1.11883
4 75 1.11883
4 76 1.11883
4 77 1.11883
4 78 1.09509
4 79 1.08754
4 80 1.08104
4 81 1.07645
4 82 1.11102
4 83 1.11102
4 84 1.11102
4 85 1.11102
4 86 1.11102
4 87 1.09291
4 88 1.08652
4 89 1.07993
4 90 1.07565
4 91 1.101
4 92 1.101
4 93 1.101
4 94 1.101
4 95 1.101
4 96 1.08968
4 97 1.08365
4 98 1.07699
4 99 1.07303
4 100 1.09124
4 101 1.09124
4 102 1.09124
4 103 1.09124
4 104 1.09124
4 105 1.08247
4 106 1.07753
4 107 1.07241
4 108 1.06972
4 109 1.10136
4 110 1.10136
4 111 1.10136
4 112 1.10136
4 113 1.10136
4 114 1.08665
4 115 1.08193
4 116 1.07681
4 117 1.07308
4 118 1.09713
4 119 1.09713
4 120 1.09713
4 121 1.09713
4 122 1.09713
4 123 1.08474
4 124 1.08092
4 125 1.07605
4 126 1.07233
4 127 1.09106
4 128 1.09106
4 129 1.09106
4 130 1.09106
4 131 1.09106
4 132 1.08249
4 133 1.07854
4 134 1.07344
4 135 1.07014
4 136 1.0843
4 137 1.0843
4 138 1.0843
4 139 1.0843
4 140 1.0843
4 141 1.07727
4 142 1.07351
4 143 1.06944
4 144 1.06726
5 1 1.30403
5 2 1.30403
5 3 1.30403
5 4 1.30403
5 5 1.30403
5 6 1.11673
5 7 1.09903
5 8 1.08535
5 9 1.07833
5 10 1.14579
5 11 1.14579
5 12 1.14579
5 13 1.14579
5 14 1.14579
5 15 1.10831
5 16 1.09345
5 17 1.08195
5 18 1.07719
5 19 1.11737
5 20 1.11737
5 21 1.11737
5 22 1.11737
5 23 1.11737
5 24 1.0965
5 25 1.08693
5 26 1.07865
5 27 1.07436
5 28 1.10006
5 29 1.10006
5 30 1.10006
5 31 1.10006
5 32 1.10006
5 33 1.08727
5 34 1.08054
5 35 1.07413
5 36 1.07089
5 37 1.14703
5 38 1.14703
5 39 1.14703
5 40 1.14703
5 41 1.14703
5 42 1.10507
5 43 1.09374
5 44 1.08409
5 45 1.0785
5 46 1.12814
5 47 1.12814
5 48 1.12814
5 49 1.12814
5 50 1.12814
5 51 1.10118
5 52 1.09149
5 53 1.08213
5 54 1.07756
5 55 1.11075
5 56 1.11075
5 57 1.11075
5 58 1.11075
5 59 1.11075
5 60 1.09463
5 61 1.08699
5 62 1.07903
5 63 1.07467
5 64 1.09702
5 65 1.09702
5 66 1.09702
5 67 1.09702
5 68 1.09702
5 69 1.08631
5 70 1.08028
5 71 1.07421
5 72 1.07109
5 73 1.11883
5 74 1.11883
5 75 1.11883
5 76 1.11883
5 77 1.11883
5 78 1.09509
5 79 1.08754
5 80 1.08104
5 81 1.07645
5 82 1.11102
5 83 1.11102
5 84 1.11102
5 85 1.11102
5 86 1.11102
5 87 1.09291
5 88 1.08652
5 89 1.07993
5 90 1.07565
5 91 1.101
5 92 1.101
5 93 1.101
5 94 1.101
5 95 1.101
5 96 1.08968
5 97 1.08365
5 98 1.07699
5 99 1.07303
5 100 1.09124
5 101 1.09124
5 102 1.09124
5 103 1.09124
5 104 1.09124
5 105 1.08247
5 106 1.07753
5 107 1.07241
5 108 1.06972
5 109 1.10136
5 110 1.10136
5 111 1.10136
5 112 1.10136
5 113 1.10136
5 114 1.08665
5 115 1.08193
5 116 1.07681
5 117 1.07308
5 118 1.09713
5 119 1.09713
5 120 1.09713
5 121 1.09713
5 122 1.09713
5 123 1.08474
5 124 1.08092
5 125 1.07605
5 126 1.07233
5 127 1.09106
5 128 1.09106
5 129 1.09106
5 130 1.09106
5 131 1.09106
5 132 1.08249
5 133 1.07854
5 134 1.07344
5 135 1.07014
5 136 1.0843
5 137 1.0843
5 138 1.0843
5 139 1.0843
5 140 1.0843
5 141 1.07727
5 142 1.07351
5 143 1.06944
5 144 1.06726
6 1 1.11673
6 2 1.11673
6 3 1.11673
6 4 1.11673
6 5 1.11673
6 6 5.045
6 7 1.89115
6 8 1.35872
6 9 1.20097
6 10 1.10803
6 11 1.10803
6 12 1.10803
6 13 1.10803
6 14 1.10803
6 15 1.39019
6 16 1.32859
6 17 1.22586
6 18 1.18257
6 19 1.0968
6 20 1.0968
6 21 1.0968
6 22 1.0968
6 23 1.0968
6 24 1.18092
6 25 1.18362
6 26 1.16894
6 27 1.15383
6 28 1.0871
6 29 1.0871
6 30 1.0871
6 31 1.0871
6 32 1.0871
6 33 1.12656
6 34 1.13237
6 35 1.13109
6 36 1.12882
6 37 1.10809
6 38 1.10809
6 39 1.10809
6 40 1.10809
6 41 1.10809
6 42 1.37379
6 43 1.31997
6 44 1.23447
6 45 1.18343
6 46 1.10422
6 47 1.10422
6 48 1.10422
6 49 1.10422
6 50 1.10422
6 51 1.23606
6 52 1.23022
6 53 1.19435
6 54 1.17134
6 55 1.09531
6 56 1.09531
6 57 1.09531
6 58 1.09531
6 59 1.09531
6 60 1.16321
6 61 1.16664
6 62 1.15842
6 63 1.14812
6 64 1.08639
6 65 1.08639
6 66 1.08639
6 67 1.08639
6 68 1.08639
6 69 1.12328
6 70 1.1286
6 71 1.12777
6 72 1.12608
6 73 1.09789
6 74 1.09789
6 75 1.09789
6 76 1.09789
6 77 1.09789
6 78 1.1917
6 79 1.1901
6 80 1.17307
6 81 1.15677
6 82 1.09562
6 83 1.09562
6 84 1.09562
6 85 1.09562
6 86 1.09562
6 87 1.16984
6 88 1.16921
6 89 1.16012
6 90 1.15
6 91 1.08982
6 92 1.08982
6 93 1.08982
6 94 1.08982
6 95 1.08982
6 96 1.14201
6 97 1.14419
6 98 1.13991
6 99 1.13454
6 100 1.08293
6 101 1.08293
6 102 1.08293
6 103 1.08293
6 104 1.08293
6 105 1.11198
6 106 1.11758
6 107 1.11835
6 108 1.11787
6 109 1.0885
6 110 1.0885
6 111 1.0885
6 112 1.0885
6 113 1.0885
6 114 1.13426
6 115 1.14233
6 116 1.13759
6 117 1.13263
6 118 1.08687
6 119 1.08687
6 120 1.08687
6 121 1.08687
6 122 1.08687
6 123 1.131
6 124 1.13492
6 125 1.13246
6 126 1.12871
6 127 1.083
6 128 1.083
6 129 1.083
6 130 1.083
6 131 1.083
6 132 1.11847
6 133 1.12296
6 134 1.12127
6 135 1.11903
6 136 1.07804
6 137 1.07804
6 138 1.07804
6 139 1.07804
6 140 1.07804
6 141 1.0992
6 142 1.10486
6 143 1.10683
6 144 1.10725
7 1 1.09903
7 2 1.09903
7 3 1.09903
7 4 1.09903
7 5 1.09903
7 6 1.89115
7 7 5.11945
7 8 1.82672
7 9 1.28833
7 10 1.09528
7 11 1.09528
7 12 1.09528
7 13 1.09528
7 14 1.09528
7 15 1.32845
7 16 1.40658
7 17 1.2987
7 18 1.23985
7 19 1.08811
7 20 1.08811
7 21 1.08811
7 22 1.08811
7 23 1.08811
7 24 1.18066
7 25 1.20555
7 26 1.20481
7 27 1.19116
7 28 1.08108
7 29 1.08108
7 30 1.08108
7 31 1.08108
7 32 1.08108
7 33 1.1316
7 34 1.146
7 35 1.15273
7 36 1.15404
7 37 1.09592
7 38 1.09592
7 39 1.09592
7 40 1.09592
7 41 1.09592
7 42 1.33103
7 43 1.39753
7 44 1.30811
7 45 1.23984
7 46 1.09412
7 47 1.09412
7 48 1.09412
7 49 1.09412
7 50 1.09412
7 51 1.22827
7 52 1.25761
7 53 1.23731
7 54 1.21528
7 55 1.08783
7 56 1.08783
7 57 1.08783
7 58 1.08783
7 59 1.08783
7 60 1.16609
7 61 1.18252
7 62 1.18662
7 63 1.17984
7 64 1.08096
7 65 1.08096
7 66 1.08096
7 67 1.08096
7 68 1.08096
7 69 1.12831
7 70 1.14082
7 71 1.14708
7 72 1.14876
7 73 1.08969
7 74 1.08969
7 75 1.08969
7 76 1.08969
7 77 1.08969
7 78 1.19772
7 79 1.21361
7 80 1.20612
7 81 1.19312
7 82 1.08839
7 83 1.08839
7 84 1.08839
7 85 1.08839
7 86 1.08839
7 87 1.17545
7 88 1.18573
7 89 1.18682
7 90 1.18094
7 91 1.08397
7 92 1.08397
7 93 1.08397
7 94 1.08397
7 95 1.08397
7 96 1.1476
7 97 1.15714
7 98 1.16092
7 99 1.15924
7 100 1.0784
7 101 1.0784
7 102 1.0784
7 103 1.0784
7 104 1.0784
7 105 1.11711
7 106 1.12825
7 107 1.13454
7 108 1.13684
7 109 1.08288
7 110 1.08288
7 111 1.08288
7 112 1.08288
7 113 1.08288
7 114 1.14284
7 115 1.15757
7 116 1.1585
7 117 1.1572
7 118 1.08175
7 119 1.08175
7 120 1.08175
7 121 1.08175
7 122 1.08175
7 123 1.13918
7 124 1.14785
7 125 1.15084
7 126 1.15064
7 127 1.07861
7 128 1.07861
7 129 1.07861
7 130 1.07861
7 131 1.07861
7 132 1.12516
7 133 1.13414
7 134 1.13717
7 135 1.13771
7 136 1.07445
7 137 1.07445
7 138 1.07445
7 139 1.07445
7 140 1.07445
7 141 1.10403
7 142 1.11393
7 143 1.11994
7 144 1.12244
8 1 1.08535
8 2 1.08535
8 3 1.08535
8 4 1.08535
8 5 1.08535
8 6 1.35872
8 7 1.82672
8 8 5.88901
8 9 1.51349
8 10 1.08354
8 11 1.08354
8 12 1.08354
8 13 1.08354
8 14 1.08354
8 15 1.23091
8 16 1.31689
8 17 1.3556
8 18 1.31821
8 19 1.07931
8 20 1.07931
8 21 1.07931
8 22 1.07931
8 23 1.07931
8 24 1.16246
8 25 1.20213
8 26 1.23362
8 27 1.23391
8 28 1.07463
8 29 1.07463
8 30 1.07463
8 31 1.07463
8 32 1.07463
8 33 1.12972
8 34 1.15299
8 35 1.17263
8 36 1.18106
8 37 1.08445
8 38 1.08445
8 39 1.08445
8 40 1.08445
8 41 1.08445
8 42 1.23587
8 43 1.3025
8 44 1.3508
8 45 1.3155
8 46 1.08363
8 47 1.08363
8 48 1.08363
8 49 1.08363
8 50 1.08363
8 51 1.18766
8 52 1.23106
8 53 1.2625
8 54 1.26388
8 55 1.0796
8 56 1.0796
8 57 1.0796
8 58 1.0796
8 59 1.0796
8 60 1.1532
8 61 1.18094
8 62 1.20741
8 63 1.21228
8 64 1.07479
8 65 1.07479
8 66 1.07479
8 67 1.07479
8 68 1.07479
8 69 1.12639
8 70 1.14653
8 71 1.16359
8 72 1.17128
8 73 1.08097
8 74 1.08097
8 75 1.08097
8 76 1.08097
8 77 1.08097
8 78 1.17527
8 79 1.20127
8 80 1.2238
8 81 1.23166
8 82 1.08019
8 83 1.08019
8 84 1.08019
8 85 1.08019
8 86 1.08019
8 87 1.16087
8 88 1.18071
8 89 1.20263
8 90 1.21045
8 91 1.07711
8 92 1.07711
8 93 1.07711
8 94 1.07711
8 95 1.07711
8 96 1.14103
8 97 1.15841
8 98 1.17581
8 99 1.1823
8 100 1.07298
8 101 1.07298
8 102 1.07298
8 103 1.07298
8 104 1.07298
8 105 1.11677
8 106 1.13373
8 107 1.14781
8 108 1.15453
8 109 1.07642
8 110 1.07642
8 111 1.07642
8 112 1.07642
8 113 1.07642
8 114 1.13941
8 115 1.15914
8 116 1.17236
8 117 1.18053
8 118 1.07557
8 119 1.07557
8 120 1.07557
8 121 1.07557
8 122 1.07557
8 123 1.13668
8 124 1.14986
8 125 1.1626
8 126 1.16997
8 127 1.07318
8 128 1.07318
8 129 1.07318
8 130 1.07318
8 131 1.07318
8 132 1.12434
8 133 1.13785
8 134 1.14848
8 135 1.15405
8 136 1.06994
8 137 1.06994
8 138 1.06994
8 139 1.06994
8 140 1.06994
8 141 1.10507
8 142 1.11919
8 143 1.13043
8 144 1.13589
9 1 1.07833
9 2 1.07833
9 3 1.07833
9 4 1.07833
9 5 1.07833
9 6 1.20097
9 7 1.28833
9 8 1.51349
9 9 2.12644
9 10 1.07724
9 11 1.07724
9 12 1.07724
9 13 1.07724
9 14 1.07724
9 15 1.17618
9 16 1.24417
9 17 1.31912
9 18 1.3678
9 19 1.07441
9 20 1.07441
9 21 1.07441
9 22 1.07441
9 23 1.07441
9 24 1.14851
9 25 1.19224
9 26 1.2401
9 27 1.25659
9 28 1.07095
9 29 1.07095
9 30 1.07095
9 31 1.07095
9 32 1.07095
9 33 1.1266
9 34 1.15416
9 35 1.18147
9 36 1.19495
9 37 1.0783
9 38 1.0783
9 39 1.0783
9 40 1.0783
9 41 1.0783
9 42 1.18185
9 43 1.23222
9 44 1.30799
9 45 1.36775
9 46 1.07783
9 47 1.07783
9 48 1.07783
9 49 1.07783
9 50 1.07783
9 51 1.16123
9 52 1.20561
9 53 1.26087
9 54 1.29019
9 55 1.07493
9 56 1.07493
9 57 1.07493
9 58 1.07493
9 59 1.07493
9 60 1.14292
9 61 1.17513
9 62 1.21387
9 63 1.22848
9 64 1.07122
9 65 1.07122
9 66 1.07122
9 67 1.07122
9 68 1.07122
9 69 1.12348
9 70 1.14739
9 71 1.17076
9 72 1.18239
9 73 1.07614
9 74 1.07614
9 75 1.07614
9 76 1.07614
9 77 1.07614
9 78 1.15885
9 79 1.18806
9 80 1.2275
9 81 1.25415
9 82 1.07555
9 83 1.07555
9 84 1.07555
9 85 1.07555
9 86 1.07555
9 87 1.14947
9 88 1.17346
9 89 1.20729
9 90 1.22558
9 91 1.07315
9 92 1.07315
9 93 1.07315
9 94 1.07315
9 95 1.07315
9 96 1.13499
9 97 1.15623
9 98 1.18159
9 99 1.19361
9 100 1.06981
9 101 1.06981
9 102 1.06981
9 103 1.06981
9 104 1.06981
9 105 1.1152
9 106 1.13513
9 107 1.1537
9 108 1.1631
9 109 1.07276
9 110 1.07276
9 111 1.07276
9 112 1.07276
9 113 1.07276
9 114 1.13548
9 115 1.15748
9 116 1.1786
9 117 1.19343
9 118 1.07201
9 119 1.07201
9 120 1.07201
9 121 1.07201
9 122 1.07201
9 123 1.13328
9 124 1.14873
9 125 1.16741
9 126 1.17974
9 127 1.07001
9 128 1.07001
9 129 1.07001
9 130 1.07001
9 131 1.07001
9 132 1.12231
9 133 1.13817
9 134 1.15331
9 135 1.16201
9 136 1.06726
9 137 1.06726
9 138 1.06726
9 139 1.06726
9 140 1.06726
9 141 1.10469
9 142 1.12098
9 143 1.13518
9 144 1.14236
10 1 1.14579
10 2 1.14579
10 3 1.14579
10 4 1.14579
10 5 1.14579
10 6 1.10803
10 7 1.09528
10 8 1.08354
10 9 1.07724
10 10 1.30241
10 11 1.30241
10 12 1.30241
10 13 1.30241
10 14 1.30241
10 15 1.11956
10 16 1.09814
10 17 1.08422
10 18 1.0786
10 19 1.16042
10 20 1.16042
10 21 1.16042
10 22 1.16042
10 23 1.16042
10 24 1.11119
10 25 1.09523
10 26 1.08293
10 27 1.0772
10 28 1.12501
10 29 1.12501
10 30 1.12501
10 31 1.12501
10 32 1.12501
10 33 1.1003
10 34 1.08927
10 35 1.07949
10 36 1.07471
10 37 1.12829
10 38 1.12829
10 39 1.12829
10 40 1.12829
10 41 1.12829
10 42 1.10175
10 43 1.09217
10 44 1.08309
10 45 1.07761
10 46 1.14547
10 47 1.14547
10 48 1.14547
10 49 1.14547
10 50 1.14547
10 51 1.10752
10 52 1.09512
10 53 1.08417
10 54 1.07896
10 55 1.13393
10 56 1.13393
10 57 1.13393
10 58 1.13393
10 59 1.13393
10 60 1.10472
10 61 1.09366
10 62 1.08289
10 63 1.07739
10 64 1.1162
10 65 1.1162
10 66 1.1162
10 67 1.1162
10 68 1.1162
10 69 1.09702
10 70 1.08781
10 71 1.07911
10 72 1.07475
10 73 1.11108
10 74 1.11108
10 75 1.11108
10 76 1.11108
10 77 1.11108
10 78 1.0934
10 79 1.08679
10 80 1.08033
10 81 1.07568
10 82 1.11756
10 83 1.11756
10 84 1.11756
10 85 1.11756
10 86 1.11756
10 87 1.09682
10 88 1.08908
10 89 1.08163
10 90 1.07688
10 91 1.11338
10 92 1.11338
10 93 1.11338
10 94 1.11338
10 95 1.11338
10 96 1.09624
10 97 1.08833
10 98 1.08013
10 99 1.07545
10 100 1.10438
10 101 1.10438
10 102 1.10438
10 103 1.10438
10 104 1.10438
10 105 1.09047
10 106 1.08345
10 107 1.07658
10 108 1.07304
10 109 1.09713
10 110 1.09713
10 111 1.09713
10 112 1.09713
10 113 1.09713
10 114 1.08534
10 115 1.08136
10 116 1.07617
10 117 1.07237
10 118 1.10025
10 119 1.10025
10 120 1.10025
10 121 1.10025
10 122 1.10025
10 123 1.08699
10 124 1.08262
10 125 1.07733
10 126 1.07331
10 127 1.09817
10 128 1.09817
10 129 1.09817
10 130 1.09817
10 131 1.09817
10 132 1.08663
10 133 1.08166
10 134 1.07589
10 135 1.07219
10 136 1.09312
10 137 1.09312
10 138 1.09312
10 139 1.09312
10 140 1.09312
10 141 1.08308
10 142 1.07802
10 143 1.07287
10 144 1.07016
11 1 1.14579
11 2 1.14579
11 3 1.14579
11 4 1.14579
11 5 1.14579
11 6 1.10803
11 7 1.09528
11 8 1.08354
11 9 1.07724
11 10 1.30241
11 11 1.30241
11 12 1.30241
11 13 1.30241
11 14 1.30241
11 15 1.11956
11 16 1.09814
11 17 1.08422
11 18 1.0786
11 19 1.16042
11 20 1.16042
11 21 1.16042
11 22 1.16042
11 23 1.16042
11 24 1.11119
11 25 1.09523
11 26 1.08293
11 27 1.0772
11 28 1.12501
11 29 1.12501
11 30 1.12501
11 31 1.12501
11 32 1.12501
11 33 1.1003
11 34 1.08927
11 35 1.07949
11 36 1.07471
11 37 1.12829
11 38 1.12829
11 39 1.12829
11 40 1.12829
11 41 1.12829
11 42 1.10175
11 43 1.09217
11 44 1.08309
11 45 1.07761
11 46 1.14547
11 47 1.14547
11 48 1.14547
11 49 1.14547
11 50 1.14547
11 51 1.10752
11 52 1.09512
11 53 1.08417
11 54 1.07896
11 55 1.13393
11 56 1.13393
11 57 1.13393
11 58 1.13393
11 59 1.13393
11 60 1.10472
11 61 1.09366
11 62 1.08289
11 63 1.07739
11 64 1.1162
11 65 1.1162
11 66 1.1162
11 67 1.1162
11 68 1.1162
11 69 1.09702
11 70 1.08781
11 71 1.07911
11 72 1.07475
11 73 1.11108
11 74 1.11108
11 75 1.11108
11 76 1.11108
11 77 1.11108
11 78 1.0934
11 79 1.08679
11 80 1.08033
11 81 1.07568
11 82 1.11756
11 83 1.11756
11 84 1.11756
11 85 1.11756
11 86 1.11756
11 87 1.09682
11 88 1.08908
11 89 1.08163
11 90 1.07688
11 91 1.11338
11 92 1.11338
11 93 1.11338
11 94 1.11338
11 95 1.11338
11 96 1.09624
11 97 1.08833
11 98 1.08013
11 99 1.07545
11 100 1.10438
11 101 1.10438
11 102 1.10438
11 103 1.10438
11 104 1.10438
11 105 1.09047
11 106 1.08345
11 107 1.07658
11 108 1.07304
11 109 1.09713
11 110 1.09713
11 111 1.09713
11 112 1.09713
11 113 1.09713
11 114 1.08534
11 115 1.08136
11 116 1.07617
11 117 1.07237
11 118 1.10025
11 119 1.10025
11 120 1.10025
11 121 1.10025
11 122 1.10025
11 123 1.08699
11 124 1.08262
11 125 1.07733
11 126 1.07331
11 127 1.09817
11 128 1.09817
11 129 1.09817
11 130 1.09817
11 131 1.09817
11 132 1.08663
11 133 1.08166
11 134 1.07589
11 135 1.07219
11 136 1.09312
11 137 1.09312
11 138 1.09312
11 139 1.09312
11 140 1.09312
11 141 1.08308
11 142 1.07802
11 143 1.07287
11 144 1.07016
12 1 1.14579
12 2 1.14579
12 3 1.14579
12 4 1.14579
12 5 1.14579
12 6 1.10803
12 7 1.09528
12 8 1.08354
12 9 1.07724
12 10 1.30241
12 11 1.30241
12 12 1.30241
12 13 1.30241
12 14 1.30241
12 15 1.11956
12 16 1.09814
12 17 1.08422
12 18 1.0786
12 19 1.16042
12 20 1.16042
12 21 1.16042
12 22 1.16042
12 23 1.16042
12 24 1.11119
12 25 1.09523
12 26 1.08293
12 27 1.0772
12 28 1.12501
12 29 1.12501
12 30 1.12501
12 31 1.12501
12 32 1.12501
12 33 1.1003
12 34 1.08927
12 35 1.07949
12 36 1.07471
12 37 1.12829
12 38 1.12829
12 39 1.12829
12 40 1.12829
12 41 1.12829
12 42 1.10175
12 43 1.09217
12 44 1.08309
12 45 1.07761
12 46 1.14547
12 47 1.14547
12 48 1.14547
12 49 1.14547
12 50 1.14547
12 51 1.10752
12 52 1.09512
12 53 1.08417
12 54 1.07896
12 55 1.13393
12 56 1.13393
12 57 1.13393
12 58 1.13393
12 59 1.13393
12 60 1.10472
12 61 1.09366
12 62 1.08289
12 63 1.07739
12 64 1.1162
12 65 1.1162
12 66 1.1162
12 67 1.1162
12 68 1.1162
12 69 1.09702
12 70 1.08781
12 71 1.07911
12 72 1.07475
12 73 1.11108
12 74 1.11108
12 75 1.11108
12 76 1.11108
12 77 1.11108
12 78 1.0934
12 79 1.08679
12 80 1.08033
12 81 1.07568
12 82 1.11756
12 83 1.11756
12 84 1.11756
12 85 1.11756
12 86 1.11756
12 87 1.09682
12 88 1.08908
12 89 1.08163
12 90 1.07688
12 91 1.11338
12 92 1.11338
12 93 1.11338
12 94 1.11338
12 95 1.11338
12 96 1.09624
12 97 1.08833
12 98 1.08013
12 99 1.07545
12 100 1.10438
12 101 1.10438
12 102 1.10438
12 103 1.10438
12 104 1.10438
12 105 1.09047
12 106 1.08345
12 107 1.07658
12 108 1.07304
12 109 1.09713
12 110 1.09713
12 111 1.09713
12 112 1.09713
12 113 1.09713
12 114 1.08534
12 115 1.08136
12 116 1.07617
12 117 1.07237
12 118 1.10025
12 119 1.10025
12 120 1.10025
12 121 1.10025
12 122 1.10025
12 123 1.08699
12 124 1.08262
12 125 1.07733
12 126 1.07331
12 127 1.09817
12 128 1.09817
12 129 1.09817
12 130 1.09817
12 131 1.09817
12 132 1.08663
12 133 1.08166
12 134 1.07589
12 135 1.07219
12 136 1.09312
12 137 1.09312
12 138 1.09312
12 139 1.09312
12 140 1.09312
12 141 1.08308
12 142 1.07802
12 143 1.07287
12 144 1.07016
13 1 1.14579
13 2 1.14579
13 3 1.14579
13 4 1.14579
13 5 1.14579
13 6 1.10803
13 7 1.09528
13 8 1.08354
13 9 1.07724
13 10 1.30241
13 11 1.30241
13 12 1.30241
13 13 1.30241
13 14 1.30241
13 15 1.11956
13 16 1.09814
13 17 1.08422
13 18 1.0786
13 19 1.16042
13 20 1.16042
13 21 1.16042
13 22 1.16042
13 23 1.16042
13 24 1.11119
13 25 1.09523
13 26 1.08293
13 27 1.0772
13 28 1.12501
13 29 1.12501
13 30 1.12501
13 31 1.12501
13 32 1.12501
13 33 1.1003
13 34 1.08927
13 35 1.07949
13 36 1.07471
13 37 1.12829
13 38 1.12829
13 39 1.12829
13 40 1.12829
13 41 1.12829
13 42 1.10175
13 43 1.09217
13 44 1.08309
13 45 1.07761
13 46 1.14547
13 47 1.14547
13 48 1.14547
13 49 1.14547
13 50 1.14547
13 51 1.10752
13 52 1.09512
13 53 1.08417
13 54 1.07896
13 55 1.13393
13 56 1.13393
13 57 1.13393
13 58 1.13393
13 59 1.13393
13 60 1.10472
13 61 1.09366
13 62 1.08289
13 63 1.07739
13 64 1.1162
13 65 1.1162
13 66 1.1162
13 67 1.1162
13 68 1.1162
13 69 1.09702
13 70 1.08781
13 71 1.07911
13 72 1.07475
13 73 1.11108
13 74 1.11108
13 75 1.11108
13 76 1.11108
13 77 1.11108
13 78 1.0934
13 79 1.08679
13 80 1.08033
13 81 1.07568
13 82 1.11756
13 83 1.11756
13 84 1.11756
13 85 1.11756
13 86 1.11756
13 87 1.09682
13 88 1.08908
13 89 1.08163
13 90 1.07688
13 91 1.11338
13 92 1.11338
13 93 1.11338
13 94 1.11338
13 95 1.11338
13 96 1.09624
13 97 1.08833
13 98 1.08013
13 99 1.07545
13 100 1.10438
13 101 1.10438
13 102 1.10438
13 103 1.10438
13 104 1.10438
13 105 1.09047
13 106 1.08345
13 107 1.07658
13 108 1.07304
13 109 1.09713
13 110 1.09713
13 111 1.09713
13 112 1.09713
13 113 1.09713
13 114 1.08534
13 115 1.08136
13 116 1.07617
13 117 1.07237
13 118 1.10025
13 119 1.10025
13 120 1.10025
13 121 1.10025
13 122 1.10025
13 123 1.08699
13 124 1.08262
13 125 1.07733
13 126 1.07331
13 127 1.09817
13 128 1.09817
13 129 1.09817
13 130 1.09817
13 131 1.09817
13 132 1.08663
13 133 1.08166
13 134 1.07589
13 135 1.07219
13 136 1.09312
13 137 1.09312
13 138 1.09312
13 139 1.09312
13 140 1.09312
13 141 1.08308
13 142 1.07802
13 143 1.07287
13 144 1.07016
14 1 1.14579
14 2 1.14579
14 3 1.14579
14 4 1.14579
14 5 1.14579
14 6 1.10803
14 7 1.09528
14 8 1.08354
14 9 1.07724
14 10 1.30241
14 11 1.30241
14 12 1.30241
14 13 1.30241
14 14 1.30241
14 15 1.11956
14 16 1.09814
14 17 1.08422
14 18 1.0786
14 19 1.16042
14 20 1.16042
14 21 1.16042
14 22 1.16042
14 23 1.16042
14 24 1.11119
14 25 1.09523
14 26 1.08293
14 27 1.0772
14 28 1.12501
14 29 1.12501
14 30 1.12501
14 31 1.12501
14 32 1.12501
14 33 1.1003
14 34 1.08927
14 35 1.07949
14 36 1.07471
14 37 1.12829
14 38 1.12829
14 39 1.12829
14 40 1.12829
14 41 1.12829
14 42 1.10175
14 43 1.09217
14 44 1.08309
14 45 1.07761
14 46 1.14547
14 47 1.14547
14 48 1.14547
14 49 1.14547
14 50 1.14547
14 51 1.10752
14 52 1.09512
14 53 1.08417
14 54 1.07896
14 55 1.13393
14 56 1.13393
14 57 1.13393
14 58 1.13393
14 59 1.13393
14 60 1.10472
14 61 1.09366
14 62 1.08289
14 63 1.07739
14 64 1.1162
14 65 1.1162
14 66 1.1162
14 67 1.1162
14 68 1.1162
14 69 1.09702
14 70 1.08781
14 71 1.07911
14 72 1.07475
14 73 1.11108
14 74 1.11108
14 75 1.11108
14 76 1.11108
14 77 1.11108
14 78 1.0934
14 79 1.08679
14 80 1.08033
14 81 1.07568
14 82 1.11756
14 83 1.11756
14 84 1.11756
14 85 1.11756
14 86 1.11756
14 87 1.09682
14 88 1.08908
14 89 1.08163
14 90 1.07688
14 91 1.11338
14 92 1.11338
14 93 1.11338
14 94 1.11338
14 95 1.11338
14 96 1.09624
14 97 1.08833
14 98 1.08013
14 99 1.07545
14 100 1.10438
14 101 1.10438
14 102 1.10438
14 103 1.10438
14 104 1.10438
14 105 1.09047
14 106 1.08345
14 107 1.07658
14 108 1.07304
14 109 1.09713
14 110 1.09713
14 111 1.09713
14 112 1.09713
14 113 1.09713
14 114 1.08534
14 115 1.08136
14 116 1.07617
14 117 1.07237
14 118 1.10025
14 119 1.10025
14 120 1.10025
14 121 1.10025
14 122 1.10025
14 123 1.08699
14 124 1.08262
14 125 1.07733
14 126 1.07331
14 127 1.09817
14 128 1.09817
14 129 1.09817
14 130 1.09817
14 131 1.09817
14 132 1.08663
14 133 1.08166
14 134 1.07589
14 135 1.07219
14 136 1.09312
14 137 1.09312
14 138 1.09312
14 139 1.09312
14 140 1.09312
14 141 1.08308
14 142 1.07802
14 143 1.07287
14 144 1.07016
15 1 1.10831
15 2 1.10831
15 3 1.10831
15 4 1.10831
15 5 1.10831
15 6 1.39019
15 7 1.32845
15 8 1.23091
15 9 1.17618
15 10 1.11956
15 11 1.11956
15 12 1.11956
15 13 1.11956
15 14 1.11956
15 15 5.43596
15 16 1.83804
15 17 1.308
15 18 1.19991
15 19 1.1101
15 20 1.1101
15 21 1.1101
15 22 1.1101
15 23 1.1101
15 24 1.49497
15 25 1.36493
15 26 1.23942
15 27 1.17998
15 28 1.09832
15 29 1.09832
15 30 1.09832
15 31 1.09832
15 32 1.09832
15 33 1.20981
15 34 1.20132
15 35 1.17052
15 36 1.15173
15 37 1.10409
15 38 1.10409
15 39 1.10409
15 40 1.10409
15 41 1.10409
15 42 1.25223
15 43 1.23665
15 44 1.19498
15 45 1.16629
15 46 1.11168
15 47 1.11168
15 48 1.11168
15 49 1.11168
15 50 1.11168
15 51 1.32055
15 52 1.27902
15 53 1.21574
15 54 1.18059
15 55 1.10573
15 56 1.10573
15 57 1.10573
15 58 1.10573
15 59 1.10573
15 60 1.24788
15 61 1.23396
15 62 1.19433
15 63 1.16683
15 64 1.09613
15 65 1.09613
15 66 1.09613
15 67 1.09613
15 68 1.09613
15 69 1.1718
15 70 1.17158
15 71 1.15553
15 72 1.14475
15 73 1.09593
15 74 1.09593
15 75 1.09593
15 76 1.09593
15 77 1.09593
15 78 1.17169
15 79 1.17174
15 80 1.15895
15 81 1.14651
15 82 1.1
15 83 1.1
15 84 1.1
15 85 1.1
15 86 1.1
15 87 1.19025
15 88 1.18191
15 89 1.16793
15 90 1.1545
15 91 1.09686
15 92 1.09686
15 93 1.09686
15 94 1.09686
15 95 1.09686
15 96 1.17228
15 97 1.16931
15 98 1.15657
15 99 1.14602
15 100 1.09045
15 101 1.09045
15 102 1.09045
15 103 1.09045
15 104 1.09045
15 105 1.13528
15 106 1.13972
15 107 1.13516
15 108 1.13123
15 109 1.08739
15 110 1.08739
15 111 1.08739
15 112 1.08739
15 113 1.08739
15 114 1.12887
15 115 1.1365
15 116 1.13137
15 117 1.12644
15 118 1.08955
15 119 1.08955
15 120 1.08955
15 121 1.08955
15 122 1.08955
15 123 1.13777
15 124 1.1398
15 125 1.1359
15 126 1.13094
15 127 1.08767
15 128 1.08767
15 129 1.08767
15 130 1.08767
15 131 1.08767
15 132 1.1299
15 133 1.13308
15 134 1.12955
15 135 1.12591
15 136 1.08361
15 137 1.08361
15 138 1.08361
15 139 1.08361
15 140 1.08361
15 141 1.11061
15 142 1.1163
15 143 1.11688
15 144 1.11629
16 1 1.09345
16 2 1.09345
16 3 1.09345
16 4 1.09345
16 5 1.09345
16 6 1.32859
16 7 1.40658
16 8 1.31689
16 9 1.24417
16 10 1.09814
16 11 1.09814
16 12 1.09814
16 13 1.09814
16 14 1.09814
16 15 1.83804
16 16 5.66847
16 17 1.73114
16 18 1.31349
16 19 1.09381
16 20 1.09381
16 21 1.09381
16 22 1.09381
16 23 1.09381
16 24 1.36532
16 25 1.53734
16 26 1.37426
16 27 1.2618
16 28 1.0872
16 29 1.0872
16 30 1.0872
16 31 1.0872
16 32 1.0872
16 33 1.20517
16 34 1.23571
16 35 1.22111
16 36 1.20384
16 37 1.09175
16 38 1.09175
16 39 1.09175
16 40 1.09175
16 41 1.09175
16 42 1.24
16 43 1.26537
16 44 1.24262
16 45 1.21765
16 46 1.0961
16 47 1.0961
16 48 1.0961
16 49 1.0961
16 50 1.0961
16 51 1.271
16 52 1.33189
16 53 1.29236
16 54 1.24819
16 55 1.09244
16 56 1.09244
16 57 1.09244
16 58 1.09244
16 59 1.09244
16 60 1.22961
16 61 1.26868
16 62 1.2545
16 63 1.22544
16 64 1.08629
16 65 1.08629
16 66 1.08629
16 67 1.08629
16 68 1.08629
16 69 1.17291
16 70 1.19368
16 71 1.19307
16 72 1.18761
16 73 1.08673
16 74 1.08673
16 75 1.08673
16 76 1.08673
16 77 1.08673
16 78 1.17572
16 79 1.18904
16 80 1.18836
16 81 1.18228
16 82 1.08945
16 83 1.08945
16 84 1.08945
16 85 1.08945
16 86 1.08945
16 87 1.18832
16 88 1.19863
16 89 1.20245
16 90 1.19592
16 91 1.0872
16 92 1.0872
16 93 1.0872
16 94 1.0872
16 95 1.0872
16 96 1.17245
16 97 1.18554
16 98 1.18882
16 99 1.18494
16 100 1.08261
16 101 1.08261
16 102 1.08261
16 103 1.08261
16 104 1.08261
16 105 1.13999
16 106 1.15561
16 107 1.16203
16 108 1.16334
16 109 1.0807
16 110 1.0807
16 111 1.0807
16 112 1.0807
16 113 1.0807
16 114 1.13597
16 115 1.15018
16 116 1.15182
16 117 1.1515
16 118 1.08226
16 119 1.08226
16 120 1.08226
16 121 1.08226
16 122 1.08226
16 123 1.14439
16 124 1.15295
16 125 1.15757
16 126 1.15824
16 127 1.08078
16 128 1.08078
16 129 1.08078
16 130 1.08078
16 131 1.08078
16 132 1.13577
16 133 1.14604
16 134 1.15097
16 135 1.15236
16 136 1.07765
16 137 1.07765
16 138 1.07765
16 139 1.07765
16 140 1.07765
16 141 1.11611
16 142 1.12877
16 143 1.13653
16 144 1.1397
17 1 1.08195
17 2 1.08195
17 3 1.08195
17 4 1.08195
17 5 1.08195
17 6 1.22586
17 7 1.2987
17 8 1.3556
17 9 1.31912
17 10 1.08422
17 11 1.08422
17 12 1.08422
17 13 1.08422
17 14 1.08422
17 15 1.308
17 16 1.73114
17 17 3.90251
17 18 1.53328
17 19 1.08216
17 20 1.08216
17 21 1.08216
17 22 1.08216
17 23 1.08216
17 24 1.23878
17 25 1.36535
17 26 1.50023
17 27 1.36853
17 28 1.07857
17 29 1.07857
17 30 1.07857
17 31 1.07857
17 32 1.07857
17 33 1.17715
17 34 1.22401
17 35 1.25769
17 36 1.26082
17 37 1.08171
17 38 1.08171
17 39 1.08171
17 40 1.08171
17 41 1.08171
17 42 1.1965
17 43 1.23616
17 44 1.26554
17 45 1.26765
17 46 1.08436
17 47 1.08436
17 48 1.08436
17 49 1.08436
17 50 1.08436
17 51 1.2067
17 52 1.27699
17 53 1.35167
17 54 1.32581
17 55 1.08226
17 56 1.08226
17 57 1.08226
17 58 1.08226
17 59 1.08226
17 60 1.19115
17 61 1.2467
17 62 1.3
17 63 1.29124
17 64 1.07848
17 65 1.07848
17 66 1.07848
17 67 1.07848
17 68 1.07848
17 69 1.1603
17 70 1.19567
17 71 1.22358
17 72 1.23275
17 73 1.07887
17 74 1.07887
17 75 1.07887
17 76 1.07887
17 77 1.07887
17 78 1.16367
17 79 1.18647
17 80 1.20603
17 81 1.21414
17 82 1.08077
17 83 1.08077
17 84 1.08077
17 85 1.08077
17 86 1.08077
17 87 1.17133
17 88 1.19495
17 89 1.2264
17 90 1.23592
17 91 1.07931
17 92 1.07931
17 93 1.07931
17 94 1.07931
17 95 1.07931
17 96 1.16069
17 97 1.18633
17 98 1.21397
17 99 1.22384
17 100 1.0762
17 101 1.0762
17 102 1.0762
17 103 1.0762
17 104 1.0762
17 105 1.13795
17 106 1.1636
17 107 1.18536
17 108 1.19535
17 109 1.07479
17 110 1.07479
17 111 1.07479
17 112 1.07479
17 113 1.07479
17 114 1.13545
17 115 1.15457
17 116 1.16585
17 117 1.1728
17 118 1.07599
17 119 1.07599
17 120 1.07599
17 121 1.07599
17 122 1.07599
17 123 1.14302
17 124 1.15729
17 125 1.17334
17 126 1.18261
17 127 1.07493
17 128 1.07493
17 129 1.07493
17 130 1.07493
17 131 1.07493
17 132 1.13543
17 133 1.15221
17 134 1.16823
17 135 1.17696
17 136 1.07265
17 137 1.07265
17 138 1.07265
17 139 1.07265
17 140 1.07265
17 141 1.11837
17 142 1.13758
17 143 1.1539
17 144 1.16195
18 1 1.07719
18 2 1.07719
18 3 1.07719
18 4 1.07719
18 5 1.07719
18 6 1.18257
18 7 1.23985
18 8 1.31821
18 9 1.3678
18 10 1.0786
18 11 1.0786
18 12 1.0786
18 13 1.0786
18 14 1.0786
18 15 1.19991
18 16 1.31349
18 17 1.53328
18 18 2.10304
18 19 1.07722
18 20 1.07722
18 21 1.07722
18 22 1.07722
18 23 1.07722
18 24 1.18509
18 25 1.26486
18 26 1.37496
18 27 1.43279
18 28 1.07471
18 29 1.07471
18 30 1.07471
18 31 1.07471
18 32 1.07471
18 33 1.15913
18 34 1.20675
18 35 1.25919
18 36 1.28687
18 37 1.07732
18 38 1.07732
18 39 1.07732
18 40 1.07732
18 41 1.07732
18 42 1.17278
18 43 1.21282
18 44 1.26199
18 45 1.29093
18 46 1.0792
18 47 1.0792
18 48 1.0792
18 49 1.0792
18 50 1.0792
18 51 1.17423
18 52 1.23146
18 53 1.31378
18 54 1.35931
18 55 1.07765
18 56 1.07765
18 57 1.07765
18 58 1.07765
18 59 1.07765
18 60 1.16689
18 61 1.21756
18 62 1.2859
18 63 1.31659
18 64 1.07482
18 65 1.07482
18 66 1.07482
18 67 1.07482
18 68 1.07482
18 69 1.14922
18 70 1.1877
18 71 1.22861
18 72 1.24992
18 73 1.07525
18 74 1.07525
18 75 1.07525
18 76 1.07525
18 77 1.07525
18 78 1.15412
18 79 1.17964
18 80 1.20892
18 81 1.22633
18 82 1.0767
18 83 1.0767
18 84 1.0767
18 85 1.0767
18 86 1.0767
18 87 1.15837
18 88 1.18515
18 89 1.22695
18 90 1.24925
18 91 1.07554
18 92 1.07554
18 93 1.07554
18 94 1.07554
18 95 1.07554
18 96 1.15017
18 97 1.17894
18 98 1.21689
18 99 1.2368
18 100 1.07306
18 101 1.07306
18 102 1.07306
18 103 1.07306
18 104 1.07306
18 105 1.13337
18 106 1.16227
18 107 1.19124
18 108 1.20637
18 109 1.07194
18 110 1.07194
18 111 1.07194
18 112 1.07194
18 113 1.07194
18 114 1.13246
18 115 1.15307
18 116 1.16924
18 117 1.18017
18 118 1.0729
18 119 1.0729
18 120 1.0729
18 121 1.0729
18 122 1.0729
18 123 1.13883
18 124 1.15505
18 125 1.17631
18 126 1.1902
18 127 1.072
18 128 1.072
18 129 1.072
18 130 1.072
18 131 1.072
18 132 1.13196
18 133 1.15099
18 134 1.17209
18 135 1.18466
18 136 1.0701
18 137 1.0701
18 138 1.0701
18 139 1.0701
18 140 1.0701
18 141 1.11705
18 142 1.1386
18 143 1.15874
18 144 1.16917
19 1 1.11737
19 2 1.11737
19 3 1.11737
19 4 1.11737
19 5 1.11737
19 6 1.0968
19 7 1.08811
19 8 1.07931
19 9 1.07441
19 10 1.16042
19 11 1.16042
19 12 1.16042
19 13 1.16042
19 14 1.16042
19 15 1.1101
19 16 1.09381
19 17 1.08216
19 18 1.07722
19 19 1.30309
19 20 1.30309
19 21 1.30309
19 22 1.30309
19 23 1.30309
19 24 1.11747
19 25 1.0974
19 26 1.08337
19 27 1.07731
19 28 1.16118
19 29 1.16118
19 30 1.16118
19 31 1.16118
19 32 1.16118
19 33 1.11089
19 34 1.09489
19 35 1.08217
19 36 1.07619
19 37 1.1108
19 38 1.1108
19 39 1.1108
19 40 1.1108
19 41 1.1108
19 42 1.09388
19 43 1.08672
19 44 1.07942
19 45 1.07486
19 46 1.13385
19 47 1.13385
19 48 1.13385
19 49 1.13385
19 50 1.13385
19 51 1.10267
19 52 1.09182
19 53 1.08217
19 54 1.07755
19 55 1.14592
19 56 1.14592
19 57 1.14592
19 58 1.14592
19 59 1.14592
19 60 1.10652
19 61 1.09439
19 62 1.08294
19 63 1.07737
19 64 1.13471
19 65 1.13471
19 66 1.13471
19 67 1.13471
19 68 1.13471
19 69 1.10388
19 70 1.0918
19 71 1.08122
19 72 1.07604
19 73 1.10104
19 74 1.10104
19 75 1.10104
19 76 1.10104
19 77 1.10104
19 78 1.08815
19 79 1.08287
19 80 1.07729
19 81 1.07321
19 82 1.11337
19 83 1.11337
19 84 1.11337
19 85 1.11337
19 86 1.11337
19 87 1.09406
19 88 1.08679
19 89 1.07996
19 90 1.07562
19 91 1.11777
19 92 1.11777
19 93 1.11777
19 94 1.11777
19 95 1.11777
19 96 1.0966
19 97 1.0883
19 98 1.08
19 99 1.07538
19 100 1.11398
19 101 1.11398
19 102 1.11398
19 103 1.11398
19 104 1.11398
19 105 1.09474
19 106 1.08613
19 107 1.07818
19 108 1.07415
19 109 1.09107
19 110 1.09107
19 111 1.09107
19 112 1.09107
19 113 1.09107
19 114 1.08167
19 115 1.07842
19 116 1.0737
19 117 1.07024
19 118 1.09817
19 119 1.09817
19 120 1.09817
19 121 1.09817
19 122 1.09817
19 123 1.08525
19 124 1.08098
19 125 1.07602
19 126 1.07226
19 127 1.10036
19 128 1.10036
19 129 1.10036
19 130 1.10036
19 131 1.10036
19 132 1.08677
19 133 1.08143
19 134 1.07575
19 135 1.07214
19 136 1.09862
19 137 1.09862
19 138 1.09862
19 139 1.09862
19 140 1.09862
19 141 1.0859
19 142 1.07989
19 143 1.07412
19 144 1.07112
20 1 1.11737
20 2 1.11737
20 3 1.11737
20 4 1.11737
20 5 1.11737
20 6 1.0968
20 7 1.08811
20 8 1.07931
20 9 1.07441
20 10 1.16042
20 11 1.16042
20 12 1.16042
20 13 1.16042
20 14 1.16042
20 15 1.1101
20 16 1.09381
20 17 1.08216
20 18 1.07722
20 19 1.30309
20 20 1.30309
20 21 1.30309
20 22 1.30309
20 23 1.30309
20 24 1.11747
20 25 1.0974
20 26 1.08337
20 27 1.07731
20 28 1.16118
20 29 1.16118
20 30 1.16118
20 31 1.16118
20 32 1.16118
20 33 1.11089
20 34 1.09489
20 35 1.08217
20 36 1.07619
20 37 1.1108
20 38 1.1108
20 39 1.1108
20 40 1.1108
20 41 1.1108
20 42 1.09388
20 43 1.08672
20 44 1.07942
20 45 1.07486
20 46 1.13385
20 47 1.13385
20 48 1.13385
20 49 1.13385
20 50 1.13385
20 51 1.10267
20 52 1.09182
20 53 1.08217
20 54 1.07755
20 55 1.14592
20 56 1.14592
20 57 1.14592
20 58 1.14592
20 59 1.14592
20 60 1.10652
20 61 1.09439
20 62 1.08294
20 63 1.07737
20 64 1.13471
20 65 1.13471
20 66 1.13471
20 67 1.13471
20 68 1.13471
20 69 1.10388
20 70 1.0918
20 71 1.08122
20 72 1.07604
20 73 1.10104
20 74 1.10104
20 75 1.10104
20 76 1.10104
20 77 1.10104
20 78 1.08815
20 79 1.08287
20 80 1.07729
20 81 1.07321
20 82 1.11337
20 83 1.11337
20 84 1.11337
20 85 1.11337
20 86 1.11337
20 87 1.09406
20 88 1.08679
20 89 1.07996
20 90 1.07562
20 91 1.11777
20 92 1.11777
20 93 1.11777
20 94 1.11777
20 95 1.11777
20 96 1.0966
20 97 1.0883
20 98 1.08
20 99 1.07538
20 100 1.11398
20 101 1.11398
20 102 1.11398
20 103 1.11398
20 104 1.11398
20 105 1.09474
20 106 1.08613
20 107 1.07818
20 108 1.07415
20 109 1.09107
20 110 1.09107
20 111 1.09107
20 112 1.09107
20 113 1.09107
20 114 1.08167
20 115 1.07842
20 116 1.0737
20 117 1.07024
20 118 1.09817
20 119 1.09817
20 120 1.09817
20 121 1.09817
20 122 1.09817
20 123 1.08525
20 124 1.08098
20 125 1.07602
20 126 1.07226
20 127 1.10036
20 128 1.10036
20 129 1.10036
20 130 1.10036
20 131 1.10036
20 132 1.08677
20 133 1.08143
20 134 1.07575
20 135 1.07214
20 136 1.09862
20 137 1.09862
20 138 1.09862
20 139 1.09862
20 140 1.09862
20 141 1.0859
20 142 1.07989
20 143 1.07412
20 144 1.07112
21 1 1.11737
21 2 1.11737
21 3 1.11737
21 4 1.11737
21 5 1.11737
21 6 1.0968
21 7 1.08811
21 8 1.07931
21 9 1.07441
21 10 1.16042
21 11 1.16042
21 12 1.16042
21 13 1.16042
21 14 1.16042
21 15 1.1101
21 16 1.09381
21 17 1.08216
21 18 1.07722
21 19 1.30309
21 20 1.30309
21 21 1.30309
21 22 1.30309
21 23 1.30309
21 24 1.11747
21 25 1.0974
21 26 1.08337
21 27 1.07731
21 28 1.16118
21 29 1.16118
21 30 1.16118
21 31 1.16118
21 32 1.16118
21 33 1.11089
21 34 1.09489
21 35 1.08217
21 36 1.07619
21 37 1.1108
21 38 1.1108
21 39 1.1108
21 40 1.1108
21 41 1.1108
21 42 1.09388
