injected_el measured_el potential
1 1 1.3049
1 2 1.3049
1 3 1.3049
1 4 1.3049
1 5 1.3049
1 6 1.11825
1 7 1.09717
1 8 1.08266
1 9 1.07615
1 10 1.14671
1 11 1.14671
1 12 1.14671
1 13 1.14671
1 14 1.14671
1 15 1.10661
1 16 1.09175
1 17 1.0799
1 18 1.07432
1 19 1.11797
1 20 1.11797
1 21 1.11797
1 22 1.11797
1 23 1.11797
1 24 1.09531
1 25 1.08515
1 26 1.07625
1 27 1.07189
1 28 1.10043
1 29 1.10043
1 30 1.10043
1 31 1.10043
1 32 1.10043
1 33 1.08578
1 34 1.07871
1 35 1.07223
1 36 1.069
1 37 1.14766
1 38 1.14766
1 39 1.14766
1 40 1.14766
1 41 1.14766
1 42 1.10724
1 43 1.09289
1 44 1.08122
1 45 1.07598
1 46 1.12908
1 47 1.12908
1 48 1.12908
1 49 1.12908
1 50 1.12908
1 51 1.10093
1 52 1.08882
1 53 1.07881
1 54 1.07413
1 55 1.11137
1 56 1.11137
1 57 1.11137
1 58 1.11137
1 59 1.11137
1 60 1.09235
1 61 1.08351
1 62 1.07562
1 63 1.07174
1 64 1.09736
1 65 1.09736
1 66 1.09736
1 67 1.09736
1 68 1.09736
1 69 1.08423
1 70 1.07781
1 71 1.07189
1 72 1.06893
1 73 1.11914
1 74 1.11914
1 75 1.11914
1 76 1.11914
1 77 1.11914
1 78 1.09663
1 79 1.08691
1 80 1.07806
1 81 1.07425
1 82 1.11153
1 83 1.11153
1 84 1.11153
1 85 1.11153
1 86 1.11153
1 87 1.09294
1 88 1.0839
1 89 1.07607
1 90 1.07247
1 91 1.10141
1 92 1.10141
1 93 1.10141
1 94 1.10141
1 95 1.10141
1 96 1.08698
1 97 1.0799
1 98 1.07343
1 99 1.07024
1 100 1.09148
1 101 1.09148
1 102 1.09148
1 103 1.09148
1 104 1.09148
1 105 1.08063
1 106 1.07521
1 107 1.07016
1 108 1.06763
1 109 1.10144
1 110 1.10144
1 111 1.10144
1 112 1.10144
1 113 1.10144
1 114 1.08746
1 115 1.08065
1 116 1.07415
1 117 1.07144
1 118 1.09731
1 119 1.09731
1 120 1.09731
1 121 1.09731
1 122 1.09731
1 123 1.08512
1 124 1.07837
1 125 1.07244
1 126 1.06982
1 127 1.09125
1 128 1.09125
1 129 1.09125
1 130 1.09125
1 131 1.09125
1 132 1.08076
1 133 1.0753
1 134 1.07028
1 135 1.06781
1 136 1.08443
1 137 1.08443
1 138 1.08443
1 139 1.08443
1 140 1.08443
1 141 1.07593
1 142 1.07159
1 143 1.0675
1 144 1.06545
2 1 1.3049
2 2 1.3049
2 3 1.3049
2 4 1.3049
2 5 1.3049
2 6 1.11825
2 7 1.09717
2 8 1.08266
2 9 1.07615
2 10 1.14671
2 11 1.14671
2 12 1.14671
2 13 1.14671
2 14 1.14671
2 15 1.10661
2 16 1.09175
2 17 1.0799
2 18 1.07432
2 19 1.11797
2 20 1.11797
2 21 1.11797
2 22 1.11797
2 23 1.11797
2 24 1.09531
2 25 1.08515
2 26 1.07625
2 27 1.07189
2 28 1.10043
2 29 1.10043
2 30 1.10043
2 31 1.10043
2 32 1.10043
2 33 1.08578
2 34 1.07871
2 35 1.07223
2 36 1.069
2 37 1.14766
2 38 1.14766
2 39 1.14766
2 40 1.14766
2 41 1.14766
2 42 1.10724
2 43 1.09289
2 44 1.08122
2 45 1.07598
2 46 1.12908
2 47 1.12908
2 48 1.12908
2 49 1.12908
2 50 1.12908
2 51 1.10093
2 52 1.08882
2 53 1.07881
2 54 1.07413
2 55 1.11137
2 56 1.11137
2 57 1.11137
2 58 1.11137
2 59 1.11137
2 60 1.09235
2 61 1.08351
2 62 1.07562
2 63 1.07174
2 64 1.09736
2 65 1.09736
2 66 1.09736
2 67 1.09736
2 68 1.09736
2 69 1.08423
2 70 1.07781
2 71 1.07189
2 72 1.06893
2 73 1.11914
2 74 1.11914
2 75 1.11914
2 76 1.11914
2 77 1.11914
2 78 1.09663
2 79 1.08691
2 80 1.07806
2 81 1.07425
2 82 1.11153
2 83 1.11153
2 84 1.11153
2 85 1.11153
2 86 1.11153
2 87 1.09294
2 88 1.0839
2 89 1.07607
2 90 1.07247
2 91 1.10141
2 92 1.10141
2 93 1.10141
2 94 1.10141
2 95 1.10141
2 96 1.08698
2 97 1.0799
2 98 1.07343
2 99 1.07024
2 100 1.09148
2 101 1.09148
2 102 1.09148
2 103 1.09148
2 104 1.09148
2 105 1.08063
2 106 1.07521
2 107 1.07016
2 108 1.06763
2 109 1.10144
2 110 1.10144
2 111 1.10144
2 112 1.10144
2 113 1.10144
2 114 1.08746
2 115 1.08065
2 116 1.07415
2 117 1.07144
2 118 1.09731
2 119 1.09731
2 120 1.09731
2 121 1.09731
2 122 1.09731
2 123 1.08512
2 124 1.07837
2 125 1.07244
2 126 1.06982
2 127 1.09125
2 128 1.09125
2 129 1.09125
2 130 1.09125
2 131 1.09125
2 132 1.08076
2 133 1.0753
2 134 1.07028
2 135 1.06781
2 136 1.08443
2 137 1.08443
2 138 1.08443
2 139 1.08443
2 140 1.08443
2 141 1.07593
2 142 1.07159
2 143 1.0675
2 144 1.06545
3 1 1.3049
3 2 1.3049
3 3 1.3049
3 4 1.3049
3 5 1.3049
3 6 1.11825
3 7 1.09717
3 8 1.08266
3 9 1.07615
3 10 1.14671
3 11 1.14671
3 12 1.14671
3 13 1.14671
3 14 1.14671
3 15 1.10661
3 16 1.09175
3 17 1.0799
3 18 1.07432
3 19 1.11797
3 20 1.11797
3 21 1.11797
3 22 1.11797
3 23 1.11797
3 24 1.09531
3 25 1.08515
3 26 1.07625
3 27 1.07189
3 28 1.10043
3 29 1.10043
3 30 1.10043
3 31 1.10043
3 32 1.10043
3 33 1.08578
3 34 1.07871
3 35 1.07223
3 36 1.069
3 37 1.14766
3 38 1.14766
3 39 1.14766
3 40 1.14766
3 41 1.14766
3 42 1.10724
3 43 1.09289
3 44 1.08122
3 45 1.07598
3 46 1.12908
3 47 1.12908
3 48 1.12908
3 49 1.12908
3 50 1.12908
3 51 1.10093
3 52 1.08882
3 53 1.07881
3 54 1.07413
3 55 1.11137
3 56 1.11137
3 57 1.11137
3 58 1.11137
3 59 1.11137
3 60 1.09235
3 61 1.08351
3 62 1.07562
3 63 1.07174
3 64 1.09736
3 65 1.09736
3 66 1.09736
3 67 1.09736
3 68 1.09736
3 69 1.08423
3 70 1.07781
3 71 1.07189
3 72 1.06893
3 73 1.11914
3 74 1.11914
3 75 1.11914
3 76 1.11914
3 77 1.11914
3 78 1.09663
3 79 1.08691
3 80 1.07806
3 81 1.07425
3 82 1.11153
3 83 1.11153
3 84 1.11153
3 85 1.11153
3 86 1.11153
3 87 1.09294
3 88 1.0839
3 89 1.07607
3 90 1.07247
3 91 1.10141
3 92 1.10141
3 93 1.10141
3 94 1.10141
3 95 1.10141
3 96 1.08698
3 97 1.0799
3 98 1.07343
3 99 1.07024
3 100 1.09148
3 101 1.09148
3 102 1.09148
3 103 1.09148
3 104 1.09148
3 105 1.08063
3 106 1.07521
3 107 1.07016
3 108 1.06763
3 109 1.10144
3 110 1.10144
3 111 1.10144
3 112 1.10144
3 113 1.10144
3 114 1.08746
3 115 1.08065
3 116 1.07415
3 117 1.07144
3 118 1.09731
3 119 1.09731
3 120 1.09731
3 121 1.09731
3 122 1.09731
3 123 1.08512
3 124 1.07837
3 125 1.07244
3 126 1.06982
3 127 1.09125
3 128 1.09125
3 129 1.09125
3 130 1.09125
3 131 1.09125
3 132 1.08076
3 133 1.0753
3 134 1.07028
3 135 1.06781
3 136 1.08443
3 137 1.08443
3 138 1.08443
3 139 1.08443
3 140 1.08443
3 141 1.07593
3 142 1.07159
3 143 1.0675
3 144 1.06545
4 1 1.3049
4 2 1.3049
4 3 1.3049
4 4 1.3049
4 5 1.3049
4 6 1.11825
4 7 1.09717
4 8 1.08266
4 9 1.07615
4 10 1.14671
4 11 1.14671
4 12 1.14671
4 13 1.14671
4 14 1.14671
4 15 1.10661
4 16 1.09175
4 17 1.0799
4 18 1.07432
4 19 1.11797
4 20 1.11797
4 21 1.11797
4 22 1.11797
4 23 1.11797
4 24 1.09531
4 25 1.08515
4 26 1.07625
4 27 1.07189
4 28 1.10043
4 29 1.10043
4 30 1.10043
4 31 1.10043
4 32 1.10043
4 33 1.08578
4 34 1.07871
4 35 1.07223
4 36 1.069
4 37 1.14766
4 38 1.14766
4 39 1.14766
4 40 1.14766
4 41 1.14766
4 42 1.10724
4 43 1.09289
4 44 1.08122
4 45 1.07598
4 46 1.12908
4 47 1.12908
4 48 1.12908
4 49 1.12908
4 50 1.12908
4 51 1.10093
4 52 1.08882
4 53 1.07881
4 54 1.07413
4 55 1.11137
4 56 1.11137
4 57 1.11137
4 58 1.11137
4 59 1.11137
4 60 1.09235
4 61 1.08351
4 62 1.07562
4 63 1.07174
4 64 1.09736
4 65 1.09736
4 66 1.09736
4 67 1.09736
4 68 1.09736
4 69 1.08423
4 70 1.07781
4 71 1.07189
4 72 1.06893
4 73 1.11914
4 74 1.11914
4 75 1.11914
4 76 1.11914
4 77 1.11914
4 78 1.09663
4 79 1.08691
4 80 1.07806
4 81 1.07425
4 82 1.11153
4 83 1.11153
4 84 1.11153
4 85 1.11153
4 86 1.11153
4 87 1.09294
4 88 1.0839
4 89 1.07607
4 90 1.07247
4 91 1.10141
4 92 1.10141
4 93 1.10141
4 94 1.10141
4 95 1.10141
4 96 1.08698
4 97 1.0799
4 98 1.07343
4 99 1.07024
4 100 1.09148
4 101 1.09148
4 102 1.09148
4 103 1.09148
4 104 1.09148
4 105 1.08063
4 106 1.07521
4 107 1.07016
4 108 1.06763
4 109 1.10144
4 110 1.10144
4 111 1.10144
4 112 1.10144
4 113 1.10144
4 114 1.08746
4 115 1.08065
4 116 1.07415
4 117 1.07144
4 118 1.09731
4 119 1.09731
4 120 1.09731
4 121 1.09731
4 122 1.09731
4 123 1.08512
4 124 1.07837
4 125 1.07244
4 126 1.06982
4 127 1.09125
4 128 1.09125
4 129 1.09125
4 130 1.09125
4 131 1.09125
4 132 1.08076
4 133 1.0753
4 134 1.07028
4 135 1.06781
4 136 1.08443
4 137 1.08443
4 138 1.08443
4 139 1.08443
4 140 1.08443
4 141 1.07593
4 142 1.07159
4 143 1.0675
4 144 1.06545
5 1 1.3049
5 2 1.3049
5 3 1.3049
5 4 1.3049
5 5 1.3049
5 6 1.11825
5 7 1.09717
5 8 1.08266
5 9 1.07615
5 10 1.14671
5 11 1.14671
5 12 1.14671
5 13 1.14671
5 14 1.14671
5 15 1.10661
5 16 1.09175
5 17 1.0799
5 18 1.07432
5 19 1.11797
5 20 1.11797
5 21 1.11797
5 22 1.11797
5 23 1.11797
5 24 1.09531
5 25 1.08515
5 26 1.07625
5 27 1.07189
5 28 1.10043
5 29 1.10043
5 30 1.10043
5 31 1.10043
5 32 1.10043
5 33 1.08578
5 34 1.07871
5 35 1.07223
5 36 1.069
5 37 1.14766
5 38 1.14766
5 39 1.14766
5 40 1.14766
5 41 1.14766
5 42 1.10724
5 43 1.09289
5 44 1.08122
5 45 1.07598
5 46 1.12908
5 47 1.12908
5 48 1.12908
5 49 1.12908
5 50 1.12908
5 51 1.10093
5 52 1.08882
5 53 1.07881
5 54 1.07413
5 55 1.11137
5 56 1.11137
5 57 1.11137
5 58 1.11137
5 59 1.11137
5 60 1.09235
5 61 1.08351
5 62 1.07562
5 63 1.07174
5 64 1.09736
5 65 1.09736
5 66 1.09736
5 67 1.09736
5 68 1.09736
5 69 1.08423
5 70 1.07781
5 71 1.07189
5 72 1.06893
5 73 1.11914
5 74 1.11914
5 75 1.11914
5 76 1.11914
5 77 1.11914
5 78 1.09663
5 79 1.08691
5 80 1.07806
5 81 1.07425
5 82 1.11153
5 83 1.11153
5 84 1.11153
5 85 1.11153
5 86 1.11153
5 87 1.09294
5 88 1.0839
5 89 1.07607
5 90 1.07247
5 91 1.10141
5 92 1.10141
5 93 1.10141
5 94 1.10141
5 95 1.10141
5 96 1.08698
5 97 1.0799
5 98 1.07343
5 99 1.07024
5 100 1.09148
5 101 1.09148
5 102 1.09148
5 103 1.09148
5 104 1.09148
5 105 1.08063
5 106 1.07521
5 107 1.07016
5 108 1.06763
5 109 1.10144
5 110 1.10144
5 111 1.10144
5 112 1.10144
5 113 1.10144
5 114 1.08746
5 115 1.08065
5 116 1.07415
5 117 1.07144
5 118 1.09731
5 119 1.09731
5 120 1.09731
5 121 1.09731
5 122 1.09731
5 123 1.08512
5 124 1.07837
5 125 1.07244
5 126 1.06982
5 127 1.09125
5 128 1.09125
5 129 1.09125
5 130 1.09125
5 131 1.09125
5 132 1.08076
5 133 1.0753
5 134 1.07028
5 135 1.06781
5 136 1.08443
5 137 1.08443
5 138 1.08443
5 139 1.08443
5 140 1.08443
5 141 1.07593
5 142 1.07159
5 143 1.0675
5 144 1.06545
6 1 1.11825
6 2 1.11825
6 3 1.11825
6 4 1.11825
6 5 1.11825
6 6 6.88275
6 7 2.1242
6 8 1.38587
6 9 1.20434
6 10 1.10643
6 11 1.10643
6 12 1.10643
6 13 1.10643
6 14 1.10643
6 15 1.43869
6 16 1.35997
6 17 1.23994
6 18 1.17866
6 19 1.09511
6 20 1.09511
6 21 1.09511
6 22 1.09511
6 23 1.09511
6 24 1.19112
6 25 1.19061
6 26 1.16615
6 27 1.14976
6 28 1.08559
6 29 1.08559
6 30 1.08559
6 31 1.08559
6 32 1.08559
6 33 1.12346
6 34 1.12981
6 35 1.12799
6 36 1.12548
6 37 1.10828
6 38 1.10828
6 39 1.10828
6 40 1.10828
6 41 1.10828
6 42 1.41289
6 43 1.34536
6 44 1.23467
6 45 1.18041
6 46 1.10106
6 47 1.10106
6 48 1.10106
6 49 1.10106
6 50 1.10106
6 51 1.2502
6 52 1.23782
6 53 1.19111
6 54 1.16317
6 55 1.09233
6 56 1.09233
6 57 1.09233
6 58 1.09233
6 59 1.09233
6 60 1.1566
6 61 1.16108
6 62 1.14977
6 63 1.141
6 64 1.08414
6 65 1.08414
6 66 1.08414
6 67 1.08414
6 68 1.08414
6 69 1.11455
6 70 1.12102
6 71 1.12156
6 72 1.12067
6 73 1.09763
6 74 1.09763
6 75 1.09763
6 76 1.09763
6 77 1.09763
6 78 1.18239
6 79 1.18453
6 80 1.16395
6 81 1.15169
6 82 1.09313
6 83 1.09313
6 84 1.09313
6 85 1.09313
6 86 1.09313
6 87 1.15219
6 88 1.15833
6 89 1.1488
6 90 1.14137
6 91 1.087
6 92 1.087
6 93 1.087
6 94 1.087
6 95 1.087
6 96 1.12317
6 97 1.12985
6 98 1.12886
6 99 1.12674
6 100 1.0806
6 101 1.0806
6 102 1.0806
6 103 1.0806
6 104 1.0806
6 105 1.1021
6 106 1.10822
6 107 1.11099
6 108 1.11173
6 109 1.08803
6 110 1.08803
6 111 1.08803
6 112 1.08803
6 113 1.08803
6 114 1.12166
6 115 1.12788
6 116 1.12796
6 117 1.12695
6 118 1.08505
6 119 1.08505
6 120 1.08505
6 121 1.08505
6 122 1.08505
6 123 1.11177
6 124 1.11893
6 125 1.12094
6 126 1.12073
6 127 1.08076
6 128 1.08076
6 129 1.08076
6 130 1.08076
6 131 1.08076
6 132 1.10117
6 133 1.10737
6 134 1.11063
6 135 1.11151
6 136 1.07594
6 137 1.07594
6 138 1.07594
6 139 1.07594
6 140 1.07594
6 141 1.09058
6 142 1.09588
6 143 1.09957
6 144 1.10112
7 1 1.09717
7 2 1.09717
7 3 1.09717
7 4 1.09717
7 5 1.09717
7 6 2.1242
7 7 6.85182
7 8 1.97434
7 9 1.3124
7 10 1.09161
7 11 1.09161
7 12 1.09161
7 13 1.09161
7 14 1.09161
7 15 1.35974
7 16 1.45963
7 17 1.33689
7 18 1.24826
7 19 1.08492
7 20 1.08492
7 21 1.08492
7 22 1.08492
7 23 1.08492
7 24 1.19045
7 25 1.21755
7 26 1.20803
7 27 1.19509
7 28 1.07849
7 29 1.07849
7 30 1.07849
7 31 1.07849
7 32 1.07849
7 33 1.12981
7 34 1.1466
7 35 1.15429
7 36 1.15619
7 37 1.09348
7 38 1.09348
7 39 1.09348
7 40 1.09348
7 41 1.09348
7 42 1.34056
7 43 1.43769
7 44 1.32727
7 45 1.24955
7 46 1.08907
7 47 1.08907
7 48 1.08907
7 49 1.08907
7 50 1.08907
7 51 1.23706
7 52 1.27625
7 53 1.2465
7 54 1.2174
7 55 1.08343
7 56 1.08343
7 57 1.08343
7 58 1.08343
7 59 1.08343
7 60 1.16071
7 61 1.18248
7 62 1.18409
7 63 1.18001
7 64 1.07768
7 65 1.07768
7 66 1.07768
7 67 1.07768
7 68 1.07768
7 69 1.12099
7 70 1.13631
7 71 1.14527
7 72 1.14845
7 73 1.08756
7 74 1.08756
7 75 1.08756
7 76 1.08756
7 77 1.08756
7 78 1.18121
7 79 1.20916
7 80 1.2041
7 81 1.19587
7 82 1.08431
7 83 1.08431
7 84 1.08431
7 85 1.08431
7 86 1.08431
7 87 1.15567
7 88 1.17928
7 89 1.18278
7 90 1.17984
7 91 1.07991
7 92 1.07991
7 93 1.07991
7 94 1.07991
7 95 1.07991
7 96 1.12925
7 97 1.14635
7 98 1.155
7 99 1.15729
7 100 1.07515
7 101 1.07515
7 102 1.07515
7 103 1.07515
7 104 1.07515
7 105 1.10817
7 106 1.12125
7 107 1.13084
7 108 1.135
7 109 1.08116
7 110 1.08116
7 111 1.08116
7 112 1.08116
7 113 1.08116
7 114 1.1268
7 115 1.14318
7 116 1.15313
7 117 1.15622
7 118 1.07876
7 119 1.07876
7 120 1.07876
7 121 1.07876
7 122 1.07876
7 123 1.11701
7 124 1.13345
7 125 1.1441
7 126 1.14762
7 127 1.07539
7 128 1.07539
7 129 1.07539
7 130 1.07539
7 131 1.07539
7 132 1.10684
7 133 1.12003
7 134 1.13018
7 135 1.13439
7 136 1.07158
7 137 1.07158
7 138 1.07158
7 139 1.07158
7 140 1.07158
7 141 1.09582
7 142 1.10646
7 143 1.1154
7 144 1.11962
8 1 1.08266
8 2 1.08266
8 3 1.08266
8 4 1.08266
8 5 1.08266
8 6 1.38587
8 7 1.97434
8 8 6.06352
8 9 1.54269
8 10 1.07984
8 11 1.07984
8 12 1.07984
8 13 1.07984
8 14 1.07984
8 15 1.23992
8 16 1.33674
8 17 1.39587
8 18 1.33373
8 19 1.07614
8 20 1.07614
8 21 1.07614
8 22 1.07614
8 23 1.07614
8 24 1.16626
8 25 1.20804
8 26 1.23621
8 27 1.24261
8 28 1.07213
8 29 1.07213
8 30 1.07213
8 31 1.07213
8 32 1.07213
8 33 1.1282
8 34 1.15436
8 35 1.17635
8 36 1.18645
8 37 1.08166
8 38 1.08166
8 39 1.08166
8 40 1.08166
8 41 1.08166
8 42 1.23208
8 43 1.32699
8 44 1.38687
8 45 1.33384
8 46 1.07904
8 47 1.07904
8 48 1.07904
8 49 1.07904
8 50 1.07904
8 51 1.19048
8 52 1.24698
8 53 1.28013
8 54 1.27686
8 55 1.07563
8 56 1.07563
8 57 1.07563
8 58 1.07563
8 59 1.07563
8 60 1.14951
8 61 1.18398
8 62 1.21011
8 63 1.21965
8 64 1.07186
8 65 1.07186
8 66 1.07186
8 67 1.07186
8 68 1.07186
8 69 1.12169
8 70 1.14531
8 71 1.16583
8 72 1.17558
8 73 1.07878
8 74 1.07878
8 75 1.07878
8 76 1.07878
8 77 1.07878
8 78 1.16041
8 79 1.20275
8 80 1.23258
8 81 1.2413
8 82 1.07652
8 83 1.07652
8 84 1.07652
8 85 1.07652
8 86 1.07652
8 87 1.14552
8 88 1.18202
8 89 1.20915
8 90 1.21861
8 91 1.07354
8 92 1.07354
8 93 1.07354
8 94 1.07354
8 95 1.07354
8 96 1.12799
8 97 1.15449
8 98 1.17714
8 99 1.18729
8 100 1.07019
8 101 1.07019
8 102 1.07019
8 103 1.07019
8 104 1.07019
8 105 1.11097
8 106 1.13075
8 107 1.14865
8 108 1.15741
8 109 1.07487
8 110 1.07487
8 111 1.07487
8 112 1.07487
8 113 1.07487
8 114 1.12517
8 115 1.15096
8 116 1.17441
8 117 1.18434
8 118 1.07301
8 119 1.07301
8 120 1.07301
8 121 1.07301
8 122 1.07301
8 123 1.11741
8 124 1.14256
8 125 1.16433
8 126 1.1735
8 127 1.07047
8 128 1.07047
8 129 1.07047
8 130 1.07047
8 131 1.07047
8 132 1.10946
8 133 1.12937
8 134 1.14772
8 135 1.15631
8 136 1.06757
8 137 1.06757
8 138 1.06757
8 139 1.06757
8 140 1.06757
8 141 1.09942
8 142 1.11522
8 143 1.12993
8 144 1.13724
9 1 1.07615
9 2 1.07615
9 3 1.07615
9 4 1.07615
9 5 1.07615
9 6 1.20434
9 7 1.3124
9 8 1.54269
9 9 2.14263
9 10 1.07432
9 11 1.07432
9 12 1.07432
9 13 1.07432
9 14 1.07432
9 15 1.17908
9 16 1.24873
9 17 1.3342
9 18 1.38615
9 19 1.07189
9 20 1.07189
9 21 1.07189
9 22 1.07189
9 23 1.07189
9 24 1.15011
9 25 1.19513
9 26 1.24243
9 27 1.26754
9 28 1.06899
9 29 1.06899
9 30 1.06899
9 31 1.06899
9 32 1.06899
9 33 1.12572
9 34 1.15613
9 35 1.18619
9 36 1.20169
9 37 1.07608
9 38 1.07608
9 39 1.07608
9 40 1.07608
9 41 1.07608
9 42 1.17629
9 43 1.24541
9 44 1.33008
9 45 1.38333
9 46 1.0742
9 47 1.0742
9 48 1.0742
9 49 1.0742
9 50 1.0742
9 51 1.16181
9 52 1.21711
9 53 1.27666
9 54 1.30788
9 55 1.07179
9 56 1.07179
9 57 1.07179
9 58 1.07179
9 59 1.07179
9 60 1.14063
9 61 1.1795
9 62 1.21909
9 63 1.23939
9 64 1.06895
9 65 1.06895
9 66 1.06895
9 67 1.06895
9 68 1.06895
9 69 1.12064
9 70 1.14811
9 71 1.17505
9 72 1.18887
9 73 1.07446
9 74 1.07446
9 75 1.07446
9 76 1.07446
9 77 1.07446
9 78 1.14611
9 79 1.19155
9 80 1.23867
9 81 1.26361
9 82 1.07266
9 83 1.07266
9 84 1.07266
9 85 1.07266
9 86 1.07266
9 87 1.1373
9 88 1.17819
9 89 1.21808
9 90 1.23738
9 91 1.07035
9 92 1.07035
9 93 1.07035
9 94 1.07035
9 95 1.07035
9 96 1.12546
9 97 1.15609
9 98 1.18647
9 99 1.20173
9 100 1.06768
9 101 1.06768
9 102 1.06768
9 103 1.06768
9 104 1.06768
9 105 1.11144
9 106 1.13442
9 107 1.15678
9 108 1.16818
9 109 1.07169
9 110 1.07169
9 111 1.07169
9 112 1.07169
9 113 1.07169
9 114 1.1226
9 115 1.15255
9 116 1.18324
9 117 1.19754
9 118 1.07009
9 119 1.07009
9 120 1.07009
9 121 1.07009
9 122 1.07009
9 123 1.11623
9 124 1.14532
9 125 1.17305
9 126 1.18565
9 127 1.06796
9 128 1.06796
9 129 1.06796
9 130 1.06796
9 131 1.06796
9 132 1.10981
9 133 1.1329
9 134 1.15558
9 135 1.16665
9 136 1.06551
9 137 1.06551
9 138 1.06551
9 139 1.06551
9 140 1.06551
9 141 1.10066
9 142 1.11893
9 143 1.13662
9 144 1.14558
10 1 1.14671
10 2 1.14671
10 3 1.14671
10 4 1.14671
10 5 1.14671
10 6 1.10643
10 7 1.09161
10 8 1.07984
10 9 1.07432
10 10 1.30404
10 11 1.30404
10 12 1.30404
10 13 1.30404
10 14 1.30404
10 15 1.1174
10 16 1.09621
10 17 1.08158
10 18 1.075
10 19 1.16151
10 20 1.16151
10 21 1.16151
10 22 1.16151
10 23 1.16151
10 24 1.10998
10 25 1.09324
10 26 1.08027
10 27 1.07419
10 28 1.12569
10 29 1.12569
10 30 1.12569
10 31 1.12569
10 32 1.12569
10 33 1.09878
10 34 1.08722
10 35 1.07728
10 36 1.07244
10 37 1.12904
10 38 1.12904
10 39 1.12904
10 40 1.12904
10 41 1.12904
10 42 1.10022
10 43 1.08857
10 44 1.07869
10 45 1.07419
10 46 1.14684
10 47 1.14684
10 48 1.14684
10 49 1.14684
10 50 1.14684
10 51 1.1066
10 52 1.09172
10 53 1.08
10 54 1.07468
10 55 1.13499
10 56 1.13499
10 57 1.13499
10 58 1.13499
10 59 1.13499
10 60 1.10283
10 61 1.08984
10 62 1.07901
10 63 1.07383
10 64 1.11685
10 65 1.11685
10 66 1.11685
10 67 1.11685
10 68 1.11685
10 69 1.09504
10 70 1.08517
10 71 1.07644
10 72 1.07216
10 73 1.11148
10 74 1.11148
10 75 1.11148
10 76 1.11148
10 77 1.11148
10 78 1.09223
10 79 1.08371
10 80 1.07595
10 81 1.07257
10 82 1.11828
10 83 1.11828
10 84 1.11828
10 85 1.11828
10 86 1.11828
10 87 1.09575
10 88 1.08553
10 89 1.07678
10 90 1.07287
10 91 1.11406
10 92 1.11406
10 93 1.11406
10 94 1.11406
10 95 1.11406
10 96 1.09365
10 97 1.08434
10 98 1.07605
10 99 1.07205
10 100 1.10485
10 101 1.10485
10 102 1.10485
10 103 1.10485
10 104 1.10485
10 105 1.0887
10 106 1.081
10 107 1.074
10 108 1.07052
10 109 1.09728
10 110 1.09728
10 111 1.09728
10 112 1.09728
10 113 1.09728
10 114 1.08461
10 115 1.0783
10 116 1.0724
10 117 1.06994
10 118 1.10054
10 119 1.10054
10 120 1.10054
10 121 1.10054
10 122 1.10054
10 123 1.08651
10 124 1.07924
10 125 1.07284
10 126 1.07008
10 127 1.09849
10 128 1.09849
10 129 1.09849
10 130 1.09849
10 131 1.09849
10 132 1.08495
10 133 1.0783
10 134 1.07223
10 135 1.06931
10 136 1.0934
10 137 1.0934
10 138 1.0934
10 139 1.0934
10 140 1.0934
10 141 1.08172
10 142 1.07596
10 143 1.07062
10 144 1.06795
11 1 1.14671
11 2 1.14671
11 3 1.14671
11 4 1.14671
11 5 1.14671
11 6 1.10643
11 7 1.09161
11 8 1.07984
11 9 1.07432
11 10 1.30404
11 11 1.30404
11 12 1.30404
11 13 1.30404
11 14 1.30404
11 15 1.1174
11 16 1.09621
11 17 1.08158
11 18 1.075
11 19 1.16151
11 20 1.16151
11 21 1.16151
11 22 1.16151
11 23 1.16151
11 24 1.10998
11 25 1.09324
11 26 1.08027
11 27 1.07419
11 28 1.12569
11 29 1.12569
11 30 1.12569
11 31 1.12569
11 32 1.12569
11 33 1.09878
11 34 1.08722
11 35 1.07728
11 36 1.07244
11 37 1.12904
11 38 1.12904
11 39 1.12904
11 40 1.12904
11 41 1.12904
11 42 1.10022
11 43 1.08857
11 44 1.07869
11 45 1.07419
11 46 1.14684
11 47 1.14684
11 48 1.14684
11 49 1.14684
11 50 1.14684
11 51 1.1066
11 52 1.09172
11 53 1.08
11 54 1.07468
11 55 1.13499
11 56 1.13499
11 57 1.13499
11 58 1.13499
11 59 1.13499
11 60 1.10283
11 61 1.08984
11 62 1.07901
11 63 1.07383
11 64 1.11685
11 65 1.11685
11 66 1.11685
11 67 1.11685
11 68 1.11685
11 69 1.09504
11 70 1.08517
11 71 1.07644
11 72 1.07216
11 73 1.11148
11 74 1.11148
11 75 1.11148
11 76 1.11148
11 77 1.11148
11 78 1.09223
11 79 1.08371
11 80 1.07595
11 81 1.07257
11 82 1.11828
11 83 1.11828
11 84 1.11828
11 85 1.11828
11 86 1.11828
11 87 1.09575
11 88 1.08553
11 89 1.07678
11 90 1.07287
11 91 1.11406
11 92 1.11406
11 93 1.11406
11 94 1.11406
11 95 1.11406
11 96 1.09365
11 97 1.08434
11 98 1.07605
11 99 1.07205
11 100 1.10485
11 101 1.10485
11 102 1.10485
11 103 1.10485
11 104 1.10485
11 105 1.0887
11 106 1.081
11 107 1.074
11 108 1.07052
11 109 1.09728
11 110 1.09728
11 111 1.09728
11 112 1.09728
11 113 1.09728
11 114 1.08461
11 115 1.0783
11 116 1.0724
11 117 1.06994
11 118 1.10054
11 119 1.10054
11 120 1.10054
11 121 1.10054
11 122 1.10054
11 123 1.08651
11 124 1.07924
11 125 1.07284
11 126 1.07008
11 127 1.09849
11 128 1.09849
11 129 1.09849
11 130 1.09849
11 131 1.09849
11 132 1.08495
11 133 1.0783
11 134 1.07223
11 135 1.06931
11 136 1.0934
11 137 1.0934
11 138 1.0934
11 139 1.0934
11 140 1.0934
11 141 1.08172
11 142 1.07596
11 143 1.07062
11 144 1.06795
12 1 1.14671
12 2 1.14671
12 3 1.14671
12 4 1.14671
12 5 1.14671
12 6 1.10643
12 7 1.09161
12 8 1.07984
12 9 1.07432
12 10 1.30404
12 11 1.30404
12 12 1.30404
12 13 1.30404
12 14 1.30404
12 15 1.1174
12 16 1.09621
12 17 1.08158
12 18 1.075
12 19 1.16151
12 20 1.16151
12 21 1.16151
12 22 1.16151
12 23 1.16151
12 24 1.10998
12 25 1.09324
12 26 1.08027
12 27 1.07419
12 28 1.12569
12 29 1.12569
12 30 1.12569
12 31 1.12569
12 32 1.12569
12 33 1.09878
12 34 1.08722
12 35 1.07728
12 36 1.07244
12 37 1.12904
12 38 1.12904
12 39 1.12904
12 40 1.12904
12 41 1.12904
12 42 1.10022
12 43 1.08857
12 44 1.07869
12 45 1.07419
12 46 1.14684
12 47 1.14684
12 48 1.14684
12 49 1.14684
12 50 1.14684
12 51 1.1066
12 52 1.09172
12 53 1.08
12 54 1.07468
12 55 1.13499
12 56 1.13499
12 57 1.13499
12 58 1.13499
12 59 1.13499
12 60 1.10283
12 61 1.08984
12 62 1.07901
12 63 1.07383
12 64 1.11685
12 65 1.11685
12 66 1.11685
12 67 1.11685
12 68 1.11685
12 69 1.09504
12 70 1.08517
12 71 1.07644
12 72 1.07216
12 73 1.11148
12 74 1.11148
12 75 1.11148
12 76 1.11148
12 77 1.11148
12 78 1.09223
12 79 1.08371
12 80 1.07595
12 81 1.07257
12 82 1.11828
12 83 1.11828
12 84 1.11828
12 85 1.11828
12 86 1.11828
12 87 1.09575
12 88 1.08553
12 89 1.07678
12 90 1.07287
12 91 1.11406
12 92 1.11406
12 93 1.11406
12 94 1.11406
12 95 1.11406
12 96 1.09365
12 97 1.08434
12 98 1.07605
12 99 1.07205
12 100 1.10485
12 101 1.10485
12 102 1.10485
12 103 1.10485
12 104 1.10485
12 105 1.0887
12 106 1.081
12 107 1.074
12 108 1.07052
12 109 1.09728
12 110 1.09728
12 111 1.09728
12 112 1.09728
12 113 1.09728
12 114 1.08461
12 115 1.0783
12 116 1.0724
12 117 1.06994
12 118 1.10054
12 119 1.10054
12 120 1.10054
12 121 1.10054
12 122 1.10054
12 123 1.08651
12 124 1.07924
12 125 1.07284
12 126 1.07008
12 127 1.09849
12 128 1.09849
12 129 1.09849
12 130 1.09849
12 131 1.09849
12 132 1.08495
12 133 1.0783
12 134 1.07223
12 135 1.06931
12 136 1.0934
12 137 1.0934
12 138 1.0934
12 139 1.0934
12 140 1.0934
12 141 1.08172
12 142 1.07596
12 143 1.07062
12 144 1.06795
13 1 1.14671
13 2 1.14671
13 3 1.14671
13 4 1.14671
13 5 1.14671
13 6 1.10643
13 7 1.09161
13 8 1.07984
13 9 1.07432
13 10 1.30404
13 11 1.30404
13 12 1.30404
13 13 1.30404
13 14 1.30404
13 15 1.1174
13 16 1.09621
13 17 1.08158
13 18 1.075
13 19 1.16151
13 20 1.16151
13 21 1.16151
13 22 1.16151
13 23 1.16151
13 24 1.10998
13 25 1.09324
13 26 1.08027
13 27 1.07419
13 28 1.12569
13 29 1.12569
13 30 1.12569
13 31 1.12569
13 32 1.12569
13 33 1.09878
13 34 1.08722
13 35 1.07728
13 36 1.07244
13 37 1.12904
13 38 1.12904
13 39 1.12904
13 40 1.12904
13 41 1.12904
13 42 1.10022
13 43 1.08857
13 44 1.07869
13 45 1.07419
13 46 1.14684
13 47 1.14684
13 48 1.14684
13 49 1.14684
13 50 1.14684
13 51 1.1066
13 52 1.09172
13 53 1.08
13 54 1.07468
13 55 1.13499
13 56 1.13499
13 57 1.13499
13 58 1.13499
13 59 1.13499
13 60 1.10283
13 61 1.08984
13 62 1.07901
13 63 1.07383
13 64 1.11685
13 65 1.11685
13 66 1.11685
13 67 1.11685
13 68 1.11685
13 69 1.09504
13 70 1.08517
13 71 1.07644
13 72 1.07216
13 73 1.11148
13 74 1.11148
13 75 1.11148
13 76 1.11148
13 77 1.11148
13 78 1.09223
13 79 1.08371
13 80 1.07595
13 81 1.07257
13 82 1.11828
13 83 1.11828
13 84 1.11828
13 85 1.11828
13 86 1.11828
13 87 1.09575
13 88 1.08553
13 89 1.07678
13 90 1.07287
13 91 1.11406
13 92 1.11406
13 93 1.11406
13 94 1.11406
13 95 1.11406
13 96 1.09365
13 97 1.08434
13 98 1.07605
13 99 1.07205
13 100 1.10485
13 101 1.10485
13 102 1.10485
13 103 1.10485
13 104 1.10485
13 105 1.0887
13 106 1.081
13 107 1.074
13 108 1.07052
13 109 1.09728
13 110 1.09728
13 111 1.09728
13 112 1.09728
13 113 1.09728
13 114 1.08461
13 115 1.0783
13 116 1.0724
13 117 1.06994
13 118 1.10054
13 119 1.10054
13 120 1.10054
13 121 1.10054
13 122 1.10054
13 123 1.08651
13 124 1.07924
13 125 1.07284
13 126 1.07008
13 127 1.09849
13 128 1.09849
13 129 1.09849
13 130 1.09849
13 131 1.09849
13 132 1.08495
13 133 1.0783
13 134 1.07223
13 135 1.06931
13 136 1.0934
13 137 1.0934
13 138 1.0934
13 139 1.0934
13 140 1.0934
13 141 1.08172
13 142 1.07596
13 143 1.07062
13 144 1.06795
14 1 1.14671
14 2 1.14671
14 3 1.14671
14 4 1.14671
14 5 1.14671
14 6 1.10643
14 7 1.09161
14 8 1.07984
14 9 1.07432
14 10 1.30404
14 11 1.30404
14 12 1.30404
14 13 1.30404
14 14 1.30404
14 15 1.1174
14 16 1.09621
14 17 1.08158
14 18 1.075
14 19 1.16151
14 20 1.16151
14 21 1.16151
14 22 1.16151
14 23 1.16151
14 24 1.10998
14 25 1.09324
14 26 1.08027
14 27 1.07419
14 28 1.12569
14 29 1.12569
14 30 1.12569
14 31 1.12569
14 32 1.12569
14 33 1.09878
14 34 1.08722
14 35 1.07728
14 36 1.07244
14 37 1.12904
14 38 1.12904
14 39 1.12904
14 40 1.12904
14 41 1.12904
14 42 1.10022
14 43 1.08857
14 44 1.07869
14 45 1.07419
14 46 1.14684
14 47 1.14684
14 48 1.14684
14 49 1.14684
14 50 1.14684
14 51 1.1066
14 52 1.09172
14 53 1.08
14 54 1.07468
14 55 1.13499
14 56 1.13499
14 57 1.13499
14 58 1.13499
14 59 1.13499
14 60 1.10283
14 61 1.08984
14 62 1.07901
14 63 1.07383
14 64 1.11685
14 65 1.11685
14 66 1.11685
14 67 1.11685
14 68 1.11685
14 69 1.09504
14 70 1.08517
14 71 1.07644
14 72 1.07216
14 73 1.11148
14 74 1.11148
14 75 1.11148
14 76 1.11148
14 77 1.11148
14 78 1.09223
14 79 1.08371
14 80 1.07595
14 81 1.07257
14 82 1.11828
14 83 1.11828
14 84 1.11828
14 85 1.11828
14 86 1.11828
14 87 1.09575
14 88 1.08553
14 89 1.07678
14 90 1.07287
14 91 1.11406
14 92 1.11406
14 93 1.11406
14 94 1.11406
14 95 1.11406
14 96 1.09365
14 97 1.08434
14 98 1.07605
14 99 1.07205
14 100 1.10485
14 101 1.10485
14 102 1.10485
14 103 1.10485
14 104 1.10485
14 105 1.0887
14 106 1.081
14 107 1.074
14 108 1.07052
14 109 1.09728
14 110 1.09728
14 111 1.09728
14 112 1.09728
14 113 1.09728
14 114 1.08461
14 115 1.0783
14 116 1.0724
14 117 1.06994
14 118 1.10054
14 119 1.10054
14 120 1.10054
14 121 1.10054
14 122 1.10054
14 123 1.08651
14 124 1.07924
14 125 1.07284
14 126 1.07008
14 127 1.09849
14 128 1.09849
14 129 1.09849
14 130 1.09849
14 131 1.09849
14 132 1.08495
14 133 1.0783
14 134 1.07223
14 135 1.06931
14 136 1.0934
14 137 1.0934
14 138 1.0934
14 139 1.0934
14 140 1.0934
14 141 1.08172
14 142 1.07596
14 143 1.07062
14 144 1.06795
15 1 1.10661
15 2 1.10661
15 3 1.10661
15 4 1.10661
15 5 1.10661
15 6 1.43869
15 7 1.35974
15 8 1.23992
15 9 1.17908
15 10 1.1174
15 11 1.1174
15 12 1.1174
15 13 1.1174
15 14 1.1174
15 15 6.91313
15 16 2.13774
15 17 1.38949
15 18 1.20381
15 19 1.10987
15 20 1.10987
15 21 1.10987
15 22 1.10987
15 23 1.10987
15 24 1.67842
15 25 1.4819
15 26 1.2797
15 27 1.18777
15 28 1.09863
15 29 1.09863
15 30 1.09863
15 31 1.09863
15 32 1.09863
15 33 1.24077
15 34 1.23064
15 35 1.18646
15 36 1.15928
15 37 1.10121
15 38 1.10121
15 39 1.10121
15 40 1.10121
15 41 1.10121
15 42 1.24166
15 43 1.23208
15 44 1.18871
15 45 1.16322
15 46 1.10695
15 47 1.10695
15 48 1.10695
15 49 1.10695
15 50 1.10695
15 51 1.43466
15 52 1.35681
15 53 1.23752
15 54 1.17896
15 55 1.1029
15 56 1.1029
15 57 1.1029
15 58 1.1029
15 59 1.1029
15 60 1.30633
15 61 1.27974
15 62 1.2093
15 63 1.16894
15 64 1.09496
15 65 1.09496
15 66 1.09496
15 67 1.09496
15 68 1.09496
15 69 1.18314
15 70 1.18437
15 71 1.16302
15 72 1.14835
15 73 1.09318
15 74 1.09318
15 75 1.09318
15 76 1.09318
15 77 1.09318
15 78 1.1485
15 79 1.15483
15 80 1.14686
15 81 1.14108
15 82 1.09618
15 83 1.09618
15 84 1.09618
15 85 1.09618
15 86 1.09618
15 87 1.18265
15 88 1.18532
15 89 1.16338
15 90 1.14989
15 91 1.09378
15 92 1.09378
15 93 1.09378
15 94 1.09378
15 95 1.09378
15 96 1.16767
15 97 1.17118
15 98 1.15552
15 99 1.14441
15 100 1.08868
15 101 1.08868
15 102 1.08868
15 103 1.08868
15 104 1.08868
15 105 1.13458
15 106 1.14058
15 107 1.13598
15 108 1.13163
15 109 1.08501
15 110 1.08501
15 111 1.08501
15 112 1.08501
15 113 1.08501
15 114 1.11096
15 115 1.11727
15 116 1.11991
15 117 1.1203
15 118 1.08665
15 119 1.08665
15 120 1.08665
15 121 1.08665
15 122 1.08665
15 123 1.11845
15 124 1.12603
15 125 1.12611
15 126 1.12514
15 127 1.08508
15 128 1.08508
15 129 1.08508
15 130 1.08508
15 131 1.08508
15 132 1.11604
15 133 1.1227
15 134 1.1231
15 135 1.12216
15 136 1.08174
15 137 1.08174
15 138 1.08174
15 139 1.08174
15 140 1.08174
15 141 1.10588
15 142 1.11214
15 143 1.11427
15 144 1.11455
16 1 1.09175
16 2 1.09175
16 3 1.09175
16 4 1.09175
16 5 1.09175
16 6 1.35997
16 7 1.45963
16 8 1.33674
16 9 1.24873
16 10 1.09621
16 11 1.09621
16 12 1.09621
16 13 1.09621
16 14 1.09621
16 15 2.13774
16 16 6.90865
16 17 1.9856
16 18 1.312
16 19 1.09307
16 20 1.09307
16 21 1.09307
16 22 1.09307
16 23 1.09307
16 24 1.48129
16 25 1.6955
16 26 1.42795
16 27 1.26807
16 28 1.08701
16 29 1.08701
16 30 1.08701
16 31 1.08701
16 32 1.08701
16 33 1.23045
16 34 1.26691
16 35 1.23863
16 36 1.21141
16 37 1.08925
16 38 1.08925
16 39 1.08925
16 40 1.08925
16 41 1.08925
16 42 1.22992
16 43 1.26912
16 44 1.24301
16 45 1.21727
16 46 1.09214
16 47 1.09214
16 48 1.09214
16 49 1.09214
16 50 1.09214
16 51 1.35604
16 52 1.45651
16 53 1.33333
16 54 1.24837
16 55 1.08983
16 56 1.08983
16 57 1.08983
16 58 1.08983
16 59 1.08983
16 60 1.27899
16 61 1.33146
16 62 1.27613
16 63 1.2287
16 64 1.08503
16 65 1.08503
16 66 1.08503
16 67 1.08503
16 68 1.08503
16 69 1.18422
16 70 1.20943
16 71 1.2027
16 72 1.19216
16 73 1.08442
16 74 1.08442
16 75 1.08442
16 76 1.08442
16 77 1.08442
16 78 1.15232
16 79 1.1751
16 80 1.18021
16 81 1.17927
16 82 1.0861
16 83 1.0861
16 84 1.0861
16 85 1.0861
16 86 1.0861
16 87 1.1818
16 88 1.21179
16 89 1.20452
16 90 1.19453
16 91 1.08441
16 92 1.08441
16 93 1.08441
16 94 1.08441
16 95 1.08441
16 96 1.17017
16 97 1.19412
16 98 1.19224
16 99 1.18561
16 100 1.08093
16 101 1.08093
16 102 1.08093
16 103 1.08093
16 104 1.08093
16 105 1.14048
16 106 1.15868
16 107 1.16476
16 108 1.16514
16 109 1.07878
16 110 1.07878
16 111 1.07878
16 112 1.07878
16 113 1.07878
16 114 1.11648
16 115 1.13144
16 116 1.1428
16 117 1.14693
16 118 1.07976
16 119 1.07976
16 120 1.07976
16 121 1.07976
16 122 1.07976
16 123 1.12363
16 124 1.14198
16 125 1.15164
16 126 1.15483
16 127 1.07847
16 128 1.07847
16 129 1.07847
16 130 1.07847
16 131 1.07847
16 132 1.12198
16 133 1.13805
16 134 1.14733
16 135 1.15057
16 136 1.07596
16 137 1.07596
16 138 1.07596
16 139 1.07596
16 140 1.07596
16 141 1.11205
16 142 1.12584
16 143 1.13532
16 144 1.13926
17 1 1.0799
17 2 1.0799
17 3 1.0799
17 4 1.0799
17 5 1.0799
17 6 1.23994
17 7 1.33689
17 8 1.39587
17 9 1.3342
17 10 1.08158
17 11 1.08158
17 12 1.08158
17 13 1.08158
17 14 1.08158
17 15 1.38949
17 16 1.9856
17 17 6.16754
17 18 1.54292
17 19 1.08015
17 20 1.08015
17 21 1.08015
17 22 1.08015
17 23 1.08015
17 24 1.27857
17 25 1.42589
17 26 1.54965
17 27 1.37651
17 28 1.07714
17 29 1.07714
17 30 1.07714
17 31 1.07714
17 32 1.07714
17 33 1.18604
17 34 1.23797
17 35 1.26889
17 36 1.2679
17 37 1.07915
17 38 1.07915
17 39 1.07915
17 40 1.07915
17 41 1.07915
17 42 1.18621
17 43 1.24159
17 44 1.27625
17 45 1.27622
17 46 1.08031
17 47 1.08031
17 48 1.08031
17 49 1.08031
17 50 1.08031
17 51 1.2374
17 52 1.3352
17 53 1.39254
17 54 1.33341
17 55 1.07902
17 56 1.07902
17 57 1.07902
17 58 1.07902
17 59 1.07902
17 60 1.20841
17 61 1.27531
17 62 1.31169
17 63 1.29667
17 64 1.07637
17 65 1.07637
17 66 1.07637
17 67 1.07637
17 68 1.07637
17 69 1.16274
17 70 1.20227
17 71 1.22958
17 72 1.23751
17 73 1.07663
17 74 1.07663
17 75 1.07663
17 76 1.07663
17 77 1.07663
17 78 1.14314
17 79 1.17815
17 80 1.20622
17 81 1.21753
17 82 1.07734
17 83 1.07734
17 84 1.07734
17 85 1.07734
17 86 1.07734
17 87 1.15986
17 88 1.20423
17 89 1.23318
17 90 1.24098
17 91 1.07618
17 92 1.07618
17 93 1.07618
17 94 1.07618
17 95 1.07618
17 96 1.15418
17 97 1.19142
17 98 1.21858
17 99 1.22783
17 100 1.07398
17 101 1.07398
17 102 1.07398
17 103 1.07398
17 104 1.07398
17 105 1.13573
17 106 1.16441
17 107 1.1879
17 108 1.19832
17 109 1.07305
17 110 1.07305
17 111 1.07305
17 112 1.07305
17 113 1.07305
17 114 1.11721
17 115 1.14044
17 116 1.16283
17 117 1.17249
17 118 1.07349
17 119 1.07349
17 120 1.07349
17 121 1.07349
17 122 1.07349
17 123 1.12218
17 124 1.15014
17 125 1.17341
17 126 1.18378
17 127 1.07246
17 128 1.07246
17 129 1.07246
17 130 1.07246
17 131 1.07246
17 132 1.12163
17 133 1.14635
17 134 1.16805
17 135 1.17824
17 136 1.07066
17 137 1.07066
17 138 1.07066
17 139 1.07066
17 140 1.07066
17 141 1.11398
17 142 1.13497
17 143 1.15385
17 144 1.16307
18 1 1.07432
18 2 1.07432
18 3 1.07432
18 4 1.07432
18 5 1.07432
18 6 1.17866
18 7 1.24826
18 8 1.33373
18 9 1.38615
18 10 1.075
18 11 1.075
18 12 1.075
18 13 1.075
18 14 1.075
18 15 1.20381
18 16 1.312
18 17 1.54292
18 18 2.14371
18 19 1.07419
18 20 1.07419
18 21 1.07419
18 22 1.07419
18 23 1.07419
18 24 1.18795
18 25 1.26797
18 26 1.37715
18 27 1.45462
18 28 1.07243
18 29 1.07243
18 30 1.07243
18 31 1.07243
18 32 1.07243
18 33 1.15946
18 34 1.21134
18 35 1.26821
18 36 1.2996
18 37 1.07428
18 38 1.07428
18 39 1.07428
18 40 1.07428
18 41 1.07428
18 42 1.15931
18 43 1.21348
18 44 1.27368
18 45 1.30711
18 46 1.07475
18 47 1.07475
18 48 1.07475
18 49 1.07475
18 50 1.07475
18 51 1.17706
18 52 1.24761
18 53 1.33232
18 54 1.38492
18 55 1.07389
18 56 1.07389
18 57 1.07389
18 58 1.07389
18 59 1.07389
18 60 1.1684
18 61 1.22803
18 62 1.29643
18 63 1.33533
18 64 1.07218
18 65 1.07218
18 66 1.07218
18 67 1.07218
18 68 1.07218
18 69 1.14832
18 70 1.19185
18 71 1.23744
18 72 1.26173
18 73 1.07277
18 74 1.07277
18 75 1.07277
18 76 1.07277
18 77 1.07277
18 78 1.13572
18 79 1.17505
18 80 1.21551
18 81 1.23633
18 82 1.07307
18 83 1.07307
18 84 1.07307
18 85 1.07307
18 86 1.07307
18 87 1.14509
18 88 1.19243
18 89 1.2397
18 90 1.26483
18 91 1.07216
18 92 1.07216
18 93 1.07216
18 94 1.07216
18 95 1.07216
18 96 1.14281
18 97 1.18418
18 98 1.22708
18 99 1.24969
18 100 1.07057
18 101 1.07057
18 102 1.07057
18 103 1.07057
18 104 1.07057
18 105 1.13134
18 106 1.16459
18 107 1.19802
18 108 1.2154
18 109 1.07016
18 110 1.07016
18 111 1.07016
18 112 1.07016
18 113 1.07016
18 114 1.11634
18 115 1.14346
18 116 1.17176
18 117 1.18477
18 118 1.07036
18 119 1.07036
18 120 1.07036
18 121 1.07036
18 122 1.07036
18 123 1.11995
18 124 1.15219
18 125 1.18296
18 126 1.19802
18 127 1.06946
18 128 1.06946
18 129 1.06946
18 130 1.06946
18 131 1.06946
18 132 1.1201
18 133 1.14884
18 134 1.17746
18 135 1.19205
18 136 1.06802
18 137 1.06802
18 138 1.06802
18 139 1.06802
18 140 1.06802
18 141 1.11408
18 142 1.13859
18 143 1.16268
18 144 1.17504
19 1 1.11797
19 2 1.11797
19 3 1.11797
19 4 1.11797
19 5 1.11797
19 6 1.09511
19 7 1.08492
19 8 1.07614
19 9 1.07189
19 10 1.16151
19 11 1.16151
19 12 1.16151
19 13 1.16151
19 14 1.16151
19 15 1.10987
19 16 1.09307
19 17 1.08015
19 18 1.07419
19 19 1.30411
19 20 1.30411
19 21 1.30411
19 22 1.30411
19 23 1.30411
19 24 1.11748
19 25 1.0963
19 26 1.08155
19 27 1.07483
19 28 1.16187
19 29 1.16187
19 30 1.16187
19 31 1.16187
19 32 1.16187
19 33 1.11031
19 34 1.09354
19 35 1.08049
19 36 1.07436
19 37 1.11131
19 38 1.11131
19 39 1.11131
19 40 1.11131
19 41 1.11131
19 42 1.0917
19 43 1.08302
19 44 1.07538
19 45 1.07183
19 46 1.13495
19 47 1.13495
19 48 1.13495
19 49 1.13495
19 50 1.13495
19 51 1.10255
19 52 1.08945
19 53 1.07875
19 54 1.07387
19 55 1.14695
19 56 1.14695
19 57 1.14695
19 58 1.14695
19 59 1.14695
19 60 1.10668
19 61 1.09191
19 62 1.08
19 63 1.07438
19 64 1.13538
19 65 1.13538
19 66 1.13538
19 67 1.13538
19 68 1.13538
19 69 1.10319
19 70 1.09013
19 71 1.07919
19 72 1.07393
19 73 1.10131
19 74 1.10131
19 75 1.10131
19 76 1.10131
19 77 1.10131
19 78 1.08631
19 79 1.07946
19 80 1.07316
19 81 1.07041
19 82 1.11398
19 83 1.11398
19 84 1.11398
19 85 1.11398
19 86 1.11398
19 87 1.09334
19 88 1.08393
19 89 1.07573
19 90 1.0721
19 91 1.11843
19 92 1.11843
19 93 1.11843
19 94 1.11843
19 95 1.11843
19 96 1.09564
19 97 1.0856
19 98 1.07674
19 99 1.07249
19 100 1.11447
19 101 1.11447
19 102 1.11447
19 103 1.11447
19 104 1.11447
19 105 1.09391
19 106 1.08452
19 107 1.07618
19 108 1.07208
19 109 1.09115
19 110 1.09115
19 111 1.09115
19 112 1.09115
19 113 1.09115
19 114 1.08051
19 115 1.07511
19 116 1.07011
19 117 1.06802
19 118 1.0984
19 119 1.0984
19 120 1.0984
19 121 1.0984
19 122 1.0984
19 123 1.08485
19 124 1.07803
19 125 1.07195
19 126 1.06938
19 127 1.10067
19 128 1.10067
19 129 1.10067
19 130 1.10067
19 131 1.10067
19 132 1.08601
19 133 1.07905
19 134 1.07268
19 135 1.06965
19 136 1.09891
19 137 1.09891
19 138 1.09891
19 139 1.09891
19 140 1.09891
19 141 1.08508
19 142 1.07842
19 143 1.07231
19 144 1.06927
20 1 1.11797
20 2 1.11797
20 3 1.11797
20 4 1.11797
20 5 1.11797
20 6 1.09511
20 7 1.08492
20 8 1.07614
20 9 1.07189
20 10 1.16151
20 11 1.16151
20 12 1.16151
20 13 1.16151
20 14 1.16151
20 15 1.10987
20 16 1.09307
20 17 1.08015
20 18 1.07419
20 19 1.30411
20 20 1.30411
20 21 1.30411
20 22 1.30411
20 23 1.30411
20 24 1.11748
20 25 1.0963
20 26 1.08155
20 27 1.07483
20 28 1.16187
20 29 1.16187
20 30 1.16187
20 31 1.16187
20 32 1.16187
20 33 1.11031
20 34 1.09354
20 35 1.08049
20 36 1.07436
20 37 1.11131
20 38 1.11131
20 39 1.11131
20 40 1.11131
20 41 1.11131
20 42 1.0917
20 43 1.08302
20 44 1.07538
20 45 1.07183
20 46 1.13495
20 47 1.13495
20 48 1.13495
20 49 1.13495
20 50 1.13495
20 51 1.10255
20 52 1.08945
20 53 1.07875
20 54 1.07387
20 55 1.14695
20 56 1.14695
20 57 1.14695
20 58 1.14695
20 59 1.14695
20 60 1.10668
20 61 1.09191
20 62 1.08
20 63 1.07438
20 64 1.13538
20 65 1.13538
20 66 1.13538
20 67 1.13538
20 68 1.13538
20 69 1.10319
20 70 1.09013
20 71 1.07919
20 72 1.07393
20 73 1.10131
20 74 1.10131
20 75 1.10131
20 76 1.10131
20 77 1.10131
20 78 1.08631
20 79 1.07946
20 80 1.07316
20 81 1.07041
20 82 1.11398
20 83 1.11398
20 84 1.11398
20 85 1.11398
20 86 1.11398
20 87 1.09334
20 88 1.08393
20 89 1.07573
20 90 1.0721
20 91 1.11843
20 92 1.11843
20 93 1.11843
20 94 1.11843
20 95 1.11843
20 96 1.09564
20 97 1.0856
20 98 1.07674
20 99 1.07249
20 100 1.11447
20 101 1.11447
20 102 1.11447
20 103 1.11447
20 104 1.11447
20 105 1.09391
20 106 1.08452
20 107 1.07618
20 108 1.07208
20 109 1.09115
20 110 1.09115
20 111 1.09115
20 112 1.09115
20 113 1.09115
20 114 1.08051
20 115 1.07511
20 116 1.07011
20 117 1.06802
20 118 1.0984
20 119 1.0984
20 120 1.0984
20 121 1.0984
20 122 1.0984
20 123 1.08485
20 124 1.07803
20 125 1.07195
20 126 1.06938
20 127 1.10067
20 128 1.10067
20 129 1.10067
20 130 1.10067
20 131 1.10067
20 132 1.08601
20 133 1.07905
20 134 1.07268
20 135 1.06965
20 136 1.09891
20 137 1.09891
20 138 1.09891
20 139 1.09891
20 140 1.09891
20 141 1.08508
20 142 1.07842
20 143 1.07231
20 144 1.06927
21 1 1.11797
21 2 1.11797
21 3 1.11797
21 4 1.11797
21 5 1.11797
21 6 1.09511
21 7 1.08492
21 8 1.07614
21 9 1.07189
21 10 1.16151
21 11 1.16151
21 12 1.16151
21 13 1.16151
21 14 1.16151
21 15 1.10987
21 16 1.09307
21 17 1.08015
21 18 1.07419
21 19 1.30411
21 20 1.30411
21 21 1.30411
21 22 1.30411
21 23 1.30411
21 24 1.11748
21 25 1.0963
21 26 1.08155
21 27 1.07483
21 28 1.16187
21 29 1.16187
21 30 1.16187
21 31 1.16187
21 32 1.16187
21 33 1.11031
21 34 1.09354
21 35 1.08049
21 36 1.07436
21 37 1.11131
