injected_el measured_el potential
1 1 1.30498
1 2 1.30498
1 3 1.30498
1 4 1.30498
1 5 1.30498
1 6 1.11831
1 7 1.09716
1 8 1.08254
1 9 1.07596
1 10 1.14678
1 11 1.14678
1 12 1.14678
1 13 1.14678
1 14 1.14678
1 15 1.1066
1 16 1.09174
1 17 1.07979
1 18 1.07414
1 19 1.11802
1 20 1.11802
1 21 1.11802
1 22 1.11802
1 23 1.11802
1 24 1.09529
1 25 1.08509
1 26 1.07613
1 27 1.07175
1 28 1.10047
1 29 1.10047
1 30 1.10047
1 31 1.10047
1 32 1.10047
1 33 1.08574
1 34 1.07864
1 35 1.07213
1 36 1.06888
1 37 1.14778
1 38 1.14778
1 39 1.14778
1 40 1.14778
1 41 1.14778
1 42 1.10733
1 43 1.09276
1 44 1.08101
1 45 1.07568
1 46 1.12917
1 47 1.12917
1 48 1.12917
1 49 1.12917
1 50 1.12917
1 51 1.10085
1 52 1.08878
1 53 1.07867
1 54 1.07386
1 55 1.11143
1 56 1.11143
1 57 1.11143
1 58 1.11143
1 59 1.11143
1 60 1.09229
1 61 1.0834
1 62 1.07545
1 63 1.07153
1 64 1.09741
1 65 1.09741
1 66 1.09741
1 67 1.09741
1 68 1.09741
1 69 1.08417
1 70 1.07771
1 71 1.07175
1 72 1.06877
1 73 1.11925
1 74 1.11925
1 75 1.11925
1 76 1.11925
1 77 1.11925
1 78 1.09658
1 79 1.08667
1 80 1.0778
1 81 1.07388
1 82 1.11163
1 83 1.11163
1 84 1.11163
1 85 1.11163
1 86 1.11163
1 87 1.09274
1 88 1.08373
1 89 1.07587
1 90 1.07215
1 91 1.10148
1 92 1.10148
1 93 1.10148
1 94 1.10148
1 95 1.10148
1 96 1.08683
1 97 1.07971
1 98 1.07321
1 99 1.07
1 100 1.09152
1 101 1.09152
1 102 1.09152
1 103 1.09152
1 104 1.09152
1 105 1.08053
1 106 1.07507
1 107 1.06999
1 108 1.06745
1 109 1.10151
1 110 1.10151
1 111 1.10151
1 112 1.10151
1 113 1.10151
1 114 1.08733
1 115 1.08037
1 116 1.07381
1 117 1.07109
1 118 1.09739
1 119 1.09739
1 120 1.09739
1 121 1.09739
1 122 1.09739
1 123 1.08477
1 124 1.07808
1 125 1.07219
1 126 1.06948
1 127 1.0913
1 128 1.0913
1 129 1.0913
1 130 1.0913
1 131 1.0913
1 132 1.08052
1 133 1.07506
1 134 1.07003
1 135 1.06754
1 136 1.08447
1 137 1.08447
1 138 1.08447
1 139 1.08447
1 140 1.08447
1 141 1.07579
1 142 1.07142
1 143 1.06732
1 144 1.06525
2 1 1.30498
2 2 1.30498
2 3 1.30498
2 4 1.30498
2 5 1.30498
2 6 1.11831
2 7 1.09716
2 8 1.08254
2 9 1.07596
2 10 1.14678
2 11 1.14678
2 12 1.14678
2 13 1.14678
2 14 1.14678
2 15 1.1066
2 16 1.09174
2 17 1.07979
2 18 1.07414
2 19 1.11802
2 20 1.11802
2 21 1.11802
2 22 1.11802
2 23 1.11802
2 24 1.09529
2 25 1.08509
2 26 1.07613
2 27 1.07175
2 28 1.10047
2 29 1.10047
2 30 1.10047
2 31 1.10047
2 32 1.10047
2 33 1.08574
2 34 1.07864
2 35 1.07213
2 36 1.06888
2 37 1.14778
2 38 1.14778
2 39 1.14778
2 40 1.14778
2 41 1.14778
2 42 1.10733
2 43 1.09276
2 44 1.08101
2 45 1.07568
2 46 1.12917
2 47 1.12917
2 48 1.12917
2 49 1.12917
2 50 1.12917
2 51 1.10085
2 52 1.08878
2 53 1.07867
2 54 1.07386
2 55 1.11143
2 56 1.11143
2 57 1.11143
2 58 1.11143
2 59 1.11143
2 60 1.09229
2 61 1.0834
2 62 1.07545
2 63 1.07153
2 64 1.09741
2 65 1.09741
2 66 1.09741
2 67 1.09741
2 68 1.09741
2 69 1.08417
2 70 1.07771
2 71 1.07175
2 72 1.06877
2 73 1.11925
2 74 1.11925
2 75 1.11925
2 76 1.11925
2 77 1.11925
2 78 1.09658
2 79 1.08667
2 80 1.0778
2 81 1.07388
2 82 1.11163
2 83 1.11163
2 84 1.11163
2 85 1.11163
2 86 1.11163
2 87 1.09274
2 88 1.08373
2 89 1.07587
2 90 1.07215
2 91 1.10148
2 92 1.10148
2 93 1.10148
2 94 1.10148
2 95 1.10148
2 96 1.08683
2 97 1.07971
2 98 1.07321
2 99 1.07
2 100 1.09152
2 101 1.09152
2 102 1.09152
2 103 1.09152
2 104 1.09152
2 105 1.08053
2 106 1.07507
2 107 1.06999
2 108 1.06745
2 109 1.10151
2 110 1.10151
2 111 1.10151
2 112 1.10151
2 113 1.10151
2 114 1.08733
2 115 1.08037
2 116 1.07381
2 117 1.07109
2 118 1.09739
2 119 1.09739
2 120 1.09739
2 121 1.09739
2 122 1.09739
2 123 1.08477
2 124 1.07808
2 125 1.07219
2 126 1.06948
2 127 1.0913
2 128 1.0913
2 129 1.0913
2 130 1.0913
2 131 1.0913
2 132 1.08052
2 133 1.07506
2 134 1.07003
2 135 1.06754
2 136 1.08447
2 137 1.08447
2 138 1.08447
2 139 1.08447
2 140 1.08447
2 141 1.07579
2 142 1.07142
2 143 1.06732
2 144 1.06525
3 1 1.30498
3 2 1.30498
3 3 1.30498
3 4 1.30498
3 5 1.30498
3 6 1.11831
3 7 1.09716
3 8 1.08254
3 9 1.07596
3 10 1.14678
3 11 1.14678
3 12 1.14678
3 13 1.14678
3 14 1.14678
3 15 1.1066
3 16 1.09174
3 17 1.07979
3 18 1.07414
3 19 1.11802
3 20 1.11802
3 21 1.11802
3 22 1.11802
3 23 1.11802
3 24 1.09529
3 25 1.08509
3 26 1.07613
3 27 1.07175
3 28 1.10047
3 29 1.10047
3 30 1.10047
3 31 1.10047
3 32 1.10047
3 33 1.08574
3 34 1.07864
3 35 1.07213
3 36 1.06888
3 37 1.14778
3 38 1.14778
3 39 1.14778
3 40 1.14778
3 41 1.14778
3 42 1.10733
3 43 1.09276
3 44 1.08101
3 45 1.07568
3 46 1.12917
3 47 1.12917
3 48 1.12917
3 49 1.12917
3 50 1.12917
3 51 1.10085
3 52 1.08878
3 53 1.07867
3 54 1.07386
3 55 1.11143
3 56 1.11143
3 57 1.11143
3 58 1.11143
3 59 1.11143
3 60 1.09229
3 61 1.0834
3 62 1.07545
3 63 1.07153
3 64 1.09741
3 65 1.09741
3 66 1.09741
3 67 1.09741
3 68 1.09741
3 69 1.08417
3 70 1.07771
3 71 1.07175
3 72 1.06877
3 73 1.11925
3 74 1.11925
3 75 1.11925
3 76 1.11925
3 77 1.11925
3 78 1.09658
3 79 1.08667
3 80 1.0778
3 81 1.07388
3 82 1.11163
3 83 1.11163
3 84 1.11163
3 85 1.11163
3 86 1.11163
3 87 1.09274
3 88 1.08373
3 89 1.07587
3 90 1.07215
3 91 1.10148
3 92 1.10148
3 93 1.10148
3 94 1.10148
3 95 1.10148
3 96 1.08683
3 97 1.07971
3 98 1.07321
3 99 1.07
3 100 1.09152
3 101 1.09152
3 102 1.09152
3 103 1.09152
3 104 1.09152
3 105 1.08053
3 106 1.07507
3 107 1.06999
3 108 1.06745
3 109 1.10151
3 110 1.10151
3 111 1.10151
3 112 1.10151
3 113 1.10151
3 114 1.08733
3 115 1.08037
3 116 1.07381
3 117 1.07109
3 118 1.09739
3 119 1.09739
3 120 1.09739
3 121 1.09739
3 122 1.09739
3 123 1.08477
3 124 1.07808
3 125 1.07219
3 126 1.06948
3 127 1.0913
3 128 1.0913
3 129 1.0913
3 130 1.0913
3 131 1.0913
3 132 1.08052
3 133 1.07506
3 134 1.07003
3 135 1.06754
3 136 1.08447
3 137 1.08447
3 138 1.08447
3 139 1.08447
3 140 1.08447
3 141 1.07579
3 142 1.07142
3 143 1.06732
3 144 1.06525
4 1 1.30498
4 2 1.30498
4 3 1.30498
4 4 1.30498
4 5 1.30498
4 6 1.11831
4 7 1.09716
4 8 1.08254
4 9 1.07596
4 10 1.14678
4 11 1.14678
4 12 1.14678
4 13 1.14678
4 14 1.14678
4 15 1.1066
4 16 1.09174
4 17 1.07979
4 18 1.07414
4 19 1.11802
4 20 1.11802
4 21 1.11802
4 22 1.11802
4 23 1.11802
4 24 1.09529
4 25 1.08509
4 26 1.07613
4 27 1.07175
4 28 1.10047
4 29 1.10047
4 30 1.10047
4 31 1.10047
4 32 1.10047
4 33 1.08574
4 34 1.07864
4 35 1.07213
4 36 1.06888
4 37 1.14778
4 38 1.14778
4 39 1.14778
4 40 1.14778
4 41 1.14778
4 42 1.10733
4 43 1.09276
4 44 1.08101
4 45 1.07568
4 46 1.12917
4 47 1.12917
4 48 1.12917
4 49 1.12917
4 50 1.12917
4 51 1.10085
4 52 1.08878
4 53 1.07867
4 54 1.07386
4 55 1.11143
4 56 1.11143
4 57 1.11143
4 58 1.11143
4 59 1.11143
4 60 1.09229
4 61 1.0834
4 62 1.07545
4 63 1.07153
4 64 1.09741
4 65 1.09741
4 66 1.09741
4 67 1.09741
4 68 1.09741
4 69 1.08417
4 70 1.07771
4 71 1.07175
4 72 1.06877
4 73 1.11925
4 74 1.11925
4 75 1.11925
4 76 1.11925
4 77 1.11925
4 78 1.09658
4 79 1.08667
4 80 1.0778
4 81 1.07388
4 82 1.11163
4 83 1.11163
4 84 1.11163
4 85 1.11163
4 86 1.11163
4 87 1.09274
4 88 1.08373
4 89 1.07587
4 90 1.07215
4 91 1.10148
4 92 1.10148
4 93 1.10148
4 94 1.10148
4 95 1.10148
4 96 1.08683
4 97 1.07971
4 98 1.07321
4 99 1.07
4 100 1.09152
4 101 1.09152
4 102 1.09152
4 103 1.09152
4 104 1.09152
4 105 1.08053
4 106 1.07507
4 107 1.06999
4 108 1.06745
4 109 1.10151
4 110 1.10151
4 111 1.10151
4 112 1.10151
4 113 1.10151
4 114 1.08733
4 115 1.08037
4 116 1.07381
4 117 1.07109
4 118 1.09739
4 119 1.09739
4 120 1.09739
4 121 1.09739
4 122 1.09739
4 123 1.08477
4 124 1.07808
4 125 1.07219
4 126 1.06948
4 127 1.0913
4 128 1.0913
4 129 1.0913
4 130 1.0913
4 131 1.0913
4 132 1.08052
4 133 1.07506
4 134 1.07003
4 135 1.06754
4 136 1.08447
4 137 1.08447
4 138 1.08447
4 139 1.08447
4 140 1.08447
4 141 1.07579
4 142 1.07142
4 143 1.06732
4 144 1.06525
5 1 1.30498
5 2 1.30498
5 3 1.30498
5 4 1.30498
5 5 1.30498
5 6 1.11831
5 7 1.09716
5 8 1.08254
5 9 1.07596
5 10 1.14678
5 11 1.14678
5 12 1.14678
5 13 1.14678
5 14 1.14678
5 15 1.1066
5 16 1.09174
5 17 1.07979
5 18 1.07414
5 19 1.11802
5 20 1.11802
5 21 1.11802
5 22 1.11802
5 23 1.11802
5 24 1.09529
5 25 1.08509
5 26 1.07613
5 27 1.07175
5 28 1.10047
5 29 1.10047
5 30 1.10047
5 31 1.10047
5 32 1.10047
5 33 1.08574
5 34 1.07864
5 35 1.07213
5 36 1.06888
5 37 1.14778
5 38 1.14778
5 39 1.14778
5 40 1.14778
5 41 1.14778
5 42 1.10733
5 43 1.09276
5 44 1.08101
5 45 1.07568
5 46 1.12917
5 47 1.12917
5 48 1.12917
5 49 1.12917
5 50 1.12917
5 51 1.10085
5 52 1.08878
5 53 1.07867
5 54 1.07386
5 55 1.11143
5 56 1.11143
5 57 1.11143
5 58 1.11143
5 59 1.11143
5 60 1.09229
5 61 1.0834
5 62 1.07545
5 63 1.07153
5 64 1.09741
5 65 1.09741
5 66 1.09741
5 67 1.09741
5 68 1.09741
5 69 1.08417
5 70 1.07771
5 71 1.07175
5 72 1.06877
5 73 1.11925
5 74 1.11925
5 75 1.11925
5 76 1.11925
5 77 1.11925
5 78 1.09658
5 79 1.08667
5 80 1.0778
5 81 1.07388
5 82 1.11163
5 83 1.11163
5 84 1.11163
5 85 1.11163
5 86 1.11163
5 87 1.09274
5 88 1.08373
5 89 1.07587
5 90 1.07215
5 91 1.10148
5 92 1.10148
5 93 1.10148
5 94 1.10148
5 95 1.10148
5 96 1.08683
5 97 1.07971
5 98 1.07321
5 99 1.07
5 100 1.09152
5 101 1.09152
5 102 1.09152
5 103 1.09152
5 104 1.09152
5 105 1.08053
5 106 1.07507
5 107 1.06999
5 108 1.06745
5 109 1.10151
5 110 1.10151
5 111 1.10151
5 112 1.10151
5 113 1.10151
5 114 1.08733
5 115 1.08037
5 116 1.07381
5 117 1.07109
5 118 1.09739
5 119 1.09739
5 120 1.09739
5 121 1.09739
5 122 1.09739
5 123 1.08477
5 124 1.07808
5 125 1.07219
5 126 1.06948
5 127 1.0913
5 128 1.0913
5 129 1.0913
5 130 1.0913
5 131 1.0913
5 132 1.08052
5 133 1.07506
5 134 1.07003
5 135 1.06754
5 136 1.08447
5 137 1.08447
5 138 1.08447
5 139 1.08447
5 140 1.08447
5 141 1.07579
5 142 1.07142
5 143 1.06732
5 144 1.06525
6 1 1.11831
6 2 1.11831
6 3 1.11831
6 4 1.11831
6 5 1.11831
6 6 6.90553
6 7 2.13444
6 8 1.38948
6 9 1.20486
6 10 1.10648
6 11 1.10648
6 12 1.10648
6 13 1.10648
6 14 1.10648
6 15 1.44251
6 16 1.36351
6 17 1.24161
6 18 1.17909
6 19 1.09515
6 20 1.09515
6 21 1.09515
6 22 1.09515
6 23 1.09515
6 24 1.19242
6 25 1.19186
6 26 1.16687
6 27 1.15016
6 28 1.08561
6 29 1.08561
6 30 1.08561
6 31 1.08561
6 32 1.08561
6 33 1.12393
6 34 1.13031
6 35 1.12838
6 36 1.12579
6 37 1.10804
6 38 1.10804
6 39 1.10804
6 40 1.10804
6 41 1.10804
6 42 1.42454
6 43 1.35286
6 44 1.23753
6 45 1.18049
6 46 1.10093
6 47 1.10093
6 48 1.10093
6 49 1.10093
6 50 1.10093
6 51 1.25406
6 52 1.24129
6 53 1.19267
6 54 1.16336
6 55 1.09226
6 56 1.09226
6 57 1.09226
6 58 1.09226
6 59 1.09226
6 60 1.15795
6 61 1.16231
6 62 1.15036
6 63 1.14127
6 64 1.0841
6 65 1.0841
6 66 1.0841
6 67 1.0841
6 68 1.0841
6 69 1.11495
6 70 1.12146
6 71 1.12188
6 72 1.1209
6 73 1.09731
6 74 1.09731
6 75 1.09731
6 76 1.09731
6 77 1.09731
6 78 1.18439
6 79 1.1863
6 80 1.16472
6 81 1.15158
6 82 1.09287
6 83 1.09287
6 84 1.09287
6 85 1.09287
6 86 1.09287
6 87 1.1549
6 88 1.16023
6 89 1.14956
6 90 1.14145
6 91 1.08684
6 92 1.08684
6 93 1.08684
6 94 1.08684
6 95 1.08684
6 96 1.12404
6 97 1.13064
6 98 1.12921
6 99 1.12689
6 100 1.0805
6 101 1.0805
6 102 1.0805
6 103 1.0805
6 104 1.0805
6 105 1.10231
6 106 1.10849
6 107 1.11119
6 108 1.11187
6 109 1.08774
6 110 1.08774
6 111 1.08774
6 112 1.08774
6 113 1.08774
6 114 1.12097
6 115 1.1278
6 116 1.12769
6 117 1.12677
6 118 1.08476
6 119 1.08476
6 120 1.08476
6 121 1.08476
6 122 1.08476
6 123 1.11232
6 124 1.1195
6 125 1.12105
6 126 1.12071
6 127 1.08056
6 128 1.08056
6 129 1.08056
6 130 1.08056
6 131 1.08056
6 132 1.10137
6 133 1.10764
6 134 1.1107
6 135 1.11155
6 136 1.07581
6 137 1.07581
6 138 1.07581
6 139 1.07581
6 140 1.07581
6 141 1.09058
6 142 1.09594
6 143 1.09962
6 144 1.10117
7 1 1.09716
7 2 1.09716
7 3 1.09716
7 4 1.09716
7 5 1.09716
7 6 2.13444
7 7 6.89102
7 8 1.98356
7 9 1.31314
7 10 1.09161
7 11 1.09161
7 12 1.09161
7 13 1.09161
7 14 1.09161
7 15 1.36319
7 16 1.46388
7 17 1.33894
7 18 1.2488
7 19 1.08491
7 20 1.08491
7 21 1.08491
7 22 1.08491
7 23 1.08491
7 24 1.19172
7 25 1.21891
7 26 1.20885
7 27 1.19561
7 28 1.07848
7 29 1.07848
7 30 1.07848
7 31 1.07848
7 32 1.07848
7 33 1.1303
7 34 1.14716
7 35 1.15476
7 36 1.1566
7 37 1.09322
7 38 1.09322
7 39 1.09322
7 40 1.09322
7 41 1.09322
7 42 1.34947
7 43 1.449
7 44 1.33213
7 45 1.24993
7 46 1.08891
7 47 1.08891
7 48 1.08891
7 49 1.08891
7 50 1.08891
7 51 1.24082
7 52 1.28008
7 53 1.24828
7 54 1.21778
7 55 1.08333
7 56 1.08333
7 57 1.08333
7 58 1.08333
7 59 1.08333
7 60 1.16208
7 61 1.18382
7 62 1.18478
7 63 1.18043
7 64 1.07761
7 65 1.07761
7 66 1.07761
7 67 1.07761
7 68 1.07761
7 69 1.12144
7 70 1.13683
7 71 1.14569
7 72 1.14879
7 73 1.08721
7 74 1.08721
7 75 1.08721
7 76 1.08721
7 77 1.08721
7 78 1.18336
7 79 1.21174
7 80 1.20544
7 81 1.19616
7 82 1.08401
7 83 1.08401
7 84 1.08401
7 85 1.08401
7 86 1.08401
7 87 1.15867
7 88 1.18147
7 89 1.18371
7 90 1.18021
7 91 1.07972
7 92 1.07972
7 93 1.07972
7 94 1.07972
7 95 1.07972
7 96 1.13027
7 97 1.14732
7 98 1.15551
7 99 1.15763
7 100 1.07502
7 101 1.07502
7 102 1.07502
7 103 1.07502
7 104 1.07502
7 105 1.10845
7 106 1.12162
7 107 1.13115
7 108 1.13527
7 109 1.08083
7 110 1.08083
7 111 1.08083
7 112 1.08083
7 113 1.08083
7 114 1.12619
7 115 1.14341
7 116 1.15309
7 117 1.15639
7 118 1.07842
7 119 1.07842
7 120 1.07842
7 121 1.07842
7 122 1.07842
7 123 1.11793
7 124 1.13432
7 125 1.14438
7 126 1.1479
7 127 1.07515
7 128 1.07515
7 129 1.07515
7 130 1.07515
7 131 1.07515
7 132 1.10722
7 133 1.1205
7 134 1.13041
7 135 1.13463
7 136 1.07142
7 137 1.07142
7 138 1.07142
7 139 1.07142
7 140 1.07142
7 141 1.09588
7 142 1.10662
7 143 1.11558
7 144 1.11981
8 1 1.08254
8 2 1.08254
8 3 1.08254
8 4 1.08254
8 5 1.08254
8 6 1.38948
8 7 1.98356
8 8 6.12645
8 9 1.54426
8 10 1.07973
8 11 1.07973
8 12 1.07973
8 13 1.07973
8 14 1.07973
8 15 1.2413
8 16 1.33839
8 17 1.39717
8 18 1.33451
8 19 1.07604
8 20 1.07604
8 21 1.07604
8 22 1.07604
8 23 1.07604
8 24 1.16683
8 25 1.20871
8 26 1.2368
8 27 1.24322
8 28 1.07205
8 29 1.07205
8 30 1.07205
8 31 1.07205
8 32 1.07205
8 33 1.12846
8 34 1.15473
8 35 1.17678
8 36 1.18691
8 37 1.08136
8 38 1.08136
8 39 1.08136
8 40 1.08136
8 41 1.08136
8 42 1.23593
8 43 1.33269
8 44 1.392
8 45 1.335
8 46 1.07879
8 47 1.07879
8 48 1.07879
8 49 1.07879
8 50 1.07879
8 51 1.19226
8 52 1.2484
8 53 1.28093
8 54 1.27763
8 55 1.07545
8 56 1.07545
8 57 1.07545
8 58 1.07545
8 59 1.07545
8 60 1.1502
8 61 1.18466
8 62 1.21058
8 63 1.22024
8 64 1.07172
8 65 1.07172
8 66 1.07172
8 67 1.07172
8 68 1.07172
8 69 1.12193
8 70 1.14566
8 71 1.16624
8 72 1.17602
8 73 1.0784
8 74 1.0784
8 75 1.0784
8 76 1.0784
8 77 1.0784
8 78 1.16166
8 79 1.20454
8 80 1.23406
8 81 1.24239
8 82 1.07617
8 83 1.07617
8 84 1.07617
8 85 1.07617
8 86 1.07617
8 87 1.14762
8 88 1.18327
8 89 1.20979
8 90 1.21946
8 91 1.07329
8 92 1.07329
8 93 1.07329
8 94 1.07329
8 95 1.07329
8 96 1.12869
8 97 1.1552
8 98 1.17764
8 99 1.18788
8 100 1.07001
8 101 1.07001
8 102 1.07001
8 103 1.07001
8 104 1.07001
8 105 1.11115
8 106 1.13107
8 107 1.14902
8 108 1.15783
8 109 1.07452
8 110 1.07452
8 111 1.07452
8 112 1.07452
8 113 1.07452
8 114 1.1246
8 115 1.15131
8 116 1.17471
8 117 1.18512
8 118 1.07262
8 119 1.07262
8 120 1.07262
8 121 1.07262
8 122 1.07262
8 123 1.11837
8 124 1.14337
8 125 1.16472
8 126 1.17424
8 127 1.07018
8 128 1.07018
8 129 1.07018
8 130 1.07018
8 131 1.07018
8 132 1.10983
8 133 1.12986
8 134 1.14808
8 135 1.15683
8 136 1.06737
8 137 1.06737
8 138 1.06737
8 139 1.06737
8 140 1.06737
8 141 1.09948
8 142 1.11542
8 143 1.13022
8 144 1.13759
9 1 1.07596
9 2 1.07596
9 3 1.07596
9 4 1.07596
9 5 1.07596
9 6 1.20486
9 7 1.31314
9 8 1.54426
9 9 2.14457
9 10 1.07414
9 11 1.07414
9 12 1.07414
9 13 1.07414
9 14 1.07414
9 15 1.17934
9 16 1.24893
9 17 1.33477
9 18 1.38756
9 19 1.07174
9 20 1.07174
9 21 1.07174
9 22 1.07174
9 23 1.07174
9 24 1.15035
9 25 1.19554
9 26 1.2431
9 27 1.2685
9 28 1.06887
9 29 1.06887
9 30 1.06887
9 31 1.06887
9 32 1.06887
9 33 1.12592
9 34 1.15651
9 35 1.18676
9 36 1.20238
9 37 1.07575
9 38 1.07575
9 39 1.07575
9 40 1.07575
9 41 1.07575
9 42 1.17755
9 43 1.24741
9 44 1.33262
9 45 1.38568
9 46 1.07391
9 47 1.07391
9 48 1.07391
9 49 1.07391
9 50 1.07391
9 51 1.1626
9 52 1.21743
9 53 1.27732
9 54 1.30962
9 55 1.07157
9 56 1.07157
9 57 1.07157
9 58 1.07157
9 59 1.07157
9 60 1.14106
9 61 1.18004
9 62 1.21982
9 63 1.24051
9 64 1.06879
9 65 1.06879
9 66 1.06879
9 67 1.06879
9 68 1.06879
9 69 1.12087
9 70 1.14854
9 71 1.17569
9 72 1.18963
9 73 1.07407
9 74 1.07407
9 75 1.07407
9 76 1.07407
9 77 1.07407
9 78 1.14683
9 79 1.19283
9 80 1.24032
9 81 1.26565
9 82 1.07229
9 83 1.07229
9 84 1.07229
9 85 1.07229
9 86 1.07229
9 87 1.13893
9 88 1.17907
9 89 1.21893
9 90 1.23902
9 91 1.07008
9 92 1.07008
9 93 1.07008
9 94 1.07008
9 95 1.07008
9 96 1.12609
9 97 1.15684
9 98 1.18729
9 99 1.20282
9 100 1.06749
9 101 1.06749
9 102 1.06749
9 103 1.06749
9 104 1.06749
9 105 1.11167
9 106 1.13487
9 107 1.15741
9 108 1.16892
9 109 1.07134
9 110 1.07134
9 111 1.07134
9 112 1.07134
9 113 1.07134
9 114 1.12213
9 115 1.15309
9 116 1.18396
9 117 1.19896
9 118 1.0697
9 119 1.0697
9 120 1.0697
9 121 1.0697
9 122 1.0697
9 123 1.11726
9 124 1.14624
9 125 1.17376
9 126 1.18698
9 127 1.06766
9 128 1.06766
9 129 1.06766
9 130 1.06766
9 131 1.06766
9 132 1.11027
9 133 1.13356
9 134 1.15624
9 135 1.1676
9 136 1.06531
9 137 1.06531
9 138 1.06531
9 139 1.06531
9 140 1.06531
9 141 1.1008
9 142 1.1193
9 143 1.13715
9 144 1.14623
10 1 1.14678
10 2 1.14678
10 3 1.14678
10 4 1.14678
10 5 1.14678
10 6 1.10648
10 7 1.09161
10 8 1.07973
10 9 1.07414
10 10 1.30411
10 11 1.30411
10 12 1.30411
10 13 1.30411
10 14 1.30411
10 15 1.11745
10 16 1.09625
10 17 1.08152
10 18 1.07484
10 19 1.16156
10 20 1.16156
10 21 1.16156
10 22 1.16156
10 23 1.16156
10 24 1.10999
10 25 1.09322
10 26 1.08018
10 27 1.07406
10 28 1.12573
10 29 1.12573
10 30 1.12573
10 31 1.12573
10 32 1.12573
10 33 1.09877
10 34 1.08717
10 35 1.0772
10 36 1.07234
10 37 1.12914
10 38 1.12914
10 39 1.12914
10 40 1.12914
10 41 1.12914
10 42 1.10031
10 43 1.0885
10 44 1.07851
10 45 1.07391
10 46 1.14694
10 47 1.14694
10 48 1.14694
10 49 1.14694
10 50 1.14694
10 51 1.10665
10 52 1.09178
10 53 1.07993
10 54 1.07444
10 55 1.13506
10 56 1.13506
10 57 1.13506
10 58 1.13506
10 59 1.13506
10 60 1.10285
10 61 1.0898
10 62 1.07889
10 63 1.07366
10 64 1.1169
10 65 1.1169
10 66 1.1169
10 67 1.1169
10 68 1.1169
10 69 1.09502
10 70 1.0851
10 71 1.07633
10 72 1.07203
10 73 1.11158
10 74 1.11158
10 75 1.11158
10 76 1.11158
10 77 1.11158
10 78 1.09213
10 79 1.08351
10 80 1.0757
10 81 1.07223
10 82 1.1184
10 83 1.1184
10 84 1.1184
10 85 1.1184
10 86 1.1184
10 87 1.09569
10 88 1.08546
10 89 1.07666
10 90 1.07257
10 91 1.11414
10 92 1.11414
10 93 1.11414
10 94 1.11414
10 95 1.11414
10 96 1.0936
10 97 1.08422
10 98 1.07589
10 99 1.07183
10 100 1.1049
10 101 1.1049
10 102 1.1049
10 103 1.1049
10 104 1.1049
10 105 1.08865
10 106 1.0809
10 107 1.07386
10 108 1.07037
10 109 1.09734
10 110 1.09734
10 111 1.09734
10 112 1.09734
10 113 1.09734
10 114 1.08435
10 115 1.07801
10 116 1.07206
10 117 1.06959
10 118 1.10063
10 119 1.10063
10 120 1.10063
10 121 1.10063
10 122 1.10063
10 123 1.08625
10 124 1.07901
10 125 1.07263
10 126 1.06976
10 127 1.09856
10 128 1.09856
10 129 1.09856
10 130 1.09856
10 131 1.09856
10 132 1.08481
10 133 1.07813
10 134 1.07203
10 135 1.06907
10 136 1.09344
10 137 1.09344
10 138 1.09344
10 139 1.09344
10 140 1.09344
10 141 1.08164
10 142 1.07584
10 143 1.07047
10 144 1.06778
11 1 1.14678
11 2 1.14678
11 3 1.14678
11 4 1.14678
11 5 1.14678
11 6 1.10648
11 7 1.09161
11 8 1.07973
11 9 1.07414
11 10 1.30411
11 11 1.30411
11 12 1.30411
11 13 1.30411
11 14 1.30411
11 15 1.11745
11 16 1.09625
11 17 1.08152
11 18 1.07484
11 19 1.16156
11 20 1.16156
11 21 1.16156
11 22 1.16156
11 23 1.16156
11 24 1.10999
11 25 1.09322
11 26 1.08018
11 27 1.07406
11 28 1.12573
11 29 1.12573
11 30 1.12573
11 31 1.12573
11 32 1.12573
11 33 1.09877
11 34 1.08717
11 35 1.0772
11 36 1.07234
11 37 1.12914
11 38 1.12914
11 39 1.12914
11 40 1.12914
11 41 1.12914
11 42 1.10031
11 43 1.0885
11 44 1.07851
11 45 1.07391
11 46 1.14694
11 47 1.14694
11 48 1.14694
11 49 1.14694
11 50 1.14694
11 51 1.10665
11 52 1.09178
11 53 1.07993
11 54 1.07444
11 55 1.13506
11 56 1.13506
11 57 1.13506
11 58 1.13506
11 59 1.13506
11 60 1.10285
11 61 1.0898
11 62 1.07889
11 63 1.07366
11 64 1.1169
11 65 1.1169
11 66 1.1169
11 67 1.1169
11 68 1.1169
11 69 1.09502
11 70 1.0851
11 71 1.07633
11 72 1.07203
11 73 1.11158
11 74 1.11158
11 75 1.11158
11 76 1.11158
11 77 1.11158
11 78 1.09213
11 79 1.08351
11 80 1.0757
11 81 1.07223
11 82 1.1184
11 83 1.1184
11 84 1.1184
11 85 1.1184
11 86 1.1184
11 87 1.09569
11 88 1.08546
11 89 1.07666
11 90 1.07257
11 91 1.11414
11 92 1.11414
11 93 1.11414
11 94 1.11414
11 95 1.11414
11 96 1.0936
11 97 1.08422
11 98 1.07589
11 99 1.07183
11 100 1.1049
11 101 1.1049
11 102 1.1049
11 103 1.1049
11 104 1.1049
11 105 1.08865
11 106 1.0809
11 107 1.07386
11 108 1.07037
11 109 1.09734
11 110 1.09734
11 111 1.09734
11 112 1.09734
11 113 1.09734
11 114 1.08435
11 115 1.07801
11 116 1.07206
11 117 1.06959
11 118 1.10063
11 119 1.10063
11 120 1.10063
11 121 1.10063
11 122 1.10063
11 123 1.08625
11 124 1.07901
11 125 1.07263
11 126 1.06976
11 127 1.09856
11 128 1.09856
11 129 1.09856
11 130 1.09856
11 131 1.09856
11 132 1.08481
11 133 1.07813
11 134 1.07203
11 135 1.06907
11 136 1.09344
11 137 1.09344
11 138 1.09344
11 139 1.09344
11 140 1.09344
11 141 1.08164
11 142 1.07584
11 143 1.07047
11 144 1.06778
12 1 1.14678
12 2 1.14678
12 3 1.14678
12 4 1.14678
12 5 1.14678
12 6 1.10648
12 7 1.09161
12 8 1.07973
12 9 1.07414
12 10 1.30411
12 11 1.30411
12 12 1.30411
12 13 1.30411
12 14 1.30411
12 15 1.11745
12 16 1.09625
12 17 1.08152
12 18 1.07484
12 19 1.16156
12 20 1.16156
12 21 1.16156
12 22 1.16156
12 23 1.16156
12 24 1.10999
12 25 1.09322
12 26 1.08018
12 27 1.07406
12 28 1.12573
12 29 1.12573
12 30 1.12573
12 31 1.12573
12 32 1.12573
12 33 1.09877
12 34 1.08717
12 35 1.0772
12 36 1.07234
12 37 1.12914
12 38 1.12914
12 39 1.12914
12 40 1.12914
12 41 1.12914
12 42 1.10031
12 43 1.0885
12 44 1.07851
12 45 1.07391
12 46 1.14694
12 47 1.14694
12 48 1.14694
12 49 1.14694
12 50 1.14694
12 51 1.10665
12 52 1.09178
12 53 1.07993
12 54 1.07444
12 55 1.13506
12 56 1.13506
12 57 1.13506
12 58 1.13506
12 59 1.13506
12 60 1.10285
12 61 1.0898
12 62 1.07889
12 63 1.07366
12 64 1.1169
12 65 1.1169
12 66 1.1169
12 67 1.1169
12 68 1.1169
12 69 1.09502
12 70 1.0851
12 71 1.07633
12 72 1.07203
12 73 1.11158
12 74 1.11158
12 75 1.11158
12 76 1.11158
12 77 1.11158
12 78 1.09213
12 79 1.08351
12 80 1.0757
12 81 1.07223
12 82 1.1184
12 83 1.1184
12 84 1.1184
12 85 1.1184
12 86 1.1184
12 87 1.09569
12 88 1.08546
12 89 1.07666
12 90 1.07257
12 91 1.11414
12 92 1.11414
12 93 1.11414
12 94 1.11414
12 95 1.11414
12 96 1.0936
12 97 1.08422
12 98 1.07589
12 99 1.07183
12 100 1.1049
12 101 1.1049
12 102 1.1049
12 103 1.1049
12 104 1.1049
12 105 1.08865
12 106 1.0809
12 107 1.07386
12 108 1.07037
12 109 1.09734
12 110 1.09734
12 111 1.09734
12 112 1.09734
12 113 1.09734
12 114 1.08435
12 115 1.07801
12 116 1.07206
12 117 1.06959
12 118 1.10063
12 119 1.10063
12 120 1.10063
12 121 1.10063
12 122 1.10063
12 123 1.08625
12 124 1.07901
12 125 1.07263
12 126 1.06976
12 127 1.09856
12 128 1.09856
12 129 1.09856
12 130 1.09856
12 131 1.09856
12 132 1.08481
12 133 1.07813
12 134 1.07203
12 135 1.06907
12 136 1.09344
12 137 1.09344
12 138 1.09344
12 139 1.09344
12 140 1.09344
12 141 1.08164
12 142 1.07584
12 143 1.07047
12 144 1.06778
13 1 1.14678
13 2 1.14678
13 3 1.14678
13 4 1.14678
13 5 1.14678
13 6 1.10648
13 7 1.09161
13 8 1.07973
13 9 1.07414
13 10 1.30411
13 11 1.30411
13 12 1.30411
13 13 1.30411
13 14 1.30411
13 15 1.11745
13 16 1.09625
13 17 1.08152
13 18 1.07484
13 19 1.16156
13 20 1.16156
13 21 1.16156
13 22 1.16156
13 23 1.16156
13 24 1.10999
13 25 1.09322
13 26 1.08018
13 27 1.07406
13 28 1.12573
13 29 1.12573
13 30 1.12573
13 31 1.12573
13 32 1.12573
13 33 1.09877
13 34 1.08717
13 35 1.0772
13 36 1.07234
13 37 1.12914
13 38 1.12914
13 39 1.12914
13 40 1.12914
13 41 1.12914
13 42 1.10031
13 43 1.0885
13 44 1.07851
13 45 1.07391
13 46 1.14694
13 47 1.14694
13 48 1.14694
13 49 1.14694
13 50 1.14694
13 51 1.10665
13 52 1.09178
13 53 1.07993
13 54 1.07444
13 55 1.13506
13 56 1.13506
13 57 1.13506
13 58 1.13506
13 59 1.13506
13 60 1.10285
13 61 1.0898
13 62 1.07889
13 63 1.07366
13 64 1.1169
13 65 1.1169
13 66 1.1169
13 67 1.1169
13 68 1.1169
13 69 1.09502
13 70 1.0851
13 71 1.07633
13 72 1.07203
13 73 1.11158
13 74 1.11158
13 75 1.11158
13 76 1.11158
13 77 1.11158
13 78 1.09213
13 79 1.08351
13 80 1.0757
13 81 1.07223
13 82 1.1184
13 83 1.1184
13 84 1.1184
13 85 1.1184
13 86 1.1184
13 87 1.09569
13 88 1.08546
13 89 1.07666
13 90 1.07257
13 91 1.11414
13 92 1.11414
13 93 1.11414
13 94 1.11414
13 95 1.11414
13 96 1.0936
13 97 1.08422
13 98 1.07589
13 99 1.07183
13 100 1.1049
13 101 1.1049
13 102 1.1049
13 103 1.1049
13 104 1.1049
13 105 1.08865
13 106 1.0809
13 107 1.07386
13 108 1.07037
13 109 1.09734
13 110 1.09734
13 111 1.09734
13 112 1.09734
13 113 1.09734
13 114 1.08435
13 115 1.07801
13 116 1.07206
13 117 1.06959
13 118 1.10063
13 119 1.10063
13 120 1.10063
13 121 1.10063
13 122 1.10063
13 123 1.08625
13 124 1.07901
13 125 1.07263
13 126 1.06976
13 127 1.09856
13 128 1.09856
13 129 1.09856
13 130 1.09856
13 131 1.09856
13 132 1.08481
13 133 1.07813
13 134 1.07203
13 135 1.06907
13 136 1.09344
13 137 1.09344
13 138 1.09344
13 139 1.09344
13 140 1.09344
13 141 1.08164
13 142 1.07584
13 143 1.07047
13 144 1.06778
14 1 1.14678
14 2 1.14678
14 3 1.14678
14 4 1.14678
14 5 1.14678
14 6 1.10648
14 7 1.09161
14 8 1.07973
14 9 1.07414
14 10 1.30411
14 11 1.30411
14 12 1.30411
14 13 1.30411
14 14 1.30411
14 15 1.11745
14 16 1.09625
14 17 1.08152
14 18 1.07484
14 19 1.16156
14 20 1.16156
14 21 1.16156
14 22 1.16156
14 23 1.16156
14 24 1.10999
14 25 1.09322
14 26 1.08018
14 27 1.07406
14 28 1.12573
14 29 1.12573
14 30 1.12573
14 31 1.12573
14 32 1.12573
14 33 1.09877
14 34 1.08717
14 35 1.0772
14 36 1.07234
14 37 1.12914
14 38 1.12914
14 39 1.12914
14 40 1.12914
14 41 1.12914
14 42 1.10031
14 43 1.0885
14 44 1.07851
14 45 1.07391
14 46 1.14694
14 47 1.14694
14 48 1.14694
14 49 1.14694
14 50 1.14694
14 51 1.10665
14 52 1.09178
14 53 1.07993
14 54 1.07444
14 55 1.13506
14 56 1.13506
14 57 1.13506
14 58 1.13506
14 59 1.13506
14 60 1.10285
14 61 1.0898
14 62 1.07889
14 63 1.07366
14 64 1.1169
14 65 1.1169
14 66 1.1169
14 67 1.1169
14 68 1.1169
14 69 1.09502
14 70 1.0851
14 71 1.07633
14 72 1.07203
14 73 1.11158
14 74 1.11158
14 75 1.11158
14 76 1.11158
14 77 1.11158
14 78 1.09213
14 79 1.08351
14 80 1.0757
14 81 1.07223
14 82 1.1184
14 83 1.1184
14 84 1.1184
14 85 1.1184
14 86 1.1184
14 87 1.09569
14 88 1.08546
14 89 1.07666
14 90 1.07257
14 91 1.11414
14 92 1.11414
14 93 1.11414
14 94 1.11414
14 95 1.11414
14 96 1.0936
14 97 1.08422
14 98 1.07589
14 99 1.07183
14 100 1.1049
14 101 1.1049
14 102 1.1049
14 103 1.1049
14 104 1.1049
14 105 1.08865
14 106 1.0809
14 107 1.07386
14 108 1.07037
14 109 1.09734
14 110 1.09734
14 111 1.09734
14 112 1.09734
14 113 1.09734
14 114 1.08435
14 115 1.07801
14 116 1.07206
14 117 1.06959
14 118 1.10063
14 119 1.10063
14 120 1.10063
14 121 1.10063
14 122 1.10063
14 123 1.08625
14 124 1.07901
14 125 1.07263
14 126 1.06976
14 127 1.09856
14 128 1.09856
14 129 1.09856
14 130 1.09856
14 131 1.09856
14 132 1.08481
14 133 1.07813
14 134 1.07203
14 135 1.06907
14 136 1.09344
14 137 1.09344
14 138 1.09344
14 139 1.09344
14 140 1.09344
14 141 1.08164
14 142 1.07584
14 143 1.07047
14 144 1.06778
15 1 1.1066
15 2 1.1066
15 3 1.1066
15 4 1.1066
15 5 1.1066
15 6 1.44251
15 7 1.36319
15 8 1.2413
15 9 1.17934
15 10 1.11745
15 11 1.11745
15 12 1.11745
15 13 1.11745
15 14 1.11745
15 15 6.91744
15 16 2.14224
15 17 1.39216
15 18 1.20411
15 19 1.10992
15 20 1.10992
15 21 1.10992
15 22 1.10992
15 23 1.10992
15 24 1.68026
15 25 1.48369
15 26 1.28068
15 27 1.18817
15 28 1.09868
15 29 1.09868
15 30 1.09868
15 31 1.09868
15 32 1.09868
15 33 1.24141
15 34 1.23131
15 35 1.18696
15 36 1.15963
15 37 1.10105
15 38 1.10105
15 39 1.10105
15 40 1.10105
15 41 1.10105
15 42 1.24778
15 43 1.2372
15 44 1.1906
15 45 1.16339
15 46 1.10688
15 47 1.10688
15 48 1.10688
15 49 1.10688
15 50 1.10688
15 51 1.44066
15 52 1.362
15 53 1.2403
15 54 1.1792
15 55 1.10289
15 56 1.10289
15 57 1.10289
15 58 1.10289
15 59 1.10289
15 60 1.30885
15 61 1.28189
15 62 1.21039
15 63 1.16933
15 64 1.09497
15 65 1.09497
15 66 1.09497
15 67 1.09497
15 68 1.09497
15 69 1.18388
15 70 1.18514
15 71 1.16355
15 72 1.1487
15 73 1.09295
15 74 1.09295
15 75 1.09295
15 76 1.09295
15 77 1.09295
15 78 1.15059
15 79 1.15704
15 80 1.14773
15 81 1.14121
15 82 1.096
15 83 1.096
15 84 1.096
15 85 1.096
15 86 1.096
15 87 1.18748
15 88 1.18857
15 89 1.16503
15 90 1.15017
15 91 1.0937
15 92 1.0937
15 93 1.0937
15 94 1.0937
15 95 1.0937
15 96 1.16964
15 97 1.17279
15 98 1.15639
15 99 1.14476
15 100 1.08864
15 101 1.08864
15 102 1.08864
15 103 1.08864
15 104 1.08864
15 105 1.13515
15 106 1.14119
15 107 1.13642
15 108 1.13194
15 109 1.08479
15 110 1.08479
15 111 1.08479
15 112 1.08479
15 113 1.08479
15 114 1.11053
15 115 1.11762
15 116 1.11989
15 117 1.12035
15 118 1.08644
15 119 1.08644
15 120 1.08644
15 121 1.08644
15 122 1.08644
15 123 1.11996
15 124 1.12737
15 125 1.12673
15 126 1.12536
15 127 1.08495
15 128 1.08495
15 129 1.08495
15 130 1.08495
15 131 1.08495
15 132 1.1169
15 133 1.12356
15 134 1.12359
15 135 1.12241
15 136 1.08167
15 137 1.08167
15 138 1.08167
15 139 1.08167
15 140 1.08167
15 141 1.10618
15 142 1.1125
15 143 1.11456
15 144 1.11477
16 1 1.09174
16 2 1.09174
16 3 1.09174
16 4 1.09174
16 5 1.09174
16 6 1.36351
16 7 1.46388
16 8 1.33839
16 9 1.24893
16 10 1.09625
16 11 1.09625
16 12 1.09625
16 13 1.09625
16 14 1.09625
16 15 2.14224
16 16 6.91917
16 17 1.9926
16 18 1.31215
16 19 1.09312
16 20 1.09312
16 21 1.09312
16 22 1.09312
16 23 1.09312
16 24 1.48339
16 25 1.69813
16 26 1.42937
16 27 1.2685
16 28 1.08705
16 29 1.08705
16 30 1.08705
16 31 1.08705
16 32 1.08705
16 33 1.23121
16 34 1.26776
16 35 1.23925
16 36 1.21182
16 37 1.08906
16 38 1.08906
16 39 1.08906
16 40 1.08906
16 41 1.08906
16 42 1.2355
16 43 1.27531
16 44 1.24538
16 45 1.21751
16 46 1.09205
16 47 1.09205
16 48 1.09205
16 49 1.09205
16 50 1.09205
16 51 1.36169
16 52 1.4626
16 53 1.33689
16 54 1.24857
16 55 1.0898
16 56 1.0898
16 57 1.0898
16 58 1.0898
16 59 1.0898
16 60 1.28153
16 61 1.33399
16 62 1.27741
16 63 1.22914
16 64 1.08502
16 65 1.08502
16 66 1.08502
16 67 1.08502
16 68 1.08502
16 69 1.18505
16 70 1.21034
16 71 1.20333
16 72 1.19259
16 73 1.08415
16 74 1.08415
16 75 1.08415
16 76 1.08415
16 77 1.08415
16 78 1.15447
16 79 1.17771
16 80 1.1813
16 81 1.1796
16 82 1.08589
16 83 1.08589
16 84 1.08589
16 85 1.08589
16 86 1.08589
16 87 1.18664
16 88 1.21532
16 89 1.20637
16 90 1.19498
16 91 1.0843
16 92 1.0843
16 93 1.0843
16 94 1.0843
16 95 1.0843
16 96 1.17224
16 97 1.19596
16 98 1.19327
16 99 1.18608
16 100 1.08088
16 101 1.08088
16 102 1.08088
16 103 1.08088
16 104 1.08088
16 105 1.14112
16 106 1.15941
16 107 1.1653
16 108 1.16553
16 109 1.07852
16 110 1.07852
16 111 1.07852
16 112 1.07852
16 113 1.07852
16 114 1.11604
16 115 1.13196
16 116 1.14287
16 117 1.14719
16 118 1.07949
16 119 1.07949
16 120 1.07949
16 121 1.07949
16 122 1.07949
16 123 1.12545
16 124 1.14357
16 125 1.15238
16 126 1.15526
16 127 1.0783
16 128 1.0783
16 129 1.0783
16 130 1.0783
16 131 1.0783
16 132 1.123
16 133 1.1391
16 134 1.14796
16 135 1.15098
16 136 1.07586
16 137 1.07586
16 138 1.07586
16 139 1.07586
16 140 1.07586
16 141 1.11241
16 142 1.12629
16 143 1.13571
16 144 1.13958
17 1 1.07979
17 2 1.07979
17 3 1.07979
17 4 1.07979
17 5 1.07979
17 6 1.24161
17 7 1.33894
17 8 1.39717
17 9 1.33477
17 10 1.08152
17 11 1.08152
17 12 1.08152
17 13 1.08152
17 14 1.08152
17 15 1.39216
17 16 1.9926
17 17 6.23187
17 18 1.544
17 19 1.08011
17 20 1.08011
17 21 1.08011
17 22 1.08011
17 23 1.08011
17 24 1.28012
17 25 1.42837
17 26 1.55268
17 27 1.37763
17 28 1.07711
17 29 1.07711
17 30 1.07711
17 31 1.07711
17 32 1.07711
17 33 1.18674
17 34 1.23892
17 35 1.26985
17 36 1.26871
17 37 1.07889
17 38 1.07889
17 39 1.07889
17 40 1.07889
17 41 1.07889
17 42 1.18899
17 43 1.24501
17 44 1.27804
17 45 1.27695
17 46 1.08013
17 47 1.08013
17 48 1.08013
17 49 1.08013
17 50 1.08013
17 51 1.24024
17 52 1.33781
17 53 1.39542
17 54 1.33412
17 55 1.0789
17 56 1.0789
17 57 1.0789
17 58 1.0789
17 59 1.0789
17 60 1.20991
17 61 1.27697
17 62 1.31295
17 63 1.29753
17 64 1.07629
17 65 1.07629
17 66 1.07629
17 67 1.07629
17 68 1.07629
17 69 1.16339
17 70 1.20311
17 71 1.23039
17 72 1.23824
17 73 1.07629
17 74 1.07629
17 75 1.07629
17 76 1.07629
17 77 1.07629
17 78 1.14435
17 79 1.17988
17 80 1.2072
17 81 1.21839
17 82 1.07704
17 83 1.07704
17 84 1.07704
17 85 1.07704
17 86 1.07704
17 87 1.16301
17 88 1.20626
17 89 1.23456
17 90 1.24192
17 91 1.07599
17 92 1.07599
17 93 1.07599
17 94 1.07599
17 95 1.07599
17 96 1.15559
17 97 1.19279
17 98 1.2196
17 99 1.22863
17 100 1.07386
17 101 1.07386
17 102 1.07386
17 103 1.07386
17 104 1.07386
17 105 1.13624
17 106 1.16509
17 107 1.18858
17 108 1.19897
17 109 1.07273
17 110 1.07273
17 111 1.07273
17 112 1.07273
17 113 1.07273
17 114 1.11663
17 115 1.14088
17 116 1.16301
17 117 1.17316
17 118 1.07315
17 119 1.07315
17 120 1.07315
17 121 1.07315
17 122 1.07315
17 123 1.12376
17 124 1.15143
17 125 1.17413
17 126 1.18464
17 127 1.07222
17 128 1.07222
17 129 1.07222
17 130 1.07222
17 131 1.07222
17 132 1.1225
17 133 1.14732
17 134 1.16879
17 135 1.17895
17 136 1.07051
17 137 1.07051
17 138 1.07051
17 139 1.07051
17 140 1.07051
17 141 1.1143
17 142 1.13545
17 143 1.15438
17 144 1.16361
18 1 1.07414
18 2 1.07414
18 3 1.07414
18 4 1.07414
18 5 1.07414
18 6 1.17909
18 7 1.2488
18 8 1.33451
18 9 1.38756
18 10 1.07484
18 11 1.07484
18 12 1.07484
18 13 1.07484
18 14 1.07484
18 15 1.20411
18 16 1.31215
18 17 1.544
18 18 2.14543
18 19 1.07406
18 20 1.07406
18 21 1.07406
18 22 1.07406
18 23 1.07406
18 24 1.18826
18 25 1.26846
18 26 1.37796
18 27 1.45577
18 28 1.07233
18 29 1.07233
18 30 1.07233
18 31 1.07233
18 32 1.07233
18 33 1.15973
18 34 1.2118
18 35 1.26889
18 36 1.30041
18 37 1.07397
18 38 1.07397
18 39 1.07397
18 40 1.07397
18 41 1.07397
18 42 1.16056
18 43 1.21529
18 44 1.2754
18 45 1.309
18 46 1.07449
18 47 1.07449
18 48 1.07449
18 49 1.07449
18 50 1.07449
18 51 1.17814
18 52 1.24808
18 53 1.33349
18 54 1.38687
18 55 1.07369
18 56 1.07369
18 57 1.07369
18 58 1.07369
18 59 1.07369
18 60 1.16902
18 61 1.22878
18 62 1.29743
18 63 1.33666
18 64 1.07204
18 65 1.07204
18 66 1.07204
18 67 1.07204
18 68 1.07204
18 69 1.14867
18 70 1.19243
18 71 1.23823
18 72 1.26265
18 73 1.0724
18 74 1.0724
18 75 1.0724
18 76 1.0724
18 77 1.0724
18 78 1.13648
18 79 1.1764
18 80 1.21683
18 81 1.2381
18 82 1.07272
18 83 1.07272
18 84 1.07272
18 85 1.07272
18 86 1.07272
18 87 1.14723
18 88 1.19368
18 89 1.24106
18 90 1.26662
18 91 1.07192
18 92 1.07192
18 93 1.07192
18 94 1.07192
18 95 1.07192
18 96 1.1438
18 97 1.18527
18 98 1.22823
18 99 1.25098
18 100 1.0704
18 101 1.0704
18 102 1.0704
18 103 1.0704
18 104 1.0704
18 105 1.13174
18 106 1.16522
18 107 1.19883
18 108 1.21629
18 109 1.06982
18 110 1.06982
18 111 1.06982
18 112 1.06982
18 113 1.06982
18 114 1.11581
18 115 1.14403
18 116 1.17233
18 117 1.18606
18 118 1.06999
18 119 1.06999
18 120 1.06999
18 121 1.06999
18 122 1.06999
18 123 1.12141
18 124 1.15343
18 125 1.18395
18 126 1.19947
18 127 1.06919
18 128 1.06919
18 129 1.06919
18 130 1.06919
18 131 1.06919
18 132 1.12091
18 133 1.14983
18 134 1.17844
18 135 1.19317
18 136 1.06784
18 137 1.06784
18 138 1.06784
18 139 1.06784
18 140 1.06784
18 141 1.1144
18 142 1.13914
18 143 1.16339
18 144 1.17583
19 1 1.11802
19 2 1.11802
19 3 1.11802
19 4 1.11802
19 5 1.11802
19 6 1.09515
19 7 1.08491
19 8 1.07604
19 9 1.07174
19 10 1.16156
19 11 1.16156
19 12 1.16156
19 13 1.16156
19 14 1.16156
19 15 1.10992
19 16 1.09312
19 17 1.08011
19 18 1.07406
19 19 1.30416
19 20 1.30416
19 21 1.30416
19 22 1.30416
19 23 1.30416
19 24 1.1175
19 25 1.09629
19 26 1.08148
19 27 1.07473
19 28 1.16191
19 29 1.16191
19 30 1.16191
19 31 1.16191
19 32 1.16191
19 33 1.11032
19 34 1.09351
19 35 1.08043
19 36 1.07428
19 37 1.11139
19 38 1.11139
19 39 1.11139
19 40 1.11139
19 41 1.11139
19 42 1.09176
19 43 1.08298
19 44 1.07523
19 45 1.0716
19 46 1.13504
19 47 1.13504
19 48 1.13504
19 49 1.13504
19 50 1.13504
19 51 1.10266
19 52 1.08956
19 53 1.07873
19 54 1.07367
19 55 1.14702
19 56 1.14702
19 57 1.14702
19 58 1.14702
19 59 1.14702
19 60 1.10675
19 61 1.0919
19 62 1.07992
19 63 1.07424
19 64 1.13542
19 65 1.13542
19 66 1.13542
19 67 1.13542
19 68 1.13542
19 69 1.1032
19 70 1.09009
19 71 1.07911
19 72 1.07383
19 73 1.10139
19 74 1.10139
19 75 1.10139
19 76 1.10139
19 77 1.10139
19 78 1.0862
19 79 1.0793
19 80 1.07295
19 81 1.07012
19 82 1.11408
19 83 1.11408
19 84 1.11408
19 85 1.11408
19 86 1.11408
19 87 1.09337
19 88 1.08392
19 89 1.07567
19 90 1.07186
19 91 1.1185
19 92 1.1185
19 93 1.1185
19 94 1.1185
19 95 1.1185
19 96 1.09568
19 97 1.08553
19 98 1.07663
19 99 1.07232
19 100 1.11452
19 101 1.11452
19 102 1.11452
19 103 1.11452
19 104 1.11452
19 105 1.0939
19 106 1.08447
19 107 1.07608
19 108 1.07195
19 109 1.0912
19 110 1.0912
19 111 1.0912
19 112 1.0912
19 113 1.0912
19 114 1.08022
19 115 1.07484
19 116 1.0698
19 117 1.06771
19 118 1.09849
19 119 1.09849
19 120 1.09849
19 121 1.09849
19 122 1.09849
19 123 1.08469
19 124 1.07787
19 125 1.07181
19 126 1.06911
19 127 1.10074
19 128 1.10074
19 129 1.10074
19 130 1.10074
19 131 1.10074
19 132 1.08596
19 133 1.07894
19 134 1.07254
19 135 1.06945
19 136 1.09895
19 137 1.09895
19 138 1.09895
19 139 1.09895
19 140 1.09895
19 141 1.08504
19 142 1.07834
19 143 1.07219
19 144 1.06913
20 1 1.11802
20 2 1.11802
20 3 1.11802
20 4 1.11802
20 5 1.11802
20 6 1.09515
20 7 1.08491
20 8 1.07604
20 9 1.07174
20 10 1.16156
20 11 1.16156
20 12 1.16156
20 13 1.16156
20 14 1.16156
20 15 1.10992
20 16 1.09312
20 17 1.08011
20 18 1.07406
20 19 1.30416
20 20 1.30416
20 21 1.30416
20 22 1.30416
20 23 1.30416
20 24 1.1175
20 25 1.09629
20 26 1.08148
20 27 1.07473
20 28 1.16191
20 29 1.16191
20 30 1.16191
20 31 1.16191
20 32 1.16191
20 33 1.11032
20 34 1.09351
20 35 1.08043
20 36 1.07428
20 37 1.11139
20 38 1.11139
20 39 1.11139
20 40 1.11139
20 41 1.11139
20 42 1.09176
20 43 1.08298
20 44 1.07523
20 45 1.0716
20 46 1.13504
20 47 1.13504
20 48 1.13504
20 49 1.13504
20 50 1.13504
20 51 1.10266
20 52 1.08956
20 53 1.07873
20 54 1.07367
20 55 1.14702
20 56 1.14702
20 57 1.14702
20 58 1.14702
20 59 1.14702
20 60 1.10675
20 61 1.0919
20 62 1.07992
20 63 1.07424
20 64 1.13542
20 65 1.13542
20 66 1.13542
20 67 1.13542
20 68 1.13542
20 69 1.1032
20 70 1.09009
20 71 1.07911
20 72 1.07383
20 73 1.10139
20 74 1.10139
20 75 1.10139
20 76 1.10139
20 77 1.10139
20 78 1.0862
20 79 1.0793
20 80 1.07295
20 81 1.07012
20 82 1.11408
20 83 1.11408
20 84 1.11408
20 85 1.11408
20 86 1.11408
20 87 1.09337
20 88 1.08392
20 89 1.07567
20 90 1.07186
20 91 1.1185
20 92 1.1185
20 93 1.1185
20 94 1.1185
20 95 1.1185
20 96 1.09568
20 97 1.08553
20 98 1.07663
20 99 1.07232
20 100 1.11452
20 101 1.11452
20 102 1.11452
20 103 1.11452
20 104 1.11452
20 105 1.0939
20 106 1.08447
20 107 1.07608
20 108 1.07195
20 109 1.0912
20 110 1.0912
20 111 1.0912
20 112 1.0912
20 113 1.0912
20 114 1.08022
20 115 1.07484
20 116 1.0698
20 117 1.06771
20 118 1.09849
20 119 1.09849
20 120 1.09849
20 121 1.09849
20 122 1.09849
20 123 1.08469
20 124 1.07787
20 125 1.07181
20 126 1.06911
20 127 1.10074
20 128 1.10074
20 129 1.10074
20 130 1.10074
20 131 1.10074
20 132 1.08596
20 133 1.07894
20 134 1.07254
20 135 1.06945
20 136 1.09895
20 137 1.09895
20 138 1.09895
20 139 1.09895
20 140 1.09895
20 141 1.08504
20 142 1.07834
20 143 1.07219
20 144 1.06913
21 1 1.11802
21 2 1.11802
21 3 1.11802
21 4 1.11802
21 5 1.11802
21 6 1.09515
21 7 1.08491
21 8 1.07604
21 9 1.07174
21 10 1.16156
21 11 1.16156
21 12 1.16156
21 13 1.16156
21 14 1.16156
21 15 1.10992
21 16 1.09312
21 17 1.08011
21 18 1.07406
21 19 1.30416
21 20 1.30416
21 21 1.30416
21 22 1.30416
21 23 1.30416
21 24 1.1175
21 25 1.09629
21 26 1.08148
21 27 1.07473
21 28 1.16191
21 29 1.16191
21 30 1.16191
21 31 1.16191
21 32 1.16191
21 33 1.11032
21 34 1.09351
21 35 1.08043
21 36 1.07428
21 37 1.11139
21 38 1.11139
21 39 1.11139
21 40 1.11139
