injected_el measured_el potential
1 1 1.30478
1 2 1.30478
1 3 1.30478
1 4 1.30478
1 5 1.30478
1 6 1.11821
1 7 1.09725
1 8 1.08287
1 9 1.07642
1 10 1.14662
1 11 1.14662
1 12 1.14662
1 13 1.14662
1 14 1.14662
1 15 1.10665
1 16 1.09179
1 17 1.08006
1 18 1.07459
1 19 1.1179
1 20 1.1179
1 21 1.1179
1 22 1.1179
1 23 1.1179
1 24 1.09536
1 25 1.08525
1 26 1.07643
1 27 1.07211
1 28 1.10038
1 29 1.10038
1 30 1.10038
1 31 1.10038
1 32 1.10038
1 33 1.08583
1 34 1.07881
1 35 1.07238
1 36 1.06917
1 37 1.14752
1 38 1.14752
1 39 1.14752
1 40 1.14752
1 41 1.14752
1 42 1.10716
1 43 1.09314
1 44 1.08157
1 45 1.07639
1 46 1.12895
1 47 1.12895
1 48 1.12895
1 49 1.12895
1 50 1.12895
1 51 1.10112
1 52 1.08891
1 53 1.07901
1 54 1.07451
1 55 1.11129
1 56 1.11129
1 57 1.11129
1 58 1.11129
1 59 1.11129
1 60 1.09245
1 61 1.08369
1 62 1.07588
1 63 1.07203
1 64 1.09731
1 65 1.09731
1 66 1.09731
1 67 1.09731
1 68 1.09731
1 69 1.08434
1 70 1.07798
1 71 1.07209
1 72 1.06915
1 73 1.11903
1 74 1.11903
1 75 1.11903
1 76 1.11903
1 77 1.11903
1 78 1.09662
1 79 1.08723
1 80 1.07847
1 81 1.07469
1 82 1.11141
1 83 1.11141
1 84 1.11141
1 85 1.11141
1 86 1.11141
1 87 1.09323
1 88 1.08422
1 89 1.07636
1 90 1.0729
1 91 1.10133
1 92 1.10133
1 93 1.10133
1 94 1.10133
1 95 1.10133
1 96 1.08725
1 97 1.08023
1 98 1.07375
1 99 1.07058
1 100 1.09143
1 101 1.09143
1 102 1.09143
1 103 1.09143
1 104 1.09143
1 105 1.08081
1 106 1.07543
1 107 1.0704
1 108 1.06788
1 109 1.10138
1 110 1.10138
1 111 1.10138
1 112 1.10138
1 113 1.10138
1 114 1.08748
1 115 1.0809
1 116 1.07461
1 117 1.07185
1 118 1.09723
1 119 1.09723
1 120 1.09723
1 121 1.09723
1 122 1.09723
1 123 1.08552
1 124 1.07879
1 125 1.07281
1 126 1.07025
1 127 1.09119
1 128 1.09119
1 129 1.09119
1 130 1.09119
1 131 1.09119
1 132 1.08112
1 133 1.07568
1 134 1.07063
1 135 1.06816
1 136 1.0844
1 137 1.0844
1 138 1.0844
1 139 1.0844
1 140 1.0844
1 141 1.07613
1 142 1.07184
1 143 1.06776
1 144 1.0657
2 1 1.30478
2 2 1.30478
2 3 1.30478
2 4 1.30478
2 5 1.30478
2 6 1.11821
2 7 1.09725
2 8 1.08287
2 9 1.07642
2 10 1.14662
2 11 1.14662
2 12 1.14662
2 13 1.14662
2 14 1.14662
2 15 1.10665
2 16 1.09179
2 17 1.08006
2 18 1.07459
2 19 1.1179
2 20 1.1179
2 21 1.1179
2 22 1.1179
2 23 1.1179
2 24 1.09536
2 25 1.08525
2 26 1.07643
2 27 1.07211
2 28 1.10038
2 29 1.10038
2 30 1.10038
2 31 1.10038
2 32 1.10038
2 33 1.08583
2 34 1.07881
2 35 1.07238
2 36 1.06917
2 37 1.14752
2 38 1.14752
2 39 1.14752
2 40 1.14752
2 41 1.14752
2 42 1.10716
2 43 1.09314
2 44 1.08157
2 45 1.07639
2 46 1.12895
2 47 1.12895
2 48 1.12895
2 49 1.12895
2 50 1.12895
2 51 1.10112
2 52 1.08891
2 53 1.07901
2 54 1.07451
2 55 1.11129
2 56 1.11129
2 57 1.11129
2 58 1.11129
2 59 1.11129
2 60 1.09245
2 61 1.08369
2 62 1.07588
2 63 1.07203
2 64 1.09731
2 65 1.09731
2 66 1.09731
2 67 1.09731
2 68 1.09731
2 69 1.08434
2 70 1.07798
2 71 1.07209
2 72 1.06915
2 73 1.11903
2 74 1.11903
2 75 1.11903
2 76 1.11903
2 77 1.11903
2 78 1.09662
2 79 1.08723
2 80 1.07847
2 81 1.07469
2 82 1.11141
2 83 1.11141
2 84 1.11141
2 85 1.11141
2 86 1.11141
2 87 1.09323
2 88 1.08422
2 89 1.07636
2 90 1.0729
2 91 1.10133
2 92 1.10133
2 93 1.10133
2 94 1.10133
2 95 1.10133
2 96 1.08725
2 97 1.08023
2 98 1.07375
2 99 1.07058
2 100 1.09143
2 101 1.09143
2 102 1.09143
2 103 1.09143
2 104 1.09143
2 105 1.08081
2 106 1.07543
2 107 1.0704
2 108 1.06788
2 109 1.10138
2 110 1.10138
2 111 1.10138
2 112 1.10138
2 113 1.10138
2 114 1.08748
2 115 1.0809
2 116 1.07461
2 117 1.07185
2 118 1.09723
2 119 1.09723
2 120 1.09723
2 121 1.09723
2 122 1.09723
2 123 1.08552
2 124 1.07879
2 125 1.07281
2 126 1.07025
2 127 1.09119
2 128 1.09119
2 129 1.09119
2 130 1.09119
2 131 1.09119
2 132 1.08112
2 133 1.07568
2 134 1.07063
2 135 1.06816
2 136 1.0844
2 137 1.0844
2 138 1.0844
2 139 1.0844
2 140 1.0844
2 141 1.07613
2 142 1.07184
2 143 1.06776
2 144 1.0657
3 1 1.30478
3 2 1.30478
3 3 1.30478
3 4 1.30478
3 5 1.30478
3 6 1.11821
3 7 1.09725
3 8 1.08287
3 9 1.07642
3 10 1.14662
3 11 1.14662
3 12 1.14662
3 13 1.14662
3 14 1.14662
3 15 1.10665
3 16 1.09179
3 17 1.08006
3 18 1.07459
3 19 1.1179
3 20 1.1179
3 21 1.1179
3 22 1.1179
3 23 1.1179
3 24 1.09536
3 25 1.08525
3 26 1.07643
3 27 1.07211
3 28 1.10038
3 29 1.10038
3 30 1.10038
3 31 1.10038
3 32 1.10038
3 33 1.08583
3 34 1.07881
3 35 1.07238
3 36 1.06917
3 37 1.14752
3 38 1.14752
3 39 1.14752
3 40 1.14752
3 41 1.14752
3 42 1.10716
3 43 1.09314
3 44 1.08157
3 45 1.07639
3 46 1.12895
3 47 1.12895
3 48 1.12895
3 49 1.12895
3 50 1.12895
3 51 1.10112
3 52 1.08891
3 53 1.07901
3 54 1.07451
3 55 1.11129
3 56 1.11129
3 57 1.11129
3 58 1.11129
3 59 1.11129
3 60 1.09245
3 61 1.08369
3 62 1.07588
3 63 1.07203
3 64 1.09731
3 65 1.09731
3 66 1.09731
3 67 1.09731
3 68 1.09731
3 69 1.08434
3 70 1.07798
3 71 1.07209
3 72 1.06915
3 73 1.11903
3 74 1.11903
3 75 1.11903
3 76 1.11903
3 77 1.11903
3 78 1.09662
3 79 1.08723
3 80 1.07847
3 81 1.07469
3 82 1.11141
3 83 1.11141
3 84 1.11141
3 85 1.11141
3 86 1.11141
3 87 1.09323
3 88 1.08422
3 89 1.07636
3 90 1.0729
3 91 1.10133
3 92 1.10133
3 93 1.10133
3 94 1.10133
3 95 1.10133
3 96 1.08725
3 97 1.08023
3 98 1.07375
3 99 1.07058
3 100 1.09143
3 101 1.09143
3 102 1.09143
3 103 1.09143
3 104 1.09143
3 105 1.08081
3 106 1.07543
3 107 1.0704
3 108 1.06788
3 109 1.10138
3 110 1.10138
3 111 1.10138
3 112 1.10138
3 113 1.10138
3 114 1.08748
3 115 1.0809
3 116 1.07461
3 117 1.07185
3 118 1.09723
3 119 1.09723
3 120 1.09723
3 121 1.09723
3 122 1.09723
3 123 1.08552
3 124 1.07879
3 125 1.07281
3 126 1.07025
3 127 1.09119
3 128 1.09119
3 129 1.09119
3 130 1.09119
3 131 1.09119
3 132 1.08112
3 133 1.07568
3 134 1.07063
3 135 1.06816
3 136 1.0844
3 137 1.0844
3 138 1.0844
3 139 1.0844
3 140 1.0844
3 141 1.07613
3 142 1.07184
3 143 1.06776
3 144 1.0657
4 1 1.30478
4 2 1.30478
4 3 1.30478
4 4 1.30478
4 5 1.30478
4 6 1.11821
4 7 1.09725
4 8 1.08287
4 9 1.07642
4 10 1.14662
4 11 1.14662
4 12 1.14662
4 13 1.14662
4 14 1.14662
4 15 1.10665
4 16 1.09179
4 17 1.08006
4 18 1.07459
4 19 1.1179
4 20 1.1179
4 21 1.1179
4 22 1.1179
4 23 1.1179
4 24 1.09536
4 25 1.08525
4 26 1.07643
4 27 1.07211
4 28 1.10038
4 29 1.10038
4 30 1.10038
4 31 1.10038
4 32 1.10038
4 33 1.08583
4 34 1.07881
4 35 1.07238
4 36 1.06917
4 37 1.14752
4 38 1.14752
4 39 1.14752
4 40 1.14752
4 41 1.14752
4 42 1.10716
4 43 1.09314
4 44 1.08157
4 45 1.07639
4 46 1.12895
4 47 1.12895
4 48 1.12895
4 49 1.12895
4 50 1.12895
4 51 1.10112
4 52 1.08891
4 53 1.07901
4 54 1.07451
4 55 1.11129
4 56 1.11129
4 57 1.11129
4 58 1.11129
4 59 1.11129
4 60 1.09245
4 61 1.08369
4 62 1.07588
4 63 1.07203
4 64 1.09731
4 65 1.09731
4 66 1.09731
4 67 1.09731
4 68 1.09731
4 69 1.08434
4 70 1.07798
4 71 1.07209
4 72 1.06915
4 73 1.11903
4 74 1.11903
4 75 1.11903
4 76 1.11903
4 77 1.11903
4 78 1.09662
4 79 1.08723
4 80 1.07847
4 81 1.07469
4 82 1.11141
4 83 1.11141
4 84 1.11141
4 85 1.11141
4 86 1.11141
4 87 1.09323
4 88 1.08422
4 89 1.07636
4 90 1.0729
4 91 1.10133
4 92 1.10133
4 93 1.10133
4 94 1.10133
4 95 1.10133
4 96 1.08725
4 97 1.08023
4 98 1.07375
4 99 1.07058
4 100 1.09143
4 101 1.09143
4 102 1.09143
4 103 1.09143
4 104 1.09143
4 105 1.08081
4 106 1.07543
4 107 1.0704
4 108 1.06788
4 109 1.10138
4 110 1.10138
4 111 1.10138
4 112 1.10138
4 113 1.10138
4 114 1.08748
4 115 1.0809
4 116 1.07461
4 117 1.07185
4 118 1.09723
4 119 1.09723
4 120 1.09723
4 121 1.09723
4 122 1.09723
4 123 1.08552
4 124 1.07879
4 125 1.07281
4 126 1.07025
4 127 1.09119
4 128 1.09119
4 129 1.09119
4 130 1.09119
4 131 1.09119
4 132 1.08112
4 133 1.07568
4 134 1.07063
4 135 1.06816
4 136 1.0844
4 137 1.0844
4 138 1.0844
4 139 1.0844
4 140 1.0844
4 141 1.07613
4 142 1.07184
4 143 1.06776
4 144 1.0657
5 1 1.30478
5 2 1.30478
5 3 1.30478
5 4 1.30478
5 5 1.30478
5 6 1.11821
5 7 1.09725
5 8 1.08287
5 9 1.07642
5 10 1.14662
5 11 1.14662
5 12 1.14662
5 13 1.14662
5 14 1.14662
5 15 1.10665
5 16 1.09179
5 17 1.08006
5 18 1.07459
5 19 1.1179
5 20 1.1179
5 21 1.1179
5 22 1.1179
5 23 1.1179
5 24 1.09536
5 25 1.08525
5 26 1.07643
5 27 1.07211
5 28 1.10038
5 29 1.10038
5 30 1.10038
5 31 1.10038
5 32 1.10038
5 33 1.08583
5 34 1.07881
5 35 1.07238
5 36 1.06917
5 37 1.14752
5 38 1.14752
5 39 1.14752
5 40 1.14752
5 41 1.14752
5 42 1.10716
5 43 1.09314
5 44 1.08157
5 45 1.07639
5 46 1.12895
5 47 1.12895
5 48 1.12895
5 49 1.12895
5 50 1.12895
5 51 1.10112
5 52 1.08891
5 53 1.07901
5 54 1.07451
5 55 1.11129
5 56 1.11129
5 57 1.11129
5 58 1.11129
5 59 1.11129
5 60 1.09245
5 61 1.08369
5 62 1.07588
5 63 1.07203
5 64 1.09731
5 65 1.09731
5 66 1.09731
5 67 1.09731
5 68 1.09731
5 69 1.08434
5 70 1.07798
5 71 1.07209
5 72 1.06915
5 73 1.11903
5 74 1.11903
5 75 1.11903
5 76 1.11903
5 77 1.11903
5 78 1.09662
5 79 1.08723
5 80 1.07847
5 81 1.07469
5 82 1.11141
5 83 1.11141
5 84 1.11141
5 85 1.11141
5 86 1.11141
5 87 1.09323
5 88 1.08422
5 89 1.07636
5 90 1.0729
5 91 1.10133
5 92 1.10133
5 93 1.10133
5 94 1.10133
5 95 1.10133
5 96 1.08725
5 97 1.08023
5 98 1.07375
5 99 1.07058
5 100 1.09143
5 101 1.09143
5 102 1.09143
5 103 1.09143
5 104 1.09143
5 105 1.08081
5 106 1.07543
5 107 1.0704
5 108 1.06788
5 109 1.10138
5 110 1.10138
5 111 1.10138
5 112 1.10138
5 113 1.10138
5 114 1.08748
5 115 1.0809
5 116 1.07461
5 117 1.07185
5 118 1.09723
5 119 1.09723
5 120 1.09723
5 121 1.09723
5 122 1.09723
5 123 1.08552
5 124 1.07879
5 125 1.07281
5 126 1.07025
5 127 1.09119
5 128 1.09119
5 129 1.09119
5 130 1.09119
5 131 1.09119
5 132 1.08112
5 133 1.07568
5 134 1.07063
5 135 1.06816
5 136 1.0844
5 137 1.0844
5 138 1.0844
5 139 1.0844
5 140 1.0844
5 141 1.07613
5 142 1.07184
5 143 1.06776
5 144 1.0657
6 1 1.11821
6 2 1.11821
6 3 1.11821
6 4 1.11821
6 5 1.11821
6 6 6.82203
6 7 2.1056
6 8 1.38081
6 9 1.20361
6 10 1.10639
6 11 1.10639
6 12 1.10639
6 13 1.10639
6 14 1.10639
6 15 1.43187
6 16 1.35403
6 17 1.23727
6 18 1.17814
6 19 1.09509
6 20 1.09509
6 21 1.09509
6 22 1.09509
6 23 1.09509
6 24 1.189
6 25 1.18861
6 26 1.16513
6 27 1.14927
6 28 1.08559
6 29 1.08559
6 30 1.08559
6 31 1.08559
6 32 1.08559
6 33 1.12278
6 34 1.12909
6 35 1.12747
6 36 1.12511
6 37 1.10866
6 38 1.10866
6 39 1.10866
6 40 1.10866
6 41 1.10866
6 42 1.40088
6 43 1.33718
6 44 1.23206
6 45 1.1805
6 46 1.10133
6 47 1.10133
6 48 1.10133
6 49 1.10133
6 50 1.10133
6 51 1.24465
6 52 1.23308
6 53 1.18912
6 54 1.16314
6 55 1.09248
6 56 1.09248
6 57 1.09248
6 58 1.09248
6 59 1.09248
6 60 1.15468
6 61 1.15941
6 62 1.14914
6 63 1.1408
6 64 1.08424
6 65 1.08424
6 66 1.08424
6 67 1.08424
6 68 1.08424
6 69 1.11407
6 70 1.1205
6 71 1.12123
6 72 1.12047
6 73 1.09805
6 74 1.09805
6 75 1.09805
6 76 1.09805
6 77 1.09805
6 78 1.18194
6 79 1.18381
6 80 1.16388
6 81 1.15207
6 82 1.09354
6 83 1.09354
6 84 1.09354
6 85 1.09354
6 86 1.09354
6 87 1.14925
6 88 1.15633
6 89 1.14822
6 90 1.14152
6 91 1.08727
6 92 1.08727
6 93 1.08727
6 94 1.08727
6 95 1.08727
6 96 1.12232
6 97 1.12905
6 98 1.12864
6 99 1.12673
6 100 1.08077
6 101 1.08077
6 102 1.08077
6 103 1.08077
6 104 1.08077
6 105 1.102
6 106 1.10803
6 107 1.11088
6 108 1.11168
6 109 1.08838
6 110 1.08838
6 111 1.08838
6 112 1.08838
6 113 1.08838
6 114 1.1234
6 115 1.12872
6 116 1.12876
6 117 1.1274
6 118 1.08546
6 119 1.08546
6 120 1.08546
6 121 1.08546
6 122 1.08546
6 123 1.11208
6 124 1.11877
6 125 1.12118
6 126 1.121
6 127 1.08107
6 128 1.08107
6 129 1.08107
6 130 1.08107
6 131 1.08107
6 132 1.10145
6 133 1.10736
6 134 1.11082
6 135 1.11167
6 136 1.07615
6 137 1.07615
6 138 1.07615
6 139 1.07615
6 140 1.07615
6 141 1.09081
6 142 1.096
6 143 1.09967
6 144 1.10121
7 1 1.09725
7 2 1.09725
7 3 1.09725
7 4 1.09725
7 5 1.09725
7 6 2.1056
7 7 6.76411
7 8 1.96046
7 9 1.31102
7 10 1.09167
7 11 1.09167
7 12 1.09167
7 13 1.09167
7 14 1.09167
7 15 1.35419
7 16 1.45268
7 17 1.33344
7 18 1.24745
7 19 1.08497
7 20 1.08497
7 21 1.08497
7 22 1.08497
7 23 1.08497
7 24 1.18848
7 25 1.21545
7 26 1.20686
7 27 1.19439
7 28 1.07853
7 29 1.07853
7 30 1.07853
7 31 1.07853
7 32 1.07853
7 33 1.12913
7 34 1.14582
7 35 1.15364
7 36 1.15565
7 37 1.09389
7 38 1.09389
7 39 1.09389
7 40 1.09389
7 41 1.09389
7 42 1.33189
7 43 1.42425
7 44 1.32184
7 45 1.24904
7 46 1.08939
7 47 1.08939
7 48 1.08939
7 49 1.08939
7 50 1.08939
7 51 1.23171
7 52 1.2709
7 53 1.24408
7 54 1.21699
7 55 1.08364
7 56 1.08364
7 57 1.08364
7 58 1.08364
7 59 1.08364
7 60 1.15878
7 61 1.18063
7 62 1.18331
7 63 1.17955
7 64 1.07782
7 65 1.07782
7 66 1.07782
7 67 1.07782
7 68 1.07782
7 69 1.12047
7 70 1.13568
7 71 1.14478
7 72 1.14806
7 73 1.08802
7 74 1.08802
7 75 1.08802
7 76 1.08802
7 77 1.08802
7 78 1.18073
7 79 1.20755
7 80 1.20325
7 81 1.19568
7 82 1.08478
7 83 1.08478
7 84 1.08478
7 85 1.08478
7 86 1.08478
7 87 1.15231
7 88 1.17673
7 89 1.1819
7 90 1.17953
7 91 1.08022
7 92 1.08022
7 93 1.08022
7 94 1.08022
7 95 1.08022
7 96 1.12817
7 97 1.14523
7 98 1.15454
7 99 1.15698
7 100 1.07536
7 101 1.07536
7 102 1.07536
7 103 1.07536
7 104 1.07536
7 105 1.10798
7 106 1.12091
7 107 1.13054
7 108 1.13474
7 109 1.08153
7 110 1.08153
7 111 1.08153
7 112 1.08153
7 113 1.08153
7 114 1.12867
7 115 1.14377
7 116 1.15358
7 117 1.15624
7 118 1.07922
7 119 1.07922
7 120 1.07922
7 121 1.07922
7 122 1.07922
7 123 1.11696
7 124 1.13284
7 125 1.14407
7 126 1.14746
7 127 1.07574
7 128 1.07574
7 129 1.07574
7 130 1.07574
7 131 1.07574
7 132 1.10691
7 133 1.11973
7 134 1.13015
7 135 1.13425
7 136 1.07182
7 137 1.07182
7 138 1.07182
7 139 1.07182
7 140 1.07182
7 141 1.09595
7 142 1.10644
7 143 1.11533
7 144 1.11951
8 1 1.08287
8 2 1.08287
8 3 1.08287
8 4 1.08287
8 5 1.08287
8 6 1.38081
8 7 1.96046
8 8 5.99286
8 9 1.54016
8 10 1.08004
8 11 1.08004
8 12 1.08004
8 13 1.08004
8 14 1.08004
8 15 1.238
8 16 1.33454
8 17 1.39397
8 18 1.33268
8 19 1.07631
8 20 1.07631
8 21 1.07631
8 22 1.07631
8 23 1.07631
8 24 1.16552
8 25 1.2072
8 26 1.23556
8 27 1.24184
8 28 1.07228
8 29 1.07228
8 30 1.07228
8 31 1.07228
8 32 1.07228
8 33 1.12791
8 34 1.15393
8 35 1.17583
8 36 1.18588
8 37 1.08209
8 38 1.08209
8 39 1.08209
8 40 1.08209
8 41 1.08209
8 42 1.22865
8 43 1.31996
8 44 1.38012
8 45 1.33215
8 46 1.07943
8 47 1.07943
8 48 1.07943
8 49 1.07943
8 50 1.07943
8 51 1.18797
8 52 1.24514
8 53 1.2791
8 54 1.27585
8 55 1.07592
8 56 1.07592
8 57 1.07592
8 58 1.07592
8 59 1.07592
8 60 1.14861
8 61 1.18314
8 62 1.20969
8 63 1.21894
8 64 1.07208
8 65 1.07208
8 66 1.07208
8 67 1.07208
8 68 1.07208
8 69 1.12147
8 70 1.14492
8 71 1.16537
8 72 1.17506
8 73 1.07924
8 74 1.07924
8 75 1.07924
8 76 1.07924
8 77 1.07924
8 78 1.16044
8 79 1.20138
8 80 1.23106
8 81 1.24001
8 82 1.07703
8 83 1.07703
8 84 1.07703
8 85 1.07703
8 86 1.07703
8 87 1.1431
8 88 1.18041
8 89 1.20848
8 90 1.21759
8 91 1.07392
8 92 1.07392
8 93 1.07392
8 94 1.07392
8 95 1.07392
8 96 1.12723
8 97 1.15364
8 98 1.17665
8 99 1.18662
8 100 1.07046
8 101 1.07046
8 102 1.07046
8 103 1.07046
8 104 1.07046
8 105 1.11089
8 106 1.13046
8 107 1.14826
8 108 1.15697
8 109 1.07524
8 110 1.07524
8 111 1.07524
8 112 1.07524
8 113 1.07524
8 114 1.12693
8 115 1.15117
8 116 1.17422
8 117 1.18359
8 118 1.0735
8 119 1.0735
8 120 1.0735
8 121 1.0735
8 122 1.0735
8 123 1.11719
8 124 1.14177
8 125 1.16401
8 126 1.17271
8 127 1.07086
8 128 1.07086
8 129 1.07086
8 130 1.07086
8 131 1.07086
8 132 1.10945
8 133 1.12894
8 134 1.14746
8 135 1.15578
8 136 1.06785
8 137 1.06785
8 138 1.06785
8 139 1.06785
8 140 1.06785
8 141 1.09955
8 142 1.11512
8 143 1.12969
8 144 1.1369
9 1 1.07642
9 2 1.07642
9 3 1.07642
9 4 1.07642
9 5 1.07642
9 6 1.20361
9 7 1.31102
9 8 1.54016
9 9 2.14012
9 10 1.07457
9 11 1.07457
9 12 1.07457
9 13 1.07457
9 14 1.07457
9 15 1.17877
9 16 1.24867
9 17 1.33361
9 18 1.3842
9 19 1.07211
9 20 1.07211
9 21 1.07211
9 22 1.07211
9 23 1.07211
9 24 1.14985
9 25 1.1947
9 26 1.24168
9 27 1.26628
9 28 1.06917
9 29 1.06917
9 30 1.06917
9 31 1.06917
9 32 1.06917
9 33 1.12551
9 34 1.15569
9 35 1.18549
9 36 1.20082
9 37 1.07651
9 38 1.07651
9 39 1.07651
9 40 1.07651
9 41 1.07651
9 42 1.17542
9 43 1.24282
9 44 1.3266
9 45 1.38041
9 46 1.0746
9 47 1.0746
9 48 1.0746
9 49 1.0746
9 50 1.0746
9 51 1.16067
9 52 1.21684
9 53 1.27597
9 54 1.30559
9 55 1.0721
9 56 1.0721
9 57 1.0721
9 58 1.0721
9 59 1.0721
9 60 1.14011
9 61 1.17889
9 62 1.21834
9 63 1.23797
9 64 1.06918
9 65 1.06918
9 66 1.06918
9 67 1.06918
9 68 1.06918
9 69 1.12042
9 70 1.14762
9 71 1.1743
9 72 1.18793
9 73 1.0749
9 74 1.0749
9 75 1.0749
9 76 1.0749
9 77 1.0749
9 78 1.1464
9 79 1.19043
9 80 1.23678
9 81 1.2613
9 82 1.07316
9 83 1.07316
9 84 1.07316
9 85 1.07316
9 86 1.07316
9 87 1.13538
9 88 1.17695
9 89 1.21712
9 90 1.23538
9 91 1.07072
9 92 1.07072
9 93 1.07072
9 94 1.07072
9 95 1.07072
9 96 1.12475
9 97 1.15515
9 98 1.18559
9 99 1.2004
9 100 1.06794
9 101 1.06794
9 102 1.06794
9 103 1.06794
9 104 1.06794
9 105 1.11127
9 106 1.13394
9 107 1.15606
9 108 1.1673
9 109 1.07204
9 110 1.07204
9 111 1.07204
9 112 1.07204
9 113 1.07204
9 114 1.12417
9 115 1.15242
9 116 1.18247
9 117 1.19609
9 118 1.07056
9 119 1.07056
9 120 1.07056
9 121 1.07056
9 122 1.07056
9 123 1.11582
9 124 1.14428
9 125 1.17228
9 126 1.18416
9 127 1.06833
9 128 1.06833
9 129 1.06833
9 130 1.06833
9 131 1.06833
9 132 1.10964
9 133 1.13221
9 134 1.15492
9 135 1.16557
9 136 1.06578
9 137 1.06578
9 138 1.06578
9 139 1.06578
9 140 1.06578
9 141 1.10064
9 142 1.11862
9 143 1.13605
9 144 1.14485
10 1 1.14662
10 2 1.14662
10 3 1.14662
10 4 1.14662
10 5 1.14662
10 6 1.10639
10 7 1.09167
10 8 1.08004
10 9 1.07457
10 10 1.30395
10 11 1.30395
10 12 1.30395
10 13 1.30395
10 14 1.30395
10 15 1.11735
10 16 1.09616
10 17 1.08168
10 18 1.07524
10 19 1.16143
10 20 1.16143
10 21 1.16143
10 22 1.16143
10 23 1.16143
10 24 1.10996
10 25 1.09328
10 26 1.0804
10 27 1.07438
10 28 1.12563
10 29 1.12563
10 30 1.12563
10 31 1.12563
10 32 1.12563
10 33 1.09881
10 34 1.08729
10 35 1.0774
10 36 1.07259
10 37 1.12891
10 38 1.12891
10 39 1.12891
10 40 1.12891
10 41 1.12891
10 42 1.10024
10 43 1.08877
10 44 1.07903
10 45 1.07458
10 46 1.1467
10 47 1.1467
10 48 1.1467
10 49 1.1467
10 50 1.1467
10 51 1.10657
10 52 1.09165
10 53 1.0801
10 54 1.07504
10 55 1.13489
10 56 1.13489
10 57 1.13489
10 58 1.13489
10 59 1.13489
10 60 1.1028
10 61 1.08994
10 62 1.07921
10 63 1.0741
10 64 1.11678
10 65 1.11678
10 66 1.11678
10 67 1.11678
10 68 1.11678
10 69 1.0951
10 70 1.08528
10 71 1.07661
10 72 1.07236
10 73 1.11139
10 74 1.11139
10 75 1.11139
10 76 1.11139
10 77 1.11139
10 78 1.09244
10 79 1.08406
10 80 1.07636
10 81 1.07301
10 82 1.11815
10 83 1.11815
10 84 1.11815
10 85 1.11815
10 86 1.11815
10 87 1.09587
10 88 1.08575
10 89 1.077
10 90 1.07328
10 91 1.11396
10 92 1.11396
10 93 1.11396
10 94 1.11396
10 95 1.11396
10 96 1.09376
10 97 1.08458
10 98 1.07631
10 99 1.07236
10 100 1.10479
10 101 1.10479
10 102 1.10479
10 103 1.10479
10 104 1.10479
10 105 1.08881
10 106 1.08117
10 107 1.0742
10 108 1.07075
10 109 1.09723
10 110 1.09723
10 111 1.09723
10 112 1.09723
10 113 1.09723
10 114 1.08486
10 115 1.07864
10 116 1.0729
10 117 1.07036
10 118 1.10045
10 119 1.10045
10 120 1.10045
10 121 1.10045
10 122 1.10045
10 123 1.08686
10 124 1.07962
10 125 1.07318
10 126 1.0705
10 127 1.09842
10 128 1.09842
10 129 1.09842
10 130 1.09842
10 131 1.09842
10 132 1.0852
10 133 1.07861
10 134 1.07254
10 135 1.06964
10 136 1.09335
10 137 1.09335
10 138 1.09335
10 139 1.09335
10 140 1.09335
10 141 1.08187
10 142 1.07616
10 143 1.07085
10 144 1.06819
11 1 1.14662
11 2 1.14662
11 3 1.14662
11 4 1.14662
11 5 1.14662
11 6 1.10639
11 7 1.09167
11 8 1.08004
11 9 1.07457
11 10 1.30395
11 11 1.30395
11 12 1.30395
11 13 1.30395
11 14 1.30395
11 15 1.11735
11 16 1.09616
11 17 1.08168
11 18 1.07524
11 19 1.16143
11 20 1.16143
11 21 1.16143
11 22 1.16143
11 23 1.16143
11 24 1.10996
11 25 1.09328
11 26 1.0804
11 27 1.07438
11 28 1.12563
11 29 1.12563
11 30 1.12563
11 31 1.12563
11 32 1.12563
11 33 1.09881
11 34 1.08729
11 35 1.0774
11 36 1.07259
11 37 1.12891
11 38 1.12891
11 39 1.12891
11 40 1.12891
11 41 1.12891
11 42 1.10024
11 43 1.08877
11 44 1.07903
11 45 1.07458
11 46 1.1467
11 47 1.1467
11 48 1.1467
11 49 1.1467
11 50 1.1467
11 51 1.10657
11 52 1.09165
11 53 1.0801
11 54 1.07504
11 55 1.13489
11 56 1.13489
11 57 1.13489
11 58 1.13489
11 59 1.13489
11 60 1.1028
11 61 1.08994
11 62 1.07921
11 63 1.0741
11 64 1.11678
11 65 1.11678
11 66 1.11678
11 67 1.11678
11 68 1.11678
11 69 1.0951
11 70 1.08528
11 71 1.07661
11 72 1.07236
11 73 1.11139
11 74 1.11139
11 75 1.11139
11 76 1.11139
11 77 1.11139
11 78 1.09244
11 79 1.08406
11 80 1.07636
11 81 1.07301
11 82 1.11815
11 83 1.11815
11 84 1.11815
11 85 1.11815
11 86 1.11815
11 87 1.09587
11 88 1.08575
11 89 1.077
11 90 1.07328
11 91 1.11396
11 92 1.11396
11 93 1.11396
11 94 1.11396
11 95 1.11396
11 96 1.09376
11 97 1.08458
11 98 1.07631
11 99 1.07236
11 100 1.10479
11 101 1.10479
11 102 1.10479
11 103 1.10479
11 104 1.10479
11 105 1.08881
11 106 1.08117
11 107 1.0742
11 108 1.07075
11 109 1.09723
11 110 1.09723
11 111 1.09723
11 112 1.09723
11 113 1.09723
11 114 1.08486
11 115 1.07864
11 116 1.0729
11 117 1.07036
11 118 1.10045
11 119 1.10045
11 120 1.10045
11 121 1.10045
11 122 1.10045
11 123 1.08686
11 124 1.07962
11 125 1.07318
11 126 1.0705
11 127 1.09842
11 128 1.09842
11 129 1.09842
11 130 1.09842
11 131 1.09842
11 132 1.0852
11 133 1.07861
11 134 1.07254
11 135 1.06964
11 136 1.09335
11 137 1.09335
11 138 1.09335
11 139 1.09335
11 140 1.09335
11 141 1.08187
11 142 1.07616
11 143 1.07085
11 144 1.06819
12 1 1.14662
12 2 1.14662
12 3 1.14662
12 4 1.14662
12 5 1.14662
12 6 1.10639
12 7 1.09167
12 8 1.08004
12 9 1.07457
12 10 1.30395
12 11 1.30395
12 12 1.30395
12 13 1.30395
12 14 1.30395
12 15 1.11735
12 16 1.09616
12 17 1.08168
12 18 1.07524
12 19 1.16143
12 20 1.16143
12 21 1.16143
12 22 1.16143
12 23 1.16143
12 24 1.10996
12 25 1.09328
12 26 1.0804
12 27 1.07438
12 28 1.12563
12 29 1.12563
12 30 1.12563
12 31 1.12563
12 32 1.12563
12 33 1.09881
12 34 1.08729
12 35 1.0774
12 36 1.07259
12 37 1.12891
12 38 1.12891
12 39 1.12891
12 40 1.12891
12 41 1.12891
12 42 1.10024
12 43 1.08877
12 44 1.07903
12 45 1.07458
12 46 1.1467
12 47 1.1467
12 48 1.1467
12 49 1.1467
12 50 1.1467
12 51 1.10657
12 52 1.09165
12 53 1.0801
12 54 1.07504
12 55 1.13489
12 56 1.13489
12 57 1.13489
12 58 1.13489
12 59 1.13489
12 60 1.1028
12 61 1.08994
12 62 1.07921
12 63 1.0741
12 64 1.11678
12 65 1.11678
12 66 1.11678
12 67 1.11678
12 68 1.11678
12 69 1.0951
12 70 1.08528
12 71 1.07661
12 72 1.07236
12 73 1.11139
12 74 1.11139
12 75 1.11139
12 76 1.11139
12 77 1.11139
12 78 1.09244
12 79 1.08406
12 80 1.07636
12 81 1.07301
12 82 1.11815
12 83 1.11815
12 84 1.11815
12 85 1.11815
12 86 1.11815
12 87 1.09587
12 88 1.08575
12 89 1.077
12 90 1.07328
12 91 1.11396
12 92 1.11396
12 93 1.11396
12 94 1.11396
12 95 1.11396
12 96 1.09376
12 97 1.08458
12 98 1.07631
12 99 1.07236
12 100 1.10479
12 101 1.10479
12 102 1.10479
12 103 1.10479
12 104 1.10479
12 105 1.08881
12 106 1.08117
12 107 1.0742
12 108 1.07075
12 109 1.09723
12 110 1.09723
12 111 1.09723
12 112 1.09723
12 113 1.09723
12 114 1.08486
12 115 1.07864
12 116 1.0729
12 117 1.07036
12 118 1.10045
12 119 1.10045
12 120 1.10045
12 121 1.10045
12 122 1.10045
12 123 1.08686
12 124 1.07962
12 125 1.07318
12 126 1.0705
12 127 1.09842
12 128 1.09842
12 129 1.09842
12 130 1.09842
12 131 1.09842
12 132 1.0852
12 133 1.07861
12 134 1.07254
12 135 1.06964
12 136 1.09335
12 137 1.09335
12 138 1.09335
12 139 1.09335
12 140 1.09335
12 141 1.08187
12 142 1.07616
12 143 1.07085
12 144 1.06819
13 1 1.14662
13 2 1.14662
13 3 1.14662
13 4 1.14662
13 5 1.14662
13 6 1.10639
13 7 1.09167
13 8 1.08004
13 9 1.07457
13 10 1.30395
13 11 1.30395
13 12 1.30395
13 13 1.30395
13 14 1.30395
13 15 1.11735
13 16 1.09616
13 17 1.08168
13 18 1.07524
13 19 1.16143
13 20 1.16143
13 21 1.16143
13 22 1.16143
13 23 1.16143
13 24 1.10996
13 25 1.09328
13 26 1.0804
13 27 1.07438
13 28 1.12563
13 29 1.12563
13 30 1.12563
13 31 1.12563
13 32 1.12563
13 33 1.09881
13 34 1.08729
13 35 1.0774
13 36 1.07259
13 37 1.12891
13 38 1.12891
13 39 1.12891
13 40 1.12891
13 41 1.12891
13 42 1.10024
13 43 1.08877
13 44 1.07903
13 45 1.07458
13 46 1.1467
13 47 1.1467
13 48 1.1467
13 49 1.1467
13 50 1.1467
13 51 1.10657
13 52 1.09165
13 53 1.0801
13 54 1.07504
13 55 1.13489
13 56 1.13489
13 57 1.13489
13 58 1.13489
13 59 1.13489
13 60 1.1028
13 61 1.08994
13 62 1.07921
13 63 1.0741
13 64 1.11678
13 65 1.11678
13 66 1.11678
13 67 1.11678
13 68 1.11678
13 69 1.0951
13 70 1.08528
13 71 1.07661
13 72 1.07236
13 73 1.11139
13 74 1.11139
13 75 1.11139
13 76 1.11139
13 77 1.11139
13 78 1.09244
13 79 1.08406
13 80 1.07636
13 81 1.07301
13 82 1.11815
13 83 1.11815
13 84 1.11815
13 85 1.11815
13 86 1.11815
13 87 1.09587
13 88 1.08575
13 89 1.077
13 90 1.07328
13 91 1.11396
13 92 1.11396
13 93 1.11396
13 94 1.11396
13 95 1.11396
13 96 1.09376
13 97 1.08458
13 98 1.07631
13 99 1.07236
13 100 1.10479
13 101 1.10479
13 102 1.10479
13 103 1.10479
13 104 1.10479
13 105 1.08881
13 106 1.08117
13 107 1.0742
13 108 1.07075
13 109 1.09723
13 110 1.09723
13 111 1.09723
13 112 1.09723
13 113 1.09723
13 114 1.08486
13 115 1.07864
13 116 1.0729
13 117 1.07036
13 118 1.10045
13 119 1.10045
13 120 1.10045
13 121 1.10045
13 122 1.10045
13 123 1.08686
13 124 1.07962
13 125 1.07318
13 126 1.0705
13 127 1.09842
13 128 1.09842
13 129 1.09842
13 130 1.09842
13 131 1.09842
13 132 1.0852
13 133 1.07861
13 134 1.07254
13 135 1.06964
13 136 1.09335
13 137 1.09335
13 138 1.09335
13 139 1.09335
13 140 1.09335
13 141 1.08187
13 142 1.07616
13 143 1.07085
13 144 1.06819
14 1 1.14662
14 2 1.14662
14 3 1.14662
14 4 1.14662
14 5 1.14662
14 6 1.10639
14 7 1.09167
14 8 1.08004
14 9 1.07457
14 10 1.30395
14 11 1.30395
14 12 1.30395
14 13 1.30395
14 14 1.30395
14 15 1.11735
14 16 1.09616
14 17 1.08168
14 18 1.07524
14 19 1.16143
14 20 1.16143
14 21 1.16143
14 22 1.16143
14 23 1.16143
14 24 1.10996
14 25 1.09328
14 26 1.0804
14 27 1.07438
14 28 1.12563
14 29 1.12563
14 30 1.12563
14 31 1.12563
14 32 1.12563
14 33 1.09881
14 34 1.08729
14 35 1.0774
14 36 1.07259
14 37 1.12891
14 38 1.12891
14 39 1.12891
14 40 1.12891
14 41 1.12891
14 42 1.10024
14 43 1.08877
14 44 1.07903
14 45 1.07458
14 46 1.1467
14 47 1.1467
14 48 1.1467
14 49 1.1467
14 50 1.1467
14 51 1.10657
14 52 1.09165
14 53 1.0801
14 54 1.07504
14 55 1.13489
14 56 1.13489
14 57 1.13489
14 58 1.13489
14 59 1.13489
14 60 1.1028
14 61 1.08994
14 62 1.07921
14 63 1.0741
14 64 1.11678
14 65 1.11678
14 66 1.11678
14 67 1.11678
14 68 1.11678
14 69 1.0951
14 70 1.08528
14 71 1.07661
14 72 1.07236
14 73 1.11139
14 74 1.11139
14 75 1.11139
14 76 1.11139
14 77 1.11139
14 78 1.09244
14 79 1.08406
14 80 1.07636
14 81 1.07301
14 82 1.11815
14 83 1.11815
14 84 1.11815
14 85 1.11815
14 86 1.11815
14 87 1.09587
14 88 1.08575
14 89 1.077
14 90 1.07328
14 91 1.11396
14 92 1.11396
14 93 1.11396
14 94 1.11396
14 95 1.11396
14 96 1.09376
14 97 1.08458
14 98 1.07631
14 99 1.07236
14 100 1.10479
14 101 1.10479
14 102 1.10479
14 103 1.10479
14 104 1.10479
14 105 1.08881
14 106 1.08117
14 107 1.0742
14 108 1.07075
14 109 1.09723
14 110 1.09723
14 111 1.09723
14 112 1.09723
14 113 1.09723
14 114 1.08486
14 115 1.07864
14 116 1.0729
14 117 1.07036
14 118 1.10045
14 119 1.10045
14 120 1.10045
14 121 1.10045
14 122 1.10045
14 123 1.08686
14 124 1.07962
14 125 1.07318
14 126 1.0705
14 127 1.09842
14 128 1.09842
14 129 1.09842
14 130 1.09842
14 131 1.09842
14 132 1.0852
14 133 1.07861
14 134 1.07254
14 135 1.06964
14 136 1.09335
14 137 1.09335
14 138 1.09335
14 139 1.09335
14 140 1.09335
14 141 1.08187
14 142 1.07616
14 143 1.07085
14 144 1.06819
15 1 1.10665
15 2 1.10665
15 3 1.10665
15 4 1.10665
15 5 1.10665
15 6 1.43187
15 7 1.35419
15 8 1.238
15 9 1.17877
15 10 1.11735
15 11 1.11735
15 12 1.11735
15 13 1.11735
15 14 1.11735
15 15 6.9023
15 16 2.1284
15 17 1.38447
15 18 1.20352
15 19 1.10979
15 20 1.10979
15 21 1.10979
15 22 1.10979
15 23 1.10979
15 24 1.67444
15 25 1.47829
15 26 1.27793
15 27 1.18722
15 28 1.09856
15 29 1.09856
15 30 1.09856
15 31 1.09856
15 32 1.09856
15 33 1.23958
15 34 1.22942
15 35 1.18565
15 36 1.15877
15 37 1.1015
15 38 1.1015
15 39 1.1015
15 40 1.1015
15 41 1.1015
15 42 1.23544
15 43 1.22606
15 44 1.18681
15 45 1.16316
15 46 1.10711
15 47 1.10711
15 48 1.10711
15 49 1.10711
15 50 1.10711
15 51 1.42341
15 52 1.34796
15 53 1.23331
15 54 1.17884
15 55 1.10294
15 56 1.10294
15 57 1.10294
15 58 1.10294
15 59 1.10294
15 60 1.30153
15 61 1.27591
15 62 1.20758
15 63 1.16849
15 64 1.09496
15 65 1.09496
15 66 1.09496
15 67 1.09496
15 68 1.09496
15 69 1.18191
15 70 1.18312
15 71 1.16223
15 72 1.14789
15 73 1.09351
15 74 1.09351
15 75 1.09351
15 76 1.09351
15 77 1.09351
15 78 1.14784
15 79 1.15322
15 80 1.1464
15 81 1.14113
15 82 1.09649
15 83 1.09649
15 84 1.09649
15 85 1.09649
15 86 1.09649
15 87 1.17601
15 88 1.18089
15 89 1.16149
15 90 1.1497
15 91 1.09394
15 92 1.09394
15 93 1.09394
15 94 1.09394
15 95 1.09394
15 96 1.16472
15 97 1.1688
15 98 1.15437
15 99 1.14405
15 100 1.08874
15 101 1.08874
15 102 1.08874
15 103 1.08874
15 104 1.08874
15 105 1.13381
15 106 1.13972
15 107 1.13542
15 108 1.13128
15 109 1.08529
15 110 1.08529
15 111 1.08529
15 112 1.08529
15 113 1.08529
15 114 1.11242
15 115 1.11758
15 116 1.12034
15 117 1.12045
15 118 1.08697
15 119 1.08697
15 120 1.08697
15 121 1.08697
15 122 1.08697
15 123 1.11758
15 124 1.1248
15 125 1.12571
15 126 1.12505
15 127 1.08529
15 128 1.08529
15 129 1.08529
15 130 1.08529
15 131 1.08529
15 132 1.11536
15 133 1.1218
15 134 1.12267
15 135 1.12197
15 136 1.08186
15 137 1.08186
15 138 1.08186
15 139 1.08186
15 140 1.08186
15 141 1.10564
15 142 1.11178
15 143 1.114
15 144 1.11435
16 1 1.09179
16 2 1.09179
16 3 1.09179
16 4 1.09179
16 5 1.09179
16 6 1.35403
16 7 1.45268
16 8 1.33454
16 9 1.24867
16 10 1.09616
16 11 1.09616
16 12 1.09616
16 13 1.09616
16 14 1.09616
16 15 2.1284
16 16 6.88434
16 17 1.97169
16 18 1.31225
16 19 1.09299
16 20 1.09299
16 21 1.09299
16 22 1.09299
16 23 1.09299
16 24 1.47705
16 25 1.69015
16 26 1.42545
16 27 1.26764
16 28 1.08694
16 29 1.08694
16 30 1.08694
16 31 1.08694
16 32 1.08694
16 33 1.22907
16 34 1.2654
16 35 1.23769
16 36 1.21092
16 37 1.08951
16 38 1.08951
16 39 1.08951
16 40 1.08951
16 41 1.08951
16 42 1.22428
16 43 1.26158
16 44 1.24057
16 45 1.21729
16 46 1.09229
16 47 1.09229
16 48 1.09229
16 49 1.09229
16 50 1.09229
16 51 1.3459
16 52 1.44594
16 53 1.32811
16 54 1.24858
16 55 1.08988
16 56 1.08988
16 57 1.08988
16 58 1.08988
16 59 1.08988
16 60 1.27433
16 61 1.32695
16 62 1.27424
16 63 1.22836
16 64 1.08504
16 65 1.08504
16 66 1.08504
16 67 1.08504
16 68 1.08504
16 69 1.18288
16 70 1.20799
16 71 1.20183
16 72 1.19172
16 73 1.08475
16 74 1.08475
16 75 1.08475
16 76 1.08475
16 77 1.08475
16 78 1.15168
16 79 1.17306
16 80 1.17958
16 81 1.17921
16 82 1.08643
16 83 1.08643
16 84 1.08643
16 85 1.08643
16 86 1.08643
16 87 1.1752
16 88 1.20686
16 89 1.20252
16 90 1.1943
16 91 1.08458
16 92 1.08458
16 93 1.08458
16 94 1.08458
16 95 1.08458
16 96 1.16712
16 97 1.19138
16 98 1.19097
16 99 1.18524
16 100 1.08101
16 101 1.08101
16 102 1.08101
16 103 1.08101
16 104 1.08101
16 105 1.13963
16 106 1.1577
16 107 1.16413
16 108 1.16477
16 109 1.07906
16 110 1.07906
16 111 1.07906
16 112 1.07906
16 113 1.07906
16 114 1.11817
16 115 1.13168
16 116 1.14319
16 117 1.14697
16 118 1.08011
16 119 1.08011
16 120 1.08011
16 121 1.08011
16 122 1.08011
16 123 1.12248
16 124 1.1404
16 125 1.15118
16 126 1.15458
16 127 1.0787
16 128 1.0787
16 129 1.0787
16 130 1.0787
16 131 1.0787
16 132 1.12113
16 133 1.1369
16 134 1.14681
16 135 1.15028
16 136 1.07609
16 137 1.07609
16 138 1.07609
16 139 1.07609
16 140 1.07609
16 141 1.11175
16 142 1.12539
16 143 1.13498
16 144 1.13901
17 1 1.08006
17 2 1.08006
17 3 1.08006
17 4 1.08006
17 5 1.08006
17 6 1.23727
17 7 1.33344
17 8 1.39397
17 9 1.33361
17 10 1.08168
17 11 1.08168
17 12 1.08168
17 13 1.08168
17 14 1.08168
17 15 1.38447
17 16 1.97169
17 17 6.02731
17 18 1.5416
17 19 1.0802
17 20 1.0802
17 21 1.0802
17 22 1.0802
17 23 1.0802
17 24 1.27575
17 25 1.42134
17 26 1.54415
17 27 1.37494
17 28 1.07717
17 29 1.07717
17 30 1.07717
17 31 1.07717
17 32 1.07717
17 33 1.18489
17 34 1.23642
17 35 1.26741
17 36 1.26678
17 37 1.07951
17 38 1.07951
17 39 1.07951
17 40 1.07951
17 41 1.07951
17 42 1.18383
17 43 1.23757
17 44 1.27442
17 45 1.27566
17 46 1.0806
17 47 1.0806
17 48 1.0806
17 49 1.0806
17 50 1.0806
17 51 1.23266
17 52 1.33117
17 53 1.38892
17 54 1.33299
17 55 1.0792
17 56 1.0792
17 57 1.0792
17 58 1.0792
17 59 1.0792
17 60 1.20592
17 61 1.27273
17 62 1.31012
17 63 1.29578
17 64 1.07648
17 65 1.07648
17 66 1.07648
17 67 1.07648
17 68 1.07648
17 69 1.16182
17 70 1.20109
17 71 1.22854
17 72 1.23665
17 73 1.07704
17 74 1.07704
17 75 1.07704
17 76 1.07704
17 77 1.07704
17 78 1.14336
17 79 1.177
17 80 1.20563
17 81 1.2169
17 82 1.07777
17 83 1.07777
17 84 1.07777
17 85 1.07777
17 86 1.07777
17 87 1.15582
17 88 1.2015
17 89 1.23199
17 90 1.24017
17 91 1.07646
17 92 1.07646
17 93 1.07646
17 94 1.07646
17 95 1.07646
17 96 1.15225
17 97 1.18954
17 98 1.21747
17 99 1.22704
17 100 1.07415
17 101 1.07415
17 102 1.07415
17 103 1.07415
17 104 1.07415
17 105 1.13514
17 106 1.16358
17 107 1.18715
17 108 1.19764
17 109 1.07341
17 110 1.07341
17 111 1.07341
17 112 1.07341
17 113 1.07341
17 114 1.11913
17 115 1.14076
17 116 1.16302
17 117 1.17211
17 118 1.07393
17 119 1.07393
17 120 1.07393
17 121 1.07393
17 122 1.07393
17 123 1.12133
17 124 1.14885
17 125 1.17297
17 126 1.18306
17 127 1.07278
17 128 1.07278
17 129 1.07278
17 130 1.07278
17 131 1.07278
17 132 1.12099
17 133 1.14534
17 134 1.16744
17 135 1.1776
17 136 1.07086
17 137 1.07086
17 138 1.07086
17 139 1.07086
17 140 1.07086
17 141 1.11377
17 142 1.13452
17 143 1.15336
17 144 1.16257
18 1 1.07459
18 2 1.07459
18 3 1.07459
18 4 1.07459
18 5 1.07459
18 6 1.17814
18 7 1.24745
18 8 1.33268
18 9 1.3842
18 10 1.07524
18 11 1.07524
18 12 1.07524
18 13 1.07524
18 14 1.07524
18 15 1.20352
18 16 1.31225
18 17 1.5416
18 18 2.14096
18 19 1.07439
18 20 1.07439
18 21 1.07439
18 22 1.07439
18 23 1.07439
18 24 1.18761
18 25 1.26744
18 26 1.37612
18 27 1.45291
18 28 1.07258
18 29 1.07258
18 30 1.07258
18 31 1.07258
18 32 1.07258
18 33 1.15914
18 34 1.21074
18 35 1.26727
18 36 1.29845
18 37 1.0747
18 38 1.0747
18 39 1.0747
18 40 1.0747
18 41 1.0747
18 42 1.15858
18 43 1.21137
18 44 1.27155
18 45 1.30472
18 46 1.07514
18 47 1.07514
18 48 1.07514
18 49 1.07514
18 50 1.07514
18 51 1.17546
18 52 1.24724
18 53 1.33114
18 54 1.38217
18 55 1.07418
18 56 1.07418
18 57 1.07418
18 58 1.07418
18 59 1.07418
18 60 1.16753
18 61 1.22707
18 62 1.29524
18 63 1.33346
18 64 1.07239
18 65 1.07239
18 66 1.07239
18 67 1.07239
18 68 1.07239
18 69 1.1479
18 70 1.1911
18 71 1.23639
18 72 1.26048
18 73 1.07322
18 74 1.07322
18 75 1.07322
18 76 1.07322
18 77 1.07322
18 78 1.13617
18 79 1.174
18 80 1.21413
18 81 1.23432
18 82 1.07356
18 83 1.07356
18 84 1.07356
18 85 1.07356
18 86 1.07356
18 87 1.14245
18 88 1.19069
18 89 1.23824
18 90 1.26255
18 91 1.07252
18 92 1.07252
18 93 1.07252
18 94 1.07252
18 95 1.07252
18 96 1.14153
18 97 1.18269
18 98 1.22564
18 99 1.24801
18 100 1.07081
18 101 1.07081
18 102 1.07081
18 103 1.07081
18 104 1.07081
18 105 1.13092
18 106 1.1638
18 107 1.197
18 108 1.21424
18 109 1.07054
18 110 1.07054
18 111 1.07054
18 112 1.07054
18 113 1.07054
18 114 1.11809
18 115 1.1434
18 116 1.17123
18 117 1.18346
18 118 1.07083
18 119 1.07083
18 120 1.07083
18 121 1.07083
18 122 1.07083
18 123 1.11912
18 124 1.15076
18 125 1.18196
18 126 1.19635
18 127 1.06983
18 128 1.06983
18 129 1.06983
18 130 1.06983
18 131 1.06983
18 132 1.11947
18 133 1.14768
18 134 1.17639
18 135 1.19071
18 136 1.06827
18 137 1.06827
18 138 1.06827
18 139 1.06827
18 140 1.06827
18 141 1.11383
18 142 1.13799
18 143 1.16185
18 144 1.17408
19 1 1.1179
19 2 1.1179
19 3 1.1179
19 4 1.1179
19 5 1.1179
19 6 1.09509
19 7 1.08497
19 8 1.07631
19 9 1.07211
19 10 1.16143
19 11 1.16143
19 12 1.16143
19 13 1.16143
19 14 1.16143
19 15 1.10979
19 16 1.09299
19 17 1.0802
19 18 1.07439
19 19 1.30404
19 20 1.30404
19 21 1.30404
19 22 1.30404
19 23 1.30404
19 24 1.11743
19 25 1.09631
19 26 1.08164
19 27 1.07498
19 28 1.16181
19 29 1.16181
19 30 1.16181
19 31 1.16181
19 32 1.16181
19 33 1.11031
19 34 1.09359
19 35 1.08058
19 36 1.07448
19 37 1.11122
19 38 1.11122
19 39 1.11122
19 40 1.11122
19 41 1.11122
19 42 1.09174
19 43 1.08318
19 44 1.07567
19 45 1.07216
19 46 1.13484
19 47 1.13484
19 48 1.13484
19 49 1.13484
19 50 1.13484
19 51 1.10242
19 52 1.08932
19 53 1.07878
19 54 1.07416
19 55 1.14686
19 56 1.14686
19 57 1.14686
19 58 1.14686
19 59 1.14686
19 60 1.10658
19 61 1.09194
19 62 1.08012
19 63 1.0746
19 64 1.13531
19 65 1.13531
19 66 1.13531
19 67 1.13531
19 68 1.13531
19 69 1.10319
19 70 1.0902
19 71 1.07932
19 72 1.07409
19 73 1.10124
19 74 1.10124
19 75 1.10124
19 76 1.10124
19 77 1.10124
19 78 1.08656
19 79 1.07976
19 80 1.07353
19 81 1.07079
19 82 1.11386
19 83 1.11386
19 84 1.11386
19 85 1.11386
19 86 1.11386
19 87 1.09335
19 88 1.08405
19 89 1.07587
19 90 1.07245
19 91 1.11833
19 92 1.11833
19 93 1.11833
19 94 1.11833
19 95 1.11833
19 96 1.09561
19 97 1.08574
19 98 1.07691
19 99 1.07274
19 100 1.11441
19 101 1.11441
19 102 1.11441
19 103 1.11441
19 104 1.11441
19 105 1.09394
19 106 1.08463
19 107 1.07633
19 108 1.07226
19 109 1.09111
19 110 1.09111
19 111 1.09111
19 112 1.09111
19 113 1.09111
19 114 1.08083
19 115 1.07544
19 116 1.07057
19 117 1.06839
19 118 1.09832
19 119 1.09832
19 120 1.09832
19 121 1.09832
19 122 1.09832
19 123 1.08509
19 124 1.07832
19 125 1.07223
19 126 1.06975
19 127 1.1006
19 128 1.1006
19 129 1.1006
19 130 1.1006
19 131 1.1006
19 132 1.08611
19 133 1.07925
19 134 1.07291
19 135 1.06993
19 136 1.09886
19 137 1.09886
19 138 1.09886
19 139 1.09886
19 140 1.09886
19 141 1.08514
19 142 1.07855
19 143 1.07249
19 144 1.06947
20 1 1.1179
20 2 1.1179
20 3 1.1179
20 4 1.1179
20 5 1.1179
20 6 1.09509
20 7 1.08497
20 8 1.07631
20 9 1.07211
20 10 1.16143
20 11 1.16143
20 12 1.16143
20 13 1.16143
20 14 1.16143
20 15 1.10979
20 16 1.09299
20 17 1.0802
20 18 1.07439
20 19 1.30404
20 20 1.30404
20 21 1.30404
20 22 1.30404
20 23 1.30404
20 24 1.11743
20 25 1.09631
20 26 1.08164
20 27 1.07498
20 28 1.16181
20 29 1.16181
20 30 1.16181
20 31 1.16181
20 32 1.16181
20 33 1.11031
20 34 1.09359
20 35 1.08058
20 36 1.07448
20 37 1.11122
20 38 1.11122
20 39 1.11122
20 40 1.11122
20 41 1.11122
20 42 1.09174
20 43 1.08318
20 44 1.07567
20 45 1.07216
20 46 1.13484
20 47 1.13484
20 48 1.13484
20 49 1.13484
20 50 1.13484
20 51 1.10242
20 52 1.08932
20 53 1.07878
20 54 1.07416
20 55 1.14686
20 56 1.14686
20 57 1.14686
20 58 1.14686
20 59 1.14686
20 60 1.10658
20 61 1.09194
20 62 1.08012
20 63 1.0746
20 64 1.13531
20 65 1.13531
20 66 1.13531
20 67 1.13531
20 68 1.13531
20 69 1.10319
20 70 1.0902
20 71 1.07932
20 72 1.07409
20 73 1.10124
20 74 1.10124
20 75 1.10124
20 76 1.10124
20 77 1.10124
20 78 1.08656
20 79 1.07976
20 80 1.07353
20 81 1.07079
20 82 1.11386
20 83 1.11386
20 84 1.11386
20 85 1.11386
20 86 1.11386
20 87 1.09335
20 88 1.08405
20 89 1.07587
20 90 1.07245
20 91 1.11833
20 92 1.11833
20 93 1.11833
20 94 1.11833
20 95 1.11833
20 96 1.09561
20 97 1.08574
20 98 1.07691
20 99 1.07274
20 100 1.11441
20 101 1.11441
20 102 1.11441
20 103 1.11441
20 104 1.11441
20 105 1.09394
20 106 1.08463
20 107 1.07633
20 108 1.07226
20 109 1.09111
20 110 1.09111
20 111 1.09111
20 112 1.09111
20 113 1.09111
20 114 1.08083
20 115 1.07544
20 116 1.07057
20 117 1.06839
20 118 1.09832
20 119 1.09832
20 120 1.09832
20 121 1.09832
20 122 1.09832
20 123 1.08509
20 124 1.07832
20 125 1.07223
20 126 1.06975
20 127 1.1006
20 128 1.1006
20 129 1.1006
20 130 1.1006
20 131 1.1006
20 132 1.08611
20 133 1.07925
20 134 1.07291
20 135 1.06993
20 136 1.09886
20 137 1.09886
20 138 1.09886
20 139 1.09886
20 140 1.09886
20 141 1.08514
20 142 1.07855
20 143 1.07249
20 144 1.06947
21 1 1.1179
21 2 1.1179
21 3 1.1179
21 4 1.1179
21 5 1.1179
21 6 1.09509
21 7 1.08497
21 8 1.07631
21 9 1.07211
21 10 1.16143
21 11 1.16143
21 12 1.16143
21 13 1.16143
21 14 1.16143
21 15 1.10979
21 16 1.09299
21 17 1.0802
21 18 1.07439
21 19 1.30404
21 20 1.30404
21 21 1.30404
21 22 1.30404
21 23 1.30404
21 24 1.11743
21 25 1.09631
21 26 1.08164
21 27 1.07498
21 28 1.16181
21 29 1.16181
21 30 1.16181
21 31 1.16181
21 32 1.16181
21 33 1.11031
21 34 1.09359
21 35 1.08058
21 36 1.07448
21 37 1.11122
21 38 1.11122
