injected_el measured_el potential
1 1 1.30401
1 2 1.30401
1 3 1.30401
1 4 1.30401
1 5 1.30401
1 6 1.11642
1 7 1.09906
1 8 1.08547
1 9 1.07842
1 10 1.14572
1 11 1.14572
1 12 1.14572
1 13 1.14572
1 14 1.14572
1 15 1.1083
1 16 1.09375
1 17 1.08219
1 18 1.0774
1 19 1.11733
1 20 1.11733
1 21 1.11733
1 22 1.11733
1 23 1.11733
1 24 1.09666
1 25 1.08717
1 26 1.0789
1 27 1.07457
1 28 1.10004
1 29 1.10004
1 30 1.10004
1 31 1.10004
1 32 1.10004
1 33 1.0875
1 34 1.08078
1 35 1.07431
1 36 1.07104
1 37 1.14704
1 38 1.14704
1 39 1.14704
1 40 1.14704
1 41 1.14704
1 42 1.105
1 43 1.09371
1 44 1.08415
1 45 1.07853
1 46 1.12811
1 47 1.12811
1 48 1.12811
1 49 1.12811
1 50 1.12811
1 51 1.10087
1 52 1.09166
1 53 1.08252
1 54 1.07775
1 55 1.11072
1 56 1.11072
1 57 1.11072
1 58 1.11072
1 59 1.11072
1 60 1.09487
1 61 1.08739
1 62 1.07937
1 63 1.07486
1 64 1.09701
1 65 1.09701
1 66 1.09701
1 67 1.09701
1 68 1.09701
1 69 1.08648
1 70 1.0805
1 71 1.07439
1 72 1.07123
1 73 1.11884
1 74 1.11884
1 75 1.11884
1 76 1.11884
1 77 1.11884
1 78 1.09515
1 79 1.08761
1 80 1.08106
1 81 1.07643
1 82 1.11103
1 83 1.11103
1 84 1.11103
1 85 1.11103
1 86 1.11103
1 87 1.09275
1 88 1.08663
1 89 1.08022
1 90 1.07575
1 91 1.101
1 92 1.101
1 93 1.101
1 94 1.101
1 95 1.101
1 96 1.08972
1 97 1.0839
1 98 1.07724
1 99 1.07315
1 100 1.09123
1 101 1.09123
1 102 1.09123
1 103 1.09123
1 104 1.09123
1 105 1.08253
1 106 1.07766
1 107 1.07253
1 108 1.06982
1 109 1.10137
1 110 1.10137
1 111 1.10137
1 112 1.10137
1 113 1.10137
1 114 1.08681
1 115 1.08205
1 116 1.07677
1 117 1.07304
1 118 1.09714
1 119 1.09714
1 120 1.09714
1 121 1.09714
1 122 1.09714
1 123 1.08477
1 124 1.08115
1 125 1.07619
1 126 1.07233
1 127 1.09107
1 128 1.09107
1 129 1.09107
1 130 1.09107
1 131 1.09107
1 132 1.0825
1 133 1.07877
1 134 1.07358
1 135 1.07018
1 136 1.0843
1 137 1.0843
1 138 1.0843
1 139 1.0843
1 140 1.0843
1 141 1.07729
1 142 1.07357
1 143 1.0695
1 144 1.06731
2 1 1.30401
2 2 1.30401
2 3 1.30401
2 4 1.30401
2 5 1.30401
2 6 1.11642
2 7 1.09906
2 8 1.08547
2 9 1.07842
2 10 1.14572
2 11 1.14572
2 12 1.14572
2 13 1.14572
2 14 1.14572
2 15 1.1083
2 16 1.09375
2 17 1.08219
2 18 1.0774
2 19 1.11733
2 20 1.11733
2 21 1.11733
2 22 1.11733
2 23 1.11733
2 24 1.09666
2 25 1.08717
2 26 1.0789
2 27 1.07457
2 28 1.10004
2 29 1.10004
2 30 1.10004
2 31 1.10004
2 32 1.10004
2 33 1.0875
2 34 1.08078
2 35 1.07431
2 36 1.07104
2 37 1.14704
2 38 1.14704
2 39 1.14704
2 40 1.14704
2 41 1.14704
2 42 1.105
2 43 1.09371
2 44 1.08415
2 45 1.07853
2 46 1.12811
2 47 1.12811
2 48 1.12811
2 49 1.12811
2 50 1.12811
2 51 1.10087
2 52 1.09166
2 53 1.08252
2 54 1.07775
2 55 1.11072
2 56 1.11072
2 57 1.11072
2 58 1.11072
2 59 1.11072
2 60 1.09487
2 61 1.08739
2 62 1.07937
2 63 1.07486
2 64 1.09701
2 65 1.09701
2 66 1.09701
2 67 1.09701
2 68 1.09701
2 69 1.08648
2 70 1.0805
2 71 1.07439
2 72 1.07123
2 73 1.11884
2 74 1.11884
2 75 1.11884
2 76 1.11884
2 77 1.11884
2 78 1.09515
2 79 1.08761
2 80 1.08106
2 81 1.07643
2 82 1.11103
2 83 1.11103
2 84 1.11103
2 85 1.11103
2 86 1.11103
2 87 1.09275
2 88 1.08663
2 89 1.08022
2 90 1.07575
2 91 1.101
2 92 1.101
2 93 1.101
2 94 1.101
2 95 1.101
2 96 1.08972
2 97 1.0839
2 98 1.07724
2 99 1.07315
2 100 1.09123
2 101 1.09123
2 102 1.09123
2 103 1.09123
2 104 1.09123
2 105 1.08253
2 106 1.07766
2 107 1.07253
2 108 1.06982
2 109 1.10137
2 110 1.10137
2 111 1.10137
2 112 1.10137
2 113 1.10137
2 114 1.08681
2 115 1.08205
2 116 1.07677
2 117 1.07304
2 118 1.09714
2 119 1.09714
2 120 1.09714
2 121 1.09714
2 122 1.09714
2 123 1.08477
2 124 1.08115
2 125 1.07619
2 126 1.07233
2 127 1.09107
2 128 1.09107
2 129 1.09107
2 130 1.09107
2 131 1.09107
2 132 1.0825
2 133 1.07877
2 134 1.07358
2 135 1.07018
2 136 1.0843
2 137 1.0843
2 138 1.0843
2 139 1.0843
2 140 1.0843
2 141 1.07729
2 142 1.07357
2 143 1.0695
2 144 1.06731
3 1 1.30401
3 2 1.30401
3 3 1.30401
3 4 1.30401
3 5 1.30401
3 6 1.11642
3 7 1.09906
3 8 1.08547
3 9 1.07842
3 10 1.14572
3 11 1.14572
3 12 1.14572
3 13 1.14572
3 14 1.14572
3 15 1.1083
3 16 1.09375
3 17 1.08219
3 18 1.0774
3 19 1.11733
3 20 1.11733
3 21 1.11733
3 22 1.11733
3 23 1.11733
3 24 1.09666
3 25 1.08717
3 26 1.0789
3 27 1.07457
3 28 1.10004
3 29 1.10004
3 30 1.10004
3 31 1.10004
3 32 1.10004
3 33 1.0875
3 34 1.08078
3 35 1.07431
3 36 1.07104
3 37 1.14704
3 38 1.14704
3 39 1.14704
3 40 1.14704
3 41 1.14704
3 42 1.105
3 43 1.09371
3 44 1.08415
3 45 1.07853
3 46 1.12811
3 47 1.12811
3 48 1.12811
3 49 1.12811
3 50 1.12811
3 51 1.10087
3 52 1.09166
3 53 1.08252
3 54 1.07775
3 55 1.11072
3 56 1.11072
3 57 1.11072
3 58 1.11072
3 59 1.11072
3 60 1.09487
3 61 1.08739
3 62 1.07937
3 63 1.07486
3 64 1.09701
3 65 1.09701
3 66 1.09701
3 67 1.09701
3 68 1.09701
3 69 1.08648
3 70 1.0805
3 71 1.07439
3 72 1.07123
3 73 1.11884
3 74 1.11884
3 75 1.11884
3 76 1.11884
3 77 1.11884
3 78 1.09515
3 79 1.08761
3 80 1.08106
3 81 1.07643
3 82 1.11103
3 83 1.11103
3 84 1.11103
3 85 1.11103
3 86 1.11103
3 87 1.09275
3 88 1.08663
3 89 1.08022
3 90 1.07575
3 91 1.101
3 92 1.101
3 93 1.101
3 94 1.101
3 95 1.101
3 96 1.08972
3 97 1.0839
3 98 1.07724
3 99 1.07315
3 100 1.09123
3 101 1.09123
3 102 1.09123
3 103 1.09123
3 104 1.09123
3 105 1.08253
3 106 1.07766
3 107 1.07253
3 108 1.06982
3 109 1.10137
3 110 1.10137
3 111 1.10137
3 112 1.10137
3 113 1.10137
3 114 1.08681
3 115 1.08205
3 116 1.07677
3 117 1.07304
3 118 1.09714
3 119 1.09714
3 120 1.09714
3 121 1.09714
3 122 1.09714
3 123 1.08477
3 124 1.08115
3 125 1.07619
3 126 1.07233
3 127 1.09107
3 128 1.09107
3 129 1.09107
3 130 1.09107
3 131 1.09107
3 132 1.0825
3 133 1.07877
3 134 1.07358
3 135 1.07018
3 136 1.0843
3 137 1.0843
3 138 1.0843
3 139 1.0843
3 140 1.0843
3 141 1.07729
3 142 1.07357
3 143 1.0695
3 144 1.06731
4 1 1.30401
4 2 1.30401
4 3 1.30401
4 4 1.30401
4 5 1.30401
4 6 1.11642
4 7 1.09906
4 8 1.08547
4 9 1.07842
4 10 1.14572
4 11 1.14572
4 12 1.14572
4 13 1.14572
4 14 1.14572
4 15 1.1083
4 16 1.09375
4 17 1.08219
4 18 1.0774
4 19 1.11733
4 20 1.11733
4 21 1.11733
4 22 1.11733
4 23 1.11733
4 24 1.09666
4 25 1.08717
4 26 1.0789
4 27 1.07457
4 28 1.10004
4 29 1.10004
4 30 1.10004
4 31 1.10004
4 32 1.10004
4 33 1.0875
4 34 1.08078
4 35 1.07431
4 36 1.07104
4 37 1.14704
4 38 1.14704
4 39 1.14704
4 40 1.14704
4 41 1.14704
4 42 1.105
4 43 1.09371
4 44 1.08415
4 45 1.07853
4 46 1.12811
4 47 1.12811
4 48 1.12811
4 49 1.12811
4 50 1.12811
4 51 1.10087
4 52 1.09166
4 53 1.08252
4 54 1.07775
4 55 1.11072
4 56 1.11072
4 57 1.11072
4 58 1.11072
4 59 1.11072
4 60 1.09487
4 61 1.08739
4 62 1.07937
4 63 1.07486
4 64 1.09701
4 65 1.09701
4 66 1.09701
4 67 1.09701
4 68 1.09701
4 69 1.08648
4 70 1.0805
4 71 1.07439
4 72 1.07123
4 73 1.11884
4 74 1.11884
4 75 1.11884
4 76 1.11884
4 77 1.11884
4 78 1.09515
4 79 1.08761
4 80 1.08106
4 81 1.07643
4 82 1.11103
4 83 1.11103
4 84 1.11103
4 85 1.11103
4 86 1.11103
4 87 1.09275
4 88 1.08663
4 89 1.08022
4 90 1.07575
4 91 1.101
4 92 1.101
4 93 1.101
4 94 1.101
4 95 1.101
4 96 1.08972
4 97 1.0839
4 98 1.07724
4 99 1.07315
4 100 1.09123
4 101 1.09123
4 102 1.09123
4 103 1.09123
4 104 1.09123
4 105 1.08253
4 106 1.07766
4 107 1.07253
4 108 1.06982
4 109 1.10137
4 110 1.10137
4 111 1.10137
4 112 1.10137
4 113 1.10137
4 114 1.08681
4 115 1.08205
4 116 1.07677
4 117 1.07304
4 118 1.09714
4 119 1.09714
4 120 1.09714
4 121 1.09714
4 122 1.09714
4 123 1.08477
4 124 1.08115
4 125 1.07619
4 126 1.07233
4 127 1.09107
4 128 1.09107
4 129 1.09107
4 130 1.09107
4 131 1.09107
4 132 1.0825
4 133 1.07877
4 134 1.07358
4 135 1.07018
4 136 1.0843
4 137 1.0843
4 138 1.0843
4 139 1.0843
4 140 1.0843
4 141 1.07729
4 142 1.07357
4 143 1.0695
4 144 1.06731
5 1 1.30401
5 2 1.30401
5 3 1.30401
5 4 1.30401
5 5 1.30401
5 6 1.11642
5 7 1.09906
5 8 1.08547
5 9 1.07842
5 10 1.14572
5 11 1.14572
5 12 1.14572
5 13 1.14572
5 14 1.14572
5 15 1.1083
5 16 1.09375
5 17 1.08219
5 18 1.0774
5 19 1.11733
5 20 1.11733
5 21 1.11733
5 22 1.11733
5 23 1.11733
5 24 1.09666
5 25 1.08717
5 26 1.0789
5 27 1.07457
5 28 1.10004
5 29 1.10004
5 30 1.10004
5 31 1.10004
5 32 1.10004
5 33 1.0875
5 34 1.08078
5 35 1.07431
5 36 1.07104
5 37 1.14704
5 38 1.14704
5 39 1.14704
5 40 1.14704
5 41 1.14704
5 42 1.105
5 43 1.09371
5 44 1.08415
5 45 1.07853
5 46 1.12811
5 47 1.12811
5 48 1.12811
5 49 1.12811
5 50 1.12811
5 51 1.10087
5 52 1.09166
5 53 1.08252
5 54 1.07775
5 55 1.11072
5 56 1.11072
5 57 1.11072
5 58 1.11072
5 59 1.11072
5 60 1.09487
5 61 1.08739
5 62 1.07937
5 63 1.07486
5 64 1.09701
5 65 1.09701
5 66 1.09701
5 67 1.09701
5 68 1.09701
5 69 1.08648
5 70 1.0805
5 71 1.07439
5 72 1.07123
5 73 1.11884
5 74 1.11884
5 75 1.11884
5 76 1.11884
5 77 1.11884
5 78 1.09515
5 79 1.08761
5 80 1.08106
5 81 1.07643
5 82 1.11103
5 83 1.11103
5 84 1.11103
5 85 1.11103
5 86 1.11103
5 87 1.09275
5 88 1.08663
5 89 1.08022
5 90 1.07575
5 91 1.101
5 92 1.101
5 93 1.101
5 94 1.101
5 95 1.101
5 96 1.08972
5 97 1.0839
5 98 1.07724
5 99 1.07315
5 100 1.09123
5 101 1.09123
5 102 1.09123
5 103 1.09123
5 104 1.09123
5 105 1.08253
5 106 1.07766
5 107 1.07253
5 108 1.06982
5 109 1.10137
5 110 1.10137
5 111 1.10137
5 112 1.10137
5 113 1.10137
5 114 1.08681
5 115 1.08205
5 116 1.07677
5 117 1.07304
5 118 1.09714
5 119 1.09714
5 120 1.09714
5 121 1.09714
5 122 1.09714
5 123 1.08477
5 124 1.08115
5 125 1.07619
5 126 1.07233
5 127 1.09107
5 128 1.09107
5 129 1.09107
5 130 1.09107
5 131 1.09107
5 132 1.0825
5 133 1.07877
5 134 1.07358
5 135 1.07018
5 136 1.0843
5 137 1.0843
5 138 1.0843
5 139 1.0843
5 140 1.0843
5 141 1.07729
5 142 1.07357
5 143 1.0695
5 144 1.06731
6 1 1.11642
6 2 1.11642
6 3 1.11642
6 4 1.11642
6 5 1.11642
6 6 4.96796
6 7 1.88144
6 8 1.35794
6 9 1.20084
6 10 1.10827
6 11 1.10827
6 12 1.10827
6 13 1.10827
6 14 1.10827
6 15 1.39076
6 16 1.33087
6 17 1.22682
6 18 1.18351
6 19 1.09711
6 20 1.09711
6 21 1.09711
6 22 1.09711
6 23 1.09711
6 24 1.18214
6 25 1.18504
6 26 1.17059
6 27 1.15493
6 28 1.08735
6 29 1.08735
6 30 1.08735
6 31 1.08735
6 32 1.08735
6 33 1.12825
6 34 1.13386
6 35 1.13222
6 36 1.12971
6 37 1.10774
6 38 1.10774
6 39 1.10774
6 40 1.10774
6 41 1.10774
6 42 1.37128
6 43 1.31831
6 44 1.23412
6 45 1.1832
6 46 1.10426
6 47 1.10426
6 48 1.10426
6 49 1.10426
6 50 1.10426
6 51 1.23809
6 52 1.23171
6 53 1.19622
6 54 1.17229
6 55 1.09556
6 56 1.09556
6 57 1.09556
6 58 1.09556
6 59 1.09556
6 60 1.16681
6 61 1.16984
6 62 1.16039
6 63 1.14924
6 64 1.08662
6 65 1.08662
6 66 1.08662
6 67 1.08662
6 68 1.08662
6 69 1.12514
6 70 1.13041
6 71 1.12904
6 72 1.12701
6 73 1.09763
6 74 1.09763
6 75 1.09763
6 76 1.09763
6 77 1.09763
6 78 1.191
6 79 1.19042
6 80 1.17312
6 81 1.1567
6 82 1.09554
6 83 1.09554
6 84 1.09554
6 85 1.09554
6 86 1.09554
6 87 1.17229
6 88 1.17151
6 89 1.16182
6 90 1.15075
6 91 1.08991
6 92 1.08991
6 93 1.08991
6 94 1.08991
6 95 1.08991
6 96 1.14481
6 97 1.14711
6 98 1.1416
6 99 1.13548
6 100 1.08308
6 101 1.08308
6 102 1.08308
6 103 1.08308
6 104 1.08308
6 105 1.11326
6 106 1.11902
6 107 1.11943
6 108 1.11869
6 109 1.08831
6 110 1.08831
6 111 1.08831
6 112 1.08831
6 113 1.08831
6 114 1.13418
6 115 1.14306
6 116 1.13778
6 117 1.1327
6 118 1.08678
6 119 1.08678
6 120 1.08678
6 121 1.08678
6 122 1.08678
6 123 1.13239
6 124 1.1371
6 125 1.13367
6 126 1.12926
6 127 1.08302
6 128 1.08302
6 129 1.08302
6 130 1.08302
6 131 1.08302
6 132 1.11989
6 133 1.12511
6 134 1.12246
6 135 1.11972
6 136 1.07812
6 137 1.07812
6 138 1.07812
6 139 1.07812
6 140 1.07812
6 141 1.09996
6 142 1.10582
6 143 1.10762
6 144 1.10789
7 1 1.09906
7 2 1.09906
7 3 1.09906
7 4 1.09906
7 5 1.09906
7 6 1.88144
7 7 5.04356
7 8 1.8198
7 9 1.28655
7 10 1.09573
7 11 1.09573
7 12 1.09573
7 13 1.09573
7 14 1.09573
7 15 1.32997
7 16 1.40678
7 17 1.29748
7 18 1.2396
7 19 1.08857
7 20 1.08857
7 21 1.08857
7 22 1.08857
7 23 1.08857
7 24 1.18177
7 25 1.20636
7 26 1.20582
7 27 1.1915
7 28 1.08144
7 29 1.08144
7 30 1.08144
7 31 1.08144
7 32 1.08144
7 33 1.13313
7 34 1.14717
7 35 1.15342
7 36 1.15443
7 37 1.09586
7 38 1.09586
7 39 1.09586
7 40 1.09586
7 41 1.09586
7 42 1.33015
7 43 1.39631
7 44 1.30724
7 45 1.23865
7 46 1.09441
7 47 1.09441
7 48 1.09441
7 49 1.09441
7 50 1.09441
7 51 1.23175
7 52 1.25889
7 53 1.23819
7 54 1.21541
7 55 1.08826
7 56 1.08826
7 57 1.08826
7 58 1.08826
7 59 1.08826
7 60 1.16991
7 61 1.18553
7 62 1.18802
7 63 1.18036
7 64 1.08131
7 65 1.08131
7 66 1.08131
7 67 1.08131
7 68 1.08131
7 69 1.13016
7 70 1.14247
7 71 1.14802
7 72 1.14929
7 73 1.08964
7 74 1.08964
7 75 1.08964
7 76 1.08964
7 77 1.08964
7 78 1.19752
7 79 1.21413
7 80 1.2059
7 81 1.19257
7 82 1.0885
7 83 1.0885
7 84 1.0885
7 85 1.0885
7 86 1.0885
7 87 1.17883
7 88 1.18839
7 89 1.18813
7 90 1.18125
7 91 1.08422
7 92 1.08422
7 93 1.08422
7 94 1.08422
7 95 1.08422
7 96 1.15086
7 97 1.16025
7 98 1.16232
7 99 1.15981
7 100 1.07867
7 101 1.07867
7 102 1.07867
7 103 1.07867
7 104 1.07867
7 105 1.11847
7 106 1.12966
7 107 1.13541
7 108 1.13738
7 109 1.08284
7 110 1.08284
7 111 1.08284
7 112 1.08284
7 113 1.08284
7 114 1.14281
7 115 1.15842
7 116 1.1586
7 117 1.15701
7 118 1.0818
7 119 1.0818
7 120 1.0818
7 121 1.0818
7 122 1.0818
7 123 1.14098
7 124 1.1503
7 125 1.15195
7 126 1.15098
7 127 1.07875
7 128 1.07875
7 129 1.07875
7 130 1.07875
7 131 1.07875
7 132 1.12687
7 133 1.13649
7 134 1.13825
7 135 1.13819
7 136 1.07463
7 137 1.07463
7 138 1.07463
7 139 1.07463
7 140 1.07463
7 141 1.10486
7 142 1.11489
7 143 1.1206
7 144 1.1229
8 1 1.08547
8 2 1.08547
8 3 1.08547
8 4 1.08547
8 5 1.08547
8 6 1.35794
8 7 1.8198
8 8 5.90732
8 9 1.51211
8 10 1.0839
8 11 1.0839
8 12 1.0839
8 13 1.0839
8 14 1.0839
8 15 1.23143
8 16 1.31513
8 17 1.35145
8 18 1.31681
8 19 1.07965
8 20 1.07965
8 21 1.07965
8 22 1.07965
8 23 1.07965
8 24 1.16276
8 25 1.20187
8 26 1.23359
8 27 1.23326
8 28 1.07489
8 29 1.07489
8 30 1.07489
8 31 1.07489
8 32 1.07489
8 33 1.13048
8 34 1.15332
8 35 1.17255
8 36 1.18074
8 37 1.08449
8 38 1.08449
8 39 1.08449
8 40 1.08449
8 41 1.08449
8 42 1.23586
8 43 1.30193
8 44 1.35067
8 45 1.31449
8 46 1.08387
8 47 1.08387
8 48 1.08387
8 49 1.08387
8 50 1.08387
8 51 1.1901
8 52 1.23042
8 53 1.26084
8 54 1.2629
8 55 1.07991
8 56 1.07991
8 57 1.07991
8 58 1.07991
8 59 1.07991
8 60 1.15548
8 61 1.18203
8 62 1.2072
8 63 1.21178
8 64 1.07502
8 65 1.07502
8 66 1.07502
8 67 1.07502
8 68 1.07502
8 69 1.12739
8 70 1.14721
8 71 1.16367
8 72 1.17107
8 73 1.08097
8 74 1.08097
8 75 1.08097
8 76 1.08097
8 77 1.08097
8 78 1.17517
8 79 1.20153
8 80 1.22353
8 81 1.23125
8 82 1.08027
8 83 1.08027
8 84 1.08027
8 85 1.08027
8 86 1.08027
8 87 1.16344
8 88 1.182
8 89 1.20248
8 90 1.21014
8 91 1.07727
8 92 1.07727
8 93 1.07727
8 94 1.07727
8 95 1.07727
8 96 1.14335
8 97 1.16019
8 98 1.17603
8 99 1.18213
8 100 1.07315
8 101 1.07315
8 102 1.07315
8 103 1.07315
8 104 1.07315
8 105 1.11754
8 106 1.13441
8 107 1.148
8 108 1.15445
8 109 1.0764
8 110 1.0764
8 111 1.0764
8 112 1.0764
8 113 1.0764
8 114 1.13919
8 115 1.15974
8 116 1.17248
8 117 1.18041
8 118 1.07559
8 119 1.07559
8 120 1.07559
8 121 1.07559
8 122 1.07559
8 123 1.13801
8 124 1.1515
8 125 1.16305
8 126 1.17002
8 127 1.07326
8 128 1.07326
8 129 1.07326
8 130 1.07326
8 131 1.07326
8 132 1.12555
8 133 1.13945
8 134 1.14889
8 135 1.15409
8 136 1.07004
8 137 1.07004
8 138 1.07004
8 139 1.07004
8 140 1.07004
8 141 1.10552
8 142 1.11967
8 143 1.13062
8 144 1.1359
9 1 1.07842
9 2 1.07842
9 3 1.07842
9 4 1.07842
9 5 1.07842
9 6 1.20084
9 7 1.28655
9 8 1.51211
9 9 2.12602
9 10 1.07749
9 11 1.07749
9 12 1.07749
9 13 1.07749
9 14 1.07749
9 15 1.17621
9 16 1.2425
9 17 1.31659
9 18 1.36664
9 19 1.07465
9 20 1.07465
9 21 1.07465
9 22 1.07465
9 23 1.07465
9 24 1.14855
9 25 1.19183
9 26 1.24002
9 27 1.25584
9 28 1.07112
9 29 1.07112
9 30 1.07112
9 31 1.07112
9 32 1.07112
9 33 1.12704
9 34 1.15422
9 35 1.18125
9 36 1.19455
9 37 1.07832
9 38 1.07832
9 39 1.07832
9 40 1.07832
9 41 1.07832
9 42 1.18185
9 43 1.23168
9 44 1.30778
9 45 1.36773
9 46 1.07799
9 47 1.07799
9 48 1.07799
9 49 1.07799
9 50 1.07799
9 51 1.16297
9 52 1.20442
9 53 1.25878
9 54 1.28934
9 55 1.07514
9 56 1.07514
9 57 1.07514
9 58 1.07514
9 59 1.07514
9 60 1.14438
9 61 1.17538
9 62 1.21323
9 63 1.22789
9 64 1.07137
9 65 1.07137
9 66 1.07137
9 67 1.07137
9 68 1.07137
9 69 1.12408
9 70 1.14771
9 71 1.17064
9 72 1.18208
9 73 1.07612
9 74 1.07612
9 75 1.07612
9 76 1.07612
9 77 1.07612
9 78 1.15876
9 79 1.18822
9 80 1.2275
9 81 1.25435
9 82 1.07557
9 83 1.07557
9 84 1.07557
9 85 1.07557
9 86 1.07557
9 87 1.15152
9 88 1.17404
9 89 1.20666
9 90 1.22541
9 91 1.07324
9 92 1.07324
9 93 1.07324
9 94 1.07324
9 95 1.07324
9 96 1.13676
9 97 1.15735
9 98 1.18143
9 99 1.19339
9 100 1.0699
9 101 1.0699
9 102 1.0699
9 103 1.0699
9 104 1.0699
9 105 1.1157
9 106 1.13553
9 107 1.15373
9 108 1.16296
9 109 1.07272
9 110 1.07272
9 111 1.07272
9 112 1.07272
9 113 1.07272
9 114 1.1352
9 115 1.15802
9 116 1.17896
9 117 1.19367
9 118 1.07198
9 119 1.07198
9 120 1.07198
9 121 1.07198
9 122 1.07198
9 123 1.13437
9 124 1.14994
9 125 1.16769
9 126 1.17994
9 127 1.07003
9 128 1.07003
9 129 1.07003
9 130 1.07003
9 131 1.07003
9 132 1.12328
9 133 1.13939
9 134 1.15354
9 135 1.16207
9 136 1.06731
9 137 1.06731
9 138 1.06731
9 139 1.06731
9 140 1.06731
9 141 1.10498
9 142 1.1213
9 143 1.13528
9 144 1.14234
10 1 1.14572
10 2 1.14572
10 3 1.14572
10 4 1.14572
10 5 1.14572
10 6 1.10827
10 7 1.09573
10 8 1.0839
10 9 1.07749
10 10 1.30221
10 11 1.30221
10 12 1.30221
10 13 1.30221
10 14 1.30221
10 15 1.11984
10 16 1.09871
10 17 1.08469
10 18 1.07898
10 19 1.1603
10 20 1.1603
10 21 1.1603
10 22 1.1603
10 23 1.1603
10 24 1.11149
10 25 1.09565
10 26 1.08332
10 27 1.07755
10 28 1.12494
10 29 1.12494
10 30 1.12494
10 31 1.12494
10 32 1.12494
10 33 1.10061
10 34 1.08962
10 35 1.07979
10 36 1.07497
10 37 1.12826
10 38 1.12826
10 39 1.12826
10 40 1.12826
10 41 1.12826
10 42 1.10195
10 43 1.09251
10 44 1.08339
10 45 1.07782
10 46 1.14539
10 47 1.14539
10 48 1.14539
10 49 1.14539
10 50 1.14539
10 51 1.10757
10 52 1.09563
10 53 1.08483
10 54 1.07934
10 55 1.13385
10 56 1.13385
10 57 1.13385
10 58 1.13385
10 59 1.13385
10 60 1.10514
10 61 1.09426
10 62 1.08343
10 63 1.07774
10 64 1.11615
10 65 1.11615
10 66 1.11615
10 67 1.11615
10 68 1.11615
10 69 1.09728
10 70 1.08813
10 71 1.07941
10 72 1.075
10 73 1.11107
10 74 1.11107
10 75 1.11107
10 76 1.11107
10 77 1.11107
10 78 1.09357
10 79 1.08711
10 80 1.08054
10 81 1.07581
10 82 1.11754
10 83 1.11754
10 84 1.11754
10 85 1.11754
10 86 1.11754
10 87 1.09691
10 88 1.08944
10 89 1.08216
10 90 1.07713
10 91 1.11336
10 92 1.11336
10 93 1.11336
10 94 1.11336
10 95 1.11336
10 96 1.09643
10 97 1.0887
10 98 1.08055
10 99 1.0757
10 100 1.10435
10 101 1.10435
10 102 1.10435
10 103 1.10435
10 104 1.10435
10 105 1.09061
10 106 1.08367
10 107 1.0768
10 108 1.07324
10 109 1.09713
10 110 1.09713
10 111 1.09713
10 112 1.09713
10 113 1.09713
10 114 1.08554
10 115 1.08162
10 116 1.07624
10 117 1.07243
10 118 1.10025
10 119 1.10025
10 120 1.10025
10 121 1.10025
10 122 1.10025
10 123 1.08717
10 124 1.08305
10 125 1.07764
10 126 1.07344
10 127 1.09816
10 128 1.09816
10 129 1.09816
10 130 1.09816
10 131 1.09816
10 132 1.08675
10 133 1.08201
10 134 1.07616
10 135 1.07234
10 136 1.09311
10 137 1.09311
10 138 1.09311
10 139 1.09311
10 140 1.09311
10 141 1.08317
10 142 1.07816
10 143 1.07302
10 144 1.0703
11 1 1.14572
11 2 1.14572
11 3 1.14572
11 4 1.14572
11 5 1.14572
11 6 1.10827
11 7 1.09573
11 8 1.0839
11 9 1.07749
11 10 1.30221
11 11 1.30221
11 12 1.30221
11 13 1.30221
11 14 1.30221
11 15 1.11984
11 16 1.09871
11 17 1.08469
11 18 1.07898
11 19 1.1603
11 20 1.1603
11 21 1.1603
11 22 1.1603
11 23 1.1603
11 24 1.11149
11 25 1.09565
11 26 1.08332
11 27 1.07755
11 28 1.12494
11 29 1.12494
11 30 1.12494
11 31 1.12494
11 32 1.12494
11 33 1.10061
11 34 1.08962
11 35 1.07979
11 36 1.07497
11 37 1.12826
11 38 1.12826
11 39 1.12826
11 40 1.12826
11 41 1.12826
11 42 1.10195
11 43 1.09251
11 44 1.08339
11 45 1.07782
11 46 1.14539
11 47 1.14539
11 48 1.14539
11 49 1.14539
11 50 1.14539
11 51 1.10757
11 52 1.09563
11 53 1.08483
11 54 1.07934
11 55 1.13385
11 56 1.13385
11 57 1.13385
11 58 1.13385
11 59 1.13385
11 60 1.10514
11 61 1.09426
11 62 1.08343
11 63 1.07774
11 64 1.11615
11 65 1.11615
11 66 1.11615
11 67 1.11615
11 68 1.11615
11 69 1.09728
11 70 1.08813
11 71 1.07941
11 72 1.075
11 73 1.11107
11 74 1.11107
11 75 1.11107
11 76 1.11107
11 77 1.11107
11 78 1.09357
11 79 1.08711
11 80 1.08054
11 81 1.07581
11 82 1.11754
11 83 1.11754
11 84 1.11754
11 85 1.11754
11 86 1.11754
11 87 1.09691
11 88 1.08944
11 89 1.08216
11 90 1.07713
11 91 1.11336
11 92 1.11336
11 93 1.11336
11 94 1.11336
11 95 1.11336
11 96 1.09643
11 97 1.0887
11 98 1.08055
11 99 1.0757
11 100 1.10435
11 101 1.10435
11 102 1.10435
11 103 1.10435
11 104 1.10435
11 105 1.09061
11 106 1.08367
11 107 1.0768
11 108 1.07324
11 109 1.09713
11 110 1.09713
11 111 1.09713
11 112 1.09713
11 113 1.09713
11 114 1.08554
11 115 1.08162
11 116 1.07624
11 117 1.07243
11 118 1.10025
11 119 1.10025
11 120 1.10025
11 121 1.10025
11 122 1.10025
11 123 1.08717
11 124 1.08305
11 125 1.07764
11 126 1.07344
11 127 1.09816
11 128 1.09816
11 129 1.09816
11 130 1.09816
11 131 1.09816
11 132 1.08675
11 133 1.08201
11 134 1.07616
11 135 1.07234
11 136 1.09311
11 137 1.09311
11 138 1.09311
11 139 1.09311
11 140 1.09311
11 141 1.08317
11 142 1.07816
11 143 1.07302
11 144 1.0703
12 1 1.14572
12 2 1.14572
12 3 1.14572
12 4 1.14572
12 5 1.14572
12 6 1.10827
12 7 1.09573
12 8 1.0839
12 9 1.07749
12 10 1.30221
12 11 1.30221
12 12 1.30221
12 13 1.30221
12 14 1.30221
12 15 1.11984
12 16 1.09871
12 17 1.08469
12 18 1.07898
12 19 1.1603
12 20 1.1603
12 21 1.1603
12 22 1.1603
12 23 1.1603
12 24 1.11149
12 25 1.09565
12 26 1.08332
12 27 1.07755
12 28 1.12494
12 29 1.12494
12 30 1.12494
12 31 1.12494
12 32 1.12494
12 33 1.10061
12 34 1.08962
12 35 1.07979
12 36 1.07497
12 37 1.12826
12 38 1.12826
12 39 1.12826
12 40 1.12826
12 41 1.12826
12 42 1.10195
12 43 1.09251
12 44 1.08339
12 45 1.07782
12 46 1.14539
12 47 1.14539
12 48 1.14539
12 49 1.14539
12 50 1.14539
12 51 1.10757
12 52 1.09563
12 53 1.08483
12 54 1.07934
12 55 1.13385
12 56 1.13385
12 57 1.13385
12 58 1.13385
12 59 1.13385
12 60 1.10514
12 61 1.09426
12 62 1.08343
12 63 1.07774
12 64 1.11615
12 65 1.11615
12 66 1.11615
12 67 1.11615
12 68 1.11615
12 69 1.09728
12 70 1.08813
12 71 1.07941
12 72 1.075
12 73 1.11107
12 74 1.11107
12 75 1.11107
12 76 1.11107
12 77 1.11107
12 78 1.09357
12 79 1.08711
12 80 1.08054
12 81 1.07581
12 82 1.11754
12 83 1.11754
12 84 1.11754
12 85 1.11754
12 86 1.11754
12 87 1.09691
12 88 1.08944
12 89 1.08216
12 90 1.07713
12 91 1.11336
12 92 1.11336
12 93 1.11336
12 94 1.11336
12 95 1.11336
12 96 1.09643
12 97 1.0887
12 98 1.08055
12 99 1.0757
12 100 1.10435
12 101 1.10435
12 102 1.10435
12 103 1.10435
12 104 1.10435
12 105 1.09061
12 106 1.08367
12 107 1.0768
12 108 1.07324
12 109 1.09713
12 110 1.09713
12 111 1.09713
12 112 1.09713
12 113 1.09713
12 114 1.08554
12 115 1.08162
12 116 1.07624
12 117 1.07243
12 118 1.10025
12 119 1.10025
12 120 1.10025
12 121 1.10025
12 122 1.10025
12 123 1.08717
12 124 1.08305
12 125 1.07764
12 126 1.07344
12 127 1.09816
12 128 1.09816
12 129 1.09816
12 130 1.09816
12 131 1.09816
12 132 1.08675
12 133 1.08201
12 134 1.07616
12 135 1.07234
12 136 1.09311
12 137 1.09311
12 138 1.09311
12 139 1.09311
12 140 1.09311
12 141 1.08317
12 142 1.07816
12 143 1.07302
12 144 1.0703
13 1 1.14572
13 2 1.14572
13 3 1.14572
13 4 1.14572
13 5 1.14572
13 6 1.10827
13 7 1.09573
13 8 1.0839
13 9 1.07749
13 10 1.30221
13 11 1.30221
13 12 1.30221
13 13 1.30221
13 14 1.30221
13 15 1.11984
13 16 1.09871
13 17 1.08469
13 18 1.07898
13 19 1.1603
13 20 1.1603
13 21 1.1603
13 22 1.1603
13 23 1.1603
13 24 1.11149
13 25 1.09565
13 26 1.08332
13 27 1.07755
13 28 1.12494
13 29 1.12494
13 30 1.12494
13 31 1.12494
13 32 1.12494
13 33 1.10061
13 34 1.08962
13 35 1.07979
13 36 1.07497
13 37 1.12826
13 38 1.12826
13 39 1.12826
13 40 1.12826
13 41 1.12826
13 42 1.10195
13 43 1.09251
13 44 1.08339
13 45 1.07782
13 46 1.14539
13 47 1.14539
13 48 1.14539
13 49 1.14539
13 50 1.14539
13 51 1.10757
13 52 1.09563
13 53 1.08483
13 54 1.07934
13 55 1.13385
13 56 1.13385
13 57 1.13385
13 58 1.13385
13 59 1.13385
13 60 1.10514
13 61 1.09426
13 62 1.08343
13 63 1.07774
13 64 1.11615
13 65 1.11615
13 66 1.11615
13 67 1.11615
13 68 1.11615
13 69 1.09728
13 70 1.08813
13 71 1.07941
13 72 1.075
13 73 1.11107
13 74 1.11107
13 75 1.11107
13 76 1.11107
13 77 1.11107
13 78 1.09357
13 79 1.08711
13 80 1.08054
13 81 1.07581
13 82 1.11754
13 83 1.11754
13 84 1.11754
13 85 1.11754
13 86 1.11754
13 87 1.09691
13 88 1.08944
13 89 1.08216
13 90 1.07713
13 91 1.11336
13 92 1.11336
13 93 1.11336
13 94 1.11336
13 95 1.11336
13 96 1.09643
13 97 1.0887
13 98 1.08055
13 99 1.0757
13 100 1.10435
13 101 1.10435
13 102 1.10435
13 103 1.10435
13 104 1.10435
13 105 1.09061
13 106 1.08367
13 107 1.0768
13 108 1.07324
13 109 1.09713
13 110 1.09713
13 111 1.09713
13 112 1.09713
13 113 1.09713
13 114 1.08554
13 115 1.08162
13 116 1.07624
13 117 1.07243
13 118 1.10025
13 119 1.10025
13 120 1.10025
13 121 1.10025
13 122 1.10025
13 123 1.08717
13 124 1.08305
13 125 1.07764
13 126 1.07344
13 127 1.09816
13 128 1.09816
13 129 1.09816
13 130 1.09816
13 131 1.09816
13 132 1.08675
13 133 1.08201
13 134 1.07616
13 135 1.07234
13 136 1.09311
13 137 1.09311
13 138 1.09311
13 139 1.09311
13 140 1.09311
13 141 1.08317
13 142 1.07816
13 143 1.07302
13 144 1.0703
14 1 1.14572
14 2 1.14572
14 3 1.14572
14 4 1.14572
14 5 1.14572
14 6 1.10827
14 7 1.09573
14 8 1.0839
14 9 1.07749
14 10 1.30221
14 11 1.30221
14 12 1.30221
14 13 1.30221
14 14 1.30221
14 15 1.11984
14 16 1.09871
14 17 1.08469
14 18 1.07898
14 19 1.1603
14 20 1.1603
14 21 1.1603
14 22 1.1603
14 23 1.1603
14 24 1.11149
14 25 1.09565
14 26 1.08332
14 27 1.07755
14 28 1.12494
14 29 1.12494
14 30 1.12494
14 31 1.12494
14 32 1.12494
14 33 1.10061
14 34 1.08962
14 35 1.07979
14 36 1.07497
14 37 1.12826
14 38 1.12826
14 39 1.12826
14 40 1.12826
14 41 1.12826
14 42 1.10195
14 43 1.09251
14 44 1.08339
14 45 1.07782
14 46 1.14539
14 47 1.14539
14 48 1.14539
14 49 1.14539
14 50 1.14539
14 51 1.10757
14 52 1.09563
14 53 1.08483
14 54 1.07934
14 55 1.13385
14 56 1.13385
14 57 1.13385
14 58 1.13385
14 59 1.13385
14 60 1.10514
14 61 1.09426
14 62 1.08343
14 63 1.07774
14 64 1.11615
14 65 1.11615
14 66 1.11615
14 67 1.11615
14 68 1.11615
14 69 1.09728
14 70 1.08813
14 71 1.07941
14 72 1.075
14 73 1.11107
14 74 1.11107
14 75 1.11107
14 76 1.11107
14 77 1.11107
14 78 1.09357
14 79 1.08711
14 80 1.08054
14 81 1.07581
14 82 1.11754
14 83 1.11754
14 84 1.11754
14 85 1.11754
14 86 1.11754
14 87 1.09691
14 88 1.08944
14 89 1.08216
14 90 1.07713
14 91 1.11336
14 92 1.11336
14 93 1.11336
14 94 1.11336
14 95 1.11336
14 96 1.09643
14 97 1.0887
14 98 1.08055
14 99 1.0757
14 100 1.10435
14 101 1.10435
14 102 1.10435
14 103 1.10435
14 104 1.10435
14 105 1.09061
14 106 1.08367
14 107 1.0768
14 108 1.07324
14 109 1.09713
14 110 1.09713
14 111 1.09713
14 112 1.09713
14 113 1.09713
14 114 1.08554
14 115 1.08162
14 116 1.07624
14 117 1.07243
14 118 1.10025
14 119 1.10025
14 120 1.10025
14 121 1.10025
14 122 1.10025
14 123 1.08717
14 124 1.08305
14 125 1.07764
14 126 1.07344
14 127 1.09816
14 128 1.09816
14 129 1.09816
14 130 1.09816
14 131 1.09816
14 132 1.08675
14 133 1.08201
14 134 1.07616
14 135 1.07234
14 136 1.09311
14 137 1.09311
14 138 1.09311
14 139 1.09311
14 140 1.09311
14 141 1.08317
14 142 1.07816
14 143 1.07302
14 144 1.0703
15 1 1.1083
15 2 1.1083
15 3 1.1083
15 4 1.1083
15 5 1.1083
15 6 1.39076
15 7 1.32997
15 8 1.23143
15 9 1.17621
15 10 1.11984
15 11 1.11984
15 12 1.11984
15 13 1.11984
15 14 1.11984
15 15 5.08574
15 16 1.79978
15 17 1.30301
15 18 1.19967
15 19 1.11026
15 20 1.11026
15 21 1.11026
15 22 1.11026
15 23 1.11026
15 24 1.46869
15 25 1.35123
15 26 1.23592
15 27 1.17968
15 28 1.09837
15 29 1.09837
15 30 1.09837
15 31 1.09837
15 32 1.09837
15 33 1.20692
15 34 1.19875
15 35 1.16938
15 36 1.15141
15 37 1.10411
15 38 1.10411
15 39 1.10411
15 40 1.10411
15 41 1.10411
15 42 1.2548
15 43 1.24024
15 44 1.19685
15 45 1.16692
15 46 1.11195
15 47 1.11195
15 48 1.11195
15 49 1.11195
15 50 1.11195
15 51 1.32315
15 52 1.27992
15 53 1.21789
15 54 1.18157
15 55 1.10608
15 56 1.10608
15 57 1.10608
15 58 1.10608
15 59 1.10608
15 60 1.2492
15 61 1.23469
15 62 1.19534
15 63 1.16744
15 64 1.09631
15 65 1.09631
15 66 1.09631
15 67 1.09631
15 68 1.09631
15 69 1.17213
15 70 1.17188
15 71 1.15581
15 72 1.14504
15 73 1.09599
15 74 1.09599
15 75 1.09599
15 76 1.09599
15 77 1.09599
15 78 1.17341
15 79 1.175
15 80 1.16068
15 81 1.14734
15 82 1.10014
15 83 1.10014
15 84 1.10014
15 85 1.10014
15 86 1.10014
15 87 1.19515
15 88 1.18617
15 89 1.17093
15 90 1.15575
15 91 1.09708
15 92 1.09708
15 93 1.09708
15 94 1.09708
15 95 1.09708
15 96 1.17603
15 97 1.17267
15 98 1.15858
15 99 1.147
15 100 1.09063
15 101 1.09063
15 102 1.09063
15 103 1.09063
15 104 1.09063
15 105 1.13638
15 106 1.14091
15 107 1.13599
15 108 1.13182
15 109 1.08747
15 110 1.08747
15 111 1.08747
15 112 1.08747
15 113 1.08747
15 114 1.13001
15 115 1.13879
15 116 1.13262
15 117 1.12723
15 118 1.08967
15 119 1.08967
15 120 1.08967
15 121 1.08967
15 122 1.08967
15 123 1.14048
15 124 1.14349
15 125 1.1381
15 126 1.13202
15 127 1.08783
15 128 1.08783
15 129 1.08783
15 130 1.08783
15 131 1.08783
15 132 1.13209
15 133 1.13607
15 134 1.13126
15 135 1.12685
15 136 1.08376
15 137 1.08376
15 138 1.08376
15 139 1.08376
15 140 1.08376
15 141 1.11155
15 142 1.11742
15 143 1.11774
15 144 1.11695
16 1 1.09375
16 2 1.09375
16 3 1.09375
16 4 1.09375
16 5 1.09375
16 6 1.33087
16 7 1.40678
16 8 1.31513
16 9 1.2425
16 10 1.09871
16 11 1.09871
16 12 1.09871
16 13 1.09871
16 14 1.09871
16 15 1.79978
16 16 5.44216
16 17 1.70956
16 18 1.31089
16 19 1.09425
16 20 1.09425
16 21 1.09425
16 22 1.09425
16 23 1.09425
16 24 1.35244
16 25 1.51626
16 26 1.36724
16 27 1.25996
16 28 1.08747
16 29 1.08747
16 30 1.08747
16 31 1.08747
16 32 1.08747
16 33 1.20326
16 34 1.23248
16 35 1.2189
16 36 1.20246
16 37 1.09201
16 38 1.09201
16 39 1.09201
16 40 1.09201
16 41 1.09201
16 42 1.2429
16 43 1.26876
16 44 1.24337
16 45 1.21695
16 46 1.09662
16 47 1.09662
16 48 1.09662
16 49 1.09662
16 50 1.09662
16 51 1.27495
16 52 1.32797
16 53 1.29083
16 54 1.24715
16 55 1.09298
16 56 1.09298
16 57 1.09298
16 58 1.09298
16 59 1.09298
16 60 1.23113
16 61 1.26696
16 62 1.25319
16 63 1.22446
16 64 1.08662
16 65 1.08662
16 66 1.08662
16 67 1.08662
16 68 1.08662
16 69 1.17315
16 70 1.1932
16 71 1.1923
16 72 1.18683
16 73 1.08695
16 74 1.08695
16 75 1.08695
16 76 1.08695
16 77 1.08695
16 78 1.17743
16 79 1.19202
16 80 1.18933
16 81 1.18222
16 82 1.08976
16 83 1.08976
16 84 1.08976
16 85 1.08976
16 86 1.08976
16 87 1.19338
16 88 1.20231
16 89 1.20407
16 90 1.19598
16 91 1.08756
16 92 1.08756
16 93 1.08756
16 94 1.08756
16 95 1.08756
16 96 1.17609
16 97 1.18817
16 98 1.18961
16 99 1.18481
16 100 1.08291
16 101 1.08291
16 102 1.08291
16 103 1.08291
16 104 1.08291
16 105 1.14088
16 106 1.15628
16 107 1.16209
16 108 1.16308
16 109 1.08088
16 110 1.08088
16 111 1.08088
16 112 1.08088
16 113 1.08088
16 114 1.13686
16 115 1.15221
16 116 1.15262
16 117 1.15171
16 118 1.08248
16 119 1.08248
16 120 1.08248
16 121 1.08248
16 122 1.08248
16 123 1.14713
16 124 1.15641
16 125 1.15913
16 126 1.15864
16 127 1.08102
16 128 1.08102
16 129 1.08102
16 130 1.08102
16 131 1.08102
16 132 1.13791
16 133 1.14873
16 134 1.15204
16 135 1.15261
16 136 1.07788
16 137 1.07788
16 138 1.07788
16 139 1.07788
16 140 1.07788
16 141 1.11687
16 142 1.12954
16 143 1.13686
16 144 1.13974
17 1 1.08219
17 2 1.08219
17 3 1.08219
17 4 1.08219
17 5 1.08219
17 6 1.22682
17 7 1.29748
17 8 1.35145
17 9 1.31659
17 10 1.08469
17 11 1.08469
17 12 1.08469
17 13 1.08469
17 14 1.08469
17 15 1.30301
17 16 1.70956
17 17 3.80973
17 18 1.53055
17 19 1.08259
17 20 1.08259
17 21 1.08259
17 22 1.08259
17 23 1.08259
17 24 1.23638
17 25 1.36106
17 26 1.49916
17 27 1.36805
17 28 1.07888
17 29 1.07888
17 30 1.07888
17 31 1.07888
17 32 1.07888
17 33 1.17744
17 34 1.22363
17 35 1.25727
17 36 1.26034
17 37 1.08188
17 38 1.08188
17 39 1.08188
17 40 1.08188
17 41 1.08188
17 42 1.19762
17 43 1.23693
17 44 1.26441
17 45 1.26595
17 46 1.08474
17 47 1.08474
17 48 1.08474
17 49 1.08474
17 50 1.08474
17 51 1.20977
17 52 1.27379
17 53 1.34647
17 54 1.32351
17 55 1.08269
17 56 1.08269
17 57 1.08269
17 58 1.08269
17 59 1.08269
17 60 1.19292
17 61 1.24581
17 62 1.29828
17 63 1.29002
17 64 1.07879
17 65 1.07879
17 66 1.07879
17 67 1.07879
17 68 1.07879
17 69 1.16101
17 70 1.19582
17 71 1.22319
17 72 1.23217
17 73 1.07898
17 74 1.07898
17 75 1.07898
17 76 1.07898
17 77 1.07898
17 78 1.16424
17 79 1.18775
17 80 1.20573
17 81 1.21333
17 82 1.08096
17 83 1.08096
17 84 1.08096
17 85 1.08096
17 86 1.08096
17 87 1.17491
17 88 1.19662
17 89 1.22602
17 90 1.23507
17 91 1.07957
17 92 1.07957
17 93 1.07957
17 94 1.07957
17 95 1.07957
17 96 1.16341
17 97 1.18773
17 98 1.21365
17 99 1.2232
17 100 1.07644
17 101 1.07644
17 102 1.07644
17 103 1.07644
17 104 1.07644
17 105 1.13867
17 106 1.16406
17 107 1.18525
17 108 1.19496
17 109 1.07486
17 110 1.07486
17 111 1.07486
17 112 1.07486
17 113 1.07486
17 114 1.13552
17 115 1.1556
17 116 1.16595
17 117 1.17246
17 118 1.0761
17 119 1.0761
17 120 1.0761
17 121 1.0761
17 122 1.0761
17 123 1.14491
17 124 1.1595
17 125 1.17386
17 126 1.18245
17 127 1.07508
17 128 1.07508
17 129 1.07508
17 130 1.07508
17 131 1.07508
17 132 1.13695
17 133 1.15396
17 134 1.16856
17 135 1.17677
17 136 1.07282
17 137 1.07282
17 138 1.07282
17 139 1.07282
17 140 1.07282
17 141 1.11886
17 142 1.13802
17 143 1.15395
17 144 1.16177
18 1 1.0774
18 2 1.0774
18 3 1.0774
18 4 1.0774
18 5 1.0774
18 6 1.18351
18 7 1.2396
18 8 1.31681
18 9 1.36664
18 10 1.07898
18 11 1.07898
18 12 1.07898
18 13 1.07898
18 14 1.07898
18 15 1.19967
18 16 1.31089
18 17 1.53055
18 18 2.09994
18 19 1.07756
18 20 1.07756
18 21 1.07756
18 22 1.07756
18 23 1.07756
18 24 1.18484
18 25 1.26405
18 26 1.37503
18 27 1.43087
18 28 1.07496
18 29 1.07496
18 30 1.07496
18 31 1.07496
18 32 1.07496
18 33 1.15947
18 34 1.2065
18 35 1.25852
18 36 1.28585
18 37 1.07746
18 38 1.07746
18 39 1.07746
18 40 1.07746
18 41 1.07746
18 42 1.17367
18 43 1.21343
18 44 1.26169
18 45 1.2903
18 46 1.0795
18 47 1.0795
18 48 1.0795
18 49 1.0795
18 50 1.0795
18 51 1.17687
18 52 1.22998
18 53 1.31082
18 54 1.35768
18 55 1.07798
18 56 1.07798
18 57 1.07798
18 58 1.07798
18 59 1.07798
18 60 1.16843
18 61 1.21707
18 62 1.28453
18 63 1.31525
18 64 1.07505
18 65 1.07505
18 66 1.07505
18 67 1.07505
18 68 1.07505
18 69 1.14977
18 70 1.18773
18 71 1.22807
18 72 1.24912
18 73 1.07533
18 74 1.07533
18 75 1.07533
18 76 1.07533
18 77 1.07533
18 78 1.15453
18 79 1.18062
18 80 1.2089
18 81 1.22616
18 82 1.07683
18 83 1.07683
18 84 1.07683
18 85 1.07683
18 86 1.07683
18 87 1.16129
18 88 1.18621
18 89 1.22636
18 90 1.24873
18 91 1.07572
18 92 1.07572
18 93 1.07572
18 94 1.07572
18 95 1.07572
18 96 1.15237
18 97 1.17986
18 98 1.21636
18 99 1.23619
18 100 1.07323
18 101 1.07323
18 102 1.07323
18 103 1.07323
18 104 1.07323
18 105 1.1339
18 106 1.16254
18 107 1.191
18 108 1.2059
18 109 1.07198
18 110 1.07198
18 111 1.07198
18 112 1.07198
18 113 1.07198
18 114 1.13241
18 115 1.15395
18 116 1.16952
18 117 1.18019
18 118 1.07296
18 119 1.07296
18 120 1.07296
18 121 1.07296
18 122 1.07296
18 123 1.14042
18 124 1.1568
18 125 1.17669
18 126 1.19024
18 127 1.07209
18 128 1.07209
18 129 1.07209
18 130 1.07209
18 131 1.07209
18 132 1.13323
18 133 1.15236
18 134 1.17226
18 135 1.18452
18 136 1.07021
18 137 1.07021
18 138 1.07021
18 139 1.07021
18 140 1.07021
18 141 1.11741
18 142 1.13889
18 143 1.15871
18 144 1.16896
19 1 1.11733
19 2 1.11733
19 3 1.11733
19 4 1.11733
19 5 1.11733
19 6 1.09711
19 7 1.08857
19 8 1.07965
19 9 1.07465
19 10 1.1603
19 11 1.1603
19 12 1.1603
19 13 1.1603
19 14 1.1603
19 15 1.11026
19 16 1.09425
19 17 1.08259
19 18 1.07756
19 19 1.30295
19 20 1.30295
19 21 1.30295
19 22 1.30295
19 23 1.30295
19 24 1.11762
19 25 1.09773
19 26 1.08368
19 27 1.07762
19 28 1.1611
19 29 1.1611
19 30 1.1611
19 31 1.1611
19 32 1.1611
19 33 1.11106
19 34 1.09515
19 35 1.08241
19 36 1.07641
19 37 1.11078
19 38 1.11078
19 39 1.11078
19 40 1.11078
19 41 1.11078
19 42 1.09414
19 43 1.08712
19 44 1.07972
19 45 1.07506
19 46 1.13378
19 47 1.13378
19 48 1.13378
19 49 1.13378
19 50 1.13378
19 51 1.10281
19 52 1.09232
19 53 1.08278
19 54 1.0779
19 55 1.14583
19 56 1.14583
19 57 1.14583
19 58 1.14583
19 59 1.14583
19 60 1.10674
19 61 1.09483
19 62 1.08342
19 63 1.07768
19 64 1.13465
19 65 1.13465
19 66 1.13465
19 67 1.13465
19 68 1.13465
19 69 1.10402
19 70 1.09203
19 71 1.08146
19 72 1.07627
19 73 1.10103
19 74 1.10103
19 75 1.10103
19 76 1.10103
19 77 1.10103
19 78 1.08832
19 79 1.08323
19 80 1.07751
19 81 1.07335
19 82 1.11336
19 83 1.11336
19 84 1.11336
19 85 1.11336
19 86 1.11336
19 87 1.09419
19 88 1.08716
19 89 1.08047
19 90 1.07586
19 91 1.11774
19 92 1.11774
19 93 1.11774
19 94 1.11774
19 95 1.11774
19 96 1.09673
19 97 1.08857
19 98 1.08038
19 99 1.07562
19 100 1.11395
19 101 1.11395
19 102 1.11395
19 103 1.11395
19 104 1.11395
19 105 1.09484
19 106 1.0863
19 107 1.07837
19 108 1.07434
19 109 1.09107
19 110 1.09107
19 111 1.09107
19 112 1.09107
19 113 1.09107
19 114 1.08185
19 115 1.07869
19 116 1.07378
19 117 1.07031
19 118 1.09817
19 119 1.09817
19 120 1.09817
19 121 1.09817
19 122 1.09817
19 123 1.08545
19 124 1.08142
19 125 1.07633
19 126 1.07239
19 127 1.10035
19 128 1.10035
19 129 1.10035
19 130 1.10035
19 131 1.10035
19 132 1.08689
19 133 1.08174
19 134 1.07601
19 135 1.07228
19 136 1.0986
19 137 1.0986
19 138 1.0986
19 139 1.0986
19 140 1.0986
19 141 1.08599
19 142 1.08002
19 143 1.07425
19 144 1.07125
20 1 1.11733
20 2 1.11733
20 3 1.11733
20 4 1.11733
20 5 1.11733
20 6 1.09711
20 7 1.08857
20 8 1.07965
20 9 1.07465
20 10 1.1603
20 11 1.1603
20 12 1.1603
20 13 1.1603
20 14 1.1603
20 15 1.11026
20 16 1.09425
20 17 1.08259
20 18 1.07756
20 19 1.30295
20 20 1.30295
20 21 1.30295
20 22 1.30295
20 23 1.30295
20 24 1.11762
20 25 1.09773
20 26 1.08368
20 27 1.07762
20 28 1.1611
20 29 1.1611
20 30 1.1611
20 31 1.1611
20 32 1.1611
20 33 1.11106
20 34 1.09515
20 35 1.08241
20 36 1.07641
20 37 1.11078
20 38 1.11078
20 39 1.11078
20 40 1.11078
20 41 1.11078
20 42 1.09414
20 43 1.08712
20 44 1.07972
20 45 1.07506
20 46 1.13378
20 47 1.13378
20 48 1.13378
20 49 1.13378
20 50 1.13378
20 51 1.10281
20 52 1.09232
20 53 1.08278
20 54 1.0779
20 55 1.14583
20 56 1.14583
20 57 1.14583
20 58 1.14583
20 59 1.14583
20 60 1.10674
20 61 1.09483
20 62 1.08342
20 63 1.07768
20 64 1.13465
20 65 1.13465
20 66 1.13465
20 67 1.13465
20 68 1.13465
20 69 1.10402
20 70 1.09203
20 71 1.08146
20 72 1.07627
20 73 1.10103
20 74 1.10103
20 75 1.10103
20 76 1.10103
20 77 1.10103
20 78 1.08832
20 79 1.08323
20 80 1.07751
20 81 1.07335
20 82 1.11336
20 83 1.11336
20 84 1.11336
20 85 1.11336
20 86 1.11336
20 87 1.09419
20 88 1.08716
20 89 1.08047
20 90 1.07586
20 91 1.11774
20 92 1.11774
20 93 1.11774
20 94 1.11774
20 95 1.11774
20 96 1.09673
20 97 1.08857
20 98 1.08038
20 99 1.07562
20 100 1.11395
20 101 1.11395
20 102 1.11395
20 103 1.11395
20 104 1.11395
20 105 1.09484
20 106 1.0863
20 107 1.07837
20 108 1.07434
20 109 1.09107
20 110 1.09107
20 111 1.09107
20 112 1.09107
20 113 1.09107
20 114 1.08185
20 115 1.07869
20 116 1.07378
20 117 1.07031
20 118 1.09817
20 119 1.09817
20 120 1.09817
20 121 1.09817
20 122 1.09817
20 123 1.08545
20 124 1.08142
20 125 1.07633
20 126 1.07239
20 127 1.10035
20 128 1.10035
20 129 1.10035
20 130 1.10035
20 131 1.10035
20 132 1.08689
20 133 1.08174
20 134 1.07601
20 135 1.07228
20 136 1.0986
20 137 1.0986
20 138 1.0986
20 139 1.0986
20 140 1.0986
20 141 1.08599
20 142 1.08002
20 143 1.07425
20 144 1.07125
21 1 1.11733
21 2 1.11733
21 3 1.11733
21 4 1.11733
21 5 1.11733
21 6 1.09711
21 7 1.08857
21 8 1.07965
21 9 1.07465
21 10 1.1603
21 11 1.1603
21 12 1.1603
21 13 1.1603
21 14 1.1603
21 15 1.11026
21 16 1.09425
21 17 1.08259
21 18 1.07756
21 19 1.30295
21 20 1.30295
21 21 1.30295
21 22 1.30295
21 23 1.30295
21 24 1.11762
21 25 1.09773
21 26 1.08368
21 27 1.07762
21 28 1.1611
21 29 1.1611
21 30 1.1611
21 31 1.1611
21 32 1.1611
21 33 1.11106
21 34 1.09515
21 35 1.08241
21 36 1.07641
21 37 1.11078
21 38 1.11078
21 39 1.11078
