injected_el measured_el potential
1 1 1.30433
1 2 1.30433
1 3 1.30433
1 4 1.30433
1 5 1.30433
1 6 1.11808
1 7 1.09815
1 8 1.08406
1 9 1.07746
1 10 1.14624
1 11 1.14624
1 12 1.14624
1 13 1.14624
1 14 1.14624
1 15 1.10733
1 16 1.09216
1 17 1.08078
1 18 1.07579
1 19 1.11765
1 20 1.11765
1 21 1.11765
1 22 1.11765
1 23 1.11765
1 24 1.09573
1 25 1.08581
1 26 1.0773
1 27 1.0731
1 28 1.10022
1 29 1.10022
1 30 1.10022
1 31 1.10022
1 32 1.10022
1 33 1.08626
1 34 1.07941
1 35 1.07309
1 36 1.06994
1 37 1.14714
1 38 1.14714
1 39 1.14714
1 40 1.14714
1 41 1.14714
1 42 1.10633
1 43 1.09384
1 44 1.08311
1 45 1.07774
1 46 1.12849
1 47 1.12849
1 48 1.12849
1 49 1.12849
1 50 1.12849
1 51 1.10195
1 52 1.08991
1 53 1.08012
1 54 1.07606
1 55 1.111
1 56 1.111
1 57 1.111
1 58 1.111
1 59 1.111
1 60 1.09318
1 61 1.08485
1 62 1.07714
1 63 1.07329
1 64 1.09715
1 65 1.09715
1 66 1.09715
1 67 1.09715
1 68 1.09715
1 69 1.08511
1 70 1.0789
1 71 1.07303
1 72 1.07008
1 73 1.11883
1 74 1.11883
1 75 1.11883
1 76 1.11883
1 77 1.11883
1 78 1.09578
1 79 1.08762
1 80 1.08009
1 81 1.07598
1 82 1.11109
1 83 1.11109
1 84 1.11109
1 85 1.11109
1 86 1.11109
1 87 1.09378
1 88 1.0857
1 89 1.07785
1 90 1.07446
1 91 1.10111
1 92 1.10111
1 93 1.10111
1 94 1.10111
1 95 1.10111
1 96 1.0887
1 97 1.0819
1 98 1.07523
1 99 1.07188
1 100 1.09131
1 101 1.09131
1 102 1.09131
1 103 1.09131
1 104 1.09131
1 105 1.08172
1 106 1.07648
1 107 1.07142
1 108 1.06884
1 109 1.10132
1 110 1.10132
1 111 1.10132
1 112 1.10132
1 113 1.10132
1 114 1.08652
1 115 1.08115
1 116 1.0762
1 117 1.07287
1 118 1.0971
1 119 1.0971
1 120 1.0971
1 121 1.0971
1 122 1.0971
1 123 1.08563
1 124 1.07984
1 125 1.07439
1 126 1.07162
1 127 1.09108
1 128 1.09108
1 129 1.09108
1 130 1.09108
1 131 1.09108
1 132 1.08229
1 133 1.07712
1 134 1.07209
1 135 1.06936
1 136 1.08433
1 137 1.08433
1 138 1.08433
1 139 1.08433
1 140 1.08433
1 141 1.07689
1 142 1.0728
1 143 1.06872
1 144 1.06661
2 1 1.30433
2 2 1.30433
2 3 1.30433
2 4 1.30433
2 5 1.30433
2 6 1.11808
2 7 1.09815
2 8 1.08406
2 9 1.07746
2 10 1.14624
2 11 1.14624
2 12 1.14624
2 13 1.14624
2 14 1.14624
2 15 1.10733
2 16 1.09216
2 17 1.08078
2 18 1.07579
2 19 1.11765
2 20 1.11765
2 21 1.11765
2 22 1.11765
2 23 1.11765
2 24 1.09573
2 25 1.08581
2 26 1.0773
2 27 1.0731
2 28 1.10022
2 29 1.10022
2 30 1.10022
2 31 1.10022
2 32 1.10022
2 33 1.08626
2 34 1.07941
2 35 1.07309
2 36 1.06994
2 37 1.14714
2 38 1.14714
2 39 1.14714
2 40 1.14714
2 41 1.14714
2 42 1.10633
2 43 1.09384
2 44 1.08311
2 45 1.07774
2 46 1.12849
2 47 1.12849
2 48 1.12849
2 49 1.12849
2 50 1.12849
2 51 1.10195
2 52 1.08991
2 53 1.08012
2 54 1.07606
2 55 1.111
2 56 1.111
2 57 1.111
2 58 1.111
2 59 1.111
2 60 1.09318
2 61 1.08485
2 62 1.07714
2 63 1.07329
2 64 1.09715
2 65 1.09715
2 66 1.09715
2 67 1.09715
2 68 1.09715
2 69 1.08511
2 70 1.0789
2 71 1.07303
2 72 1.07008
2 73 1.11883
2 74 1.11883
2 75 1.11883
2 76 1.11883
2 77 1.11883
2 78 1.09578
2 79 1.08762
2 80 1.08009
2 81 1.07598
2 82 1.11109
2 83 1.11109
2 84 1.11109
2 85 1.11109
2 86 1.11109
2 87 1.09378
2 88 1.0857
2 89 1.07785
2 90 1.07446
2 91 1.10111
2 92 1.10111
2 93 1.10111
2 94 1.10111
2 95 1.10111
2 96 1.0887
2 97 1.0819
2 98 1.07523
2 99 1.07188
2 100 1.09131
2 101 1.09131
2 102 1.09131
2 103 1.09131
2 104 1.09131
2 105 1.08172
2 106 1.07648
2 107 1.07142
2 108 1.06884
2 109 1.10132
2 110 1.10132
2 111 1.10132
2 112 1.10132
2 113 1.10132
2 114 1.08652
2 115 1.08115
2 116 1.0762
2 117 1.07287
2 118 1.0971
2 119 1.0971
2 120 1.0971
2 121 1.0971
2 122 1.0971
2 123 1.08563
2 124 1.07984
2 125 1.07439
2 126 1.07162
2 127 1.09108
2 128 1.09108
2 129 1.09108
2 130 1.09108
2 131 1.09108
2 132 1.08229
2 133 1.07712
2 134 1.07209
2 135 1.06936
2 136 1.08433
2 137 1.08433
2 138 1.08433
2 139 1.08433
2 140 1.08433
2 141 1.07689
2 142 1.0728
2 143 1.06872
2 144 1.06661
3 1 1.30433
3 2 1.30433
3 3 1.30433
3 4 1.30433
3 5 1.30433
3 6 1.11808
3 7 1.09815
3 8 1.08406
3 9 1.07746
3 10 1.14624
3 11 1.14624
3 12 1.14624
3 13 1.14624
3 14 1.14624
3 15 1.10733
3 16 1.09216
3 17 1.08078
3 18 1.07579
3 19 1.11765
3 20 1.11765
3 21 1.11765
3 22 1.11765
3 23 1.11765
3 24 1.09573
3 25 1.08581
3 26 1.0773
3 27 1.0731
3 28 1.10022
3 29 1.10022
3 30 1.10022
3 31 1.10022
3 32 1.10022
3 33 1.08626
3 34 1.07941
3 35 1.07309
3 36 1.06994
3 37 1.14714
3 38 1.14714
3 39 1.14714
3 40 1.14714
3 41 1.14714
3 42 1.10633
3 43 1.09384
3 44 1.08311
3 45 1.07774
3 46 1.12849
3 47 1.12849
3 48 1.12849
3 49 1.12849
3 50 1.12849
3 51 1.10195
3 52 1.08991
3 53 1.08012
3 54 1.07606
3 55 1.111
3 56 1.111
3 57 1.111
3 58 1.111
3 59 1.111
3 60 1.09318
3 61 1.08485
3 62 1.07714
3 63 1.07329
3 64 1.09715
3 65 1.09715
3 66 1.09715
3 67 1.09715
3 68 1.09715
3 69 1.08511
3 70 1.0789
3 71 1.07303
3 72 1.07008
3 73 1.11883
3 74 1.11883
3 75 1.11883
3 76 1.11883
3 77 1.11883
3 78 1.09578
3 79 1.08762
3 80 1.08009
3 81 1.07598
3 82 1.11109
3 83 1.11109
3 84 1.11109
3 85 1.11109
3 86 1.11109
3 87 1.09378
3 88 1.0857
3 89 1.07785
3 90 1.07446
3 91 1.10111
3 92 1.10111
3 93 1.10111
3 94 1.10111
3 95 1.10111
3 96 1.0887
3 97 1.0819
3 98 1.07523
3 99 1.07188
3 100 1.09131
3 101 1.09131
3 102 1.09131
3 103 1.09131
3 104 1.09131
3 105 1.08172
3 106 1.07648
3 107 1.07142
3 108 1.06884
3 109 1.10132
3 110 1.10132
3 111 1.10132
3 112 1.10132
3 113 1.10132
3 114 1.08652
3 115 1.08115
3 116 1.0762
3 117 1.07287
3 118 1.0971
3 119 1.0971
3 120 1.0971
3 121 1.0971
3 122 1.0971
3 123 1.08563
3 124 1.07984
3 125 1.07439
3 126 1.07162
3 127 1.09108
3 128 1.09108
3 129 1.09108
3 130 1.09108
3 131 1.09108
3 132 1.08229
3 133 1.07712
3 134 1.07209
3 135 1.06936
3 136 1.08433
3 137 1.08433
3 138 1.08433
3 139 1.08433
3 140 1.08433
3 141 1.07689
3 142 1.0728
3 143 1.06872
3 144 1.06661
4 1 1.30433
4 2 1.30433
4 3 1.30433
4 4 1.30433
4 5 1.30433
4 6 1.11808
4 7 1.09815
4 8 1.08406
4 9 1.07746
4 10 1.14624
4 11 1.14624
4 12 1.14624
4 13 1.14624
4 14 1.14624
4 15 1.10733
4 16 1.09216
4 17 1.08078
4 18 1.07579
4 19 1.11765
4 20 1.11765
4 21 1.11765
4 22 1.11765
4 23 1.11765
4 24 1.09573
4 25 1.08581
4 26 1.0773
4 27 1.0731
4 28 1.10022
4 29 1.10022
4 30 1.10022
4 31 1.10022
4 32 1.10022
4 33 1.08626
4 34 1.07941
4 35 1.07309
4 36 1.06994
4 37 1.14714
4 38 1.14714
4 39 1.14714
4 40 1.14714
4 41 1.14714
4 42 1.10633
4 43 1.09384
4 44 1.08311
4 45 1.07774
4 46 1.12849
4 47 1.12849
4 48 1.12849
4 49 1.12849
4 50 1.12849
4 51 1.10195
4 52 1.08991
4 53 1.08012
4 54 1.07606
4 55 1.111
4 56 1.111
4 57 1.111
4 58 1.111
4 59 1.111
4 60 1.09318
4 61 1.08485
4 62 1.07714
4 63 1.07329
4 64 1.09715
4 65 1.09715
4 66 1.09715
4 67 1.09715
4 68 1.09715
4 69 1.08511
4 70 1.0789
4 71 1.07303
4 72 1.07008
4 73 1.11883
4 74 1.11883
4 75 1.11883
4 76 1.11883
4 77 1.11883
4 78 1.09578
4 79 1.08762
4 80 1.08009
4 81 1.07598
4 82 1.11109
4 83 1.11109
4 84 1.11109
4 85 1.11109
4 86 1.11109
4 87 1.09378
4 88 1.0857
4 89 1.07785
4 90 1.07446
4 91 1.10111
4 92 1.10111
4 93 1.10111
4 94 1.10111
4 95 1.10111
4 96 1.0887
4 97 1.0819
4 98 1.07523
4 99 1.07188
4 100 1.09131
4 101 1.09131
4 102 1.09131
4 103 1.09131
4 104 1.09131
4 105 1.08172
4 106 1.07648
4 107 1.07142
4 108 1.06884
4 109 1.10132
4 110 1.10132
4 111 1.10132
4 112 1.10132
4 113 1.10132
4 114 1.08652
4 115 1.08115
4 116 1.0762
4 117 1.07287
4 118 1.0971
4 119 1.0971
4 120 1.0971
4 121 1.0971
4 122 1.0971
4 123 1.08563
4 124 1.07984
4 125 1.07439
4 126 1.07162
4 127 1.09108
4 128 1.09108
4 129 1.09108
4 130 1.09108
4 131 1.09108
4 132 1.08229
4 133 1.07712
4 134 1.07209
4 135 1.06936
4 136 1.08433
4 137 1.08433
4 138 1.08433
4 139 1.08433
4 140 1.08433
4 141 1.07689
4 142 1.0728
4 143 1.06872
4 144 1.06661
5 1 1.30433
5 2 1.30433
5 3 1.30433
5 4 1.30433
5 5 1.30433
5 6 1.11808
5 7 1.09815
5 8 1.08406
5 9 1.07746
5 10 1.14624
5 11 1.14624
5 12 1.14624
5 13 1.14624
5 14 1.14624
5 15 1.10733
5 16 1.09216
5 17 1.08078
5 18 1.07579
5 19 1.11765
5 20 1.11765
5 21 1.11765
5 22 1.11765
5 23 1.11765
5 24 1.09573
5 25 1.08581
5 26 1.0773
5 27 1.0731
5 28 1.10022
5 29 1.10022
5 30 1.10022
5 31 1.10022
5 32 1.10022
5 33 1.08626
5 34 1.07941
5 35 1.07309
5 36 1.06994
5 37 1.14714
5 38 1.14714
5 39 1.14714
5 40 1.14714
5 41 1.14714
5 42 1.10633
5 43 1.09384
5 44 1.08311
5 45 1.07774
5 46 1.12849
5 47 1.12849
5 48 1.12849
5 49 1.12849
5 50 1.12849
5 51 1.10195
5 52 1.08991
5 53 1.08012
5 54 1.07606
5 55 1.111
5 56 1.111
5 57 1.111
5 58 1.111
5 59 1.111
5 60 1.09318
5 61 1.08485
5 62 1.07714
5 63 1.07329
5 64 1.09715
5 65 1.09715
5 66 1.09715
5 67 1.09715
5 68 1.09715
5 69 1.08511
5 70 1.0789
5 71 1.07303
5 72 1.07008
5 73 1.11883
5 74 1.11883
5 75 1.11883
5 76 1.11883
5 77 1.11883
5 78 1.09578
5 79 1.08762
5 80 1.08009
5 81 1.07598
5 82 1.11109
5 83 1.11109
5 84 1.11109
5 85 1.11109
5 86 1.11109
5 87 1.09378
5 88 1.0857
5 89 1.07785
5 90 1.07446
5 91 1.10111
5 92 1.10111
5 93 1.10111
5 94 1.10111
5 95 1.10111
5 96 1.0887
5 97 1.0819
5 98 1.07523
5 99 1.07188
5 100 1.09131
5 101 1.09131
5 102 1.09131
5 103 1.09131
5 104 1.09131
5 105 1.08172
5 106 1.07648
5 107 1.07142
5 108 1.06884
5 109 1.10132
5 110 1.10132
5 111 1.10132
5 112 1.10132
5 113 1.10132
5 114 1.08652
5 115 1.08115
5 116 1.0762
5 117 1.07287
5 118 1.0971
5 119 1.0971
5 120 1.0971
5 121 1.0971
5 122 1.0971
5 123 1.08563
5 124 1.07984
5 125 1.07439
5 126 1.07162
5 127 1.09108
5 128 1.09108
5 129 1.09108
5 130 1.09108
5 131 1.09108
5 132 1.08229
5 133 1.07712
5 134 1.07209
5 135 1.06936
5 136 1.08433
5 137 1.08433
5 138 1.08433
5 139 1.08433
5 140 1.08433
5 141 1.07689
5 142 1.0728
5 143 1.06872
5 144 1.06661
6 1 1.11808
6 2 1.11808
6 3 1.11808
6 4 1.11808
6 5 1.11808
6 6 6.07854
6 7 1.99551
6 8 1.36507
6 9 1.20147
6 10 1.10676
6 11 1.10676
6 12 1.10676
6 13 1.10676
6 14 1.10676
6 15 1.39958
6 16 1.32991
6 17 1.22685
6 18 1.17797
6 19 1.09543
6 20 1.09543
6 21 1.09543
6 22 1.09543
6 23 1.09543
6 24 1.18056
6 25 1.18151
6 26 1.16304
6 27 1.14907
6 28 1.08591
6 29 1.08591
6 30 1.08591
6 31 1.08591
6 32 1.08591
6 33 1.12128
6 34 1.12756
6 35 1.12682
6 36 1.12499
6 37 1.1095
6 38 1.1095
6 39 1.1095
6 40 1.1095
6 41 1.1095
6 42 1.38482
6 43 1.32572
6 44 1.23196
6 45 1.1823
6 46 1.10299
6 47 1.10299
6 48 1.10299
6 49 1.10299
6 50 1.10299
6 51 1.2298
6 52 1.22333
6 53 1.18645
6 54 1.16537
6 55 1.09361
6 56 1.09361
6 57 1.09361
6 58 1.09361
6 59 1.09361
6 60 1.15085
6 61 1.15652
6 62 1.14996
6 63 1.14225
6 64 1.08503
6 65 1.08503
6 66 1.08503
6 67 1.08503
6 68 1.08503
6 69 1.11492
6 70 1.12095
6 71 1.12197
6 72 1.1214
6 73 1.09887
6 74 1.09887
6 75 1.09887
6 76 1.09887
6 77 1.09887
6 78 1.18925
6 79 1.18747
6 80 1.16871
6 81 1.15488
6 82 1.0952
6 83 1.0952
6 84 1.0952
6 85 1.0952
6 86 1.0952
6 87 1.15242
6 88 1.1574
6 89 1.15079
6 90 1.1444
6 91 1.08864
6 92 1.08864
6 93 1.08864
6 94 1.08864
6 95 1.08864
6 96 1.12617
6 97 1.13106
6 98 1.13125
6 99 1.12891
6 100 1.08176
6 101 1.08176
6 102 1.08176
6 103 1.08176
6 104 1.08176
6 105 1.10459
6 106 1.11009
6 107 1.11261
6 108 1.11323
6 109 1.0891
6 110 1.0891
6 111 1.0891
6 112 1.0891
6 113 1.0891
6 114 1.13063
6 115 1.1343
6 116 1.1334
6 117 1.1302
6 118 1.08673
6 119 1.08673
6 120 1.08673
6 121 1.08673
6 122 1.08673
6 123 1.12002
6 124 1.12328
6 125 1.12493
6 126 1.12397
6 127 1.08231
6 128 1.08231
6 129 1.08231
6 130 1.08231
6 131 1.08231
6 132 1.10778
6 133 1.11158
6 134 1.11417
6 135 1.11416
6 136 1.07715
6 137 1.07715
6 138 1.07715
6 139 1.07715
6 140 1.07715
6 141 1.09388
6 142 1.09884
6 143 1.10191
6 144 1.1031
7 1 1.09815
7 2 1.09815
7 3 1.09815
7 4 1.09815
7 5 1.09815
7 6 1.99551
7 7 6.02496
7 8 1.89469
7 9 1.30148
7 10 1.09273
7 11 1.09273
7 12 1.09273
7 13 1.09273
7 14 1.09273
7 15 1.3322
7 16 1.42222
7 17 1.31516
7 18 1.24343
7 19 1.08583
7 20 1.08583
7 21 1.08583
7 22 1.08583
7 23 1.08583
7 24 1.18111
7 25 1.20736
7 26 1.20308
7 27 1.19168
7 28 1.07923
7 29 1.07923
7 30 1.07923
7 31 1.07923
7 32 1.07923
7 33 1.12747
7 34 1.14349
7 35 1.15158
7 36 1.15379
7 37 1.09539
7 38 1.09539
7 39 1.09539
7 40 1.09539
7 41 1.09539
7 42 1.327
7 43 1.40119
7 44 1.31175
7 45 1.24596
7 46 1.09149
7 47 1.09149
7 48 1.09149
7 49 1.09149
7 50 1.09149
7 51 1.21762
7 52 1.25625
7 53 1.23697
7 54 1.21558
7 55 1.08516
7 56 1.08516
7 57 1.08516
7 58 1.08516
7 59 1.08516
7 60 1.15443
7 61 1.17579
7 62 1.18232
7 63 1.1785
7 64 1.07892
7 65 1.07892
7 66 1.07892
7 67 1.07892
7 68 1.07892
7 69 1.1208
7 70 1.13505
7 71 1.14402
7 72 1.14724
7 73 1.08932
7 74 1.08932
7 75 1.08932
7 76 1.08932
7 77 1.08932
7 78 1.19033
7 79 1.20992
7 80 1.20468
7 81 1.19523
7 82 1.08684
7 83 1.08684
7 84 1.08684
7 85 1.08684
7 86 1.08684
7 87 1.15457
7 88 1.17463
7 89 1.18163
7 90 1.17938
7 91 1.08194
7 92 1.08194
7 93 1.08194
7 94 1.08194
7 95 1.08194
7 96 1.13094
7 97 1.14518
7 98 1.15523
7 99 1.15691
7 100 1.0766
7 101 1.0766
7 102 1.0766
7 103 1.0766
7 104 1.0766
7 105 1.11001
7 106 1.12192
7 107 1.13086
7 108 1.1347
7 109 1.08256
7 110 1.08256
7 111 1.08256
7 112 1.08256
7 113 1.08256
7 114 1.13769
7 115 1.14891
7 116 1.15595
7 117 1.157
7 118 1.0808
7 119 1.0808
7 120 1.0808
7 121 1.0808
7 122 1.0808
7 123 1.12538
7 124 1.13589
7 125 1.14567
7 126 1.14823
7 127 1.07724
7 128 1.07724
7 129 1.07724
7 130 1.07724
7 131 1.07724
7 132 1.11309
7 133 1.12277
7 134 1.13191
7 135 1.13498
7 136 1.07303
7 137 1.07303
7 138 1.07303
7 139 1.07303
7 140 1.07303
7 141 1.0987
7 142 1.10852
7 143 1.11644
7 144 1.12009
8 1 1.08406
8 2 1.08406
8 3 1.08406
8 4 1.08406
8 5 1.08406
8 6 1.36507
8 7 1.89469
8 8 5.85789
8 9 1.52708
8 10 1.08134
8 11 1.08134
8 12 1.08134
8 13 1.08134
8 14 1.08134
8 15 1.23179
8 16 1.32646
8 17 1.3809
8 18 1.32713
8 19 1.07741
8 20 1.07741
8 21 1.07741
8 22 1.07741
8 23 1.07741
8 24 1.16315
8 25 1.20451
8 26 1.23404
8 27 1.23844
8 28 1.07316
8 29 1.07316
8 30 1.07316
8 31 1.07316
8 32 1.07316
8 33 1.12751
8 34 1.15273
8 35 1.17404
8 36 1.18362
8 37 1.08358
8 38 1.08358
8 39 1.08358
8 40 1.08358
8 41 1.08358
8 42 1.22996
8 43 1.30602
8 44 1.35978
8 45 1.32416
8 46 1.08141
8 47 1.08141
8 48 1.08141
8 49 1.08141
8 50 1.08141
8 51 1.18067
8 52 1.23769
8 53 1.27296
8 54 1.27085
8 55 1.07747
8 56 1.07747
8 57 1.07747
8 58 1.07747
8 59 1.07747
8 60 1.14658
8 61 1.18036
8 62 1.20892
8 63 1.21602
8 64 1.07323
8 65 1.07323
8 66 1.07323
8 67 1.07323
8 68 1.07323
8 69 1.12206
8 70 1.14438
8 71 1.16408
8 72 1.17321
8 73 1.08046
8 74 1.08046
8 75 1.08046
8 76 1.08046
8 77 1.08046
8 78 1.16888
8 79 1.20081
8 80 1.22701
8 81 1.23553
8 82 1.07894
8 83 1.07894
8 84 1.07894
8 85 1.07894
8 86 1.07894
8 87 1.14462
8 88 1.17691
8 89 1.20573
8 90 1.21385
8 91 1.07556
8 92 1.07556
8 93 1.07556
8 94 1.07556
8 95 1.07556
8 96 1.12907
8 97 1.15238
8 98 1.17575
8 99 1.18431
8 100 1.07166
8 101 1.07166
8 102 1.07166
8 103 1.07166
8 104 1.07166
8 105 1.11241
8 106 1.13072
8 107 1.14749
8 108 1.15558
8 109 1.07613
8 110 1.07613
8 111 1.07613
8 112 1.07613
8 113 1.07613
8 114 1.1356
8 115 1.15366
8 116 1.1726
8 117 1.18164
8 118 1.07492
8 119 1.07492
8 120 1.07492
8 121 1.07492
8 122 1.07492
8 123 1.12456
8 124 1.14244
8 125 1.16267
8 126 1.17064
8 127 1.07223
8 128 1.07223
8 129 1.07223
8 130 1.07223
8 131 1.07223
8 132 1.11457
8 133 1.1303
8 134 1.14727
8 135 1.15445
8 136 1.06896
8 137 1.06896
8 138 1.06896
8 139 1.06896
8 140 1.06896
8 141 1.10164
8 142 1.11625
8 143 1.12957
8 144 1.13613
9 1 1.07746
9 2 1.07746
9 3 1.07746
9 4 1.07746
9 5 1.07746
9 6 1.20147
9 7 1.30148
9 8 1.52708
9 9 2.13188
9 10 1.07572
9 11 1.07572
9 12 1.07572
9 13 1.07572
9 14 1.07572
9 15 1.17751
9 16 1.24897
9 17 1.3303
9 18 1.3763
9 19 1.07308
9 20 1.07308
9 21 1.07308
9 22 1.07308
9 23 1.07308
9 24 1.14913
9 25 1.19378
9 26 1.24019
9 27 1.26158
9 28 1.06994
9 29 1.06994
9 30 1.06994
9 31 1.06994
9 32 1.06994
9 33 1.12528
9 34 1.15453
9 35 1.18327
9 36 1.1978
9 37 1.07775
9 38 1.07775
9 39 1.07775
9 40 1.07775
9 41 1.07775
9 42 1.17824
9 43 1.23625
9 44 1.31453
9 45 1.37167
9 46 1.07626
9 47 1.07626
9 48 1.07626
9 49 1.07626
9 50 1.07626
9 51 1.15662
9 52 1.21353
9 53 1.27155
9 54 1.29738
9 55 1.07342
9 56 1.07342
9 57 1.07342
9 58 1.07342
9 59 1.07342
9 60 1.13885
9 61 1.17666
9 62 1.21666
9 63 1.23304
9 64 1.07015
9 65 1.07015
9 66 1.07015
9 67 1.07015
9 68 1.07015
9 69 1.1207
9 70 1.1466
9 71 1.17211
9 72 1.18489
9 73 1.0759
9 74 1.0759
9 75 1.0759
9 76 1.0759
9 77 1.0759
9 78 1.1537
9 79 1.18888
9 80 1.23096
9 81 1.2555
9 82 1.07477
9 83 1.07477
9 84 1.07477
9 85 1.07477
9 86 1.07477
9 87 1.13635
9 88 1.17294
9 89 1.21297
9 90 1.22928
9 91 1.07211
9 92 1.07211
9 93 1.07211
9 94 1.07211
9 95 1.07211
9 96 1.12575
9 97 1.15295
9 98 1.18332
9 99 1.19633
9 100 1.06894
9 101 1.06894
9 102 1.06894
9 103 1.06894
9 104 1.06894
9 105 1.11216
9 106 1.13341
9 107 1.15426
9 108 1.16474
9 109 1.07272
9 110 1.07272
9 111 1.07272
9 112 1.07272
9 113 1.07272
9 114 1.13231
9 115 1.15344
9 116 1.17897
9 117 1.1932
9 118 1.07173
9 119 1.07173
9 120 1.07173
9 121 1.07173
9 122 1.07173
9 123 1.12225
9 124 1.14357
9 125 1.16925
9 126 1.18047
9 127 1.06947
9 128 1.06947
9 129 1.06947
9 130 1.06947
9 131 1.06947
9 132 1.11384
9 133 1.1324
9 134 1.15339
9 135 1.16287
9 136 1.06667
9 137 1.06667
9 138 1.06667
9 139 1.06667
9 140 1.06667
9 141 1.10212
9 142 1.11895
9 143 1.13498
9 144 1.14305
10 1 1.14624
10 2 1.14624
10 3 1.14624
10 4 1.14624
10 5 1.14624
10 6 1.10676
10 7 1.09273
10 8 1.08134
10 9 1.07572
10 10 1.30343
10 11 1.30343
10 12 1.30343
10 13 1.30343
10 14 1.30343
10 15 1.11769
10 16 1.0962
10 17 1.08228
10 18 1.07652
10 19 1.16106
10 20 1.16106
10 21 1.16106
10 22 1.16106
10 23 1.16106
10 24 1.11008
10 25 1.09367
10 26 1.08117
10 27 1.0754
10 28 1.12538
10 29 1.12538
10 30 1.12538
10 31 1.12538
10 32 1.12538
10 33 1.09911
10 34 1.08781
10 35 1.07809
10 36 1.07337
10 37 1.12855
10 38 1.12855
10 39 1.12855
10 40 1.12855
10 41 1.12855
10 42 1.10079
10 43 1.09017
10 44 1.08089
10 45 1.07609
10 46 1.14611
10 47 1.14611
10 48 1.14611
10 49 1.14611
10 50 1.14611
10 51 1.10698
10 52 1.09241
10 53 1.08118
10 54 1.0767
10 55 1.13447
10 56 1.13447
10 57 1.13447
10 58 1.13447
10 59 1.13447
10 60 1.10299
10 61 1.09091
10 62 1.08037
10 63 1.07541
10 64 1.11652
10 65 1.11652
10 66 1.11652
10 67 1.11652
10 68 1.11652
10 69 1.09565
10 70 1.0861
10 71 1.07753
10 72 1.07331
10 73 1.11118
10 74 1.11118
10 75 1.11118
10 76 1.11118
10 77 1.11118
10 78 1.09292
10 79 1.08526
10 80 1.07837
10 81 1.07452
10 82 1.11775
10 83 1.11775
10 84 1.11775
10 85 1.11775
10 86 1.11775
10 87 1.0965
10 88 1.08731
10 89 1.0786
10 90 1.07498
10 91 1.11364
10 92 1.11364
10 93 1.11364
10 94 1.11364
10 95 1.11364
10 96 1.09481
10 97 1.08616
10 98 1.07776
10 99 1.07374
10 100 1.10458
10 101 1.10458
10 102 1.10458
10 103 1.10458
10 104 1.10458
10 105 1.08952
10 106 1.08212
10 107 1.07521
10 108 1.07175
10 109 1.09716
10 110 1.09716
10 111 1.09716
10 112 1.09716
10 113 1.09716
10 114 1.0847
10 115 1.07953
10 116 1.07484
10 117 1.07159
10 118 1.10028
10 119 1.10028
10 120 1.10028
10 121 1.10028
10 122 1.10028
10 123 1.08722
10 124 1.08081
10 125 1.07493
10 126 1.07203
10 127 1.09825
10 128 1.09825
10 129 1.09825
10 130 1.09825
10 131 1.09825
10 132 1.08616
10 133 1.07997
10 134 1.07403
10 135 1.07093
10 136 1.09322
10 137 1.09322
10 138 1.09322
10 139 1.09322
10 140 1.09322
10 141 1.08251
10 142 1.07705
10 143 1.07182
10 144 1.06915
11 1 1.14624
11 2 1.14624
11 3 1.14624
11 4 1.14624
11 5 1.14624
11 6 1.10676
11 7 1.09273
11 8 1.08134
11 9 1.07572
11 10 1.30343
11 11 1.30343
11 12 1.30343
11 13 1.30343
11 14 1.30343
11 15 1.11769
11 16 1.0962
11 17 1.08228
11 18 1.07652
11 19 1.16106
11 20 1.16106
11 21 1.16106
11 22 1.16106
11 23 1.16106
11 24 1.11008
11 25 1.09367
11 26 1.08117
11 27 1.0754
11 28 1.12538
11 29 1.12538
11 30 1.12538
11 31 1.12538
11 32 1.12538
11 33 1.09911
11 34 1.08781
11 35 1.07809
11 36 1.07337
11 37 1.12855
11 38 1.12855
11 39 1.12855
11 40 1.12855
11 41 1.12855
11 42 1.10079
11 43 1.09017
11 44 1.08089
11 45 1.07609
11 46 1.14611
11 47 1.14611
11 48 1.14611
11 49 1.14611
11 50 1.14611
11 51 1.10698
11 52 1.09241
11 53 1.08118
11 54 1.0767
11 55 1.13447
11 56 1.13447
11 57 1.13447
11 58 1.13447
11 59 1.13447
11 60 1.10299
11 61 1.09091
11 62 1.08037
11 63 1.07541
11 64 1.11652
11 65 1.11652
11 66 1.11652
11 67 1.11652
11 68 1.11652
11 69 1.09565
11 70 1.0861
11 71 1.07753
11 72 1.07331
11 73 1.11118
11 74 1.11118
11 75 1.11118
11 76 1.11118
11 77 1.11118
11 78 1.09292
11 79 1.08526
11 80 1.07837
11 81 1.07452
11 82 1.11775
11 83 1.11775
11 84 1.11775
11 85 1.11775
11 86 1.11775
11 87 1.0965
11 88 1.08731
11 89 1.0786
11 90 1.07498
11 91 1.11364
11 92 1.11364
11 93 1.11364
11 94 1.11364
11 95 1.11364
11 96 1.09481
11 97 1.08616
11 98 1.07776
11 99 1.07374
11 100 1.10458
11 101 1.10458
11 102 1.10458
11 103 1.10458
11 104 1.10458
11 105 1.08952
11 106 1.08212
11 107 1.07521
11 108 1.07175
11 109 1.09716
11 110 1.09716
11 111 1.09716
11 112 1.09716
11 113 1.09716
11 114 1.0847
11 115 1.07953
11 116 1.07484
11 117 1.07159
11 118 1.10028
11 119 1.10028
11 120 1.10028
11 121 1.10028
11 122 1.10028
11 123 1.08722
11 124 1.08081
11 125 1.07493
11 126 1.07203
11 127 1.09825
11 128 1.09825
11 129 1.09825
11 130 1.09825
11 131 1.09825
11 132 1.08616
11 133 1.07997
11 134 1.07403
11 135 1.07093
11 136 1.09322
11 137 1.09322
11 138 1.09322
11 139 1.09322
11 140 1.09322
11 141 1.08251
11 142 1.07705
11 143 1.07182
11 144 1.06915
12 1 1.14624
12 2 1.14624
12 3 1.14624
12 4 1.14624
12 5 1.14624
12 6 1.10676
12 7 1.09273
12 8 1.08134
12 9 1.07572
12 10 1.30343
12 11 1.30343
12 12 1.30343
12 13 1.30343
12 14 1.30343
12 15 1.11769
12 16 1.0962
12 17 1.08228
12 18 1.07652
12 19 1.16106
12 20 1.16106
12 21 1.16106
12 22 1.16106
12 23 1.16106
12 24 1.11008
12 25 1.09367
12 26 1.08117
12 27 1.0754
12 28 1.12538
12 29 1.12538
12 30 1.12538
12 31 1.12538
12 32 1.12538
12 33 1.09911
12 34 1.08781
12 35 1.07809
12 36 1.07337
12 37 1.12855
12 38 1.12855
12 39 1.12855
12 40 1.12855
12 41 1.12855
12 42 1.10079
12 43 1.09017
12 44 1.08089
12 45 1.07609
12 46 1.14611
12 47 1.14611
12 48 1.14611
12 49 1.14611
12 50 1.14611
12 51 1.10698
12 52 1.09241
12 53 1.08118
12 54 1.0767
12 55 1.13447
12 56 1.13447
12 57 1.13447
12 58 1.13447
12 59 1.13447
12 60 1.10299
12 61 1.09091
12 62 1.08037
12 63 1.07541
12 64 1.11652
12 65 1.11652
12 66 1.11652
12 67 1.11652
12 68 1.11652
12 69 1.09565
12 70 1.0861
12 71 1.07753
12 72 1.07331
12 73 1.11118
12 74 1.11118
12 75 1.11118
12 76 1.11118
12 77 1.11118
12 78 1.09292
12 79 1.08526
12 80 1.07837
12 81 1.07452
12 82 1.11775
12 83 1.11775
12 84 1.11775
12 85 1.11775
12 86 1.11775
12 87 1.0965
12 88 1.08731
12 89 1.0786
12 90 1.07498
12 91 1.11364
12 92 1.11364
12 93 1.11364
12 94 1.11364
12 95 1.11364
12 96 1.09481
12 97 1.08616
12 98 1.07776
12 99 1.07374
12 100 1.10458
12 101 1.10458
12 102 1.10458
12 103 1.10458
12 104 1.10458
12 105 1.08952
12 106 1.08212
12 107 1.07521
12 108 1.07175
12 109 1.09716
12 110 1.09716
12 111 1.09716
12 112 1.09716
12 113 1.09716
12 114 1.0847
12 115 1.07953
12 116 1.07484
12 117 1.07159
12 118 1.10028
12 119 1.10028
12 120 1.10028
12 121 1.10028
12 122 1.10028
12 123 1.08722
12 124 1.08081
12 125 1.07493
12 126 1.07203
12 127 1.09825
12 128 1.09825
12 129 1.09825
12 130 1.09825
12 131 1.09825
12 132 1.08616
12 133 1.07997
12 134 1.07403
12 135 1.07093
12 136 1.09322
12 137 1.09322
12 138 1.09322
12 139 1.09322
12 140 1.09322
12 141 1.08251
12 142 1.07705
12 143 1.07182
12 144 1.06915
13 1 1.14624
13 2 1.14624
13 3 1.14624
13 4 1.14624
13 5 1.14624
13 6 1.10676
13 7 1.09273
13 8 1.08134
13 9 1.07572
13 10 1.30343
13 11 1.30343
13 12 1.30343
13 13 1.30343
13 14 1.30343
13 15 1.11769
13 16 1.0962
13 17 1.08228
13 18 1.07652
13 19 1.16106
13 20 1.16106
13 21 1.16106
13 22 1.16106
13 23 1.16106
13 24 1.11008
13 25 1.09367
13 26 1.08117
13 27 1.0754
13 28 1.12538
13 29 1.12538
13 30 1.12538
13 31 1.12538
13 32 1.12538
13 33 1.09911
13 34 1.08781
13 35 1.07809
13 36 1.07337
13 37 1.12855
13 38 1.12855
13 39 1.12855
13 40 1.12855
13 41 1.12855
13 42 1.10079
13 43 1.09017
13 44 1.08089
13 45 1.07609
13 46 1.14611
13 47 1.14611
13 48 1.14611
13 49 1.14611
13 50 1.14611
13 51 1.10698
13 52 1.09241
13 53 1.08118
13 54 1.0767
13 55 1.13447
13 56 1.13447
13 57 1.13447
13 58 1.13447
13 59 1.13447
13 60 1.10299
13 61 1.09091
13 62 1.08037
13 63 1.07541
13 64 1.11652
13 65 1.11652
13 66 1.11652
13 67 1.11652
13 68 1.11652
13 69 1.09565
13 70 1.0861
13 71 1.07753
13 72 1.07331
13 73 1.11118
13 74 1.11118
13 75 1.11118
13 76 1.11118
13 77 1.11118
13 78 1.09292
13 79 1.08526
13 80 1.07837
13 81 1.07452
13 82 1.11775
13 83 1.11775
13 84 1.11775
13 85 1.11775
13 86 1.11775
13 87 1.0965
13 88 1.08731
13 89 1.0786
13 90 1.07498
13 91 1.11364
13 92 1.11364
13 93 1.11364
13 94 1.11364
13 95 1.11364
13 96 1.09481
13 97 1.08616
13 98 1.07776
13 99 1.07374
13 100 1.10458
13 101 1.10458
13 102 1.10458
13 103 1.10458
13 104 1.10458
13 105 1.08952
13 106 1.08212
13 107 1.07521
13 108 1.07175
13 109 1.09716
13 110 1.09716
13 111 1.09716
13 112 1.09716
13 113 1.09716
13 114 1.0847
13 115 1.07953
13 116 1.07484
13 117 1.07159
13 118 1.10028
13 119 1.10028
13 120 1.10028
13 121 1.10028
13 122 1.10028
13 123 1.08722
13 124 1.08081
13 125 1.07493
13 126 1.07203
13 127 1.09825
13 128 1.09825
13 129 1.09825
13 130 1.09825
13 131 1.09825
13 132 1.08616
13 133 1.07997
13 134 1.07403
13 135 1.07093
13 136 1.09322
13 137 1.09322
13 138 1.09322
13 139 1.09322
13 140 1.09322
13 141 1.08251
13 142 1.07705
13 143 1.07182
13 144 1.06915
14 1 1.14624
14 2 1.14624
14 3 1.14624
14 4 1.14624
14 5 1.14624
14 6 1.10676
14 7 1.09273
14 8 1.08134
14 9 1.07572
14 10 1.30343
14 11 1.30343
14 12 1.30343
14 13 1.30343
14 14 1.30343
14 15 1.11769
14 16 1.0962
14 17 1.08228
14 18 1.07652
14 19 1.16106
14 20 1.16106
14 21 1.16106
14 22 1.16106
14 23 1.16106
14 24 1.11008
14 25 1.09367
14 26 1.08117
14 27 1.0754
14 28 1.12538
14 29 1.12538
14 30 1.12538
14 31 1.12538
14 32 1.12538
14 33 1.09911
14 34 1.08781
14 35 1.07809
14 36 1.07337
14 37 1.12855
14 38 1.12855
14 39 1.12855
14 40 1.12855
14 41 1.12855
14 42 1.10079
14 43 1.09017
14 44 1.08089
14 45 1.07609
14 46 1.14611
14 47 1.14611
14 48 1.14611
14 49 1.14611
14 50 1.14611
14 51 1.10698
14 52 1.09241
14 53 1.08118
14 54 1.0767
14 55 1.13447
14 56 1.13447
14 57 1.13447
14 58 1.13447
14 59 1.13447
14 60 1.10299
14 61 1.09091
14 62 1.08037
14 63 1.07541
14 64 1.11652
14 65 1.11652
14 66 1.11652
14 67 1.11652
14 68 1.11652
14 69 1.09565
14 70 1.0861
14 71 1.07753
14 72 1.07331
14 73 1.11118
14 74 1.11118
14 75 1.11118
14 76 1.11118
14 77 1.11118
14 78 1.09292
14 79 1.08526
14 80 1.07837
14 81 1.07452
14 82 1.11775
14 83 1.11775
14 84 1.11775
14 85 1.11775
14 86 1.11775
14 87 1.0965
14 88 1.08731
14 89 1.0786
14 90 1.07498
14 91 1.11364
14 92 1.11364
14 93 1.11364
14 94 1.11364
14 95 1.11364
14 96 1.09481
14 97 1.08616
14 98 1.07776
14 99 1.07374
14 100 1.10458
14 101 1.10458
14 102 1.10458
14 103 1.10458
14 104 1.10458
14 105 1.08952
14 106 1.08212
14 107 1.07521
14 108 1.07175
14 109 1.09716
14 110 1.09716
14 111 1.09716
14 112 1.09716
14 113 1.09716
14 114 1.0847
14 115 1.07953
14 116 1.07484
14 117 1.07159
14 118 1.10028
14 119 1.10028
14 120 1.10028
14 121 1.10028
14 122 1.10028
14 123 1.08722
14 124 1.08081
14 125 1.07493
14 126 1.07203
14 127 1.09825
14 128 1.09825
14 129 1.09825
14 130 1.09825
14 131 1.09825
14 132 1.08616
14 133 1.07997
14 134 1.07403
14 135 1.07093
14 136 1.09322
14 137 1.09322
14 138 1.09322
14 139 1.09322
14 140 1.09322
14 141 1.08251
14 142 1.07705
14 143 1.07182
14 144 1.06915
15 1 1.10733
15 2 1.10733
15 3 1.10733
15 4 1.10733
15 5 1.10733
15 6 1.39958
15 7 1.3322
15 8 1.23179
15 9 1.17751
15 10 1.11769
15 11 1.11769
15 12 1.11769
15 13 1.11769
15 14 1.11769
15 15 6.68799
15 16 2.04136
15 17 1.35115
15 18 1.20258
15 19 1.10959
15 20 1.10959
15 21 1.10959
15 22 1.10959
15 23 1.10959
15 24 1.62961
15 25 1.44472
15 26 1.26458
15 27 1.1844
15 28 1.0983
15 29 1.0983
15 30 1.0983
15 31 1.0983
15 32 1.0983
15 33 1.22981
15 34 1.21991
15 35 1.18015
15 36 1.15598
15 37 1.10288
15 38 1.10288
15 39 1.10288
15 40 1.10288
15 41 1.10288
15 42 1.23382
15 43 1.21966
15 44 1.18606
15 45 1.16386
15 46 1.10884
15 47 1.10884
15 48 1.10884
15 49 1.10884
15 50 1.10884
15 51 1.35562
15 52 1.30539
15 53 1.21869
15 54 1.17895
15 55 1.10366
15 56 1.10366
15 57 1.10366
15 58 1.10366
15 59 1.10366
15 60 1.27011
15 61 1.25301
15 62 1.19919
15 63 1.16706
15 64 1.09521
15 65 1.09521
15 66 1.09521
15 67 1.09521
15 68 1.09521
15 69 1.17583
15 70 1.1766
15 71 1.15844
15 72 1.14606
15 73 1.09478
15 74 1.09478
15 75 1.09478
15 76 1.09478
15 77 1.09478
15 78 1.15719
15 79 1.15664
15 80 1.14963
15 81 1.14267
15 82 1.0982
15 83 1.0982
15 84 1.0982
15 85 1.0982
15 86 1.0982
15 87 1.16783
15 88 1.17114
15 89 1.15898
15 90 1.15029
15 91 1.09508
15 92 1.09508
15 93 1.09508
15 94 1.09508
15 95 1.09508
15 96 1.15889
15 97 1.16205
15 98 1.15185
15 99 1.14365
15 100 1.08932
15 101 1.08932
15 102 1.08932
15 103 1.08932
15 104 1.08932
15 105 1.13224
15 106 1.1374
15 107 1.13388
15 108 1.13043
15 109 1.08633
15 110 1.08633
15 111 1.08633
15 112 1.08633
15 113 1.08633
15 114 1.12012
15 115 1.12283
15 116 1.12398
15 117 1.12233
15 118 1.08827
15 119 1.08827
15 120 1.08827
15 121 1.08827
15 122 1.08827
15 123 1.12348
15 124 1.12595
15 125 1.12726
15 126 1.12628
15 127 1.08636
15 128 1.08636
15 129 1.08636
15 130 1.08636
15 131 1.08636
15 132 1.11879
15 133 1.12247
15 134 1.12339
15 135 1.12249
15 136 1.08255
15 137 1.08255
15 138 1.08255
15 139 1.08255
15 140 1.08255
15 141 1.10655
15 142 1.11214
15 143 1.11407
15 144 1.11435
16 1 1.09216
16 2 1.09216
16 3 1.09216
16 4 1.09216
16 5 1.09216
16 6 1.32991
16 7 1.42222
16 8 1.32646
16 9 1.24897
16 10 1.0962
16 11 1.0962
16 12 1.0962
16 13 1.0962
16 14 1.0962
16 15 2.04136
16 16 6.58674
16 17 1.87214
16 18 1.31652
16 19 1.09271
16 20 1.09271
16 21 1.09271
16 22 1.09271
16 23 1.09271
16 24 1.44064
16 25 1.64322
16 26 1.40825
16 27 1.26692
16 28 1.08663
16 29 1.08663
16 30 1.08663
16 31 1.08663
16 32 1.08663
16 33 1.21954
16 34 1.25479
16 35 1.23214
16 36 1.20907
16 37 1.09047
16 38 1.09047
16 39 1.09047
16 40 1.09047
16 41 1.09047
16 42 1.22298
16 43 1.25106
16 44 1.23814
16 45 1.21875
16 46 1.09349
16 47 1.09349
16 48 1.09349
16 49 1.09349
16 50 1.09349
16 51 1.2918
16 52 1.38973
16 53 1.30979
16 54 1.25097
16 55 1.09037
16 56 1.09037
16 57 1.09037
16 58 1.09037
16 59 1.09037
16 60 1.24672
16 61 1.29925
16 62 1.26558
16 63 1.22845
16 64 1.08517
16 65 1.08517
16 66 1.08517
16 67 1.08517
16 68 1.08517
16 69 1.17662
16 70 1.20072
16 71 1.19815
16 72 1.19065
16 73 1.08568
16 74 1.08568
16 75 1.08568
16 76 1.08568
16 77 1.08568
16 78 1.16155
16 79 1.17568
16 80 1.18226
16 81 1.18095
16 82 1.08781
16 83 1.08781
16 84 1.08781
16 85 1.08781
16 86 1.08781
16 87 1.16673
16 88 1.19343
16 89 1.19939
16 90 1.19521
16 91 1.08551
16 92 1.08551
16 93 1.08551
16 94 1.08551
16 95 1.08551
16 96 1.16057
16 97 1.18245
16 98 1.18817
16 99 1.18531
16 100 1.08145
16 101 1.08145
16 102 1.08145
16 103 1.08145
16 104 1.08145
16 105 1.13774
16 106 1.15495
16 107 1.16266
16 108 1.16433
16 109 1.07983
16 110 1.07983
16 111 1.07983
16 112 1.07983
16 113 1.07983
16 114 1.12749
16 115 1.1372
16 116 1.14635
16 117 1.14899
16 118 1.08118
16 119 1.08118
16 120 1.08118
16 121 1.08118
16 122 1.08118
16 123 1.12889
16 124 1.14051
16 125 1.15218
16 126 1.1557
16 127 1.0796
16 128 1.0796
16 129 1.0796
16 130 1.0796
16 131 1.0796
16 132 1.12448
16 133 1.13683
16 134 1.14726
16 135 1.15088
16 136 1.07665
16 137 1.07665
16 138 1.07665
16 139 1.07665
16 140 1.07665
16 141 1.1126
16 142 1.12563
16 143 1.13511
16 144 1.13921
17 1 1.08078
17 2 1.08078
17 3 1.08078
17 4 1.08078
17 5 1.08078
17 6 1.22685
17 7 1.31516
17 8 1.3809
17 9 1.3303
17 10 1.08228
17 11 1.08228
17 12 1.08228
17 13 1.08228
17 14 1.08228
17 15 1.35115
17 16 1.87214
17 17 4.96551
17 18 1.53959
17 19 1.08057
17 20 1.08057
17 21 1.08057
17 22 1.08057
17 23 1.08057
17 24 1.25875
17 25 1.39476
17 26 1.51561
17 27 1.37023
17 28 1.07741
17 29 1.07741
17 30 1.07741
17 31 1.07741
17 32 1.07741
17 33 1.17949
17 34 1.22913
17 35 1.26139
17 36 1.26312
17 37 1.0807
17 38 1.0807
17 39 1.0807
17 40 1.0807
17 41 1.0807
17 42 1.18684
17 43 1.23221
17 44 1.27041
17 45 1.27446
17 46 1.0821
17 47 1.0821
17 48 1.0821
17 49 1.0821
17 50 1.0821
17 51 1.21009
17 52 1.30867
17 53 1.3777
17 54 1.3335
17 55 1.08019
17 56 1.08019
17 57 1.08019
17 58 1.08019
17 59 1.08019
17 60 1.19401
17 61 1.25996
17 62 1.30628
17 63 1.29462
17 64 1.07709
17 65 1.07709
17 66 1.07709
17 67 1.07709
17 68 1.07709
17 69 1.15898
17 70 1.19699
17 71 1.22559
17 72 1.2347
17 73 1.07816
17 74 1.07816
17 75 1.07816
17 76 1.07816
17 77 1.07816
17 78 1.15377
17 79 1.17971
17 80 1.20642
17 81 1.21666
17 82 1.07941
17 83 1.07941
17 84 1.07941
17 85 1.07941
17 86 1.07941
17 87 1.15313
17 88 1.19388
17 89 1.23023
17 90 1.23926
17 91 1.07774
17 92 1.07774
17 93 1.07774
17 94 1.07774
17 95 1.07774
17 96 1.14968
17 97 1.18421
17 98 1.21571
17 99 1.22602
17 100 1.07496
17 101 1.07496
17 102 1.07496
17 103 1.07496
17 104 1.07496
17 105 1.13475
17 106 1.16209
17 107 1.18581
17 108 1.19654
17 109 1.0743
17 110 1.0743
17 111 1.0743
17 112 1.0743
17 113 1.0743
17 114 1.12943
17 115 1.14564
17 116 1.16431
17 117 1.1729
17 118 1.07522
17 119 1.07522
17 120 1.07522
17 121 1.07522
17 122 1.07522
17 123 1.12864
17 124 1.14889
17 125 1.17287
17 126 1.18276
17 127 1.07393
17 128 1.07393
17 129 1.07393
17 130 1.07393
17 131 1.07393
17 132 1.12502
17 133 1.14541
17 134 1.16731
17 135 1.17721
17 136 1.07169
17 137 1.07169
17 138 1.07169
17 139 1.07169
17 140 1.07169
17 141 1.1151
17 142 1.13498
17 143 1.1532
17 144 1.16218
18 1 1.07579
18 2 1.07579
18 3 1.07579
18 4 1.07579
18 5 1.07579
18 6 1.17797
18 7 1.24343
18 8 1.32713
18 9 1.3763
18 10 1.07652
18 11 1.07652
18 12 1.07652
18 13 1.07652
18 14 1.07652
18 15 1.20258
18 16 1.31652
18 17 1.53959
18 18 2.12518
18 19 1.07544
18 20 1.07544
18 21 1.07544
18 22 1.07544
18 23 1.07544
18 24 1.1867
18 25 1.26666
18 26 1.3739
18 27 1.44448
18 28 1.07339
18 29 1.07339
18 30 1.07339
18 31 1.07339
18 32 1.07339
18 33 1.15841
18 34 1.20865
18 35 1.26347
18 36 1.2933
18 37 1.07616
18 38 1.07616
18 39 1.07616
18 40 1.07616
18 41 1.07616
18 42 1.16375
18 43 1.20906
18 44 1.26513
18 45 1.29686
18 46 1.07698
18 47 1.07698
18 48 1.07698
18 49 1.07698
18 50 1.07698
18 51 1.16905
18 52 1.24319
18 53 1.3272
18 54 1.37097
18 55 1.07561
18 56 1.07561
18 57 1.07561
18 58 1.07561
18 59 1.07561
18 60 1.16444
18 61 1.22298
18 62 1.29163
18 63 1.32558
18 64 1.07341
18 65 1.07341
18 66 1.07341
18 67 1.07341
18 68 1.07341
18 69 1.14724
18 70 1.1887
18 71 1.23247
18 72 1.25544
18 73 1.07447
18 74 1.07447
18 75 1.07447
18 76 1.07447
18 77 1.07447
18 78 1.14545
18 79 1.17491
18 80 1.21064
18 81 1.22895
18 82 1.07537
18 83 1.07537
18 84 1.07537
18 85 1.07537
18 86 1.07537
18 87 1.14217
18 88 1.18488
18 89 1.23325
18 90 1.25501
18 91 1.07403
18 92 1.07403
18 93 1.07403
18 94 1.07403
18 95 1.07403
18 96 1.14046
18 97 1.17797
18 98 1.22112
18 99 1.24203
18 100 1.07187
18 101 1.07187
18 102 1.07187
18 103 1.07187
18 104 1.07187
18 105 1.13077
18 106 1.16186
18 107 1.19366
18 108 1.21012
18 109 1.07145
18 110 1.07145
18 111 1.07145
18 112 1.07145
18 113 1.07145
18 114 1.12738
18 115 1.14601
18 116 1.16894
18 117 1.18071
18 118 1.07218
18 119 1.07218
18 120 1.07218
18 121 1.07218
18 122 1.07218
18 123 1.12561
18 124 1.14902
18 125 1.1784
18 126 1.19189
18 127 1.07108
18 128 1.07108
18 129 1.07108
18 130 1.07108
18 131 1.07108
18 132 1.12274
18 133 1.14621
18 134 1.17341
18 135 1.18683
18 136 1.06922
18 137 1.06922
18 138 1.06922
18 139 1.06922
18 140 1.06922
18 141 1.1146
18 142 1.13726
18 143 1.15965
18 144 1.17118
19 1 1.11765
19 2 1.11765
19 3 1.11765
19 4 1.11765
19 5 1.11765
19 6 1.09543
19 7 1.08583
19 8 1.07741
19 9 1.07308
19 10 1.16106
19 11 1.16106
19 12 1.16106
19 13 1.16106
19 14 1.16106
19 15 1.10959
19 16 1.09271
19 17 1.08057
19 18 1.07544
19 19 1.30372
19 20 1.30372
19 21 1.30372
19 22 1.30372
19 23 1.30372
19 24 1.11724
19 25 1.09642
19 26 1.08213
19 27 1.0758
19 28 1.16158
19 29 1.16158
19 30 1.16158
19 31 1.16158
19 32 1.16158
19 33 1.11038
19 34 1.0939
19 35 1.08109
19 36 1.07509
19 37 1.11097
19 38 1.11097
19 39 1.11097
19 40 1.11097
19 41 1.11097
19 42 1.09253
19 43 1.0845
19 44 1.07732
19 45 1.07347
19 46 1.13435
19 47 1.13435
19 48 1.13435
19 49 1.13435
19 50 1.13435
19 51 1.10221
19 52 1.08962
19 53 1.07957
19 54 1.07556
19 55 1.14647
19 56 1.14647
19 57 1.14647
19 58 1.14647
19 59 1.14647
19 60 1.10607
19 61 1.09245
19 62 1.08092
19 63 1.07567
19 64 1.13506
19 65 1.13506
19 66 1.13506
19 67 1.13506
19 68 1.13506
19 69 1.10331
19 70 1.09068
19 71 1.07999
19 72 1.07485
19 73 1.10109
19 74 1.10109
19 75 1.10109
19 76 1.10109
19 77 1.10109
19 78 1.08742
19 79 1.08104
19 80 1.07538
19 81 1.07212
19 82 1.11352
19 83 1.11352
19 84 1.11352
19 85 1.11352
19 86 1.11352
19 87 1.09367
19 88 1.08523
19 89 1.07719
19 90 1.07391
19 91 1.11801
19 92 1.11801
19 93 1.11801
19 94 1.11801
19 95 1.11801
19 96 1.09586
19 97 1.08682
19 98 1.07801
19 99 1.0739
19 100 1.1142
19 101 1.1142
19 102 1.1142
19 103 1.1142
19 104 1.1142
19 105 1.09421
19 106 1.08522
19 107 1.07709
19 108 1.07307
19 109 1.09107
19 110 1.09107
19 111 1.09107
19 112 1.09107
19 113 1.09107
19 114 1.08099
19 115 1.07646
19 116 1.07239
19 117 1.06951
19 118 1.09818
19 119 1.09818
19 120 1.09818
19 121 1.09818
19 122 1.09818
19 123 1.08536
19 124 1.07928
19 125 1.07377
19 126 1.07109
19 127 1.10043
19 128 1.10043
19 129 1.10043
19 130 1.10043
19 131 1.10043
19 132 1.08657
19 133 1.08021
19 134 1.07412
19 135 1.07103
19 136 1.09872
19 137 1.09872
19 138 1.09872
19 139 1.09872
19 140 1.09872
19 141 1.08549
19 142 1.07916
19 143 1.07325
19 144 1.07026
20 1 1.11765
20 2 1.11765
20 3 1.11765
20 4 1.11765
20 5 1.11765
20 6 1.09543
20 7 1.08583
20 8 1.07741
20 9 1.07308
20 10 1.16106
20 11 1.16106
20 12 1.16106
20 13 1.16106
20 14 1.16106
20 15 1.10959
20 16 1.09271
20 17 1.08057
20 18 1.07544
20 19 1.30372
20 20 1.30372
20 21 1.30372
20 22 1.30372
20 23 1.30372
20 24 1.11724
20 25 1.09642
20 26 1.08213
20 27 1.0758
20 28 1.16158
20 29 1.16158
20 30 1.16158
20 31 1.16158
20 32 1.16158
20 33 1.11038
20 34 1.0939
20 35 1.08109
20 36 1.07509
20 37 1.11097
20 38 1.11097
20 39 1.11097
20 40 1.11097
20 41 1.11097
20 42 1.09253
20 43 1.0845
20 44 1.07732
20 45 1.07347
20 46 1.13435
20 47 1.13435
20 48 1.13435
20 49 1.13435
20 50 1.13435
20 51 1.10221
20 52 1.08962
20 53 1.07957
20 54 1.07556
20 55 1.14647
20 56 1.14647
20 57 1.14647
20 58 1.14647
20 59 1.14647
20 60 1.10607
20 61 1.09245
20 62 1.08092
20 63 1.07567
20 64 1.13506
20 65 1.13506
20 66 1.13506
20 67 1.13506
20 68 1.13506
20 69 1.10331
20 70 1.09068
20 71 1.07999
20 72 1.07485
20 73 1.10109
20 74 1.10109
20 75 1.10109
20 76 1.10109
20 77 1.10109
20 78 1.08742
20 79 1.08104
20 80 1.07538
20 81 1.07212
20 82 1.11352
20 83 1.11352
20 84 1.11352
20 85 1.11352
20 86 1.11352
20 87 1.09367
20 88 1.08523
20 89 1.07719
20 90 1.07391
20 91 1.11801
20 92 1.11801
20 93 1.11801
20 94 1.11801
20 95 1.11801
20 96 1.09586
20 97 1.08682
20 98 1.07801
20 99 1.0739
20 100 1.1142
20 101 1.1142
20 102 1.1142
20 103 1.1142
20 104 1.1142
20 105 1.09421
20 106 1.08522
20 107 1.07709
20 108 1.07307
20 109 1.09107
20 110 1.09107
20 111 1.09107
20 112 1.09107
20 113 1.09107
20 114 1.08099
20 115 1.07646
20 116 1.07239
20 117 1.06951
20 118 1.09818
20 119 1.09818
20 120 1.09818
20 121 1.09818
20 122 1.09818
20 123 1.08536
20 124 1.07928
20 125 1.07377
20 126 1.07109
20 127 1.10043
20 128 1.10043
20 129 1.10043
20 130 1.10043
20 131 1.10043
20 132 1.08657
20 133 1.08021
20 134 1.07412
20 135 1.07103
20 136 1.09872
20 137 1.09872
20 138 1.09872
20 139 1.09872
20 140 1.09872
20 141 1.08549
20 142 1.07916
20 143 1.07325
20 144 1.07026
21 1 1.11765
21 2 1.11765
21 3 1.11765
21 4 1.11765
21 5 1.11765
21 6 1.09543
21 7 1.08583
21 8 1.07741
21 9 1.07308
21 10 1.16106
21 11 1.16106
21 12 1.16106
21 13 1.16106
21 14 1.16106
21 15 1.10959
21 16 1.09271
21 17 1.08057
21 18 1.07544
21 19 1.30372
21 20 1.30372
21 21 1.30372
21 22 1.30372
21 23 1.30372
21 24 1.11724
21 25 1.09642
21 26 1.08213
21 27 1.0758
21 28 1.16158
21 29 1.16158
21 30 1.16158
21 31 1.16158
21 32 1.16158
21 33 1.11038
21 34 1.0939
21 35 1.08109
21 36 1.07509
21 37 1.11097
