injected_el measured_el potential
1 1 1.30473
1 2 1.30473
1 3 1.30473
1 4 1.30473
1 5 1.30473
1 6 1.11821
1 7 1.09732
1 8 1.08299
1 9 1.07656
1 10 1.14657
1 11 1.14657
1 12 1.14657
1 13 1.14657
1 14 1.14657
1 15 1.10669
1 16 1.09181
1 17 1.08014
1 18 1.07473
1 19 1.11787
1 20 1.11787
1 21 1.11787
1 22 1.11787
1 23 1.11787
1 24 1.09539
1 25 1.0853
1 26 1.07652
1 27 1.07222
1 28 1.10036
1 29 1.10036
1 30 1.10036
1 31 1.10036
1 32 1.10036
1 33 1.08587
1 34 1.07887
1 35 1.07246
1 36 1.06926
1 37 1.14745
1 38 1.14745
1 39 1.14745
1 40 1.14745
1 41 1.14745
1 42 1.10712
1 43 1.09327
1 44 1.08176
1 45 1.07658
1 46 1.12889
1 47 1.12889
1 48 1.12889
1 49 1.12889
1 50 1.12889
1 51 1.10123
1 52 1.08897
1 53 1.07911
1 54 1.0747
1 55 1.11125
1 56 1.11125
1 57 1.11125
1 58 1.11125
1 59 1.11125
1 60 1.09252
1 61 1.08379
1 62 1.07601
1 63 1.07218
1 64 1.09729
1 65 1.09729
1 66 1.09729
1 67 1.09729
1 68 1.09729
1 69 1.08441
1 70 1.07807
1 71 1.0722
1 72 1.06926
1 73 1.11898
1 74 1.11898
1 75 1.11898
1 76 1.11898
1 77 1.11898
1 78 1.09659
1 79 1.08736
1 80 1.07867
1 81 1.0749
1 82 1.11136
1 83 1.11136
1 84 1.11136
1 85 1.11136
1 86 1.11136
1 87 1.09336
1 88 1.0844
1 89 1.07652
1 90 1.07311
1 91 1.1013
1 92 1.1013
1 93 1.1013
1 94 1.1013
1 95 1.1013
1 96 1.08741
1 97 1.08041
1 98 1.07392
1 99 1.07074
1 100 1.09141
1 101 1.09141
1 102 1.09141
1 103 1.09141
1 104 1.09141
1 105 1.08091
1 106 1.07555
1 107 1.07052
1 108 1.068
1 109 1.10136
1 110 1.10136
1 111 1.10136
1 112 1.10136
1 113 1.10136
1 114 1.08743
1 115 1.08098
1 116 1.07483
1 117 1.07203
1 118 1.0972
1 119 1.0972
1 120 1.0972
1 121 1.0972
1 122 1.0972
1 123 1.08567
1 124 1.07898
1 125 1.073
1 126 1.07044
1 127 1.09117
1 128 1.09117
1 129 1.09117
1 130 1.09117
1 131 1.09117
1 132 1.08131
1 133 1.07587
1 134 1.07082
1 135 1.06833
1 136 1.08439
1 137 1.08439
1 138 1.08439
1 139 1.08439
1 140 1.08439
1 141 1.07624
1 142 1.07196
1 143 1.06789
1 144 1.06583
2 1 1.30473
2 2 1.30473
2 3 1.30473
2 4 1.30473
2 5 1.30473
2 6 1.11821
2 7 1.09732
2 8 1.08299
2 9 1.07656
2 10 1.14657
2 11 1.14657
2 12 1.14657
2 13 1.14657
2 14 1.14657
2 15 1.10669
2 16 1.09181
2 17 1.08014
2 18 1.07473
2 19 1.11787
2 20 1.11787
2 21 1.11787
2 22 1.11787
2 23 1.11787
2 24 1.09539
2 25 1.0853
2 26 1.07652
2 27 1.07222
2 28 1.10036
2 29 1.10036
2 30 1.10036
2 31 1.10036
2 32 1.10036
2 33 1.08587
2 34 1.07887
2 35 1.07246
2 36 1.06926
2 37 1.14745
2 38 1.14745
2 39 1.14745
2 40 1.14745
2 41 1.14745
2 42 1.10712
2 43 1.09327
2 44 1.08176
2 45 1.07658
2 46 1.12889
2 47 1.12889
2 48 1.12889
2 49 1.12889
2 50 1.12889
2 51 1.10123
2 52 1.08897
2 53 1.07911
2 54 1.0747
2 55 1.11125
2 56 1.11125
2 57 1.11125
2 58 1.11125
2 59 1.11125
2 60 1.09252
2 61 1.08379
2 62 1.07601
2 63 1.07218
2 64 1.09729
2 65 1.09729
2 66 1.09729
2 67 1.09729
2 68 1.09729
2 69 1.08441
2 70 1.07807
2 71 1.0722
2 72 1.06926
2 73 1.11898
2 74 1.11898
2 75 1.11898
2 76 1.11898
2 77 1.11898
2 78 1.09659
2 79 1.08736
2 80 1.07867
2 81 1.0749
2 82 1.11136
2 83 1.11136
2 84 1.11136
2 85 1.11136
2 86 1.11136
2 87 1.09336
2 88 1.0844
2 89 1.07652
2 90 1.07311
2 91 1.1013
2 92 1.1013
2 93 1.1013
2 94 1.1013
2 95 1.1013
2 96 1.08741
2 97 1.08041
2 98 1.07392
2 99 1.07074
2 100 1.09141
2 101 1.09141
2 102 1.09141
2 103 1.09141
2 104 1.09141
2 105 1.08091
2 106 1.07555
2 107 1.07052
2 108 1.068
2 109 1.10136
2 110 1.10136
2 111 1.10136
2 112 1.10136
2 113 1.10136
2 114 1.08743
2 115 1.08098
2 116 1.07483
2 117 1.07203
2 118 1.0972
2 119 1.0972
2 120 1.0972
2 121 1.0972
2 122 1.0972
2 123 1.08567
2 124 1.07898
2 125 1.073
2 126 1.07044
2 127 1.09117
2 128 1.09117
2 129 1.09117
2 130 1.09117
2 131 1.09117
2 132 1.08131
2 133 1.07587
2 134 1.07082
2 135 1.06833
2 136 1.08439
2 137 1.08439
2 138 1.08439
2 139 1.08439
2 140 1.08439
2 141 1.07624
2 142 1.07196
2 143 1.06789
2 144 1.06583
3 1 1.30473
3 2 1.30473
3 3 1.30473
3 4 1.30473
3 5 1.30473
3 6 1.11821
3 7 1.09732
3 8 1.08299
3 9 1.07656
3 10 1.14657
3 11 1.14657
3 12 1.14657
3 13 1.14657
3 14 1.14657
3 15 1.10669
3 16 1.09181
3 17 1.08014
3 18 1.07473
3 19 1.11787
3 20 1.11787
3 21 1.11787
3 22 1.11787
3 23 1.11787
3 24 1.09539
3 25 1.0853
3 26 1.07652
3 27 1.07222
3 28 1.10036
3 29 1.10036
3 30 1.10036
3 31 1.10036
3 32 1.10036
3 33 1.08587
3 34 1.07887
3 35 1.07246
3 36 1.06926
3 37 1.14745
3 38 1.14745
3 39 1.14745
3 40 1.14745
3 41 1.14745
3 42 1.10712
3 43 1.09327
3 44 1.08176
3 45 1.07658
3 46 1.12889
3 47 1.12889
3 48 1.12889
3 49 1.12889
3 50 1.12889
3 51 1.10123
3 52 1.08897
3 53 1.07911
3 54 1.0747
3 55 1.11125
3 56 1.11125
3 57 1.11125
3 58 1.11125
3 59 1.11125
3 60 1.09252
3 61 1.08379
3 62 1.07601
3 63 1.07218
3 64 1.09729
3 65 1.09729
3 66 1.09729
3 67 1.09729
3 68 1.09729
3 69 1.08441
3 70 1.07807
3 71 1.0722
3 72 1.06926
3 73 1.11898
3 74 1.11898
3 75 1.11898
3 76 1.11898
3 77 1.11898
3 78 1.09659
3 79 1.08736
3 80 1.07867
3 81 1.0749
3 82 1.11136
3 83 1.11136
3 84 1.11136
3 85 1.11136
3 86 1.11136
3 87 1.09336
3 88 1.0844
3 89 1.07652
3 90 1.07311
3 91 1.1013
3 92 1.1013
3 93 1.1013
3 94 1.1013
3 95 1.1013
3 96 1.08741
3 97 1.08041
3 98 1.07392
3 99 1.07074
3 100 1.09141
3 101 1.09141
3 102 1.09141
3 103 1.09141
3 104 1.09141
3 105 1.08091
3 106 1.07555
3 107 1.07052
3 108 1.068
3 109 1.10136
3 110 1.10136
3 111 1.10136
3 112 1.10136
3 113 1.10136
3 114 1.08743
3 115 1.08098
3 116 1.07483
3 117 1.07203
3 118 1.0972
3 119 1.0972
3 120 1.0972
3 121 1.0972
3 122 1.0972
3 123 1.08567
3 124 1.07898
3 125 1.073
3 126 1.07044
3 127 1.09117
3 128 1.09117
3 129 1.09117
3 130 1.09117
3 131 1.09117
3 132 1.08131
3 133 1.07587
3 134 1.07082
3 135 1.06833
3 136 1.08439
3 137 1.08439
3 138 1.08439
3 139 1.08439
3 140 1.08439
3 141 1.07624
3 142 1.07196
3 143 1.06789
3 144 1.06583
4 1 1.30473
4 2 1.30473
4 3 1.30473
4 4 1.30473
4 5 1.30473
4 6 1.11821
4 7 1.09732
4 8 1.08299
4 9 1.07656
4 10 1.14657
4 11 1.14657
4 12 1.14657
4 13 1.14657
4 14 1.14657
4 15 1.10669
4 16 1.09181
4 17 1.08014
4 18 1.07473
4 19 1.11787
4 20 1.11787
4 21 1.11787
4 22 1.11787
4 23 1.11787
4 24 1.09539
4 25 1.0853
4 26 1.07652
4 27 1.07222
4 28 1.10036
4 29 1.10036
4 30 1.10036
4 31 1.10036
4 32 1.10036
4 33 1.08587
4 34 1.07887
4 35 1.07246
4 36 1.06926
4 37 1.14745
4 38 1.14745
4 39 1.14745
4 40 1.14745
4 41 1.14745
4 42 1.10712
4 43 1.09327
4 44 1.08176
4 45 1.07658
4 46 1.12889
4 47 1.12889
4 48 1.12889
4 49 1.12889
4 50 1.12889
4 51 1.10123
4 52 1.08897
4 53 1.07911
4 54 1.0747
4 55 1.11125
4 56 1.11125
4 57 1.11125
4 58 1.11125
4 59 1.11125
4 60 1.09252
4 61 1.08379
4 62 1.07601
4 63 1.07218
4 64 1.09729
4 65 1.09729
4 66 1.09729
4 67 1.09729
4 68 1.09729
4 69 1.08441
4 70 1.07807
4 71 1.0722
4 72 1.06926
4 73 1.11898
4 74 1.11898
4 75 1.11898
4 76 1.11898
4 77 1.11898
4 78 1.09659
4 79 1.08736
4 80 1.07867
4 81 1.0749
4 82 1.11136
4 83 1.11136
4 84 1.11136
4 85 1.11136
4 86 1.11136
4 87 1.09336
4 88 1.0844
4 89 1.07652
4 90 1.07311
4 91 1.1013
4 92 1.1013
4 93 1.1013
4 94 1.1013
4 95 1.1013
4 96 1.08741
4 97 1.08041
4 98 1.07392
4 99 1.07074
4 100 1.09141
4 101 1.09141
4 102 1.09141
4 103 1.09141
4 104 1.09141
4 105 1.08091
4 106 1.07555
4 107 1.07052
4 108 1.068
4 109 1.10136
4 110 1.10136
4 111 1.10136
4 112 1.10136
4 113 1.10136
4 114 1.08743
4 115 1.08098
4 116 1.07483
4 117 1.07203
4 118 1.0972
4 119 1.0972
4 120 1.0972
4 121 1.0972
4 122 1.0972
4 123 1.08567
4 124 1.07898
4 125 1.073
4 126 1.07044
4 127 1.09117
4 128 1.09117
4 129 1.09117
4 130 1.09117
4 131 1.09117
4 132 1.08131
4 133 1.07587
4 134 1.07082
4 135 1.06833
4 136 1.08439
4 137 1.08439
4 138 1.08439
4 139 1.08439
4 140 1.08439
4 141 1.07624
4 142 1.07196
4 143 1.06789
4 144 1.06583
5 1 1.30473
5 2 1.30473
5 3 1.30473
5 4 1.30473
5 5 1.30473
5 6 1.11821
5 7 1.09732
5 8 1.08299
5 9 1.07656
5 10 1.14657
5 11 1.14657
5 12 1.14657
5 13 1.14657
5 14 1.14657
5 15 1.10669
5 16 1.09181
5 17 1.08014
5 18 1.07473
5 19 1.11787
5 20 1.11787
5 21 1.11787
5 22 1.11787
5 23 1.11787
5 24 1.09539
5 25 1.0853
5 26 1.07652
5 27 1.07222
5 28 1.10036
5 29 1.10036
5 30 1.10036
5 31 1.10036
5 32 1.10036
5 33 1.08587
5 34 1.07887
5 35 1.07246
5 36 1.06926
5 37 1.14745
5 38 1.14745
5 39 1.14745
5 40 1.14745
5 41 1.14745
5 42 1.10712
5 43 1.09327
5 44 1.08176
5 45 1.07658
5 46 1.12889
5 47 1.12889
5 48 1.12889
5 49 1.12889
5 50 1.12889
5 51 1.10123
5 52 1.08897
5 53 1.07911
5 54 1.0747
5 55 1.11125
5 56 1.11125
5 57 1.11125
5 58 1.11125
5 59 1.11125
5 60 1.09252
5 61 1.08379
5 62 1.07601
5 63 1.07218
5 64 1.09729
5 65 1.09729
5 66 1.09729
5 67 1.09729
5 68 1.09729
5 69 1.08441
5 70 1.07807
5 71 1.0722
5 72 1.06926
5 73 1.11898
5 74 1.11898
5 75 1.11898
5 76 1.11898
5 77 1.11898
5 78 1.09659
5 79 1.08736
5 80 1.07867
5 81 1.0749
5 82 1.11136
5 83 1.11136
5 84 1.11136
5 85 1.11136
5 86 1.11136
5 87 1.09336
5 88 1.0844
5 89 1.07652
5 90 1.07311
5 91 1.1013
5 92 1.1013
5 93 1.1013
5 94 1.1013
5 95 1.1013
5 96 1.08741
5 97 1.08041
5 98 1.07392
5 99 1.07074
5 100 1.09141
5 101 1.09141
5 102 1.09141
5 103 1.09141
5 104 1.09141
5 105 1.08091
5 106 1.07555
5 107 1.07052
5 108 1.068
5 109 1.10136
5 110 1.10136
5 111 1.10136
5 112 1.10136
5 113 1.10136
5 114 1.08743
5 115 1.08098
5 116 1.07483
5 117 1.07203
5 118 1.0972
5 119 1.0972
5 120 1.0972
5 121 1.0972
5 122 1.0972
5 123 1.08567
5 124 1.07898
5 125 1.073
5 126 1.07044
5 127 1.09117
5 128 1.09117
5 129 1.09117
5 130 1.09117
5 131 1.09117
5 132 1.08131
5 133 1.07587
5 134 1.07082
5 135 1.06833
5 136 1.08439
5 137 1.08439
5 138 1.08439
5 139 1.08439
5 140 1.08439
5 141 1.07624
5 142 1.07196
5 143 1.06789
5 144 1.06583
6 1 1.11821
6 2 1.11821
6 3 1.11821
6 4 1.11821
6 5 1.11821
6 6 6.77544
6 7 2.09459
6 8 1.37839
6 9 1.20326
6 10 1.10639
6 11 1.10639
6 12 1.10639
6 13 1.10639
6 14 1.10639
6 15 1.42797
6 16 1.3508
6 17 1.23584
6 18 1.17793
6 19 1.0951
6 20 1.0951
6 21 1.0951
6 22 1.0951
6 23 1.0951
6 24 1.18785
6 25 1.18756
6 26 1.16465
6 27 1.14908
6 28 1.08559
6 29 1.08559
6 30 1.08559
6 31 1.08559
6 32 1.08559
6 33 1.12245
6 34 1.12875
6 35 1.12725
6 36 1.12496
6 37 1.10885
6 38 1.10885
6 39 1.10885
6 40 1.10885
6 41 1.10885
6 42 1.39668
6 43 1.33415
6 44 1.23129
6 45 1.18062
6 46 1.1015
6 47 1.1015
6 48 1.1015
6 49 1.1015
6 50 1.1015
6 51 1.24199
6 52 1.23094
6 53 1.18828
6 54 1.16321
6 55 1.09258
6 56 1.09258
6 57 1.09258
6 58 1.09258
6 59 1.09258
6 60 1.15377
6 61 1.15866
6 62 1.14892
6 63 1.14078
6 64 1.08431
6 65 1.08431
6 66 1.08431
6 67 1.08431
6 68 1.08431
6 69 1.11391
6 70 1.1203
6 71 1.12113
6 72 1.12042
6 73 1.09823
6 74 1.09823
6 75 1.09823
6 76 1.09823
6 77 1.09823
6 78 1.18236
6 79 1.18395
6 80 1.16414
6 81 1.15234
6 82 1.09377
6 83 1.09377
6 84 1.09377
6 85 1.09377
6 86 1.09377
6 87 1.14832
6 88 1.15568
6 89 1.14813
6 90 1.14168
6 91 1.08742
6 92 1.08742
6 93 1.08742
6 94 1.08742
6 95 1.08742
6 96 1.12211
6 97 1.12881
6 98 1.12865
6 99 1.12681
6 100 1.08087
6 101 1.08087
6 102 1.08087
6 103 1.08087
6 104 1.08087
6 105 1.10205
6 106 1.10802
6 107 1.1109
6 108 1.11172
6 109 1.08852
6 110 1.08852
6 111 1.08852
6 112 1.08852
6 113 1.08852
6 114 1.12438
6 115 1.12929
6 116 1.12926
6 117 1.12768
6 118 1.08565
6 119 1.08565
6 120 1.08565
6 121 1.08565
6 122 1.08565
6 123 1.1126
6 124 1.11893
6 125 1.12143
6 126 1.12121
6 127 1.08123
6 128 1.08123
6 129 1.08123
6 130 1.08123
6 131 1.08123
6 132 1.10182
6 133 1.10751
6 134 1.11102
6 135 1.11182
6 136 1.07627
6 137 1.07627
6 138 1.07627
6 139 1.07627
6 140 1.07627
6 141 1.09101
6 142 1.09616
6 143 1.09979
6 144 1.10131
7 1 1.09732
7 2 1.09732
7 3 1.09732
7 4 1.09732
7 5 1.09732
7 6 2.09459
7 7 6.70473
7 8 1.95313
7 9 1.31017
7 10 1.09172
7 11 1.09172
7 12 1.09172
7 13 1.09172
7 14 1.09172
7 15 1.35124
7 16 1.44892
7 17 1.3315
7 18 1.24702
7 19 1.08501
7 20 1.08501
7 21 1.08501
7 22 1.08501
7 23 1.08501
7 24 1.18746
7 25 1.21436
7 26 1.20627
7 27 1.19403
7 28 1.07857
7 29 1.07857
7 30 1.07857
7 31 1.07857
7 32 1.07857
7 33 1.1288
7 34 1.14543
7 35 1.15332
7 36 1.15539
7 37 1.0941
7 38 1.0941
7 39 1.0941
7 40 1.0941
7 41 1.0941
7 42 1.32915
7 43 1.41886
7 44 1.31971
7 45 1.24876
7 46 1.08959
7 47 1.08959
7 48 1.08959
7 49 1.08959
7 50 1.08959
7 51 1.22916
7 52 1.26839
7 53 1.24294
7 54 1.21681
7 55 1.08376
7 56 1.08376
7 57 1.08376
7 58 1.08376
7 59 1.08376
7 60 1.15786
7 61 1.17976
7 62 1.18299
7 63 1.17935
7 64 1.07791
7 65 1.07791
7 66 1.07791
7 67 1.07791
7 68 1.07791
7 69 1.12027
7 70 1.13541
7 71 1.14457
7 72 1.14789
7 73 1.08822
7 74 1.08822
7 75 1.08822
7 76 1.08822
7 77 1.08822
7 78 1.18122
7 79 1.20734
7 80 1.20312
7 81 1.19563
7 82 1.08503
7 83 1.08503
7 84 1.08503
7 85 1.08503
7 86 1.08503
7 87 1.15116
7 88 1.17573
7 89 1.1816
7 90 1.17943
7 91 1.0804
7 92 1.0804
7 93 1.0804
7 94 1.0804
7 95 1.0804
7 96 1.12783
7 97 1.14479
7 98 1.15441
7 99 1.15687
7 100 1.07548
7 101 1.07548
7 102 1.07548
7 103 1.07548
7 104 1.07548
7 105 1.10798
7 106 1.12081
7 107 1.13045
7 108 1.13465
7 109 1.08169
7 110 1.08169
7 111 1.08169
7 112 1.08169
7 113 1.08169
7 114 1.12979
7 115 1.14425
7 116 1.15387
7 117 1.15631
7 118 1.07944
7 119 1.07944
7 120 1.07944
7 121 1.07944
7 122 1.07944
7 123 1.11738
7 124 1.13277
7 125 1.14414
7 126 1.14745
7 127 1.07592
7 128 1.07592
7 129 1.07592
7 130 1.07592
7 131 1.07592
7 132 1.1072
7 133 1.11973
7 134 1.13022
7 135 1.13423
7 136 1.07195
7 137 1.07195
7 138 1.07195
7 139 1.07195
7 140 1.07195
7 141 1.09612
7 142 1.10652
7 143 1.11535
7 144 1.1195
8 1 1.08299
8 2 1.08299
8 3 1.08299
8 4 1.08299
8 5 1.08299
8 6 1.37839
8 7 1.95313
8 8 5.96443
8 9 1.53877
8 10 1.08015
8 11 1.08015
8 12 1.08015
8 13 1.08015
8 14 1.08015
8 15 1.23707
8 16 1.33349
8 17 1.39291
8 18 1.33214
8 19 1.07641
8 20 1.07641
8 21 1.07641
8 22 1.07641
8 23 1.07641
8 24 1.16517
8 25 1.20681
8 26 1.23529
8 27 1.24146
8 28 1.07236
8 29 1.07236
8 30 1.07236
8 31 1.07236
8 32 1.07236
8 33 1.12779
8 34 1.15373
8 35 1.1756
8 36 1.18561
8 37 1.0823
8 38 1.0823
8 39 1.0823
8 40 1.0823
8 41 1.0823
8 42 1.22772
8 43 1.31703
8 44 1.37701
8 45 1.33126
8 46 1.07964
8 47 1.07964
8 48 1.07964
8 49 1.07964
8 50 1.07964
8 51 1.18675
8 52 1.24425
8 53 1.27856
8 54 1.27534
8 55 1.07608
8 56 1.07608
8 57 1.07608
8 58 1.07608
8 59 1.07608
8 60 1.1482
8 61 1.18276
8 62 1.20955
8 63 1.21861
8 64 1.0722
8 65 1.0722
8 66 1.0722
8 67 1.0722
8 68 1.0722
8 69 1.1214
8 70 1.14476
8 71 1.16518
8 72 1.17483
8 73 1.07944
8 74 1.07944
8 75 1.07944
8 76 1.07944
8 77 1.07944
8 78 1.16097
8 79 1.20103
8 80 1.23044
8 81 1.23942
8 82 1.07728
8 83 1.07728
8 84 1.07728
8 85 1.07728
8 86 1.07728
8 87 1.14224
8 88 1.17967
8 89 1.20818
8 90 1.21712
8 91 1.07411
8 92 1.07411
8 93 1.07411
8 94 1.07411
8 95 1.07411
8 96 1.12699
8 97 1.15327
8 98 1.17648
8 99 1.18632
8 100 1.07059
8 101 1.07059
8 102 1.07059
8 103 1.07059
8 104 1.07059
8 105 1.11092
8 106 1.13036
8 107 1.14811
8 108 1.15677
8 109 1.0754
8 110 1.0754
8 111 1.0754
8 112 1.0754
8 113 1.0754
8 114 1.128
8 115 1.1514
8 116 1.17412
8 117 1.18328
8 118 1.07372
8 119 1.07372
8 120 1.07372
8 121 1.07372
8 122 1.07372
8 123 1.11749
8 124 1.14152
8 125 1.16388
8 126 1.17239
8 127 1.07105
8 128 1.07105
8 129 1.07105
8 130 1.07105
8 131 1.07105
8 132 1.10966
8 133 1.12883
8 134 1.14739
8 135 1.15556
8 136 1.06799
8 137 1.06799
8 138 1.06799
8 139 1.06799
8 140 1.06799
8 141 1.09968
8 142 1.11514
8 143 1.12961
8 144 1.13677
9 1 1.07656
9 2 1.07656
9 3 1.07656
9 4 1.07656
9 5 1.07656
9 6 1.20326
9 7 1.31017
9 8 1.53877
9 9 2.13894
9 10 1.07471
9 11 1.07471
9 12 1.07471
9 13 1.07471
9 14 1.07471
9 15 1.17862
9 16 1.2487
9 17 1.33334
9 18 1.38324
9 19 1.07222
9 20 1.07222
9 21 1.07222
9 22 1.07222
9 23 1.07222
9 24 1.14974
9 25 1.19453
9 26 1.24137
9 27 1.26568
9 28 1.06925
9 29 1.06925
9 30 1.06925
9 31 1.06925
9 32 1.06925
9 33 1.12543
9 34 1.1555
9 35 1.18517
9 36 1.20042
9 37 1.07671
9 38 1.07671
9 39 1.07671
9 40 1.07671
9 41 1.07671
9 42 1.17533
9 43 1.24167
9 44 1.32491
9 45 1.37908
9 46 1.0748
9 47 1.0748
9 48 1.0748
9 49 1.0748
9 50 1.0748
9 51 1.16008
9 52 1.21669
9 53 1.27564
9 54 1.30449
9 55 1.07226
9 56 1.07226
9 57 1.07226
9 58 1.07226
9 59 1.07226
9 60 1.13987
9 61 1.17862
9 62 1.21806
9 63 1.23731
9 64 1.0693
9 65 1.0693
9 66 1.0693
9 67 1.0693
9 68 1.0693
9 69 1.12035
9 70 1.14742
9 71 1.17396
9 72 1.1875
9 73 1.07509
9 74 1.07509
9 75 1.07509
9 76 1.07509
9 77 1.07509
9 78 1.14693
9 79 1.19008
9 80 1.23594
9 81 1.26031
9 82 1.07339
9 83 1.07339
9 84 1.07339
9 85 1.07339
9 86 1.07339
9 87 1.13468
9 88 1.17631
9 89 1.21666
9 90 1.23448
9 91 1.0709
9 92 1.0709
9 93 1.0709
9 94 1.0709
9 95 1.0709
9 96 1.1245
9 97 1.15472
9 98 1.18522
9 99 1.1998
9 100 1.06807
9 101 1.06807
9 102 1.06807
9 103 1.06807
9 104 1.06807
9 105 1.11125
9 106 1.13376
9 107 1.15576
9 108 1.16691
9 109 1.07218
9 110 1.07218
9 111 1.07218
9 112 1.07218
9 113 1.07218
9 114 1.12515
9 115 1.15247
9 116 1.18209
9 117 1.19552
9 118 1.07077
9 119 1.07077
9 120 1.07077
9 121 1.07077
9 122 1.07077
9 123 1.116
9 124 1.14389
9 125 1.17193
9 126 1.18354
9 127 1.06851
9 128 1.06851
9 129 1.06851
9 130 1.06851
9 131 1.06851
9 132 1.10975
9 133 1.13196
9 134 1.15466
9 135 1.16512
9 136 1.06591
9 137 1.06591
9 138 1.06591
9 139 1.06591
9 140 1.06591
9 141 1.10071
9 142 1.11853
9 143 1.13583
9 144 1.14455
10 1 1.14657
10 2 1.14657
10 3 1.14657
10 4 1.14657
10 5 1.14657
10 6 1.10639
10 7 1.09172
10 8 1.08015
10 9 1.07471
10 10 1.3039
10 11 1.3039
10 12 1.3039
10 13 1.3039
10 14 1.3039
10 15 1.11734
10 16 1.09613
10 17 1.08172
10 18 1.07538
10 19 1.16139
10 20 1.16139
10 21 1.16139
10 22 1.16139
10 23 1.16139
10 24 1.10995
10 25 1.09331
10 26 1.08047
10 27 1.07448
10 28 1.12561
10 29 1.12561
10 30 1.12561
10 31 1.12561
10 32 1.12561
10 33 1.09882
10 34 1.08733
10 35 1.07747
10 36 1.07267
10 37 1.12886
10 38 1.12886
10 39 1.12886
10 40 1.12886
10 41 1.12886
10 42 1.10029
10 43 1.08891
10 44 1.07923
10 45 1.07477
10 46 1.14663
10 47 1.14663
10 48 1.14663
10 49 1.14663
10 50 1.14663
10 51 1.10658
10 52 1.09165
10 53 1.08017
10 54 1.07522
10 55 1.13484
10 56 1.13484
10 57 1.13484
10 58 1.13484
10 59 1.13484
10 60 1.1028
10 61 1.09
10 62 1.07931
10 63 1.07424
10 64 1.11675
10 65 1.11675
10 66 1.11675
10 67 1.11675
10 68 1.11675
10 69 1.09514
10 70 1.08535
10 71 1.0767
10 72 1.07246
10 73 1.11135
10 74 1.11135
10 75 1.11135
10 76 1.11135
10 77 1.11135
10 78 1.09254
10 79 1.08423
10 80 1.07659
10 81 1.07322
10 82 1.11809
10 83 1.11809
10 84 1.11809
10 85 1.11809
10 86 1.11809
10 87 1.09595
10 88 1.0859
10 89 1.07714
10 90 1.07348
10 91 1.11392
10 92 1.11392
10 93 1.11392
10 94 1.11392
10 95 1.11392
10 96 1.09385
10 97 1.08473
10 98 1.07645
10 99 1.07251
10 100 1.10476
10 101 1.10476
10 102 1.10476
10 103 1.10476
10 104 1.10476
10 105 1.08888
10 106 1.08127
10 107 1.07431
10 108 1.07086
10 109 1.09721
10 110 1.09721
10 111 1.09721
10 112 1.09721
10 113 1.09721
10 114 1.08493
10 115 1.07878
10 116 1.07315
10 117 1.07054
10 118 1.10041
10 119 1.10041
10 120 1.10041
10 121 1.10041
10 122 1.10041
10 123 1.087
10 124 1.07981
10 125 1.07336
10 126 1.0707
10 127 1.09839
10 128 1.09839
10 129 1.09839
10 130 1.09839
10 131 1.09839
10 132 1.08533
10 133 1.07878
10 134 1.0727
10 135 1.0698
10 136 1.09333
10 137 1.09333
10 138 1.09333
10 139 1.09333
10 140 1.09333
10 141 1.08194
10 142 1.07627
10 143 1.07097
10 144 1.06831
11 1 1.14657
11 2 1.14657
11 3 1.14657
11 4 1.14657
11 5 1.14657
11 6 1.10639
11 7 1.09172
11 8 1.08015
11 9 1.07471
11 10 1.3039
11 11 1.3039
11 12 1.3039
11 13 1.3039
11 14 1.3039
11 15 1.11734
11 16 1.09613
11 17 1.08172
11 18 1.07538
11 19 1.16139
11 20 1.16139
11 21 1.16139
11 22 1.16139
11 23 1.16139
11 24 1.10995
11 25 1.09331
11 26 1.08047
11 27 1.07448
11 28 1.12561
11 29 1.12561
11 30 1.12561
11 31 1.12561
11 32 1.12561
11 33 1.09882
11 34 1.08733
11 35 1.07747
11 36 1.07267
11 37 1.12886
11 38 1.12886
11 39 1.12886
11 40 1.12886
11 41 1.12886
11 42 1.10029
11 43 1.08891
11 44 1.07923
11 45 1.07477
11 46 1.14663
11 47 1.14663
11 48 1.14663
11 49 1.14663
11 50 1.14663
11 51 1.10658
11 52 1.09165
11 53 1.08017
11 54 1.07522
11 55 1.13484
11 56 1.13484
11 57 1.13484
11 58 1.13484
11 59 1.13484
11 60 1.1028
11 61 1.09
11 62 1.07931
11 63 1.07424
11 64 1.11675
11 65 1.11675
11 66 1.11675
11 67 1.11675
11 68 1.11675
11 69 1.09514
11 70 1.08535
11 71 1.0767
11 72 1.07246
11 73 1.11135
11 74 1.11135
11 75 1.11135
11 76 1.11135
11 77 1.11135
11 78 1.09254
11 79 1.08423
11 80 1.07659
11 81 1.07322
11 82 1.11809
11 83 1.11809
11 84 1.11809
11 85 1.11809
11 86 1.11809
11 87 1.09595
11 88 1.0859
11 89 1.07714
11 90 1.07348
11 91 1.11392
11 92 1.11392
11 93 1.11392
11 94 1.11392
11 95 1.11392
11 96 1.09385
11 97 1.08473
11 98 1.07645
11 99 1.07251
11 100 1.10476
11 101 1.10476
11 102 1.10476
11 103 1.10476
11 104 1.10476
11 105 1.08888
11 106 1.08127
11 107 1.07431
11 108 1.07086
11 109 1.09721
11 110 1.09721
11 111 1.09721
11 112 1.09721
11 113 1.09721
11 114 1.08493
11 115 1.07878
11 116 1.07315
11 117 1.07054
11 118 1.10041
11 119 1.10041
11 120 1.10041
11 121 1.10041
11 122 1.10041
11 123 1.087
11 124 1.07981
11 125 1.07336
11 126 1.0707
11 127 1.09839
11 128 1.09839
11 129 1.09839
11 130 1.09839
11 131 1.09839
11 132 1.08533
11 133 1.07878
11 134 1.0727
11 135 1.0698
11 136 1.09333
11 137 1.09333
11 138 1.09333
11 139 1.09333
11 140 1.09333
11 141 1.08194
11 142 1.07627
11 143 1.07097
11 144 1.06831
12 1 1.14657
12 2 1.14657
12 3 1.14657
12 4 1.14657
12 5 1.14657
12 6 1.10639
12 7 1.09172
12 8 1.08015
12 9 1.07471
12 10 1.3039
12 11 1.3039
12 12 1.3039
12 13 1.3039
12 14 1.3039
12 15 1.11734
12 16 1.09613
12 17 1.08172
12 18 1.07538
12 19 1.16139
12 20 1.16139
12 21 1.16139
12 22 1.16139
12 23 1.16139
12 24 1.10995
12 25 1.09331
12 26 1.08047
12 27 1.07448
12 28 1.12561
12 29 1.12561
12 30 1.12561
12 31 1.12561
12 32 1.12561
12 33 1.09882
12 34 1.08733
12 35 1.07747
12 36 1.07267
12 37 1.12886
12 38 1.12886
12 39 1.12886
12 40 1.12886
12 41 1.12886
12 42 1.10029
12 43 1.08891
12 44 1.07923
12 45 1.07477
12 46 1.14663
12 47 1.14663
12 48 1.14663
12 49 1.14663
12 50 1.14663
12 51 1.10658
12 52 1.09165
12 53 1.08017
12 54 1.07522
12 55 1.13484
12 56 1.13484
12 57 1.13484
12 58 1.13484
12 59 1.13484
12 60 1.1028
12 61 1.09
12 62 1.07931
12 63 1.07424
12 64 1.11675
12 65 1.11675
12 66 1.11675
12 67 1.11675
12 68 1.11675
12 69 1.09514
12 70 1.08535
12 71 1.0767
12 72 1.07246
12 73 1.11135
12 74 1.11135
12 75 1.11135
12 76 1.11135
12 77 1.11135
12 78 1.09254
12 79 1.08423
12 80 1.07659
12 81 1.07322
12 82 1.11809
12 83 1.11809
12 84 1.11809
12 85 1.11809
12 86 1.11809
12 87 1.09595
12 88 1.0859
12 89 1.07714
12 90 1.07348
12 91 1.11392
12 92 1.11392
12 93 1.11392
12 94 1.11392
12 95 1.11392
12 96 1.09385
12 97 1.08473
12 98 1.07645
12 99 1.07251
12 100 1.10476
12 101 1.10476
12 102 1.10476
12 103 1.10476
12 104 1.10476
12 105 1.08888
12 106 1.08127
12 107 1.07431
12 108 1.07086
12 109 1.09721
12 110 1.09721
12 111 1.09721
12 112 1.09721
12 113 1.09721
12 114 1.08493
12 115 1.07878
12 116 1.07315
12 117 1.07054
12 118 1.10041
12 119 1.10041
12 120 1.10041
12 121 1.10041
12 122 1.10041
12 123 1.087
12 124 1.07981
12 125 1.07336
12 126 1.0707
12 127 1.09839
12 128 1.09839
12 129 1.09839
12 130 1.09839
12 131 1.09839
12 132 1.08533
12 133 1.07878
12 134 1.0727
12 135 1.0698
12 136 1.09333
12 137 1.09333
12 138 1.09333
12 139 1.09333
12 140 1.09333
12 141 1.08194
12 142 1.07627
12 143 1.07097
12 144 1.06831
13 1 1.14657
13 2 1.14657
13 3 1.14657
13 4 1.14657
13 5 1.14657
13 6 1.10639
13 7 1.09172
13 8 1.08015
13 9 1.07471
13 10 1.3039
13 11 1.3039
13 12 1.3039
13 13 1.3039
13 14 1.3039
13 15 1.11734
13 16 1.09613
13 17 1.08172
13 18 1.07538
13 19 1.16139
13 20 1.16139
13 21 1.16139
13 22 1.16139
13 23 1.16139
13 24 1.10995
13 25 1.09331
13 26 1.08047
13 27 1.07448
13 28 1.12561
13 29 1.12561
13 30 1.12561
13 31 1.12561
13 32 1.12561
13 33 1.09882
13 34 1.08733
13 35 1.07747
13 36 1.07267
13 37 1.12886
13 38 1.12886
13 39 1.12886
13 40 1.12886
13 41 1.12886
13 42 1.10029
13 43 1.08891
13 44 1.07923
13 45 1.07477
13 46 1.14663
13 47 1.14663
13 48 1.14663
13 49 1.14663
13 50 1.14663
13 51 1.10658
13 52 1.09165
13 53 1.08017
13 54 1.07522
13 55 1.13484
13 56 1.13484
13 57 1.13484
13 58 1.13484
13 59 1.13484
13 60 1.1028
13 61 1.09
13 62 1.07931
13 63 1.07424
13 64 1.11675
13 65 1.11675
13 66 1.11675
13 67 1.11675
13 68 1.11675
13 69 1.09514
13 70 1.08535
13 71 1.0767
13 72 1.07246
13 73 1.11135
13 74 1.11135
13 75 1.11135
13 76 1.11135
13 77 1.11135
13 78 1.09254
13 79 1.08423
13 80 1.07659
13 81 1.07322
13 82 1.11809
13 83 1.11809
13 84 1.11809
13 85 1.11809
13 86 1.11809
13 87 1.09595
13 88 1.0859
13 89 1.07714
13 90 1.07348
13 91 1.11392
13 92 1.11392
13 93 1.11392
13 94 1.11392
13 95 1.11392
13 96 1.09385
13 97 1.08473
13 98 1.07645
13 99 1.07251
13 100 1.10476
13 101 1.10476
13 102 1.10476
13 103 1.10476
13 104 1.10476
13 105 1.08888
13 106 1.08127
13 107 1.07431
13 108 1.07086
13 109 1.09721
13 110 1.09721
13 111 1.09721
13 112 1.09721
13 113 1.09721
13 114 1.08493
13 115 1.07878
13 116 1.07315
13 117 1.07054
13 118 1.10041
13 119 1.10041
13 120 1.10041
13 121 1.10041
13 122 1.10041
13 123 1.087
13 124 1.07981
13 125 1.07336
13 126 1.0707
13 127 1.09839
13 128 1.09839
13 129 1.09839
13 130 1.09839
13 131 1.09839
13 132 1.08533
13 133 1.07878
13 134 1.0727
13 135 1.0698
13 136 1.09333
13 137 1.09333
13 138 1.09333
13 139 1.09333
13 140 1.09333
13 141 1.08194
13 142 1.07627
13 143 1.07097
13 144 1.06831
14 1 1.14657
14 2 1.14657
14 3 1.14657
14 4 1.14657
14 5 1.14657
14 6 1.10639
14 7 1.09172
14 8 1.08015
14 9 1.07471
14 10 1.3039
14 11 1.3039
14 12 1.3039
14 13 1.3039
14 14 1.3039
14 15 1.11734
14 16 1.09613
14 17 1.08172
14 18 1.07538
14 19 1.16139
14 20 1.16139
14 21 1.16139
14 22 1.16139
14 23 1.16139
14 24 1.10995
14 25 1.09331
14 26 1.08047
14 27 1.07448
14 28 1.12561
14 29 1.12561
14 30 1.12561
14 31 1.12561
14 32 1.12561
14 33 1.09882
14 34 1.08733
14 35 1.07747
14 36 1.07267
14 37 1.12886
14 38 1.12886
14 39 1.12886
14 40 1.12886
14 41 1.12886
14 42 1.10029
14 43 1.08891
14 44 1.07923
14 45 1.07477
14 46 1.14663
14 47 1.14663
14 48 1.14663
14 49 1.14663
14 50 1.14663
14 51 1.10658
14 52 1.09165
14 53 1.08017
14 54 1.07522
14 55 1.13484
14 56 1.13484
14 57 1.13484
14 58 1.13484
14 59 1.13484
14 60 1.1028
14 61 1.09
14 62 1.07931
14 63 1.07424
14 64 1.11675
14 65 1.11675
14 66 1.11675
14 67 1.11675
14 68 1.11675
14 69 1.09514
14 70 1.08535
14 71 1.0767
14 72 1.07246
14 73 1.11135
14 74 1.11135
14 75 1.11135
14 76 1.11135
14 77 1.11135
14 78 1.09254
14 79 1.08423
14 80 1.07659
14 81 1.07322
14 82 1.11809
14 83 1.11809
14 84 1.11809
14 85 1.11809
14 86 1.11809
14 87 1.09595
14 88 1.0859
14 89 1.07714
14 90 1.07348
14 91 1.11392
14 92 1.11392
14 93 1.11392
14 94 1.11392
14 95 1.11392
14 96 1.09385
14 97 1.08473
14 98 1.07645
14 99 1.07251
14 100 1.10476
14 101 1.10476
14 102 1.10476
14 103 1.10476
14 104 1.10476
14 105 1.08888
14 106 1.08127
14 107 1.07431
14 108 1.07086
14 109 1.09721
14 110 1.09721
14 111 1.09721
14 112 1.09721
14 113 1.09721
14 114 1.08493
14 115 1.07878
14 116 1.07315
14 117 1.07054
14 118 1.10041
14 119 1.10041
14 120 1.10041
14 121 1.10041
14 122 1.10041
14 123 1.087
14 124 1.07981
14 125 1.07336
14 126 1.0707
14 127 1.09839
14 128 1.09839
14 129 1.09839
14 130 1.09839
14 131 1.09839
14 132 1.08533
14 133 1.07878
14 134 1.0727
14 135 1.0698
14 136 1.09333
14 137 1.09333
14 138 1.09333
14 139 1.09333
14 140 1.09333
14 141 1.08194
14 142 1.07627
14 143 1.07097
14 144 1.06831
15 1 1.10669
15 2 1.10669
15 3 1.10669
15 4 1.10669
15 5 1.10669
15 6 1.42797
15 7 1.35124
15 8 1.23707
15 9 1.17862
15 10 1.11734
15 11 1.11734
15 12 1.11734
15 13 1.11734
15 14 1.11734
15 15 6.8938
15 16 2.12225
15 17 1.38142
15 18 1.2034
15 19 1.10975
15 20 1.10975
15 21 1.10975
15 22 1.10975
15 23 1.10975
15 24 1.67171
15 25 1.47592
15 26 1.27685
15 27 1.18694
15 28 1.09852
15 29 1.09852
15 30 1.09852
15 31 1.09852
15 32 1.09852
15 33 1.23884
15 34 1.22867
15 35 1.18518
15 36 1.1585
15 37 1.10165
15 38 1.10165
15 39 1.10165
15 40 1.10165
15 41 1.10165
15 42 1.2334
15 43 1.22371
15 44 1.18615
15 45 1.16318
15 46 1.10724
15 47 1.10724
15 48 1.10724
15 49 1.10724
15 50 1.10724
15 51 1.41666
15 52 1.34305
15 53 1.2312
15 54 1.17883
15 55 1.10297
15 56 1.10297
15 57 1.10297
15 58 1.10297
15 59 1.10297
15 60 1.29859
15 61 1.27366
15 62 1.20664
15 63 1.16829
15 64 1.09497
15 65 1.09497
15 66 1.09497
15 67 1.09497
15 68 1.09497
15 69 1.18123
15 70 1.18242
15 71 1.16181
15 72 1.14767
15 73 1.09367
15 74 1.09367
15 75 1.09367
15 76 1.09367
15 77 1.09367
15 78 1.14819
15 79 1.15292
15 80 1.14641
15 81 1.14121
15 82 1.09667
15 83 1.09667
15 84 1.09667
15 85 1.09667
15 86 1.09667
15 87 1.17314
15 88 1.17888
15 89 1.16075
15 90 1.14967
15 91 1.09404
15 92 1.09404
15 93 1.09404
15 94 1.09404
15 95 1.09404
15 96 1.16331
15 97 1.16763
15 98 1.15385
15 99 1.14392
15 100 1.08879
15 101 1.08879
15 102 1.08879
15 103 1.08879
15 104 1.08879
15 105 1.13347
15 106 1.13932
15 107 1.13516
15 108 1.13114
15 109 1.08542
15 110 1.08542
15 111 1.08542
15 112 1.08542
15 113 1.08542
15 114 1.11331
15 115 1.11793
15 116 1.12065
15 117 1.12058
15 118 1.08713
15 119 1.08713
15 120 1.08713
15 121 1.08713
15 122 1.08713
15 123 1.11762
15 124 1.12445
15 125 1.12566
15 126 1.12507
15 127 1.0854
15 128 1.0854
15 129 1.0854
15 130 1.0854
15 131 1.0854
15 132 1.11527
15 133 1.12149
15 134 1.12256
15 135 1.12193
15 136 1.08193
15 137 1.08193
15 138 1.08193
15 139 1.08193
15 140 1.08193
15 141 1.10559
15 142 1.11166
15 143 1.11391
15 144 1.11428
16 1 1.09181
16 2 1.09181
16 3 1.09181
16 4 1.09181
16 5 1.09181
16 6 1.3508
16 7 1.44892
16 8 1.33349
16 9 1.2487
16 10 1.09613
16 11 1.09613
16 12 1.09613
16 13 1.09613
16 14 1.09613
16 15 2.12225
16 16 6.86695
16 17 1.96297
16 18 1.31255
16 19 1.09295
16 20 1.09295
16 21 1.09295
16 22 1.09295
16 23 1.09295
16 24 1.47432
16 25 1.68668
16 26 1.42396
16 27 1.2675
16 28 1.0869
16 29 1.0869
16 30 1.0869
16 31 1.0869
16 32 1.0869
16 33 1.22823
16 34 1.26449
16 35 1.23717
16 36 1.2107
16 37 1.08964
16 38 1.08964
16 39 1.08964
16 40 1.08964
16 41 1.08964
16 42 1.22244
16 43 1.25853
16 44 1.23969
16 45 1.2174
16 46 1.09239
16 47 1.09239
16 48 1.09239
16 49 1.09239
16 50 1.09239
16 51 1.34002
16 52 1.43998
16 53 1.32556
16 54 1.24883
16 55 1.0899
16 56 1.0899
16 57 1.0899
16 58 1.0899
16 59 1.0899
16 60 1.27156
16 61 1.3243
16 62 1.27326
16 63 1.22829
16 64 1.08504
16 65 1.08504
16 66 1.08504
16 67 1.08504
16 68 1.08504
16 69 1.18215
16 70 1.2072
16 71 1.2014
16 72 1.19155
16 73 1.08489
16 74 1.08489
16 75 1.08489
16 76 1.08489
16 77 1.08489
16 78 1.15207
16 79 1.1726
16 80 1.17954
16 81 1.1793
16 82 1.0866
16 83 1.0866
16 84 1.0866
16 85 1.0866
16 86 1.0866
16 87 1.17235
16 88 1.20451
16 89 1.20177
16 90 1.1943
16 91 1.08468
16 92 1.08468
16 93 1.08468
16 94 1.08468
16 95 1.08468
16 96 1.16565
16 97 1.19001
16 98 1.19042
16 99 1.18514
16 100 1.08105
16 101 1.08105
16 102 1.08105
16 103 1.08105
16 104 1.08105
16 105 1.13924
16 106 1.15724
16 107 1.16386
16 108 1.16464
16 109 1.07918
16 110 1.07918
16 111 1.07918
16 112 1.07918
16 113 1.07918
16 114 1.11923
16 115 1.13204
16 116 1.14349
16 117 1.14709
16 118 1.08027
16 119 1.08027
16 120 1.08027
16 121 1.08027
16 122 1.08027
16 123 1.12245
16 124 1.13989
16 125 1.15112
16 126 1.15457
16 127 1.07882
16 128 1.07882
16 129 1.07882
16 130 1.07882
16 131 1.07882
16 132 1.12097
16 133 1.13648
16 134 1.14667
16 135 1.15023
16 136 1.07615
16 137 1.07615
16 138 1.07615
16 139 1.07615
16 140 1.07615
16 141 1.11168
16 142 1.12525
16 143 1.13488
16 144 1.13895
17 1 1.08014
17 2 1.08014
17 3 1.08014
17 4 1.08014
17 5 1.08014
17 6 1.23584
17 7 1.3315
17 8 1.39291
17 9 1.33334
17 10 1.08172
17 11 1.08172
17 12 1.08172
17 13 1.08172
17 14 1.08172
17 15 1.38142
17 16 1.96297
17 17 5.93489
17 18 1.54106
17 19 1.08023
17 20 1.08023
17 21 1.08023
17 22 1.08023
17 23 1.08023
17 24 1.27409
17 25 1.41864
17 26 1.54093
17 27 1.37419
17 28 1.07718
17 29 1.07718
17 30 1.07718
17 31 1.07718
17 32 1.07718
17 33 1.18425
17 34 1.23557
17 35 1.26664
17 36 1.26623
17 37 1.07968
17 38 1.07968
17 39 1.07968
17 40 1.07968
17 41 1.07968
17 42 1.18326
17 43 1.236
17 44 1.27372
17 45 1.27551
17 46 1.08075
17 47 1.08075
17 48 1.08075
17 49 1.08075
17 50 1.08075
17 51 1.23003
17 52 1.32899
17 53 1.38738
17 54 1.33297
17 55 1.07929
17 56 1.07929
17 57 1.07929
17 58 1.07929
17 59 1.07929
17 60 1.20454
17 61 1.27134
17 62 1.30945
17 63 1.29547
17 64 1.07653
17 65 1.07653
17 66 1.07653
17 67 1.07653
17 68 1.07653
17 69 1.16136
17 70 1.20051
17 71 1.22807
17 72 1.23628
17 73 1.07722
17 74 1.07722
17 75 1.07722
17 76 1.07722
17 77 1.07722
17 78 1.14405
17 79 1.17685
17 80 1.20555
17 81 1.21675
17 82 1.07798
17 83 1.07798
17 84 1.07798
17 85 1.07798
17 86 1.07798
17 87 1.15418
17 88 1.20021
17 89 1.23162
17 90 1.23993
17 91 1.07661
17 92 1.07661
17 93 1.07661
17 94 1.07661
17 95 1.07661
17 96 1.15138
17 97 1.18864
17 98 1.21705
17 99 1.22677
17 100 1.07424
17 101 1.07424
17 102 1.07424
17 103 1.07424
17 104 1.07424
17 105 1.1349
17 106 1.16323
17 107 1.18685
17 108 1.19739
17 109 1.07356
17 110 1.07356
17 111 1.07356
17 112 1.07356
17 113 1.07356
17 114 1.12033
17 115 1.14113
17 116 1.1632
17 117 1.17208
17 118 1.07413
17 119 1.07413
17 120 1.07413
17 121 1.07413
17 122 1.07413
17 123 1.12143
17 124 1.14843
17 125 1.17289
17 126 1.18286
17 127 1.07293
17 128 1.07293
17 129 1.07293
17 130 1.07293
17 131 1.07293
17 132 1.12094
17 133 1.14498
17 134 1.16727
17 135 1.17741
17 136 1.07096
17 137 1.07096
17 138 1.07096
17 139 1.07096
17 140 1.07096
17 141 1.11375
17 142 1.1344
17 143 1.1532
17 144 1.1624
18 1 1.07473
18 2 1.07473
18 3 1.07473
18 4 1.07473
18 5 1.07473
18 6 1.17793
18 7 1.24702
18 8 1.33214
18 9 1.38324
18 10 1.07538
18 11 1.07538
18 12 1.07538
18 13 1.07538
18 14 1.07538
18 15 1.2034
18 16 1.31255
18 17 1.54106
18 18 2.13943
18 19 1.07449
18 20 1.07449
18 21 1.07449
18 22 1.07449
18 23 1.07449
18 24 1.18747
18 25 1.26724
18 26 1.37567
18 27 1.45201
18 28 1.07266
18 29 1.07266
18 30 1.07266
18 31 1.07266
18 32 1.07266
18 33 1.159
18 34 1.21045
18 35 1.26681
18 36 1.29786
18 37 1.0749
18 38 1.0749
18 39 1.0749
18 40 1.0749
18 41 1.0749
18 42 1.15862
18 43 1.21055
18 44 1.27058
18 45 1.30362
18 46 1.07534
18 47 1.07534
18 48 1.07534
18 49 1.07534
18 50 1.07534
18 51 1.17462
18 52 1.24708
18 53 1.3307
18 54 1.38078
18 55 1.07433
18 56 1.07433
18 57 1.07433
18 58 1.07433
18 59 1.07433
18 60 1.16711
18 61 1.22662
18 62 1.29471
18 63 1.33252
18 64 1.0725
18 65 1.0725
18 66 1.0725
18 67 1.0725
18 68 1.0725
18 69 1.14772
18 70 1.19075
18 71 1.23588
18 72 1.25987
18 73 1.07341
18 74 1.07341
18 75 1.07341
18 76 1.07341
18 77 1.07341
18 78 1.13685
18 79 1.17376
18 80 1.21356
18 81 1.23345
18 82 1.0738
18 83 1.0738
18 84 1.0738
18 85 1.0738
18 86 1.0738
18 87 1.14142
18 88 1.18981
18 89 1.23761
18 90 1.26149
18 91 1.0727
18 92 1.0727
18 93 1.0727
18 94 1.0727
18 95 1.0727
18 96 1.14097
18 97 1.18196
18 98 1.22499
18 99 1.24721
18 100 1.07094
18 101 1.07094
18 102 1.07094
18 103 1.07094
18 104 1.07094
18 105 1.13076
18 106 1.16345
18 107 1.19653
18 108 1.21369
18 109 1.07069
18 110 1.07069
18 111 1.07069
18 112 1.07069
18 113 1.07069
18 114 1.11918
18 115 1.14354
18 116 1.17098
18 117 1.18294
18 118 1.07105
18 119 1.07105
18 120 1.07105
18 121 1.07105
18 122 1.07105
18 123 1.11917
18 124 1.15021
18 125 1.18153
18 126 1.19563
18 127 1.07
18 128 1.07
18 129 1.07
18 130 1.07
18 131 1.07
18 132 1.11939
18 133 1.1472
18 134 1.17593
18 135 1.19012
18 136 1.06839
18 137 1.06839
18 138 1.06839
18 139 1.06839
18 140 1.06839
18 141 1.11379
18 142 1.13777
18 143 1.16149
18 144 1.17366
19 1 1.11787
19 2 1.11787
19 3 1.11787
19 4 1.11787
19 5 1.11787
19 6 1.0951
19 7 1.08501
19 8 1.07641
19 9 1.07222
19 10 1.16139
19 11 1.16139
19 12 1.16139
19 13 1.16139
19 14 1.16139
19 15 1.10975
19 16 1.09295
19 17 1.08023
19 18 1.07449
19 19 1.30401
19 20 1.30401
19 21 1.30401
19 22 1.30401
19 23 1.30401
19 24 1.11741
19 25 1.09631
19 26 1.08168
19 27 1.07506
19 28 1.16179
19 29 1.16179
19 30 1.16179
19 31 1.16179
19 32 1.16179
19 33 1.11032
19 34 1.09361
19 35 1.08063
19 36 1.07454
19 37 1.11118
19 38 1.11118
19 39 1.11118
19 40 1.11118
19 41 1.11118
19 42 1.0918
19 43 1.08329
19 44 1.07584
19 45 1.07233
19 46 1.13478
19 47 1.13478
19 48 1.13478
19 49 1.13478
19 50 1.13478
19 51 1.10236
19 52 1.08927
19 53 1.07882
19 54 1.07432
19 55 1.14682
19 56 1.14682
19 57 1.14682
19 58 1.14682
19 59 1.14682
19 60 1.10652
19 61 1.09196
19 62 1.08019
19 63 1.07471
19 64 1.13528
19 65 1.13528
19 66 1.13528
19 67 1.13528
19 68 1.13528
19 69 1.1032
19 70 1.09024
19 71 1.07938
19 72 1.07417
19 73 1.10121
19 74 1.10121
19 75 1.10121
19 76 1.10121
19 77 1.10121
19 78 1.0867
19 79 1.07993
19 80 1.07374
19 81 1.07097
19 82 1.11381
19 83 1.11381
19 84 1.11381
19 85 1.11381
19 86 1.11381
19 87 1.09336
19 88 1.08415
19 89 1.07597
19 90 1.07262
19 91 1.11829
19 92 1.11829
19 93 1.11829
19 94 1.11829
19 95 1.11829
19 96 1.0956
19 97 1.08584
19 98 1.07701
19 99 1.07288
19 100 1.11438
19 101 1.11438
19 102 1.11438
19 103 1.11438
19 104 1.11438
19 105 1.09396
19 106 1.08468
19 107 1.07641
19 108 1.07235
19 109 1.0911
19 110 1.0911
19 111 1.0911
19 112 1.0911
19 113 1.0911
19 114 1.08094
19 115 1.07558
19 116 1.0708
19 117 1.06855
19 118 1.09829
19 119 1.09829
19 120 1.09829
19 121 1.09829
19 122 1.09829
19 123 1.08519
19 124 1.07847
19 125 1.07238
19 126 1.06992
19 127 1.10057
19 128 1.10057
19 129 1.10057
19 130 1.10057
19 131 1.10057
19 132 1.08617
19 133 1.07937
19 134 1.07303
19 135 1.07007
19 136 1.09884
19 137 1.09884
19 138 1.09884
19 139 1.09884
19 140 1.09884
19 141 1.08518
19 142 1.07862
19 143 1.07258
19 144 1.06957
20 1 1.11787
20 2 1.11787
20 3 1.11787
20 4 1.11787
20 5 1.11787
20 6 1.0951
20 7 1.08501
20 8 1.07641
20 9 1.07222
20 10 1.16139
20 11 1.16139
20 12 1.16139
20 13 1.16139
20 14 1.16139
20 15 1.10975
20 16 1.09295
20 17 1.08023
20 18 1.07449
20 19 1.30401
20 20 1.30401
20 21 1.30401
20 22 1.30401
20 23 1.30401
20 24 1.11741
20 25 1.09631
20 26 1.08168
20 27 1.07506
20 28 1.16179
20 29 1.16179
20 30 1.16179
20 31 1.16179
20 32 1.16179
20 33 1.11032
20 34 1.09361
20 35 1.08063
20 36 1.07454
20 37 1.11118
20 38 1.11118
20 39 1.11118
20 40 1.11118
20 41 1.11118
20 42 1.0918
20 43 1.08329
20 44 1.07584
20 45 1.07233
20 46 1.13478
20 47 1.13478
20 48 1.13478
20 49 1.13478
20 50 1.13478
20 51 1.10236
20 52 1.08927
20 53 1.07882
20 54 1.07432
20 55 1.14682
20 56 1.14682
20 57 1.14682
20 58 1.14682
20 59 1.14682
20 60 1.10652
20 61 1.09196
20 62 1.08019
20 63 1.07471
20 64 1.13528
20 65 1.13528
20 66 1.13528
20 67 1.13528
20 68 1.13528
20 69 1.1032
20 70 1.09024
20 71 1.07938
20 72 1.07417
20 73 1.10121
20 74 1.10121
20 75 1.10121
20 76 1.10121
20 77 1.10121
20 78 1.0867
20 79 1.07993
20 80 1.07374
20 81 1.07097
20 82 1.11381
20 83 1.11381
20 84 1.11381
20 85 1.11381
20 86 1.11381
20 87 1.09336
20 88 1.08415
20 89 1.07597
20 90 1.07262
20 91 1.11829
20 92 1.11829
20 93 1.11829
20 94 1.11829
20 95 1.11829
20 96 1.0956
20 97 1.08584
20 98 1.07701
20 99 1.07288
20 100 1.11438
20 101 1.11438
20 102 1.11438
20 103 1.11438
20 104 1.11438
20 105 1.09396
20 106 1.08468
20 107 1.07641
20 108 1.07235
20 109 1.0911
20 110 1.0911
20 111 1.0911
20 112 1.0911
20 113 1.0911
20 114 1.08094
20 115 1.07558
20 116 1.0708
20 117 1.06855
20 118 1.09829
20 119 1.09829
20 120 1.09829
20 121 1.09829
20 122 1.09829
20 123 1.08519
20 124 1.07847
20 125 1.07238
20 126 1.06992
20 127 1.10057
20 128 1.10057
20 129 1.10057
20 130 1.10057
20 131 1.10057
20 132 1.08617
20 133 1.07937
20 134 1.07303
20 135 1.07007
20 136 1.09884
20 137 1.09884
20 138 1.09884
20 139 1.09884
20 140 1.09884
20 141 1.08518
20 142 1.07862
20 143 1.07258
20 144 1.06957
21 1 1.11787
21 2 1.11787
21 3 1.11787
21 4 1.11787
21 5 1.11787
21 6 1.0951
21 7 1.08501
21 8 1.07641
21 9 1.07222
21 10 1.16139
21 11 1.16139
21 12 1.16139
21 13 1.16139
21 14 1.16139
21 15 1.10975
21 16 1.09295
21 17 1.08023
21 18 1.07449
21 19 1.30401
21 20 1.30401
21 21 1.30401
21 22 1.30401
21 23 1.30401
21 24 1.11741
21 25 1.09631
21 26 1.08168
21 27 1.07506
21 28 1.16179
21 29 1.16179
21 30 1.16179
21 31 1.16179
21 32 1.16179
21 33 1.11032
21 34 1.09361
21 35 1.08063
21 36 1.07454
21 37 1.11118
21 38 1.11118
21 39 1.11118
21 40 1.11118
21 41 1.11118
