injected_el measured_el potential
1 1 1.30471
1 2 1.30471
1 3 1.30471
1 4 1.30471
1 5 1.30471
1 6 1.1171
1 7 1.09748
1 8 1.08374
1 9 1.07721
1 10 1.14612
1 11 1.14612
1 12 1.14612
1 13 1.14612
1 14 1.14612
1 15 1.10114
1 16 1.09442
1 17 1.08427
1 18 1.07674
1 19 1.11742
1 20 1.11742
1 21 1.11742
1 22 1.11742
1 23 1.11742
1 24 1.09723
1 25 1.09252
1 26 1.08227
1 27 1.07477
1 28 1.1002
1 29 1.1002
1 30 1.1002
1 31 1.1002
1 32 1.1002
1 33 1.08854
1 34 1.08234
1 35 1.07505
1 36 1.07106
1 37 1.14776
1 38 1.14776
1 39 1.14776
1 40 1.14776
1 41 1.14776
1 42 1.10757
1 43 1.09337
1 44 1.08192
1 45 1.07638
1 46 1.12894
1 47 1.12894
1 48 1.12894
1 49 1.12894
1 50 1.12894
1 51 1.09983
1 52 1.09075
1 53 1.08124
1 54 1.07544
1 55 1.11119
1 56 1.11119
1 57 1.11119
1 58 1.11119
1 59 1.11119
1 60 1.09386
1 61 1.08762
1 62 1.07865
1 63 1.0734
1 64 1.09726
1 65 1.09726
1 66 1.09726
1 67 1.09726
1 68 1.09726
1 69 1.08555
1 70 1.07976
1 71 1.07362
1 72 1.07035
1 73 1.11941
1 74 1.11941
1 75 1.11941
1 76 1.11941
1 77 1.11941
1 78 1.09695
1 79 1.08706
1 80 1.07836
1 81 1.07407
1 82 1.11165
1 83 1.11165
1 84 1.11165
1 85 1.11165
1 86 1.11165
1 87 1.09292
1 88 1.08479
1 89 1.077
1 90 1.07294
1 91 1.10143
1 92 1.10143
1 93 1.10143
1 94 1.10143
1 95 1.10143
1 96 1.08752
1 97 1.08117
1 98 1.07454
1 99 1.07105
1 100 1.09148
1 101 1.09148
1 102 1.09148
1 103 1.09148
1 104 1.09148
1 105 1.08121
1 106 1.07609
1 107 1.07106
1 108 1.06846
1 109 1.10177
1 110 1.10177
1 111 1.10177
1 112 1.10177
1 113 1.10177
1 114 1.0873
1 115 1.08036
1 116 1.074
1 117 1.07082
1 118 1.09755
1 119 1.09755
1 120 1.09755
1 121 1.09755
1 122 1.09755
1 123 1.08466
1 124 1.07843
1 125 1.07261
1 126 1.06966
1 127 1.09137
1 128 1.09137
1 129 1.09137
1 130 1.09137
1 131 1.09137
1 132 1.08075
1 133 1.07552
1 134 1.07053
1 135 1.06798
1 136 1.0845
1 137 1.0845
1 138 1.0845
1 139 1.0845
1 140 1.0845
1 141 1.07609
1 142 1.07187
1 143 1.06783
1 144 1.06578
2 1 1.30471
2 2 1.30471
2 3 1.30471
2 4 1.30471
2 5 1.30471
2 6 1.1171
2 7 1.09748
2 8 1.08374
2 9 1.07721
2 10 1.14612
2 11 1.14612
2 12 1.14612
2 13 1.14612
2 14 1.14612
2 15 1.10114
2 16 1.09442
2 17 1.08427
2 18 1.07674
2 19 1.11742
2 20 1.11742
2 21 1.11742
2 22 1.11742
2 23 1.11742
2 24 1.09723
2 25 1.09252
2 26 1.08227
2 27 1.07477
2 28 1.1002
2 29 1.1002
2 30 1.1002
2 31 1.1002
2 32 1.1002
2 33 1.08854
2 34 1.08234
2 35 1.07505
2 36 1.07106
2 37 1.14776
2 38 1.14776
2 39 1.14776
2 40 1.14776
2 41 1.14776
2 42 1.10757
2 43 1.09337
2 44 1.08192
2 45 1.07638
2 46 1.12894
2 47 1.12894
2 48 1.12894
2 49 1.12894
2 50 1.12894
2 51 1.09983
2 52 1.09075
2 53 1.08124
2 54 1.07544
2 55 1.11119
2 56 1.11119
2 57 1.11119
2 58 1.11119
2 59 1.11119
2 60 1.09386
2 61 1.08762
2 62 1.07865
2 63 1.0734
2 64 1.09726
2 65 1.09726
2 66 1.09726
2 67 1.09726
2 68 1.09726
2 69 1.08555
2 70 1.07976
2 71 1.07362
2 72 1.07035
2 73 1.11941
2 74 1.11941
2 75 1.11941
2 76 1.11941
2 77 1.11941
2 78 1.09695
2 79 1.08706
2 80 1.07836
2 81 1.07407
2 82 1.11165
2 83 1.11165
2 84 1.11165
2 85 1.11165
2 86 1.11165
2 87 1.09292
2 88 1.08479
2 89 1.077
2 90 1.07294
2 91 1.10143
2 92 1.10143
2 93 1.10143
2 94 1.10143
2 95 1.10143
2 96 1.08752
2 97 1.08117
2 98 1.07454
2 99 1.07105
2 100 1.09148
2 101 1.09148
2 102 1.09148
2 103 1.09148
2 104 1.09148
2 105 1.08121
2 106 1.07609
2 107 1.07106
2 108 1.06846
2 109 1.10177
2 110 1.10177
2 111 1.10177
2 112 1.10177
2 113 1.10177
2 114 1.0873
2 115 1.08036
2 116 1.074
2 117 1.07082
2 118 1.09755
2 119 1.09755
2 120 1.09755
2 121 1.09755
2 122 1.09755
2 123 1.08466
2 124 1.07843
2 125 1.07261
2 126 1.06966
2 127 1.09137
2 128 1.09137
2 129 1.09137
2 130 1.09137
2 131 1.09137
2 132 1.08075
2 133 1.07552
2 134 1.07053
2 135 1.06798
2 136 1.0845
2 137 1.0845
2 138 1.0845
2 139 1.0845
2 140 1.0845
2 141 1.07609
2 142 1.07187
2 143 1.06783
2 144 1.06578
3 1 1.30471
3 2 1.30471
3 3 1.30471
3 4 1.30471
3 5 1.30471
3 6 1.1171
3 7 1.09748
3 8 1.08374
3 9 1.07721
3 10 1.14612
3 11 1.14612
3 12 1.14612
3 13 1.14612
3 14 1.14612
3 15 1.10114
3 16 1.09442
3 17 1.08427
3 18 1.07674
3 19 1.11742
3 20 1.11742
3 21 1.11742
3 22 1.11742
3 23 1.11742
3 24 1.09723
3 25 1.09252
3 26 1.08227
3 27 1.07477
3 28 1.1002
3 29 1.1002
3 30 1.1002
3 31 1.1002
3 32 1.1002
3 33 1.08854
3 34 1.08234
3 35 1.07505
3 36 1.07106
3 37 1.14776
3 38 1.14776
3 39 1.14776
3 40 1.14776
3 41 1.14776
3 42 1.10757
3 43 1.09337
3 44 1.08192
3 45 1.07638
3 46 1.12894
3 47 1.12894
3 48 1.12894
3 49 1.12894
3 50 1.12894
3 51 1.09983
3 52 1.09075
3 53 1.08124
3 54 1.07544
3 55 1.11119
3 56 1.11119
3 57 1.11119
3 58 1.11119
3 59 1.11119
3 60 1.09386
3 61 1.08762
3 62 1.07865
3 63 1.0734
3 64 1.09726
3 65 1.09726
3 66 1.09726
3 67 1.09726
3 68 1.09726
3 69 1.08555
3 70 1.07976
3 71 1.07362
3 72 1.07035
3 73 1.11941
3 74 1.11941
3 75 1.11941
3 76 1.11941
3 77 1.11941
3 78 1.09695
3 79 1.08706
3 80 1.07836
3 81 1.07407
3 82 1.11165
3 83 1.11165
3 84 1.11165
3 85 1.11165
3 86 1.11165
3 87 1.09292
3 88 1.08479
3 89 1.077
3 90 1.07294
3 91 1.10143
3 92 1.10143
3 93 1.10143
3 94 1.10143
3 95 1.10143
3 96 1.08752
3 97 1.08117
3 98 1.07454
3 99 1.07105
3 100 1.09148
3 101 1.09148
3 102 1.09148
3 103 1.09148
3 104 1.09148
3 105 1.08121
3 106 1.07609
3 107 1.07106
3 108 1.06846
3 109 1.10177
3 110 1.10177
3 111 1.10177
3 112 1.10177
3 113 1.10177
3 114 1.0873
3 115 1.08036
3 116 1.074
3 117 1.07082
3 118 1.09755
3 119 1.09755
3 120 1.09755
3 121 1.09755
3 122 1.09755
3 123 1.08466
3 124 1.07843
3 125 1.07261
3 126 1.06966
3 127 1.09137
3 128 1.09137
3 129 1.09137
3 130 1.09137
3 131 1.09137
3 132 1.08075
3 133 1.07552
3 134 1.07053
3 135 1.06798
3 136 1.0845
3 137 1.0845
3 138 1.0845
3 139 1.0845
3 140 1.0845
3 141 1.07609
3 142 1.07187
3 143 1.06783
3 144 1.06578
4 1 1.30471
4 2 1.30471
4 3 1.30471
4 4 1.30471
4 5 1.30471
4 6 1.1171
4 7 1.09748
4 8 1.08374
4 9 1.07721
4 10 1.14612
4 11 1.14612
4 12 1.14612
4 13 1.14612
4 14 1.14612
4 15 1.10114
4 16 1.09442
4 17 1.08427
4 18 1.07674
4 19 1.11742
4 20 1.11742
4 21 1.11742
4 22 1.11742
4 23 1.11742
4 24 1.09723
4 25 1.09252
4 26 1.08227
4 27 1.07477
4 28 1.1002
4 29 1.1002
4 30 1.1002
4 31 1.1002
4 32 1.1002
4 33 1.08854
4 34 1.08234
4 35 1.07505
4 36 1.07106
4 37 1.14776
4 38 1.14776
4 39 1.14776
4 40 1.14776
4 41 1.14776
4 42 1.10757
4 43 1.09337
4 44 1.08192
4 45 1.07638
4 46 1.12894
4 47 1.12894
4 48 1.12894
4 49 1.12894
4 50 1.12894
4 51 1.09983
4 52 1.09075
4 53 1.08124
4 54 1.07544
4 55 1.11119
4 56 1.11119
4 57 1.11119
4 58 1.11119
4 59 1.11119
4 60 1.09386
4 61 1.08762
4 62 1.07865
4 63 1.0734
4 64 1.09726
4 65 1.09726
4 66 1.09726
4 67 1.09726
4 68 1.09726
4 69 1.08555
4 70 1.07976
4 71 1.07362
4 72 1.07035
4 73 1.11941
4 74 1.11941
4 75 1.11941
4 76 1.11941
4 77 1.11941
4 78 1.09695
4 79 1.08706
4 80 1.07836
4 81 1.07407
4 82 1.11165
4 83 1.11165
4 84 1.11165
4 85 1.11165
4 86 1.11165
4 87 1.09292
4 88 1.08479
4 89 1.077
4 90 1.07294
4 91 1.10143
4 92 1.10143
4 93 1.10143
4 94 1.10143
4 95 1.10143
4 96 1.08752
4 97 1.08117
4 98 1.07454
4 99 1.07105
4 100 1.09148
4 101 1.09148
4 102 1.09148
4 103 1.09148
4 104 1.09148
4 105 1.08121
4 106 1.07609
4 107 1.07106
4 108 1.06846
4 109 1.10177
4 110 1.10177
4 111 1.10177
4 112 1.10177
4 113 1.10177
4 114 1.0873
4 115 1.08036
4 116 1.074
4 117 1.07082
4 118 1.09755
4 119 1.09755
4 120 1.09755
4 121 1.09755
4 122 1.09755
4 123 1.08466
4 124 1.07843
4 125 1.07261
4 126 1.06966
4 127 1.09137
4 128 1.09137
4 129 1.09137
4 130 1.09137
4 131 1.09137
4 132 1.08075
4 133 1.07552
4 134 1.07053
4 135 1.06798
4 136 1.0845
4 137 1.0845
4 138 1.0845
4 139 1.0845
4 140 1.0845
4 141 1.07609
4 142 1.07187
4 143 1.06783
4 144 1.06578
5 1 1.30471
5 2 1.30471
5 3 1.30471
5 4 1.30471
5 5 1.30471
5 6 1.1171
5 7 1.09748
5 8 1.08374
5 9 1.07721
5 10 1.14612
5 11 1.14612
5 12 1.14612
5 13 1.14612
5 14 1.14612
5 15 1.10114
5 16 1.09442
5 17 1.08427
5 18 1.07674
5 19 1.11742
5 20 1.11742
5 21 1.11742
5 22 1.11742
5 23 1.11742
5 24 1.09723
5 25 1.09252
5 26 1.08227
5 27 1.07477
5 28 1.1002
5 29 1.1002
5 30 1.1002
5 31 1.1002
5 32 1.1002
5 33 1.08854
5 34 1.08234
5 35 1.07505
5 36 1.07106
5 37 1.14776
5 38 1.14776
5 39 1.14776
5 40 1.14776
5 41 1.14776
5 42 1.10757
5 43 1.09337
5 44 1.08192
5 45 1.07638
5 46 1.12894
5 47 1.12894
5 48 1.12894
5 49 1.12894
5 50 1.12894
5 51 1.09983
5 52 1.09075
5 53 1.08124
5 54 1.07544
5 55 1.11119
5 56 1.11119
5 57 1.11119
5 58 1.11119
5 59 1.11119
5 60 1.09386
5 61 1.08762
5 62 1.07865
5 63 1.0734
5 64 1.09726
5 65 1.09726
5 66 1.09726
5 67 1.09726
5 68 1.09726
5 69 1.08555
5 70 1.07976
5 71 1.07362
5 72 1.07035
5 73 1.11941
5 74 1.11941
5 75 1.11941
5 76 1.11941
5 77 1.11941
5 78 1.09695
5 79 1.08706
5 80 1.07836
5 81 1.07407
5 82 1.11165
5 83 1.11165
5 84 1.11165
5 85 1.11165
5 86 1.11165
5 87 1.09292
5 88 1.08479
5 89 1.077
5 90 1.07294
5 91 1.10143
5 92 1.10143
5 93 1.10143
5 94 1.10143
5 95 1.10143
5 96 1.08752
5 97 1.08117
5 98 1.07454
5 99 1.07105
5 100 1.09148
5 101 1.09148
5 102 1.09148
5 103 1.09148
5 104 1.09148
5 105 1.08121
5 106 1.07609
5 107 1.07106
5 108 1.06846
5 109 1.10177
5 110 1.10177
5 111 1.10177
5 112 1.10177
5 113 1.10177
5 114 1.0873
5 115 1.08036
5 116 1.074
5 117 1.07082
5 118 1.09755
5 119 1.09755
5 120 1.09755
5 121 1.09755
5 122 1.09755
5 123 1.08466
5 124 1.07843
5 125 1.07261
5 126 1.06966
5 127 1.09137
5 128 1.09137
5 129 1.09137
5 130 1.09137
5 131 1.09137
5 132 1.08075
5 133 1.07552
5 134 1.07053
5 135 1.06798
5 136 1.0845
5 137 1.0845
5 138 1.0845
5 139 1.0845
5 140 1.0845
5 141 1.07609
5 142 1.07187
5 143 1.06783
5 144 1.06578
6 1 1.1171
6 2 1.1171
6 3 1.1171
6 4 1.1171
6 5 1.1171
6 6 6.78479
6 7 2.07288
6 8 1.37163
6 9 1.19915
6 10 1.10779
6 11 1.10779
6 12 1.10779
6 13 1.10779
6 14 1.10779
6 15 1.31715
6 16 1.28855
6 17 1.23128
6 18 1.18003
6 19 1.09833
6 20 1.09833
6 21 1.09833
6 22 1.09833
6 23 1.09833
6 24 1.22148
6 25 1.22462
6 26 1.18737
6 27 1.15719
6 28 1.08811
6 29 1.08811
6 30 1.08811
6 31 1.08811
6 32 1.08811
6 33 1.14862
6 34 1.15245
6 35 1.14067
6 36 1.13224
6 37 1.10677
6 38 1.10677
6 39 1.10677
6 40 1.10677
6 41 1.10677
6 42 1.42088
6 43 1.34482
6 44 1.23348
6 45 1.17635
6 46 1.1012
6 47 1.1012
6 48 1.1012
6 49 1.1012
6 50 1.1012
6 51 1.24014
6 52 1.23346
6 53 1.1933
6 54 1.16377
6 55 1.09372
6 56 1.09372
6 57 1.09372
6 58 1.09372
6 59 1.09372
6 60 1.17845
6 61 1.18675
6 62 1.16132
6 63 1.14538
6 64 1.08581
6 65 1.08581
6 66 1.08581
6 67 1.08581
6 68 1.08581
6 69 1.12686
6 70 1.13385
6 71 1.1297
6 72 1.12574
6 73 1.09607
6 74 1.09607
6 75 1.09607
6 76 1.09607
6 77 1.09607
6 78 1.18756
6 79 1.18737
6 80 1.16469
6 81 1.14946
6 82 1.09272
6 83 1.09272
6 84 1.09272
6 85 1.09272
6 86 1.09272
6 87 1.1579
6 88 1.16402
6 89 1.15154
6 90 1.14208
6 91 1.08752
6 92 1.08752
6 93 1.08752
6 94 1.08752
6 95 1.08752
6 96 1.13101
6 97 1.13919
6 98 1.13399
6 99 1.12957
6 100 1.08159
6 101 1.08159
6 102 1.08159
6 103 1.08159
6 104 1.08159
6 105 1.10784
6 106 1.11452
6 107 1.11572
6 108 1.11529
6 109 1.08657
6 110 1.08657
6 111 1.08657
6 112 1.08657
6 113 1.08657
6 114 1.12333
6 115 1.12971
6 116 1.12825
6 117 1.12599
6 118 1.08436
6 119 1.08436
6 120 1.08436
6 121 1.08436
6 122 1.08436
6 123 1.11541
6 124 1.12221
6 125 1.12258
6 126 1.12152
6 127 1.08078
6 128 1.08078
6 129 1.08078
6 130 1.08078
6 131 1.08078
6 132 1.10439
6 133 1.11096
6 134 1.11313
6 135 1.11341
6 136 1.07642
6 137 1.07642
6 138 1.07642
6 139 1.07642
6 140 1.07642
6 141 1.09324
6 142 1.09894
6 143 1.10229
6 144 1.10354
7 1 1.09748
7 2 1.09748
7 3 1.09748
7 4 1.09748
7 5 1.09748
7 6 2.07288
7 7 6.77518
7 8 1.95581
7 9 1.2992
7 10 1.09473
7 11 1.09473
7 12 1.09473
7 13 1.09473
7 14 1.09473
7 15 1.29337
7 16 1.34024
7 17 1.30277
7 18 1.24061
7 19 1.08957
7 20 1.08957
7 21 1.08957
7 22 1.08957
7 23 1.08957
7 24 1.22809
7 25 1.24526
7 26 1.22016
7 27 1.19589
7 28 1.08201
7 29 1.08201
7 30 1.08201
7 31 1.08201
7 32 1.08201
7 33 1.15564
7 34 1.16751
7 35 1.16337
7 36 1.15881
7 37 1.09308
7 38 1.09308
7 39 1.09308
7 40 1.09308
7 41 1.09308
7 42 1.34449
7 43 1.43942
7 44 1.3241
7 45 1.24026
7 46 1.0905
7 47 1.0905
7 48 1.0905
7 49 1.0905
7 50 1.0905
7 51 1.23614
7 52 1.26648
7 53 1.24078
7 54 1.21223
7 55 1.08593
7 56 1.08593
7 57 1.08593
7 58 1.08593
7 59 1.08593
7 60 1.18621
7 61 1.20709
7 62 1.19083
7 63 1.17977
7 64 1.08019
7 65 1.08019
7 66 1.08019
7 67 1.08019
7 68 1.08019
7 69 1.13375
7 70 1.14809
7 71 1.15076
7 72 1.15026
7 73 1.08669
7 74 1.08669
7 75 1.08669
7 76 1.08669
7 77 1.08669
7 78 1.18679
7 79 1.21232
7 80 1.20323
7 81 1.19105
7 82 1.08471
7 83 1.08471
7 84 1.08471
7 85 1.08471
7 86 1.08471
7 87 1.16314
7 88 1.18414
7 89 1.18253
7 90 1.1774
7 91 1.08119
7 92 1.08119
7 93 1.08119
7 94 1.08119
7 95 1.08119
7 96 1.13809
7 97 1.15515
7 98 1.15775
7 99 1.15723
7 100 1.07677
7 101 1.07677
7 102 1.07677
7 103 1.07677
7 104 1.07677
7 105 1.11397
7 106 1.12674
7 107 1.13373
7 108 1.13624
7 109 1.08005
7 110 1.08005
7 111 1.08005
7 112 1.08005
7 113 1.08005
7 114 1.12924
7 115 1.14523
7 116 1.15246
7 117 1.15422
7 118 1.0785
7 119 1.0785
7 120 1.0785
7 121 1.0785
7 122 1.0785
7 123 1.12169
7 124 1.13647
7 125 1.1443
7 126 1.14689
7 127 1.07587
7 128 1.07587
7 129 1.07587
7 130 1.07587
7 131 1.07587
7 132 1.1104
7 133 1.12322
7 134 1.13136
7 135 1.13466
7 136 1.0725
7 137 1.0725
7 138 1.0725
7 139 1.0725
7 140 1.0725
7 141 1.09838
7 142 1.10892
7 143 1.11693
7 144 1.12055
8 1 1.08374
8 2 1.08374
8 3 1.08374
8 4 1.08374
8 5 1.08374
8 6 1.37163
8 7 1.95581
8 8 6.2581
8 9 1.53376
8 10 1.08294
8 11 1.08294
8 12 1.08294
8 13 1.08294
8 14 1.08294
8 15 1.22045
8 16 1.26329
8 17 1.34613
8 18 1.32107
8 19 1.08009
8 20 1.08009
8 21 1.08009
8 22 1.08009
8 23 1.08009
8 24 1.19215
8 25 1.21363
8 26 1.22957
8 27 1.23515
8 28 1.07495
8 29 1.07495
8 30 1.07495
8 31 1.07495
8 32 1.07495
8 33 1.1436
8 34 1.16355
8 35 1.17697
8 36 1.18323
8 37 1.08189
8 38 1.08189
8 39 1.08189
8 40 1.08189
8 41 1.08189
8 42 1.23491
8 43 1.32737
8 44 1.38843
8 45 1.32773
8 46 1.08054
8 47 1.08054
8 48 1.08054
8 49 1.08054
8 50 1.08054
8 51 1.19376
8 52 1.23514
8 53 1.26732
8 54 1.2697
8 55 1.07776
8 56 1.07776
8 57 1.07776
8 58 1.07776
8 59 1.07776
8 60 1.16629
8 61 1.19408
8 62 1.20711
8 63 1.21499
8 64 1.07382
8 65 1.07382
8 66 1.07382
8 67 1.07382
8 68 1.07382
8 69 1.12884
8 70 1.15018
8 71 1.16583
8 72 1.17325
8 73 1.07831
8 74 1.07831
8 75 1.07831
8 76 1.07831
8 77 1.07831
8 78 1.16545
8 79 1.20554
8 80 1.233
8 81 1.23952
8 82 1.07695
8 83 1.07695
8 84 1.07695
8 85 1.07695
8 86 1.07695
8 87 1.15162
8 88 1.18371
8 89 1.2066
8 90 1.21594
8 91 1.07456
8 92 1.07456
8 93 1.07456
8 94 1.07456
8 95 1.07456
8 96 1.13372
8 97 1.15872
8 98 1.17643
8 99 1.18515
8 100 1.07138
8 101 1.07138
8 102 1.07138
8 103 1.07138
8 104 1.07138
8 105 1.11405
8 106 1.13291
8 107 1.14856
8 108 1.15613
8 109 1.07395
8 110 1.07395
8 111 1.07395
8 112 1.07395
8 113 1.07395
8 114 1.12853
8 115 1.15387
8 116 1.17518
8 117 1.18499
8 118 1.0727
8 119 1.0727
8 120 1.0727
8 121 1.0727
8 122 1.0727
8 123 1.1221
8 124 1.14488
8 125 1.16422
8 126 1.17343
8 127 1.07072
8 128 1.07072
8 129 1.07072
8 130 1.07072
8 131 1.07072
8 132 1.11208
8 133 1.13127
8 134 1.14781
8 135 1.1559
8 136 1.06814
8 137 1.06814
8 138 1.06814
8 139 1.06814
8 140 1.06814
8 141 1.10075
8 142 1.1162
8 143 1.13001
8 144 1.13683
9 1 1.07721
9 2 1.07721
9 3 1.07721
9 4 1.07721
9 5 1.07721
9 6 1.19915
9 7 1.2992
9 8 1.53376
9 9 2.13911
9 10 1.07694
9 11 1.07694
9 12 1.07694
9 13 1.07694
9 14 1.07694
9 15 1.17854
9 16 1.20958
9 17 1.29729
9 18 1.37492
9 19 1.07506
9 20 1.07506
9 21 1.07506
9 22 1.07506
9 23 1.07506
9 24 1.16792
9 25 1.18964
9 26 1.22867
9 27 1.25763
9 28 1.07115
9 29 1.07115
9 30 1.07115
9 31 1.07115
9 32 1.07115
9 33 1.13485
9 34 1.15899
9 35 1.18319
9 36 1.19665
9 37 1.07634
9 38 1.07634
9 39 1.07634
9 40 1.07634
9 41 1.07634
9 42 1.17752
9 43 1.24355
9 44 1.32933
9 45 1.38395
9 46 1.07543
9 47 1.07543
9 48 1.07543
9 49 1.07543
9 50 1.07543
9 51 1.16639
9 52 1.20684
9 53 1.26462
9 54 1.30372
9 55 1.07344
9 56 1.07344
9 57 1.07344
9 58 1.07344
9 59 1.07344
9 60 1.15189
9 61 1.1819
9 62 1.21291
9 63 1.23484
9 64 1.0704
9 65 1.0704
9 66 1.0704
9 67 1.0704
9 68 1.0704
9 69 1.1247
9 70 1.14969
9 71 1.17328
9 72 1.18585
9 73 1.07402
9 74 1.07402
9 75 1.07402
9 76 1.07402
9 77 1.07402
9 78 1.15058
9 79 1.19436
9 80 1.24124
9 81 1.26668
9 82 1.0729
9 83 1.0729
9 84 1.0729
9 85 1.0729
9 86 1.0729
9 87 1.14262
9 88 1.17904
9 89 1.21647
9 90 1.23742
9 91 1.07104
9 92 1.07104
9 93 1.07104
9 94 1.07104
9 95 1.07104
9 96 1.12962
9 97 1.1585
9 98 1.1855
9 99 1.20051
9 100 1.06849
9 101 1.06849
9 102 1.06849
9 103 1.06849
9 104 1.06849
9 105 1.11329
9 106 1.1354
9 107 1.15623
9 108 1.16694
9 109 1.07078
9 110 1.07078
9 111 1.07078
9 112 1.07078
9 113 1.07078
9 114 1.12669
9 115 1.15659
9 116 1.18628
9 117 1.20167
9 118 1.06964
9 119 1.06964
9 120 1.06964
9 121 1.06964
9 122 1.06964
9 123 1.12119
9 124 1.14807
9 125 1.17428
9 126 1.18787
9 127 1.06799
9 128 1.06799
9 129 1.06799
9 130 1.06799
9 131 1.06799
9 132 1.11228
9 133 1.13485
9 134 1.15636
9 135 1.16741
9 136 1.06581
9 137 1.06581
9 138 1.06581
9 139 1.06581
9 140 1.06581
9 141 1.10167
9 142 1.11977
9 143 1.13692
9 144 1.14563
10 1 1.14612
10 2 1.14612
10 3 1.14612
10 4 1.14612
10 5 1.14612
10 6 1.10779
10 7 1.09473
10 8 1.08294
10 9 1.07694
10 10 1.30254
10 11 1.30254
10 12 1.30254
10 13 1.30254
10 14 1.30254
10 15 1.11472
10 16 1.10456
10 17 1.09001
10 18 1.07957
10 19 1.16006
10 20 1.16006
10 21 1.16006
10 22 1.16006
10 23 1.16006
10 24 1.11242
10 25 1.10428
10 26 1.08963
10 27 1.07913
10 28 1.12497
10 29 1.12497
10 30 1.12497
10 31 1.12497
10 32 1.12497
10 33 1.10244
10 34 1.09247
10 35 1.08173
10 36 1.07596
10 37 1.12878
10 38 1.12878
10 39 1.12878
10 40 1.12878
10 41 1.12878
10 42 1.10187
10 43 1.09086
10 44 1.08096
10 45 1.07596
10 46 1.14624
10 47 1.14624
10 48 1.14624
10 49 1.14624
10 50 1.14624
10 51 1.10809
10 52 1.09731
10 53 1.08502
10 54 1.07769
10 55 1.13434
10 56 1.13434
10 57 1.13434
10 58 1.13434
10 59 1.13434
10 60 1.1058
10 61 1.09652
10 62 1.08423
10 63 1.0771
10 64 1.11638
10 65 1.11638
10 66 1.11638
10 67 1.11638
10 68 1.11638
10 69 1.09711
10 70 1.08831
10 71 1.07947
10 72 1.07485
10 73 1.11148
10 74 1.11148
10 75 1.11148
10 76 1.11148
10 77 1.11148
10 78 1.0934
10 79 1.08505
10 80 1.07738
10 81 1.07352
10 82 1.11813
10 83 1.11813
10 84 1.11813
10 85 1.11813
10 86 1.11813
10 87 1.09712
10 88 1.08818
10 89 1.07928
10 90 1.07462
10 91 1.11381
10 92 1.11381
10 93 1.11381
10 94 1.11381
10 95 1.11381
10 96 1.09521
10 97 1.08699
10 98 1.07853
10 99 1.07408
10 100 1.10461
10 101 1.10461
10 102 1.10461
10 103 1.10461
10 104 1.10461
10 105 1.08988
10 106 1.08275
10 107 1.07589
10 108 1.07238
10 109 1.09741
10 110 1.09741
10 111 1.09741
10 112 1.09741
10 113 1.09741
10 114 1.08488
10 115 1.07876
10 116 1.07305
10 117 1.07018
10 118 1.1006
10 119 1.1006
10 120 1.1006
10 121 1.1006
10 122 1.1006
10 123 1.08692
10 124 1.08031
10 125 1.07406
10 126 1.07089
10 127 1.09845
10 128 1.09845
10 129 1.09845
10 130 1.09845
10 131 1.09845
10 132 1.08565
10 133 1.0794
10 134 1.07344
10 135 1.07041
10 136 1.0933
10 137 1.0933
10 138 1.0933
10 139 1.0933
10 140 1.0933
10 141 1.08235
10 142 1.07689
10 143 1.07172
10 144 1.0691
11 1 1.14612
11 2 1.14612
11 3 1.14612
11 4 1.14612
11 5 1.14612
11 6 1.10779
11 7 1.09473
11 8 1.08294
11 9 1.07694
11 10 1.30254
11 11 1.30254
11 12 1.30254
11 13 1.30254
11 14 1.30254
11 15 1.11472
11 16 1.10456
11 17 1.09001
11 18 1.07957
11 19 1.16006
11 20 1.16006
11 21 1.16006
11 22 1.16006
11 23 1.16006
11 24 1.11242
11 25 1.10428
11 26 1.08963
11 27 1.07913
11 28 1.12497
11 29 1.12497
11 30 1.12497
11 31 1.12497
11 32 1.12497
11 33 1.10244
11 34 1.09247
11 35 1.08173
11 36 1.07596
11 37 1.12878
11 38 1.12878
11 39 1.12878
11 40 1.12878
11 41 1.12878
11 42 1.10187
11 43 1.09086
11 44 1.08096
11 45 1.07596
11 46 1.14624
11 47 1.14624
11 48 1.14624
11 49 1.14624
11 50 1.14624
11 51 1.10809
11 52 1.09731
11 53 1.08502
11 54 1.07769
11 55 1.13434
11 56 1.13434
11 57 1.13434
11 58 1.13434
11 59 1.13434
11 60 1.1058
11 61 1.09652
11 62 1.08423
11 63 1.0771
11 64 1.11638
11 65 1.11638
11 66 1.11638
11 67 1.11638
11 68 1.11638
11 69 1.09711
11 70 1.08831
11 71 1.07947
11 72 1.07485
11 73 1.11148
11 74 1.11148
11 75 1.11148
11 76 1.11148
11 77 1.11148
11 78 1.0934
11 79 1.08505
11 80 1.07738
11 81 1.07352
11 82 1.11813
11 83 1.11813
11 84 1.11813
11 85 1.11813
11 86 1.11813
11 87 1.09712
11 88 1.08818
11 89 1.07928
11 90 1.07462
11 91 1.11381
11 92 1.11381
11 93 1.11381
11 94 1.11381
11 95 1.11381
11 96 1.09521
11 97 1.08699
11 98 1.07853
11 99 1.07408
11 100 1.10461
11 101 1.10461
11 102 1.10461
11 103 1.10461
11 104 1.10461
11 105 1.08988
11 106 1.08275
11 107 1.07589
11 108 1.07238
11 109 1.09741
11 110 1.09741
11 111 1.09741
11 112 1.09741
11 113 1.09741
11 114 1.08488
11 115 1.07876
11 116 1.07305
11 117 1.07018
11 118 1.1006
11 119 1.1006
11 120 1.1006
11 121 1.1006
11 122 1.1006
11 123 1.08692
11 124 1.08031
11 125 1.07406
11 126 1.07089
11 127 1.09845
11 128 1.09845
11 129 1.09845
11 130 1.09845
11 131 1.09845
11 132 1.08565
11 133 1.0794
11 134 1.07344
11 135 1.07041
11 136 1.0933
11 137 1.0933
11 138 1.0933
11 139 1.0933
11 140 1.0933
11 141 1.08235
11 142 1.07689
11 143 1.07172
11 144 1.0691
12 1 1.14612
12 2 1.14612
12 3 1.14612
12 4 1.14612
12 5 1.14612
12 6 1.10779
12 7 1.09473
12 8 1.08294
12 9 1.07694
12 10 1.30254
12 11 1.30254
12 12 1.30254
12 13 1.30254
12 14 1.30254
12 15 1.11472
12 16 1.10456
12 17 1.09001
12 18 1.07957
12 19 1.16006
12 20 1.16006
12 21 1.16006
12 22 1.16006
12 23 1.16006
12 24 1.11242
12 25 1.10428
12 26 1.08963
12 27 1.07913
12 28 1.12497
12 29 1.12497
12 30 1.12497
12 31 1.12497
12 32 1.12497
12 33 1.10244
12 34 1.09247
12 35 1.08173
12 36 1.07596
12 37 1.12878
12 38 1.12878
12 39 1.12878
12 40 1.12878
12 41 1.12878
12 42 1.10187
12 43 1.09086
12 44 1.08096
12 45 1.07596
12 46 1.14624
12 47 1.14624
12 48 1.14624
12 49 1.14624
12 50 1.14624
12 51 1.10809
12 52 1.09731
12 53 1.08502
12 54 1.07769
12 55 1.13434
12 56 1.13434
12 57 1.13434
12 58 1.13434
12 59 1.13434
12 60 1.1058
12 61 1.09652
12 62 1.08423
12 63 1.0771
12 64 1.11638
12 65 1.11638
12 66 1.11638
12 67 1.11638
12 68 1.11638
12 69 1.09711
12 70 1.08831
12 71 1.07947
12 72 1.07485
12 73 1.11148
12 74 1.11148
12 75 1.11148
12 76 1.11148
12 77 1.11148
12 78 1.0934
12 79 1.08505
12 80 1.07738
12 81 1.07352
12 82 1.11813
12 83 1.11813
12 84 1.11813
12 85 1.11813
12 86 1.11813
12 87 1.09712
12 88 1.08818
12 89 1.07928
12 90 1.07462
12 91 1.11381
12 92 1.11381
12 93 1.11381
12 94 1.11381
12 95 1.11381
12 96 1.09521
12 97 1.08699
12 98 1.07853
12 99 1.07408
12 100 1.10461
12 101 1.10461
12 102 1.10461
12 103 1.10461
12 104 1.10461
12 105 1.08988
12 106 1.08275
12 107 1.07589
12 108 1.07238
12 109 1.09741
12 110 1.09741
12 111 1.09741
12 112 1.09741
12 113 1.09741
12 114 1.08488
12 115 1.07876
12 116 1.07305
12 117 1.07018
12 118 1.1006
12 119 1.1006
12 120 1.1006
12 121 1.1006
12 122 1.1006
12 123 1.08692
12 124 1.08031
12 125 1.07406
12 126 1.07089
12 127 1.09845
12 128 1.09845
12 129 1.09845
12 130 1.09845
12 131 1.09845
12 132 1.08565
12 133 1.0794
12 134 1.07344
12 135 1.07041
12 136 1.0933
12 137 1.0933
12 138 1.0933
12 139 1.0933
12 140 1.0933
12 141 1.08235
12 142 1.07689
12 143 1.07172
12 144 1.0691
13 1 1.14612
13 2 1.14612
13 3 1.14612
13 4 1.14612
13 5 1.14612
13 6 1.10779
13 7 1.09473
13 8 1.08294
13 9 1.07694
13 10 1.30254
13 11 1.30254
13 12 1.30254
13 13 1.30254
13 14 1.30254
13 15 1.11472
13 16 1.10456
13 17 1.09001
13 18 1.07957
13 19 1.16006
13 20 1.16006
13 21 1.16006
13 22 1.16006
13 23 1.16006
13 24 1.11242
13 25 1.10428
13 26 1.08963
13 27 1.07913
13 28 1.12497
13 29 1.12497
13 30 1.12497
13 31 1.12497
13 32 1.12497
13 33 1.10244
13 34 1.09247
13 35 1.08173
13 36 1.07596
13 37 1.12878
13 38 1.12878
13 39 1.12878
13 40 1.12878
13 41 1.12878
13 42 1.10187
13 43 1.09086
13 44 1.08096
13 45 1.07596
13 46 1.14624
13 47 1.14624
13 48 1.14624
13 49 1.14624
13 50 1.14624
13 51 1.10809
13 52 1.09731
13 53 1.08502
13 54 1.07769
13 55 1.13434
13 56 1.13434
13 57 1.13434
13 58 1.13434
13 59 1.13434
13 60 1.1058
13 61 1.09652
13 62 1.08423
13 63 1.0771
13 64 1.11638
13 65 1.11638
13 66 1.11638
13 67 1.11638
13 68 1.11638
13 69 1.09711
13 70 1.08831
13 71 1.07947
13 72 1.07485
13 73 1.11148
13 74 1.11148
13 75 1.11148
13 76 1.11148
13 77 1.11148
13 78 1.0934
13 79 1.08505
13 80 1.07738
13 81 1.07352
13 82 1.11813
13 83 1.11813
13 84 1.11813
13 85 1.11813
13 86 1.11813
13 87 1.09712
13 88 1.08818
13 89 1.07928
13 90 1.07462
13 91 1.11381
13 92 1.11381
13 93 1.11381
13 94 1.11381
13 95 1.11381
13 96 1.09521
13 97 1.08699
13 98 1.07853
13 99 1.07408
13 100 1.10461
13 101 1.10461
13 102 1.10461
13 103 1.10461
13 104 1.10461
13 105 1.08988
13 106 1.08275
13 107 1.07589
13 108 1.07238
13 109 1.09741
13 110 1.09741
13 111 1.09741
13 112 1.09741
13 113 1.09741
13 114 1.08488
13 115 1.07876
13 116 1.07305
13 117 1.07018
13 118 1.1006
13 119 1.1006
13 120 1.1006
13 121 1.1006
13 122 1.1006
13 123 1.08692
13 124 1.08031
13 125 1.07406
13 126 1.07089
13 127 1.09845
13 128 1.09845
13 129 1.09845
13 130 1.09845
13 131 1.09845
13 132 1.08565
13 133 1.0794
13 134 1.07344
13 135 1.07041
13 136 1.0933
13 137 1.0933
13 138 1.0933
13 139 1.0933
13 140 1.0933
13 141 1.08235
13 142 1.07689
13 143 1.07172
13 144 1.0691
14 1 1.14612
14 2 1.14612
14 3 1.14612
14 4 1.14612
14 5 1.14612
14 6 1.10779
14 7 1.09473
14 8 1.08294
14 9 1.07694
14 10 1.30254
14 11 1.30254
14 12 1.30254
14 13 1.30254
14 14 1.30254
14 15 1.11472
14 16 1.10456
14 17 1.09001
14 18 1.07957
14 19 1.16006
14 20 1.16006
14 21 1.16006
14 22 1.16006
14 23 1.16006
14 24 1.11242
14 25 1.10428
14 26 1.08963
14 27 1.07913
14 28 1.12497
14 29 1.12497
14 30 1.12497
14 31 1.12497
14 32 1.12497
14 33 1.10244
14 34 1.09247
14 35 1.08173
14 36 1.07596
14 37 1.12878
14 38 1.12878
14 39 1.12878
14 40 1.12878
14 41 1.12878
14 42 1.10187
14 43 1.09086
14 44 1.08096
14 45 1.07596
14 46 1.14624
14 47 1.14624
14 48 1.14624
14 49 1.14624
14 50 1.14624
14 51 1.10809
14 52 1.09731
14 53 1.08502
14 54 1.07769
14 55 1.13434
14 56 1.13434
14 57 1.13434
14 58 1.13434
14 59 1.13434
14 60 1.1058
14 61 1.09652
14 62 1.08423
14 63 1.0771
14 64 1.11638
14 65 1.11638
14 66 1.11638
14 67 1.11638
14 68 1.11638
14 69 1.09711
14 70 1.08831
14 71 1.07947
14 72 1.07485
14 73 1.11148
14 74 1.11148
14 75 1.11148
14 76 1.11148
14 77 1.11148
14 78 1.0934
14 79 1.08505
14 80 1.07738
14 81 1.07352
14 82 1.11813
14 83 1.11813
14 84 1.11813
14 85 1.11813
14 86 1.11813
14 87 1.09712
14 88 1.08818
14 89 1.07928
14 90 1.07462
14 91 1.11381
14 92 1.11381
14 93 1.11381
14 94 1.11381
14 95 1.11381
14 96 1.09521
14 97 1.08699
14 98 1.07853
14 99 1.07408
14 100 1.10461
14 101 1.10461
14 102 1.10461
14 103 1.10461
14 104 1.10461
14 105 1.08988
14 106 1.08275
14 107 1.07589
14 108 1.07238
14 109 1.09741
14 110 1.09741
14 111 1.09741
14 112 1.09741
14 113 1.09741
14 114 1.08488
14 115 1.07876
14 116 1.07305
14 117 1.07018
14 118 1.1006
14 119 1.1006
14 120 1.1006
14 121 1.1006
14 122 1.1006
14 123 1.08692
14 124 1.08031
14 125 1.07406
14 126 1.07089
14 127 1.09845
14 128 1.09845
14 129 1.09845
14 130 1.09845
14 131 1.09845
14 132 1.08565
14 133 1.0794
14 134 1.07344
14 135 1.07041
14 136 1.0933
14 137 1.0933
14 138 1.0933
14 139 1.0933
14 140 1.0933
14 141 1.08235
14 142 1.07689
14 143 1.07172
14 144 1.0691
15 1 1.10114
15 2 1.10114
15 3 1.10114
15 4 1.10114
15 5 1.10114
15 6 1.31715
15 7 1.29337
15 8 1.22045
15 9 1.17854
15 10 1.11472
15 11 1.11472
15 12 1.11472
15 13 1.11472
15 14 1.11472
15 15 2.81525
15 16 1.64551
15 17 1.3628
15 18 1.21739
15 19 1.11318
15 20 1.11318
15 21 1.11318
15 22 1.11318
15 23 1.11318
15 24 1.54226
15 25 1.49164
15 26 1.32864
15 27 1.21344
15 28 1.10114
15 29 1.10114
15 30 1.10114
15 31 1.10114
15 32 1.10114
15 33 1.28003
15 34 1.27274
15 35 1.21562
15 36 1.17909
15 37 1.09607
15 38 1.09607
15 39 1.09607
15 40 1.09607
15 41 1.09607
15 42 1.2082
15 43 1.21185
15 44 1.18293
15 45 1.16291
15 46 1.10359
15 47 1.10359
15 48 1.10359
15 49 1.10359
15 50 1.10359
15 51 1.3597
15 52 1.34823
15 53 1.24828
15 54 1.18721
15 55 1.1025
15 56 1.1025
15 57 1.1025
15 58 1.1025
15 59 1.1025
15 60 1.32653
15 61 1.3289
15 62 1.23786
15 63 1.1837
15 64 1.09589
15 65 1.09589
15 66 1.09589
15 67 1.09589
15 68 1.09589
15 69 1.19997
15 70 1.20723
15 71 1.18144
15 72 1.1628
15 73 1.08902
15 74 1.08902
15 75 1.08902
15 76 1.08902
15 77 1.08902
15 78 1.14472
15 79 1.15332
15 80 1.14771
15 81 1.14211
15 82 1.09337
15 83 1.09337
15 84 1.09337
15 85 1.09337
15 86 1.09337
15 87 1.18433
15 88 1.19497
15 89 1.17231
15 90 1.15618
15 91 1.0927
15 92 1.0927
15 93 1.0927
15 94 1.0927
15 95 1.0927
15 96 1.17808
15 97 1.18904
15 98 1.16869
15 99 1.15415
15 100 1.08881
15 101 1.08881
15 102 1.08881
15 103 1.08881
15 104 1.08881
15 105 1.1434
15 106 1.15261
15 107 1.14736
15 108 1.14192
15 109 1.08168
15 110 1.08168
15 111 1.08168
15 112 1.08168
15 113 1.08168
15 114 1.111
15 115 1.11899
15 116 1.12168
15 117 1.12198
15 118 1.0843
15 119 1.0843
15 120 1.0843
15 121 1.0843
15 122 1.0843
15 123 1.12316
15 124 1.13196
15 125 1.13178
15 126 1.12996
15 127 1.08387
15 128 1.08387
15 129 1.08387
15 130 1.08387
15 131 1.08387
15 132 1.12129
15 133 1.13006
15 134 1.1303
15 135 1.1288
15 136 1.08147
15 137 1.08147
15 138 1.08147
15 139 1.08147
15 140 1.08147
15 141 1.11061
15 142 1.11868
15 143 1.12143
15 144 1.12175
16 1 1.09442
16 2 1.09442
16 3 1.09442
16 4 1.09442
16 5 1.09442
16 6 1.28855
16 7 1.34024
16 8 1.26329
16 9 1.20958
16 10 1.10456
16 11 1.10456
16 12 1.10456
16 13 1.10456
16 14 1.10456
16 15 1.64551
16 16 2.67456
16 17 1.57092
16 18 1.26473
16 19 1.10448
16 20 1.10448
16 21 1.10448
16 22 1.10448
16 23 1.10448
16 24 1.48433
16 25 1.56906
16 26 1.39205
16 27 1.25109
16 28 1.09528
16 29 1.09528
16 30 1.09528
16 31 1.09528
16 32 1.09528
16 33 1.274
16 34 1.29088
16 35 1.24062
16 36 1.20382
16 37 1.0908
16 38 1.0908
16 39 1.0908
16 40 1.0908
16 41 1.0908
16 42 1.20838
16 43 1.23439
16 44 1.21001
16 45 1.1882
16 46 1.09692
16 47 1.09692
16 48 1.09692
16 49 1.09692
16 50 1.09692
16 51 1.34377
16 52 1.41126
16 53 1.29671
16 54 1.21965
16 55 1.09639
16 56 1.09639
16 57 1.09639
16 58 1.09639
16 59 1.09639
16 60 1.32294
16 61 1.36742
16 62 1.27289
16 63 1.21226
16 64 1.09116
16 65 1.09116
16 66 1.09116
16 67 1.09116
16 68 1.09116
16 69 1.20318
16 70 1.2225
16 71 1.20176
16 72 1.18402
16 73 1.08516
16 74 1.08516
16 75 1.08516
16 76 1.08516
16 77 1.08516
16 78 1.14962
16 79 1.16599
16 80 1.16502
16 81 1.16085
16 82 1.08889
16 83 1.08889
16 84 1.08889
16 85 1.08889
16 86 1.08889
16 87 1.18991
16 88 1.21372
16 89 1.19438
16 90 1.17808
16 91 1.08845
16 92 1.08845
16 93 1.08845
16 94 1.08845
16 95 1.08845
16 96 1.18375
16 97 1.2051
16 98 1.18839
16 99 1.17448
16 100 1.08523
16 101 1.08523
16 102 1.08523
16 103 1.08523
16 104 1.08523
16 105 1.14821
16 106 1.16338
16 107 1.1623
16 108 1.15849
16 109 1.07891
16 110 1.07891
16 111 1.07891
16 112 1.07891
16 113 1.07891
16 114 1.11536
16 115 1.12747
16 116 1.13367
16 117 1.13559
16 118 1.08123
16 119 1.08123
16 120 1.08123
16 121 1.08123
16 122 1.08123
16 123 1.12812
16 124 1.14184
16 125 1.14533
16 126 1.14507
16 127 1.0809
16 128 1.0809
16 129 1.0809
16 130 1.0809
16 131 1.0809
16 132 1.12605
16 133 1.13936
16 134 1.14314
16 135 1.14319
16 136 1.07885
16 137 1.07885
16 138 1.07885
16 139 1.07885
16 140 1.07885
16 141 1.11466
16 142 1.1264
16 143 1.13236
16 144 1.13421
17 1 1.08427
17 2 1.08427
17 3 1.08427
17 4 1.08427
17 5 1.08427
17 6 1.23128
17 7 1.30277
17 8 1.34613
17 9 1.29729
17 10 1.09001
17 11 1.09001
17 12 1.09001
17 13 1.09001
17 14 1.09001
17 15 1.3628
17 16 1.57092
17 17 5.37447
17 18 1.48191
17 19 1.08986
17 20 1.08986
17 21 1.08986
17 22 1.08986
17 23 1.08986
17 24 1.32482
17 25 1.38978
17 26 1.46665
17 27 1.34551
17 28 1.08411
17 29 1.08411
17 30 1.08411
17 31 1.08411
17 32 1.08411
17 33 1.2154
17 34 1.24934
17 35 1.25832
17 36 1.25074
17 37 1.08219
17 38 1.08219
17 39 1.08219
17 40 1.08219
17 41 1.08219
17 42 1.18656
17 43 1.23069
17 44 1.25334
17 45 1.25005
17 46 1.08569
17 47 1.08569
17 48 1.08569
17 49 1.08569
17 50 1.08569
17 51 1.25746
17 52 1.3253
17 53 1.34988
17 54 1.3
17 55 1.08516
17 56 1.08516
17 57 1.08516
17 58 1.08516
17 59 1.08516
17 60 1.2449
17 61 1.29424
17 62 1.29118
17 63 1.27201
17 64 1.0817
17 65 1.0817
17 66 1.0817
17 67 1.0817
17 68 1.0817
17 69 1.17524
17 70 1.20669
17 71 1.22023
17 72 1.22229
17 73 1.07841
17 74 1.07841
17 75 1.07841
17 76 1.07841
17 77 1.07841
17 78 1.14649
17 79 1.17504
17 80 1.19464
17 81 1.20178
17 82 1.08059
17 83 1.08059
17 84 1.08059
17 85 1.08059
17 86 1.08059
17 87 1.17089
17 88 1.20626
17 89 1.22101
17 90 1.2231
17 91 1.08009
17 92 1.08009
17 93 1.08009
17 94 1.08009
17 95 1.08009
17 96 1.16487
17 97 1.19649
17 98 1.2093
17 99 1.21263
17 100 1.07778
17 101 1.07778
17 102 1.07778
17 103 1.07778
17 104 1.07778
17 105 1.14013
17 106 1.1645
17 107 1.18068
17 108 1.18719
17 109 1.07385
17 110 1.07385
17 111 1.07385
17 112 1.07385
17 113 1.07385
17 114 1.11876
17 115 1.13892
17 116 1.15562
17 117 1.16342
17 118 1.07522
17 119 1.07522
17 120 1.07522
17 121 1.07522
17 122 1.07522
17 123 1.12757
17 124 1.14989
17 125 1.16661
17 126 1.17399
17 127 1.07481
17 128 1.07481
17 129 1.07481
17 130 1.07481
17 131 1.07481
17 132 1.12479
17 133 1.14598
17 134 1.16193
17 135 1.16909
17 136 1.0732
17 137 1.0732
17 138 1.0732
17 139 1.0732
17 140 1.0732
17 141 1.11497
17 142 1.13333
17 143 1.14838
17 144 1.15545
18 1 1.07674
18 2 1.07674
18 3 1.07674
18 4 1.07674
18 5 1.07674
18 6 1.18003
18 7 1.24061
18 8 1.32107
18 9 1.37492
18 10 1.07957
18 11 1.07957
18 12 1.07957
18 13 1.07957
18 14 1.07957
18 15 1.21739
18 16 1.26473
18 17 1.48191
18 18 2.11824
18 19 1.07931
18 20 1.07931
18 21 1.07931
18 22 1.07931
18 23 1.07931
18 24 1.21194
18 25 1.24898
18 26 1.34507
18 27 1.43056
18 28 1.07592
18 29 1.07592
18 30 1.07592
18 31 1.07592
18 32 1.07592
18 33 1.16984
18 34 1.2107
18 35 1.25842
18 36 1.28669
18 37 1.07575
18 38 1.07575
18 39 1.07575
18 40 1.07575
18 41 1.07575
18 42 1.16323
18 43 1.213
18 44 1.26918
18 45 1.30155
18 46 1.07746
18 47 1.07746
18 48 1.07746
18 49 1.07746
18 50 1.07746
18 51 1.18993
18 52 1.24178
18 53 1.31561
18 54 1.37342
18 55 1.07695
18 56 1.07695
18 57 1.07695
18 58 1.07695
18 59 1.07695
18 60 1.18461
18 61 1.22909
18 62 1.28284
18 63 1.32325
18 64 1.07475
18 65 1.07475
18 66 1.07475
18 67 1.07475
18 68 1.07475
18 69 1.15267
18 70 1.19122
18 71 1.23093
18 72 1.25297
18 73 1.07334
18 74 1.07334
18 75 1.07334
18 76 1.07334
18 77 1.07334
18 78 1.14119
18 79 1.17783
18 80 1.21512
18 81 1.23492
18 82 1.07443
18 83 1.07443
18 84 1.07443
18 85 1.07443
18 86 1.07443
18 87 1.15337
18 88 1.19471
18 89 1.2364
18 90 1.26046
18 91 1.07392
18 92 1.07392
18 93 1.07392
18 94 1.07392
18 95 1.07392
18 96 1.14868
18 97 1.18652
18 98 1.22311
18 99 1.244
18 100 1.07228
18 101 1.07228
18 102 1.07228
18 103 1.07228
18 104 1.07228
18 105 1.13317
18 106 1.1642
18 107 1.19443
18 108 1.21024
18 109 1.07004
18 110 1.07004
18 111 1.07004
18 112 1.07004
18 113 1.07004
18 114 1.12049
18 115 1.14685
18 116 1.17252
18 117 1.18572
18 118 1.07075
18 119 1.07075
18 120 1.07075
18 121 1.07075
18 122 1.07075
18 123 1.1262
18 124 1.15499
18 125 1.18291
18 126 1.19741
18 127 1.07029
18 128 1.07029
18 129 1.07029
18 130 1.07029
18 131 1.07029
18 132 1.12324
18 133 1.15043
18 134 1.17653
18 135 1.19002
18 136 1.06902
18 137 1.06902
18 138 1.06902
18 139 1.06902
18 140 1.06902
18 141 1.11499
18 142 1.13847
18 143 1.16097
18 144 1.17246
19 1 1.11742
19 2 1.11742
19 3 1.11742
19 4 1.11742
19 5 1.11742
19 6 1.09833
19 7 1.08957
19 8 1.08009
19 9 1.07506
19 10 1.16006
19 11 1.16006
19 12 1.16006
19 13 1.16006
19 14 1.16006
19 15 1.11318
19 16 1.10448
19 17 1.08986
19 18 1.07931
19 19 1.30203
19 20 1.30203
19 21 1.30203
19 22 1.30203
19 23 1.30203
19 24 1.11665
19 25 1.10652
19 26 1.09109
19 27 1.08012
19 28 1.16081
19 29 1.16081
19 30 1.16081
19 31 1.16081
19 32 1.16081
19 33 1.11219
19 34 1.09789
19 35 1.0848
19 36 1.07805
19 37 1.11102
19 38 1.11102
19 39 1.11102
19 40 1.11102
19 41 1.11102
19 42 1.09417
19 43 1.08623
19 44 1.07829
19 45 1.07414
19 46 1.13428
19 47 1.13428
19 48 1.13428
19 49 1.13428
19 50 1.13428
19 51 1.10595
19 52 1.09663
19 53 1.08458
19 54 1.07738
19 55 1.14611
19 56 1.14611
19 57 1.14611
19 58 1.14611
19 59 1.14611
19 60 1.10923
19 61 1.09848
19 62 1.08552
19 63 1.07799
19 64 1.1347
19 65 1.1347
19 66 1.1347
19 67 1.1347
19 68 1.1347
19 69 1.10477
19 70 1.09301
19 71 1.08227
19 72 1.07681
19 73 1.10126
19 74 1.10126
19 75 1.10126
19 76 1.10126
19 77 1.10126
19 78 1.08791
19 79 1.08136
19 80 1.07505
19 81 1.07182
19 82 1.11375
19 83 1.11375
19 84 1.11375
19 85 1.11375
19 86 1.11375
19 87 1.09539
19 88 1.08724
19 89 1.07877
19 90 1.07429
19 91 1.11806
19 92 1.11806
19 93 1.11806
19 94 1.11806
19 95 1.11806
19 96 1.09744
19 97 1.08851
19 98 1.07954
19 99 1.07484
19 100 1.11409
19 101 1.11409
19 102 1.11409
19 103 1.11409
19 104 1.11409
19 105 1.09506
19 106 1.08632
19 107 1.07823
19 108 1.07414
19 109 1.09122
19 110 1.09122
19 111 1.09122
19 112 1.09122
19 113 1.09122
19 114 1.08105
19 115 1.07595
19 116 1.07111
19 117 1.06866
19 118 1.09841
19 119 1.09841
19 120 1.09841
19 121 1.09841
19 122 1.09841
19 123 1.08575
19 124 1.07954
19 125 1.07359
19 126 1.07056
19 127 1.10056
19 128 1.10056
19 129 1.10056
19 130 1.10056
19 131 1.10056
19 132 1.08703
19 133 1.08045
19 134 1.07422
19 135 1.07104
19 136 1.09873
19 137 1.09873
19 138 1.09873
19 139 1.09873
19 140 1.09873
19 141 1.08582
19 142 1.07951
19 143 1.07361
19 144 1.07063
20 1 1.11742
20 2 1.11742
20 3 1.11742
20 4 1.11742
20 5 1.11742
20 6 1.09833
20 7 1.08957
20 8 1.08009
20 9 1.07506
20 10 1.16006
20 11 1.16006
20 12 1.16006
20 13 1.16006
20 14 1.16006
20 15 1.11318
20 16 1.10448
20 17 1.08986
20 18 1.07931
20 19 1.30203
20 20 1.30203
20 21 1.30203
20 22 1.30203
20 23 1.30203
20 24 1.11665
20 25 1.10652
20 26 1.09109
20 27 1.08012
20 28 1.16081
20 29 1.16081
20 30 1.16081
20 31 1.16081
20 32 1.16081
20 33 1.11219
20 34 1.09789
20 35 1.0848
20 36 1.07805
20 37 1.11102
20 38 1.11102
20 39 1.11102
20 40 1.11102
20 41 1.11102
20 42 1.09417
20 43 1.08623
20 44 1.07829
20 45 1.07414
20 46 1.13428
20 47 1.13428
20 48 1.13428
20 49 1.13428
20 50 1.13428
20 51 1.10595
20 52 1.09663
20 53 1.08458
20 54 1.07738
20 55 1.14611
20 56 1.14611
20 57 1.14611
20 58 1.14611
20 59 1.14611
20 60 1.10923
20 61 1.09848
20 62 1.08552
20 63 1.07799
20 64 1.1347
20 65 1.1347
20 66 1.1347
20 67 1.1347
20 68 1.1347
20 69 1.10477
20 70 1.09301
20 71 1.08227
20 72 1.07681
20 73 1.10126
20 74 1.10126
20 75 1.10126
20 76 1.10126
20 77 1.10126
20 78 1.08791
20 79 1.08136
20 80 1.07505
20 81 1.07182
20 82 1.11375
20 83 1.11375
20 84 1.11375
20 85 1.11375
20 86 1.11375
20 87 1.09539
20 88 1.08724
20 89 1.07877
20 90 1.07429
20 91 1.11806
20 92 1.11806
20 93 1.11806
20 94 1.11806
20 95 1.11806
20 96 1.09744
20 97 1.08851
20 98 1.07954
20 99 1.07484
20 100 1.11409
20 101 1.11409
20 102 1.11409
20 103 1.11409
20 104 1.11409
20 105 1.09506
20 106 1.08632
20 107 1.07823
20 108 1.07414
20 109 1.09122
20 110 1.09122
20 111 1.09122
20 112 1.09122
20 113 1.09122
20 114 1.08105
20 115 1.07595
20 116 1.07111
20 117 1.06866
20 118 1.09841
20 119 1.09841
20 120 1.09841
20 121 1.09841
20 122 1.09841
20 123 1.08575
20 124 1.07954
20 125 1.07359
20 126 1.07056
20 127 1.10056
20 128 1.10056
20 129 1.10056
20 130 1.10056
20 131 1.10056
20 132 1.08703
20 133 1.08045
20 134 1.07422
20 135 1.07104
20 136 1.09873
20 137 1.09873
20 138 1.09873
20 139 1.09873
20 140 1.09873
20 141 1.08582
20 142 1.07951
20 143 1.07361
20 144 1.07063
21 1 1.11742
21 2 1.11742
21 3 1.11742
21 4 1.11742
21 5 1.11742
21 6 1.09833
21 7 1.08957
21 8 1.08009
21 9 1.07506
21 10 1.16006
21 11 1.16006
21 12 1.16006
21 13 1.16006
21 14 1.16006
21 15 1.11318
21 16 1.10448
21 17 1.08986
21 18 1.07931
21 19 1.30203
21 20 1.30203
21 21 1.30203
21 22 1.30203
21 23 1.30203
21 24 1.11665
21 25 1.10652
21 26 1.09109
21 27 1.08012
21 28 1.16081
21 29 1.16081
21 30 1.16081
21 31 1.16081
21 32 1.16081
21 33 1.11219
21 34 1.09789
21 35 1.0848
21 36 1.07805
21 37 1.11102
21 38 1.11102
