injected_el measured_el potential
1 1 1.30518
1 2 1.30518
1 3 1.30518
1 4 1.30518
1 5 1.30518
1 6 1.11847
1 7 1.09722
1 8 1.08237
1 9 1.0756
1 10 1.14695
1 11 1.14695
1 12 1.14695
1 13 1.14695
1 14 1.14695
1 15 1.10665
1 16 1.0917
1 17 1.0796
1 18 1.07383
1 19 1.11816
1 20 1.11816
1 21 1.11816
1 22 1.11816
1 23 1.11816
1 24 1.09528
1 25 1.08499
1 26 1.07594
1 27 1.07149
1 28 1.10057
1 29 1.10057
1 30 1.10057
1 31 1.10057
1 32 1.10057
1 33 1.08572
1 34 1.07854
1 35 1.07196
1 36 1.06868
1 37 1.14807
1 38 1.14807
1 39 1.14807
1 40 1.14807
1 41 1.14807
1 42 1.10772
1 43 1.0928
1 44 1.08077
1 45 1.07508
1 46 1.12939
1 47 1.12939
1 48 1.12939
1 49 1.12939
1 50 1.12939
1 51 1.10085
1 52 1.08874
1 53 1.07839
1 54 1.07338
1 55 1.1116
1 56 1.1116
1 57 1.1116
1 58 1.1116
1 59 1.1116
1 60 1.09225
1 61 1.08324
1 62 1.07516
1 63 1.07116
1 64 1.09753
1 65 1.09753
1 66 1.09753
1 67 1.09753
1 68 1.09753
1 69 1.0841
1 70 1.07755
1 71 1.07151
1 72 1.06848
1 73 1.11958
1 74 1.11958
1 75 1.11958
1 76 1.11958
1 77 1.11958
1 78 1.09663
1 79 1.08642
1 80 1.07745
1 81 1.07311
1 82 1.11189
1 83 1.11189
1 84 1.11189
1 85 1.11189
1 86 1.11189
1 87 1.09254
1 88 1.08354
1 89 1.0755
1 90 1.07154
1 91 1.10166
1 92 1.10166
1 93 1.10166
1 94 1.10166
1 95 1.10166
1 96 1.08667
1 97 1.07945
1 98 1.07283
1 99 1.06953
1 100 1.09165
1 101 1.09165
1 102 1.09165
1 103 1.09165
1 104 1.09165
1 105 1.08041
1 106 1.07486
1 107 1.06969
1 108 1.06709
1 109 1.10181
1 110 1.10181
1 111 1.10181
1 112 1.10181
1 113 1.10181
1 114 1.08692
1 115 1.07981
1 116 1.07329
1 117 1.0702
1 118 1.09765
1 119 1.09765
1 120 1.09765
1 121 1.09765
1 122 1.09765
1 123 1.08423
1 124 1.0777
1 125 1.07172
1 126 1.06876
1 127 1.09148
1 128 1.09148
1 129 1.09148
1 130 1.09148
1 131 1.09148
1 132 1.08024
1 133 1.0747
1 134 1.06957
1 135 1.06699
1 136 1.08459
1 137 1.08459
1 138 1.08459
1 139 1.08459
1 140 1.08459
1 141 1.07561
1 142 1.07114
1 143 1.06695
1 144 1.06484
2 1 1.30518
2 2 1.30518
2 3 1.30518
2 4 1.30518
2 5 1.30518
2 6 1.11847
2 7 1.09722
2 8 1.08237
2 9 1.0756
2 10 1.14695
2 11 1.14695
2 12 1.14695
2 13 1.14695
2 14 1.14695
2 15 1.10665
2 16 1.0917
2 17 1.0796
2 18 1.07383
2 19 1.11816
2 20 1.11816
2 21 1.11816
2 22 1.11816
2 23 1.11816
2 24 1.09528
2 25 1.08499
2 26 1.07594
2 27 1.07149
2 28 1.10057
2 29 1.10057
2 30 1.10057
2 31 1.10057
2 32 1.10057
2 33 1.08572
2 34 1.07854
2 35 1.07196
2 36 1.06868
2 37 1.14807
2 38 1.14807
2 39 1.14807
2 40 1.14807
2 41 1.14807
2 42 1.10772
2 43 1.0928
2 44 1.08077
2 45 1.07508
2 46 1.12939
2 47 1.12939
2 48 1.12939
2 49 1.12939
2 50 1.12939
2 51 1.10085
2 52 1.08874
2 53 1.07839
2 54 1.07338
2 55 1.1116
2 56 1.1116
2 57 1.1116
2 58 1.1116
2 59 1.1116
2 60 1.09225
2 61 1.08324
2 62 1.07516
2 63 1.07116
2 64 1.09753
2 65 1.09753
2 66 1.09753
2 67 1.09753
2 68 1.09753
2 69 1.0841
2 70 1.07755
2 71 1.07151
2 72 1.06848
2 73 1.11958
2 74 1.11958
2 75 1.11958
2 76 1.11958
2 77 1.11958
2 78 1.09663
2 79 1.08642
2 80 1.07745
2 81 1.07311
2 82 1.11189
2 83 1.11189
2 84 1.11189
2 85 1.11189
2 86 1.11189
2 87 1.09254
2 88 1.08354
2 89 1.0755
2 90 1.07154
2 91 1.10166
2 92 1.10166
2 93 1.10166
2 94 1.10166
2 95 1.10166
2 96 1.08667
2 97 1.07945
2 98 1.07283
2 99 1.06953
2 100 1.09165
2 101 1.09165
2 102 1.09165
2 103 1.09165
2 104 1.09165
2 105 1.08041
2 106 1.07486
2 107 1.06969
2 108 1.06709
2 109 1.10181
2 110 1.10181
2 111 1.10181
2 112 1.10181
2 113 1.10181
2 114 1.08692
2 115 1.07981
2 116 1.07329
2 117 1.0702
2 118 1.09765
2 119 1.09765
2 120 1.09765
2 121 1.09765
2 122 1.09765
2 123 1.08423
2 124 1.0777
2 125 1.07172
2 126 1.06876
2 127 1.09148
2 128 1.09148
2 129 1.09148
2 130 1.09148
2 131 1.09148
2 132 1.08024
2 133 1.0747
2 134 1.06957
2 135 1.06699
2 136 1.08459
2 137 1.08459
2 138 1.08459
2 139 1.08459
2 140 1.08459
2 141 1.07561
2 142 1.07114
2 143 1.06695
2 144 1.06484
3 1 1.30518
3 2 1.30518
3 3 1.30518
3 4 1.30518
3 5 1.30518
3 6 1.11847
3 7 1.09722
3 8 1.08237
3 9 1.0756
3 10 1.14695
3 11 1.14695
3 12 1.14695
3 13 1.14695
3 14 1.14695
3 15 1.10665
3 16 1.0917
3 17 1.0796
3 18 1.07383
3 19 1.11816
3 20 1.11816
3 21 1.11816
3 22 1.11816
3 23 1.11816
3 24 1.09528
3 25 1.08499
3 26 1.07594
3 27 1.07149
3 28 1.10057
3 29 1.10057
3 30 1.10057
3 31 1.10057
3 32 1.10057
3 33 1.08572
3 34 1.07854
3 35 1.07196
3 36 1.06868
3 37 1.14807
3 38 1.14807
3 39 1.14807
3 40 1.14807
3 41 1.14807
3 42 1.10772
3 43 1.0928
3 44 1.08077
3 45 1.07508
3 46 1.12939
3 47 1.12939
3 48 1.12939
3 49 1.12939
3 50 1.12939
3 51 1.10085
3 52 1.08874
3 53 1.07839
3 54 1.07338
3 55 1.1116
3 56 1.1116
3 57 1.1116
3 58 1.1116
3 59 1.1116
3 60 1.09225
3 61 1.08324
3 62 1.07516
3 63 1.07116
3 64 1.09753
3 65 1.09753
3 66 1.09753
3 67 1.09753
3 68 1.09753
3 69 1.0841
3 70 1.07755
3 71 1.07151
3 72 1.06848
3 73 1.11958
3 74 1.11958
3 75 1.11958
3 76 1.11958
3 77 1.11958
3 78 1.09663
3 79 1.08642
3 80 1.07745
3 81 1.07311
3 82 1.11189
3 83 1.11189
3 84 1.11189
3 85 1.11189
3 86 1.11189
3 87 1.09254
3 88 1.08354
3 89 1.0755
3 90 1.07154
3 91 1.10166
3 92 1.10166
3 93 1.10166
3 94 1.10166
3 95 1.10166
3 96 1.08667
3 97 1.07945
3 98 1.07283
3 99 1.06953
3 100 1.09165
3 101 1.09165
3 102 1.09165
3 103 1.09165
3 104 1.09165
3 105 1.08041
3 106 1.07486
3 107 1.06969
3 108 1.06709
3 109 1.10181
3 110 1.10181
3 111 1.10181
3 112 1.10181
3 113 1.10181
3 114 1.08692
3 115 1.07981
3 116 1.07329
3 117 1.0702
3 118 1.09765
3 119 1.09765
3 120 1.09765
3 121 1.09765
3 122 1.09765
3 123 1.08423
3 124 1.0777
3 125 1.07172
3 126 1.06876
3 127 1.09148
3 128 1.09148
3 129 1.09148
3 130 1.09148
3 131 1.09148
3 132 1.08024
3 133 1.0747
3 134 1.06957
3 135 1.06699
3 136 1.08459
3 137 1.08459
3 138 1.08459
3 139 1.08459
3 140 1.08459
3 141 1.07561
3 142 1.07114
3 143 1.06695
3 144 1.06484
4 1 1.30518
4 2 1.30518
4 3 1.30518
4 4 1.30518
4 5 1.30518
4 6 1.11847
4 7 1.09722
4 8 1.08237
4 9 1.0756
4 10 1.14695
4 11 1.14695
4 12 1.14695
4 13 1.14695
4 14 1.14695
4 15 1.10665
4 16 1.0917
4 17 1.0796
4 18 1.07383
4 19 1.11816
4 20 1.11816
4 21 1.11816
4 22 1.11816
4 23 1.11816
4 24 1.09528
4 25 1.08499
4 26 1.07594
4 27 1.07149
4 28 1.10057
4 29 1.10057
4 30 1.10057
4 31 1.10057
4 32 1.10057
4 33 1.08572
4 34 1.07854
4 35 1.07196
4 36 1.06868
4 37 1.14807
4 38 1.14807
4 39 1.14807
4 40 1.14807
4 41 1.14807
4 42 1.10772
4 43 1.0928
4 44 1.08077
4 45 1.07508
4 46 1.12939
4 47 1.12939
4 48 1.12939
4 49 1.12939
4 50 1.12939
4 51 1.10085
4 52 1.08874
4 53 1.07839
4 54 1.07338
4 55 1.1116
4 56 1.1116
4 57 1.1116
4 58 1.1116
4 59 1.1116
4 60 1.09225
4 61 1.08324
4 62 1.07516
4 63 1.07116
4 64 1.09753
4 65 1.09753
4 66 1.09753
4 67 1.09753
4 68 1.09753
4 69 1.0841
4 70 1.07755
4 71 1.07151
4 72 1.06848
4 73 1.11958
4 74 1.11958
4 75 1.11958
4 76 1.11958
4 77 1.11958
4 78 1.09663
4 79 1.08642
4 80 1.07745
4 81 1.07311
4 82 1.11189
4 83 1.11189
4 84 1.11189
4 85 1.11189
4 86 1.11189
4 87 1.09254
4 88 1.08354
4 89 1.0755
4 90 1.07154
4 91 1.10166
4 92 1.10166
4 93 1.10166
4 94 1.10166
4 95 1.10166
4 96 1.08667
4 97 1.07945
4 98 1.07283
4 99 1.06953
4 100 1.09165
4 101 1.09165
4 102 1.09165
4 103 1.09165
4 104 1.09165
4 105 1.08041
4 106 1.07486
4 107 1.06969
4 108 1.06709
4 109 1.10181
4 110 1.10181
4 111 1.10181
4 112 1.10181
4 113 1.10181
4 114 1.08692
4 115 1.07981
4 116 1.07329
4 117 1.0702
4 118 1.09765
4 119 1.09765
4 120 1.09765
4 121 1.09765
4 122 1.09765
4 123 1.08423
4 124 1.0777
4 125 1.07172
4 126 1.06876
4 127 1.09148
4 128 1.09148
4 129 1.09148
4 130 1.09148
4 131 1.09148
4 132 1.08024
4 133 1.0747
4 134 1.06957
4 135 1.06699
4 136 1.08459
4 137 1.08459
4 138 1.08459
4 139 1.08459
4 140 1.08459
4 141 1.07561
4 142 1.07114
4 143 1.06695
4 144 1.06484
5 1 1.30518
5 2 1.30518
5 3 1.30518
5 4 1.30518
5 5 1.30518
5 6 1.11847
5 7 1.09722
5 8 1.08237
5 9 1.0756
5 10 1.14695
5 11 1.14695
5 12 1.14695
5 13 1.14695
5 14 1.14695
5 15 1.10665
5 16 1.0917
5 17 1.0796
5 18 1.07383
5 19 1.11816
5 20 1.11816
5 21 1.11816
5 22 1.11816
5 23 1.11816
5 24 1.09528
5 25 1.08499
5 26 1.07594
5 27 1.07149
5 28 1.10057
5 29 1.10057
5 30 1.10057
5 31 1.10057
5 32 1.10057
5 33 1.08572
5 34 1.07854
5 35 1.07196
5 36 1.06868
5 37 1.14807
5 38 1.14807
5 39 1.14807
5 40 1.14807
5 41 1.14807
5 42 1.10772
5 43 1.0928
5 44 1.08077
5 45 1.07508
5 46 1.12939
5 47 1.12939
5 48 1.12939
5 49 1.12939
5 50 1.12939
5 51 1.10085
5 52 1.08874
5 53 1.07839
5 54 1.07338
5 55 1.1116
5 56 1.1116
5 57 1.1116
5 58 1.1116
5 59 1.1116
5 60 1.09225
5 61 1.08324
5 62 1.07516
5 63 1.07116
5 64 1.09753
5 65 1.09753
5 66 1.09753
5 67 1.09753
5 68 1.09753
5 69 1.0841
5 70 1.07755
5 71 1.07151
5 72 1.06848
5 73 1.11958
5 74 1.11958
5 75 1.11958
5 76 1.11958
5 77 1.11958
5 78 1.09663
5 79 1.08642
5 80 1.07745
5 81 1.07311
5 82 1.11189
5 83 1.11189
5 84 1.11189
5 85 1.11189
5 86 1.11189
5 87 1.09254
5 88 1.08354
5 89 1.0755
5 90 1.07154
5 91 1.10166
5 92 1.10166
5 93 1.10166
5 94 1.10166
5 95 1.10166
5 96 1.08667
5 97 1.07945
5 98 1.07283
5 99 1.06953
5 100 1.09165
5 101 1.09165
5 102 1.09165
5 103 1.09165
5 104 1.09165
5 105 1.08041
5 106 1.07486
5 107 1.06969
5 108 1.06709
5 109 1.10181
5 110 1.10181
5 111 1.10181
5 112 1.10181
5 113 1.10181
5 114 1.08692
5 115 1.07981
5 116 1.07329
5 117 1.0702
5 118 1.09765
5 119 1.09765
5 120 1.09765
5 121 1.09765
5 122 1.09765
5 123 1.08423
5 124 1.0777
5 125 1.07172
5 126 1.06876
5 127 1.09148
5 128 1.09148
5 129 1.09148
5 130 1.09148
5 131 1.09148
5 132 1.08024
5 133 1.0747
5 134 1.06957
5 135 1.06699
5 136 1.08459
5 137 1.08459
5 138 1.08459
5 139 1.08459
5 140 1.08459
5 141 1.07561
5 142 1.07114
5 143 1.06695
5 144 1.06484
6 1 1.11847
6 2 1.11847
6 3 1.11847
6 4 1.11847
6 5 1.11847
6 6 6.92129
6 7 2.14649
6 8 1.39538
6 9 1.20581
6 10 1.10663
6 11 1.10663
6 12 1.10663
6 13 1.10663
6 14 1.10663
6 15 1.44675
6 16 1.36782
6 17 1.24393
6 18 1.18006
6 19 1.09526
6 20 1.09526
6 21 1.09526
6 22 1.09526
6 23 1.09526
6 24 1.19409
6 25 1.19359
6 26 1.16808
6 27 1.15102
6 28 1.08569
6 29 1.08569
6 30 1.08569
6 31 1.08569
6 32 1.08569
6 33 1.12467
6 34 1.13114
6 35 1.12914
6 36 1.12648
6 37 1.10782
6 38 1.10782
6 39 1.10782
6 40 1.10782
6 41 1.10782
6 42 1.44621
6 43 1.36739
6 44 1.2442
6 45 1.18112
6 46 1.10087
6 47 1.10087
6 48 1.10087
6 49 1.10087
6 50 1.10087
6 51 1.25958
6 52 1.24654
6 53 1.19537
6 54 1.16425
6 55 1.09224
6 56 1.09224
6 57 1.09224
6 58 1.09224
6 59 1.09224
6 60 1.15998
6 61 1.16432
6 62 1.15164
6 63 1.14211
6 64 1.08409
6 65 1.08409
6 66 1.08409
6 67 1.08409
6 68 1.08409
6 69 1.11574
6 70 1.12234
6 71 1.12265
6 72 1.12157
6 73 1.09682
6 74 1.09682
6 75 1.09682
6 76 1.09682
6 77 1.09682
6 78 1.19363
6 79 1.1935
6 80 1.16862
6 81 1.1522
6 82 1.09259
6 83 1.09259
6 84 1.09259
6 85 1.09259
6 86 1.09259
6 87 1.15986
6 88 1.16422
6 89 1.15169
6 90 1.14227
6 91 1.08669
6 92 1.08669
6 93 1.08669
6 94 1.08669
6 95 1.08669
6 96 1.12582
6 97 1.13236
6 98 1.13034
6 99 1.12765
6 100 1.08041
6 101 1.08041
6 102 1.08041
6 103 1.08041
6 104 1.08041
6 105 1.10296
6 106 1.10925
6 107 1.11187
6 108 1.11248
6 109 1.08715
6 110 1.08715
6 111 1.08715
6 112 1.08715
6 113 1.08715
6 114 1.12406
6 115 1.1309
6 116 1.12934
6 117 1.12733
6 118 1.08433
6 119 1.08433
6 120 1.08433
6 121 1.08433
6 122 1.08433
6 123 1.11523
6 124 1.12188
6 125 1.12237
6 126 1.12143
6 127 1.08029
6 128 1.08029
6 129 1.08029
6 130 1.08029
6 131 1.08029
6 132 1.10258
6 133 1.10886
6 134 1.11153
6 135 1.11218
6 136 1.07563
6 137 1.07563
6 138 1.07563
6 139 1.07563
6 140 1.07563
6 141 1.09101
6 142 1.09649
6 143 1.10014
6 144 1.10165
7 1 1.09722
7 2 1.09722
7 3 1.09722
7 4 1.09722
7 5 1.09722
7 6 2.14649
7 7 6.92617
7 8 1.99847
7 9 1.3141
7 10 1.09167
7 11 1.09167
7 12 1.09167
7 13 1.09167
7 14 1.09167
7 15 1.36773
7 16 1.46943
7 17 1.34183
7 18 1.24995
7 19 1.08496
7 20 1.08496
7 21 1.08496
7 22 1.08496
7 23 1.08496
7 24 1.19356
7 25 1.22096
7 26 1.21033
7 27 1.1967
7 28 1.07851
7 29 1.07851
7 30 1.07851
7 31 1.07851
7 32 1.07851
7 33 1.13113
7 34 1.14816
7 35 1.15572
7 36 1.15749
7 37 1.0929
7 38 1.0929
7 39 1.0929
7 40 1.0929
7 41 1.0929
7 42 1.36732
7 43 1.46868
7 44 1.34184
7 45 1.25095
7 46 1.08875
7 47 1.08875
7 48 1.08875
7 49 1.08875
7 50 1.08875
7 51 1.24647
7 52 1.28602
7 53 1.25145
7 54 1.21904
7 55 1.08322
7 56 1.08322
7 57 1.08322
7 58 1.08322
7 59 1.08322
7 60 1.16429
7 61 1.18614
7 62 1.18637
7 63 1.1816
7 64 1.07753
7 65 1.07753
7 66 1.07753
7 67 1.07753
7 68 1.07753
7 69 1.12234
7 70 1.13791
7 71 1.14671
7 72 1.14974
7 73 1.08658
7 74 1.08658
7 75 1.08658
7 76 1.08658
7 77 1.08658
7 78 1.19304
7 79 1.22063
7 80 1.21061
7 81 1.19764
7 82 1.0836
7 83 1.0836
7 84 1.0836
7 85 1.0836
7 86 1.0836
7 87 1.16412
7 88 1.18597
7 89 1.18632
7 90 1.18166
7 91 1.07946
7 92 1.07946
7 93 1.07946
7 94 1.07946
7 95 1.07946
7 96 1.13232
7 97 1.1494
7 98 1.15704
7 99 1.15885
7 100 1.07485
7 101 1.07485
7 102 1.07485
7 103 1.07485
7 104 1.07485
7 105 1.10924
7 106 1.12262
7 107 1.13213
7 108 1.13621
7 109 1.08005
7 110 1.08005
7 111 1.08005
7 112 1.08005
7 113 1.08005
7 114 1.13019
7 115 1.14756
7 116 1.15552
7 117 1.15796
7 118 1.07782
7 119 1.07782
7 120 1.07782
7 121 1.07782
7 122 1.07782
7 123 1.12168
7 124 1.13728
7 125 1.14623
7 126 1.14938
7 127 1.07476
7 128 1.07476
7 129 1.07476
7 130 1.07476
7 131 1.07476
7 132 1.10881
7 133 1.12215
7 134 1.1317
7 135 1.1358
7 136 1.07116
7 137 1.07116
7 138 1.07116
7 139 1.07116
7 140 1.07116
7 141 1.09648
7 142 1.10744
7 143 1.11644
7 144 1.12067
8 1 1.08237
8 2 1.08237
8 3 1.08237
8 4 1.08237
8 5 1.08237
8 6 1.39538
8 7 1.99847
8 8 6.26301
8 9 1.54685
8 10 1.07958
8 11 1.07958
8 12 1.07958
8 13 1.07958
8 14 1.07958
8 15 1.24378
8 16 1.34162
8 17 1.40006
8 18 1.33641
8 19 1.07591
8 20 1.07591
8 21 1.07591
8 22 1.07591
8 23 1.07591
8 24 1.16802
8 25 1.21025
8 26 1.23835
8 27 1.24477
8 28 1.07194
8 29 1.07194
8 30 1.07194
8 31 1.07194
8 32 1.07194
8 33 1.12912
8 34 1.15568
8 35 1.17791
8 36 1.18812
8 37 1.08084
8 38 1.08084
8 39 1.08084
8 40 1.08084
8 41 1.08084
8 42 1.24426
8 43 1.34218
8 44 1.40059
8 45 1.33733
8 46 1.07841
8 47 1.07841
8 48 1.07841
8 49 1.07841
8 50 1.07841
8 51 1.1953
8 52 1.25138
8 53 1.28315
8 54 1.27967
8 55 1.07516
8 56 1.07516
8 57 1.07516
8 58 1.07516
8 59 1.07516
8 60 1.1516
8 61 1.18632
8 62 1.21217
8 63 1.22191
8 64 1.0715
8 65 1.0715
8 66 1.0715
8 67 1.0715
8 68 1.0715
8 69 1.12264
8 70 1.14668
8 71 1.16745
8 72 1.17732
8 73 1.07758
8 74 1.07758
8 75 1.07758
8 76 1.07758
8 77 1.07758
8 78 1.1681
8 79 1.21047
8 80 1.23877
8 81 1.24547
8 82 1.07555
8 83 1.07555
8 84 1.07555
8 85 1.07555
8 86 1.07555
8 87 1.15152
8 88 1.18622
8 89 1.21211
8 90 1.22187
8 91 1.07285
8 92 1.07285
8 93 1.07285
8 94 1.07285
8 95 1.07285
8 96 1.13028
8 97 1.15698
8 98 1.17936
8 99 1.18968
8 100 1.06969
8 101 1.06969
8 102 1.06969
8 103 1.06969
8 104 1.06969
8 105 1.11185
8 106 1.1321
8 107 1.15026
8 108 1.15917
8 109 1.07355
8 110 1.07355
8 111 1.07355
8 112 1.07355
8 113 1.07355
8 114 1.1283
8 115 1.15518
8 116 1.17756
8 117 1.1882
8 118 1.07183
8 119 1.07183
8 120 1.07183
8 121 1.07183
8 122 1.07183
8 123 1.12198
8 124 1.14602
8 125 1.16684
8 126 1.17675
8 127 1.06962
8 128 1.06962
8 129 1.06962
8 130 1.06962
8 131 1.06962
8 132 1.11139
8 133 1.13159
8 134 1.14975
8 135 1.15867
8 136 1.06697
8 137 1.06697
8 138 1.06697
8 139 1.06697
8 140 1.06697
8 141 1.1001
8 142 1.11639
8 143 1.13141
8 144 1.1389
9 1 1.0756
9 2 1.0756
9 3 1.0756
9 4 1.0756
9 5 1.0756
9 6 1.20581
9 7 1.3141
9 8 1.54685
9 9 2.1486
9 10 1.07383
9 11 1.07383
9 12 1.07383
9 13 1.07383
9 14 1.07383
9 15 1.18007
9 16 1.24991
9 17 1.33646
9 18 1.3904
9 19 1.07149
9 20 1.07149
9 21 1.07149
9 22 1.07149
9 23 1.07149
9 24 1.15102
9 25 1.19666
9 26 1.24478
9 27 1.2706
9 28 1.06867
9 29 1.06867
9 30 1.06867
9 31 1.06867
9 32 1.06867
9 33 1.12648
9 34 1.15746
9 35 1.18812
9 36 1.20396
9 37 1.0751
9 38 1.0751
9 39 1.0751
9 40 1.0751
9 41 1.0751
9 42 1.18084
9 43 1.25081
9 44 1.33714
9 45 1.39078
9 46 1.0734
9 47 1.0734
9 48 1.0734
9 49 1.0734
9 50 1.0734
9 51 1.16418
9 52 1.21893
9 53 1.27959
9 54 1.31325
9 55 1.07117
9 56 1.07117
9 57 1.07117
9 58 1.07117
9 59 1.07117
9 60 1.14208
9 61 1.18153
9 62 1.22186
9 63 1.24306
9 64 1.06848
9 65 1.06848
9 66 1.06848
9 67 1.06848
9 68 1.06848
9 69 1.12156
9 70 1.1497
9 71 1.17729
9 72 1.19148
9 73 1.07317
9 74 1.07317
9 75 1.07317
9 76 1.07317
9 77 1.07317
9 78 1.15136
9 79 1.19706
9 80 1.24508
9 81 1.27087
9 82 1.07158
9 83 1.07158
9 84 1.07158
9 85 1.07158
9 86 1.07158
9 87 1.14202
9 88 1.18144
9 89 1.22172
9 90 1.24289
9 91 1.06956
9 92 1.06956
9 93 1.06956
9 94 1.06956
9 95 1.06956
9 96 1.12755
9 97 1.15872
9 98 1.18959
9 99 1.20555
9 100 1.0671
9 101 1.0671
9 102 1.0671
9 103 1.0671
9 104 1.0671
9 105 1.11244
9 106 1.13614
9 107 1.15912
9 108 1.17087
9 109 1.0703
9 110 1.0703
9 111 1.0703
9 112 1.0703
9 113 1.0703
9 114 1.12573
9 115 1.15697
9 116 1.18757
9 117 1.20365
9 118 1.06883
9 119 1.06883
9 120 1.06883
9 121 1.06883
9 122 1.06883
9 123 1.12088
9 124 1.14898
9 125 1.17655
9 126 1.19072
9 127 1.06704
9 128 1.06704
9 129 1.06704
9 130 1.06704
9 131 1.06704
9 132 1.11196
9 133 1.13559
9 134 1.15854
9 135 1.17029
9 136 1.06486
9 137 1.06486
9 138 1.06486
9 139 1.06486
9 140 1.06486
9 141 1.10158
9 142 1.12057
9 143 1.13883
9 144 1.14813
10 1 1.14695
10 2 1.14695
10 3 1.14695
10 4 1.14695
10 5 1.14695
10 6 1.10663
10 7 1.09167
10 8 1.07958
10 9 1.07383
10 10 1.30427
10 11 1.30427
10 12 1.30427
10 13 1.30427
10 14 1.30427
10 15 1.11754
10 16 1.09627
10 17 1.08139
10 18 1.07458
10 19 1.1617
10 20 1.1617
10 21 1.1617
10 22 1.1617
10 23 1.1617
10 24 1.11002
10 25 1.09317
10 26 1.08003
10 27 1.07385
10 28 1.12584
10 29 1.12584
10 30 1.12584
10 31 1.12584
10 32 1.12584
10 33 1.09877
10 34 1.08711
10 35 1.07707
10 36 1.07218
10 37 1.12939
10 38 1.12939
10 39 1.12939
10 40 1.12939
10 41 1.12939
10 42 1.10077
10 43 1.08865
10 44 1.07834
10 45 1.07339
10 46 1.14716
10 47 1.14716
10 48 1.14716
10 49 1.14716
10 50 1.14716
10 51 1.10683
10 52 1.09188
10 53 1.07979
10 54 1.07403
10 55 1.13523
10 56 1.13523
10 57 1.13523
10 58 1.13523
10 59 1.13523
10 60 1.10291
10 61 1.08973
10 62 1.07868
10 63 1.07335
10 64 1.11703
10 65 1.11703
10 66 1.11703
10 67 1.11703
10 68 1.11703
10 69 1.09501
10 70 1.085
10 71 1.07615
10 72 1.07179
10 73 1.11188
10 74 1.11188
10 75 1.11188
10 76 1.11188
10 77 1.11188
10 78 1.09238
10 79 1.08344
10 80 1.07544
10 81 1.07155
10 82 1.11866
10 83 1.11866
10 84 1.11866
10 85 1.11866
10 86 1.11866
10 87 1.09575
10 88 1.08548
10 89 1.07646
10 90 1.07205
10 91 1.11433
10 92 1.11433
10 93 1.11433
10 94 1.11433
10 95 1.11433
10 96 1.0936
10 97 1.08408
10 98 1.07562
10 99 1.07144
10 100 1.10504
10 101 1.10504
10 102 1.10504
10 103 1.10504
10 104 1.10504
10 105 1.08861
10 106 1.08077
10 107 1.07363
10 108 1.07007
10 109 1.09762
10 110 1.09762
10 111 1.09762
10 112 1.09762
10 113 1.09762
10 114 1.08404
10 115 1.07758
10 116 1.07161
10 117 1.06878
10 118 1.10089
10 119 1.10089
10 120 1.10089
10 121 1.10089
10 122 1.10089
10 123 1.08599
10 124 1.07884
10 125 1.07234
10 126 1.06913
10 127 1.09875
10 128 1.09875
10 129 1.09875
10 130 1.09875
10 131 1.09875
10 132 1.08471
10 133 1.07792
10 134 1.0717
10 135 1.06859
10 136 1.09358
10 137 1.09358
10 138 1.09358
10 139 1.09358
10 140 1.09358
10 141 1.08155
10 142 1.07565
10 143 1.07018
10 144 1.06743
11 1 1.14695
11 2 1.14695
11 3 1.14695
11 4 1.14695
11 5 1.14695
11 6 1.10663
11 7 1.09167
11 8 1.07958
11 9 1.07383
11 10 1.30427
11 11 1.30427
11 12 1.30427
11 13 1.30427
11 14 1.30427
11 15 1.11754
11 16 1.09627
11 17 1.08139
11 18 1.07458
11 19 1.1617
11 20 1.1617
11 21 1.1617
11 22 1.1617
11 23 1.1617
11 24 1.11002
11 25 1.09317
11 26 1.08003
11 27 1.07385
11 28 1.12584
11 29 1.12584
11 30 1.12584
11 31 1.12584
11 32 1.12584
11 33 1.09877
11 34 1.08711
11 35 1.07707
11 36 1.07218
11 37 1.12939
11 38 1.12939
11 39 1.12939
11 40 1.12939
11 41 1.12939
11 42 1.10077
11 43 1.08865
11 44 1.07834
11 45 1.07339
11 46 1.14716
11 47 1.14716
11 48 1.14716
11 49 1.14716
11 50 1.14716
11 51 1.10683
11 52 1.09188
11 53 1.07979
11 54 1.07403
11 55 1.13523
11 56 1.13523
11 57 1.13523
11 58 1.13523
11 59 1.13523
11 60 1.10291
11 61 1.08973
11 62 1.07868
11 63 1.07335
11 64 1.11703
11 65 1.11703
11 66 1.11703
11 67 1.11703
11 68 1.11703
11 69 1.09501
11 70 1.085
11 71 1.07615
11 72 1.07179
11 73 1.11188
11 74 1.11188
11 75 1.11188
11 76 1.11188
11 77 1.11188
11 78 1.09238
11 79 1.08344
11 80 1.07544
11 81 1.07155
11 82 1.11866
11 83 1.11866
11 84 1.11866
11 85 1.11866
11 86 1.11866
11 87 1.09575
11 88 1.08548
11 89 1.07646
11 90 1.07205
11 91 1.11433
11 92 1.11433
11 93 1.11433
11 94 1.11433
11 95 1.11433
11 96 1.0936
11 97 1.08408
11 98 1.07562
11 99 1.07144
11 100 1.10504
11 101 1.10504
11 102 1.10504
11 103 1.10504
11 104 1.10504
11 105 1.08861
11 106 1.08077
11 107 1.07363
11 108 1.07007
11 109 1.09762
11 110 1.09762
11 111 1.09762
11 112 1.09762
11 113 1.09762
11 114 1.08404
11 115 1.07758
11 116 1.07161
11 117 1.06878
11 118 1.10089
11 119 1.10089
11 120 1.10089
11 121 1.10089
11 122 1.10089
11 123 1.08599
11 124 1.07884
11 125 1.07234
11 126 1.06913
11 127 1.09875
11 128 1.09875
11 129 1.09875
11 130 1.09875
11 131 1.09875
11 132 1.08471
11 133 1.07792
11 134 1.0717
11 135 1.06859
11 136 1.09358
11 137 1.09358
11 138 1.09358
11 139 1.09358
11 140 1.09358
11 141 1.08155
11 142 1.07565
11 143 1.07018
11 144 1.06743
12 1 1.14695
12 2 1.14695
12 3 1.14695
12 4 1.14695
12 5 1.14695
12 6 1.10663
12 7 1.09167
12 8 1.07958
12 9 1.07383
12 10 1.30427
12 11 1.30427
12 12 1.30427
12 13 1.30427
12 14 1.30427
12 15 1.11754
12 16 1.09627
12 17 1.08139
12 18 1.07458
12 19 1.1617
12 20 1.1617
12 21 1.1617
12 22 1.1617
12 23 1.1617
12 24 1.11002
12 25 1.09317
12 26 1.08003
12 27 1.07385
12 28 1.12584
12 29 1.12584
12 30 1.12584
12 31 1.12584
12 32 1.12584
12 33 1.09877
12 34 1.08711
12 35 1.07707
12 36 1.07218
12 37 1.12939
12 38 1.12939
12 39 1.12939
12 40 1.12939
12 41 1.12939
12 42 1.10077
12 43 1.08865
12 44 1.07834
12 45 1.07339
12 46 1.14716
12 47 1.14716
12 48 1.14716
12 49 1.14716
12 50 1.14716
12 51 1.10683
12 52 1.09188
12 53 1.07979
12 54 1.07403
12 55 1.13523
12 56 1.13523
12 57 1.13523
12 58 1.13523
12 59 1.13523
12 60 1.10291
12 61 1.08973
12 62 1.07868
12 63 1.07335
12 64 1.11703
12 65 1.11703
12 66 1.11703
12 67 1.11703
12 68 1.11703
12 69 1.09501
12 70 1.085
12 71 1.07615
12 72 1.07179
12 73 1.11188
12 74 1.11188
12 75 1.11188
12 76 1.11188
12 77 1.11188
12 78 1.09238
12 79 1.08344
12 80 1.07544
12 81 1.07155
12 82 1.11866
12 83 1.11866
12 84 1.11866
12 85 1.11866
12 86 1.11866
12 87 1.09575
12 88 1.08548
12 89 1.07646
12 90 1.07205
12 91 1.11433
12 92 1.11433
12 93 1.11433
12 94 1.11433
12 95 1.11433
12 96 1.0936
12 97 1.08408
12 98 1.07562
12 99 1.07144
12 100 1.10504
12 101 1.10504
12 102 1.10504
12 103 1.10504
12 104 1.10504
12 105 1.08861
12 106 1.08077
12 107 1.07363
12 108 1.07007
12 109 1.09762
12 110 1.09762
12 111 1.09762
12 112 1.09762
12 113 1.09762
12 114 1.08404
12 115 1.07758
12 116 1.07161
12 117 1.06878
12 118 1.10089
12 119 1.10089
12 120 1.10089
12 121 1.10089
12 122 1.10089
12 123 1.08599
12 124 1.07884
12 125 1.07234
12 126 1.06913
12 127 1.09875
12 128 1.09875
12 129 1.09875
12 130 1.09875
12 131 1.09875
12 132 1.08471
12 133 1.07792
12 134 1.0717
12 135 1.06859
12 136 1.09358
12 137 1.09358
12 138 1.09358
12 139 1.09358
12 140 1.09358
12 141 1.08155
12 142 1.07565
12 143 1.07018
12 144 1.06743
13 1 1.14695
13 2 1.14695
13 3 1.14695
13 4 1.14695
13 5 1.14695
13 6 1.10663
13 7 1.09167
13 8 1.07958
13 9 1.07383
13 10 1.30427
13 11 1.30427
13 12 1.30427
13 13 1.30427
13 14 1.30427
13 15 1.11754
13 16 1.09627
13 17 1.08139
13 18 1.07458
13 19 1.1617
13 20 1.1617
13 21 1.1617
13 22 1.1617
13 23 1.1617
13 24 1.11002
13 25 1.09317
13 26 1.08003
13 27 1.07385
13 28 1.12584
13 29 1.12584
13 30 1.12584
13 31 1.12584
13 32 1.12584
13 33 1.09877
13 34 1.08711
13 35 1.07707
13 36 1.07218
13 37 1.12939
13 38 1.12939
13 39 1.12939
13 40 1.12939
13 41 1.12939
13 42 1.10077
13 43 1.08865
13 44 1.07834
13 45 1.07339
13 46 1.14716
13 47 1.14716
13 48 1.14716
13 49 1.14716
13 50 1.14716
13 51 1.10683
13 52 1.09188
13 53 1.07979
13 54 1.07403
13 55 1.13523
13 56 1.13523
13 57 1.13523
13 58 1.13523
13 59 1.13523
13 60 1.10291
13 61 1.08973
13 62 1.07868
13 63 1.07335
13 64 1.11703
13 65 1.11703
13 66 1.11703
13 67 1.11703
13 68 1.11703
13 69 1.09501
13 70 1.085
13 71 1.07615
13 72 1.07179
13 73 1.11188
13 74 1.11188
13 75 1.11188
13 76 1.11188
13 77 1.11188
13 78 1.09238
13 79 1.08344
13 80 1.07544
13 81 1.07155
13 82 1.11866
13 83 1.11866
13 84 1.11866
13 85 1.11866
13 86 1.11866
13 87 1.09575
13 88 1.08548
13 89 1.07646
13 90 1.07205
13 91 1.11433
13 92 1.11433
13 93 1.11433
13 94 1.11433
13 95 1.11433
13 96 1.0936
13 97 1.08408
13 98 1.07562
13 99 1.07144
13 100 1.10504
13 101 1.10504
13 102 1.10504
13 103 1.10504
13 104 1.10504
13 105 1.08861
13 106 1.08077
13 107 1.07363
13 108 1.07007
13 109 1.09762
13 110 1.09762
13 111 1.09762
13 112 1.09762
13 113 1.09762
13 114 1.08404
13 115 1.07758
13 116 1.07161
13 117 1.06878
13 118 1.10089
13 119 1.10089
13 120 1.10089
13 121 1.10089
13 122 1.10089
13 123 1.08599
13 124 1.07884
13 125 1.07234
13 126 1.06913
13 127 1.09875
13 128 1.09875
13 129 1.09875
13 130 1.09875
13 131 1.09875
13 132 1.08471
13 133 1.07792
13 134 1.0717
13 135 1.06859
13 136 1.09358
13 137 1.09358
13 138 1.09358
13 139 1.09358
13 140 1.09358
13 141 1.08155
13 142 1.07565
13 143 1.07018
13 144 1.06743
14 1 1.14695
14 2 1.14695
14 3 1.14695
14 4 1.14695
14 5 1.14695
14 6 1.10663
14 7 1.09167
14 8 1.07958
14 9 1.07383
14 10 1.30427
14 11 1.30427
14 12 1.30427
14 13 1.30427
14 14 1.30427
14 15 1.11754
14 16 1.09627
14 17 1.08139
14 18 1.07458
14 19 1.1617
14 20 1.1617
14 21 1.1617
14 22 1.1617
14 23 1.1617
14 24 1.11002
14 25 1.09317
14 26 1.08003
14 27 1.07385
14 28 1.12584
14 29 1.12584
14 30 1.12584
14 31 1.12584
14 32 1.12584
14 33 1.09877
14 34 1.08711
14 35 1.07707
14 36 1.07218
14 37 1.12939
14 38 1.12939
14 39 1.12939
14 40 1.12939
14 41 1.12939
14 42 1.10077
14 43 1.08865
14 44 1.07834
14 45 1.07339
14 46 1.14716
14 47 1.14716
14 48 1.14716
14 49 1.14716
14 50 1.14716
14 51 1.10683
14 52 1.09188
14 53 1.07979
14 54 1.07403
14 55 1.13523
14 56 1.13523
14 57 1.13523
14 58 1.13523
14 59 1.13523
14 60 1.10291
14 61 1.08973
14 62 1.07868
14 63 1.07335
14 64 1.11703
14 65 1.11703
14 66 1.11703
14 67 1.11703
14 68 1.11703
14 69 1.09501
14 70 1.085
14 71 1.07615
14 72 1.07179
14 73 1.11188
14 74 1.11188
14 75 1.11188
14 76 1.11188
14 77 1.11188
14 78 1.09238
14 79 1.08344
14 80 1.07544
14 81 1.07155
14 82 1.11866
14 83 1.11866
14 84 1.11866
14 85 1.11866
14 86 1.11866
14 87 1.09575
14 88 1.08548
14 89 1.07646
14 90 1.07205
14 91 1.11433
14 92 1.11433
14 93 1.11433
14 94 1.11433
14 95 1.11433
14 96 1.0936
14 97 1.08408
14 98 1.07562
14 99 1.07144
14 100 1.10504
14 101 1.10504
14 102 1.10504
14 103 1.10504
14 104 1.10504
14 105 1.08861
14 106 1.08077
14 107 1.07363
14 108 1.07007
14 109 1.09762
14 110 1.09762
14 111 1.09762
14 112 1.09762
14 113 1.09762
14 114 1.08404
14 115 1.07758
14 116 1.07161
14 117 1.06878
14 118 1.10089
14 119 1.10089
14 120 1.10089
14 121 1.10089
14 122 1.10089
14 123 1.08599
14 124 1.07884
14 125 1.07234
14 126 1.06913
14 127 1.09875
14 128 1.09875
14 129 1.09875
14 130 1.09875
14 131 1.09875
14 132 1.08471
14 133 1.07792
14 134 1.0717
14 135 1.06859
14 136 1.09358
14 137 1.09358
14 138 1.09358
14 139 1.09358
14 140 1.09358
14 141 1.08155
14 142 1.07565
14 143 1.07018
14 144 1.06743
15 1 1.10665
15 2 1.10665
15 3 1.10665
15 4 1.10665
15 5 1.10665
15 6 1.44675
15 7 1.36773
15 8 1.24378
15 9 1.18007
15 10 1.11754
15 11 1.11754
15 12 1.11754
15 13 1.11754
15 14 1.11754
15 15 6.92103
15 16 2.1466
15 17 1.39512
15 18 1.20493
15 19 1.11002
15 20 1.11002
15 21 1.11002
15 22 1.11002
15 23 1.11002
15 24 1.68202
15 25 1.48558
15 26 1.282
15 27 1.18901
15 28 1.09876
15 29 1.09876
15 30 1.09876
15 31 1.09876
15 32 1.09876
15 33 1.24219
15 34 1.23221
15 35 1.18776
15 36 1.16035
15 37 1.10088
15 38 1.10088
15 39 1.10088
15 40 1.10088
15 41 1.10088
15 42 1.25909
15 43 1.24609
15 44 1.19497
15 45 1.16422
15 46 1.10686
15 47 1.10686
15 48 1.10686
15 49 1.10686
15 50 1.10686
15 51 1.44688
15 52 1.36796
15 53 1.24402
15 54 1.18019
15 55 1.10292
15 56 1.10292
15 57 1.10292
15 58 1.10292
15 59 1.10292
15 60 1.31153
15 61 1.28443
15 62 1.21205
15 63 1.17033
15 64 1.09501
15 65 1.09501
15 66 1.09501
15 67 1.09501
15 68 1.09501
15 69 1.18489
15 70 1.18626
15 71 1.16451
15 72 1.14952
15 73 1.09261
15 74 1.09261
15 75 1.09261
15 76 1.09261
15 77 1.09261
15 78 1.15894
15 79 1.1636
15 80 1.15126
15 81 1.14218
15 82 1.09583
15 83 1.09583
15 84 1.09583
15 85 1.09583
15 86 1.09583
15 87 1.19414
15 88 1.19366
15 89 1.16824
15 90 1.15131
15 91 1.09363
15 92 1.09363
15 93 1.09363
15 94 1.09363
15 95 1.09363
15 96 1.17234
15 97 1.17522
15 98 1.15804
15 99 1.14579
15 100 1.08862
15 101 1.08862
15 102 1.08862
15 103 1.08862
15 104 1.08862
15 105 1.13613
15 106 1.1423
15 107 1.13738
15 108 1.13275
15 109 1.08435
15 110 1.08435
15 111 1.08435
15 112 1.08435
15 113 1.08435
15 114 1.1141
15 115 1.12113
15 116 1.12178
15 117 1.12128
15 118 1.08613
15 119 1.08613
15 120 1.08613
15 121 1.08613
15 122 1.08613
15 123 1.12428
15 124 1.1308
15 125 1.12895
15 126 1.12646
15 127 1.08479
15 128 1.08479
15 129 1.08479
15 130 1.08479
15 131 1.08479
15 132 1.11895
15 133 1.12552
15 134 1.12501
15 135 1.12337
15 136 1.08159
15 137 1.08159
15 138 1.08159
15 139 1.08159
15 140 1.08159
15 141 1.10698
15 142 1.11344
15 143 1.1154
15 144 1.11552
16 1 1.0917
16 2 1.0917
16 3 1.0917
16 4 1.0917
16 5 1.0917
16 6 1.36782
16 7 1.46943
16 8 1.34162
16 9 1.24991
16 10 1.09627
16 11 1.09627
16 12 1.09627
16 13 1.09627
16 14 1.09627
16 15 2.1466
16 16 6.92799
16 17 1.99949
16 18 1.31321
16 19 1.09316
16 20 1.09316
16 21 1.09316
16 22 1.09316
16 23 1.09316
16 24 1.48556
16 25 1.70088
16 26 1.43131
16 27 1.26966
16 28 1.0871
16 29 1.0871
16 30 1.0871
16 31 1.0871
16 32 1.0871
16 33 1.2322
16 34 1.26897
16 35 1.24036
16 36 1.21282
16 37 1.08878
16 38 1.08878
16 39 1.08878
16 40 1.08878
16 41 1.08878
16 42 1.24607
16 43 1.2856
16 44 1.25091
16 45 1.21893
16 46 1.09192
16 47 1.09192
16 48 1.09192
16 49 1.09192
16 50 1.09192
16 51 1.36795
16 52 1.46965
16 53 1.34189
16 54 1.25
16 55 1.08974
16 56 1.08974
16 57 1.08974
16 58 1.08974
16 59 1.08974
16 60 1.28442
16 61 1.33711
16 62 1.2796
16 63 1.23056
16 64 1.085
16 65 1.085
16 66 1.085
16 67 1.085
16 68 1.085
16 69 1.18625
16 70 1.21177
16 71 1.20464
16 72 1.19375
16 73 1.08363
16 74 1.08363
16 75 1.08363
16 76 1.08363
16 77 1.08363
16 78 1.16317
16 79 1.18527
16 80 1.18576
16 81 1.18146
16 82 1.08556
16 83 1.08556
16 84 1.08556
16 85 1.08556
16 86 1.08556
16 87 1.19357
16 88 1.22094
16 89 1.21034
16 90 1.19682
16 91 1.08412
16 92 1.08412
16 93 1.08412
16 94 1.08412
16 95 1.08412
16 96 1.17519
16 97 1.19886
16 98 1.19545
16 99 1.18766
16 100 1.08078
16 101 1.08078
16 102 1.08078
16 103 1.08078
16 104 1.08078
16 105 1.14229
16 106 1.16082
16 107 1.16663
16 108 1.16675
16 109 1.07787
16 110 1.07787
16 111 1.07787
16 112 1.07787
16 113 1.07787
16 114 1.12037
16 115 1.13638
16 116 1.14546
16 117 1.1491
16 118 1.079
16 119 1.079
16 120 1.079
16 121 1.079
16 122 1.079
16 123 1.13058
16 124 1.14762
16 125 1.15527
16 126 1.1572
16 127 1.07801
16 128 1.07801
16 129 1.07801
16 130 1.07801
16 131 1.07801
16 132 1.12545
16 133 1.14156
16 134 1.14994
16 135 1.15255
16 136 1.07569
16 137 1.07569
16 138 1.07569
16 139 1.07569
16 140 1.07569
16 141 1.11342
16 142 1.12755
16 143 1.13695
16 144 1.14076
17 1 1.0796
17 2 1.0796
17 3 1.0796
17 4 1.0796
17 5 1.0796
17 6 1.24393
17 7 1.34183
17 8 1.40006
17 9 1.33646
17 10 1.08139
17 11 1.08139
17 12 1.08139
17 13 1.08139
17 14 1.08139
17 15 1.39512
17 16 1.99949
17 17 6.28316
17 18 1.54626
17 19 1.08002
17 20 1.08002
17 21 1.08002
17 22 1.08002
17 23 1.08002
17 24 1.28197
17 25 1.43128
17 26 1.55623
17 27 1.37969
17 28 1.07705
17 29 1.07705
17 30 1.07705
17 31 1.07705
17 32 1.07705
17 33 1.18775
17 34 1.24035
17 35 1.27148
17 36 1.27029
17 37 1.07843
17 38 1.07843
17 39 1.07843
17 40 1.07843
17 41 1.07843
17 42 1.19503
17 43 1.25116
17 44 1.2827
17 45 1.27951
17 46 1.07982
17 47 1.07982
17 48 1.07982
17 49 1.07982
17 50 1.07982
17 51 1.244
17 52 1.34189
17 53 1.40028
17 54 1.33653
17 55 1.07869
17 56 1.07869
17 57 1.07869
17 58 1.07869
17 59 1.07869
17 60 1.21202
17 61 1.27957
17 62 1.31548
17 63 1.29971
17 64 1.07615
17 65 1.07615
17 66 1.07615
17 67 1.07615
17 68 1.07615
17 69 1.1645
17 70 1.20463
17 71 1.23209
17 72 1.23996
17 73 1.07558
17 74 1.07558
17 75 1.07558
17 76 1.07558
17 77 1.07558
17 78 1.15071
17 79 1.1856
17 80 1.21153
17 81 1.22159
17 82 1.07653
17 83 1.07653
17 84 1.07653
17 85 1.07653
17 86 1.07653
17 87 1.16807
17 88 1.21026
17 89 1.23834
17 90 1.2448
17 91 1.07565
17 92 1.07565
17 93 1.07565
17 94 1.07565
17 95 1.07565
17 96 1.15797
17 97 1.19539
17 98 1.22209
17 99 1.23094
17 100 1.07364
17 101 1.07364
17 102 1.07364
17 103 1.07364
17 104 1.07364
17 105 1.13736
17 106 1.16661
17 107 1.19029
17 108 1.20073
17 109 1.07188
17 110 1.07188
17 111 1.07188
17 112 1.07188
17 113 1.07188
17 114 1.12067
17 115 1.1451
17 116 1.166
17 117 1.17635
17 118 1.07246
17 119 1.07246
17 120 1.07246
17 121 1.07246
17 122 1.07246
17 123 1.12853
17 124 1.15507
17 125 1.17732
17 126 1.18762
17 127 1.07176
17 128 1.07176
17 129 1.07176
17 130 1.07176
17 131 1.07176
17 132 1.12484
17 133 1.14982
17 134 1.1712
17 135 1.18127
17 136 1.07021
17 137 1.07021
17 138 1.07021
17 139 1.07021
17 140 1.07021
17 141 1.11535
17 142 1.1369
17 143 1.15602
17 144 1.16532
18 1 1.07383
18 2 1.07383
18 3 1.07383
18 4 1.07383
18 5 1.07383
18 6 1.18006
18 7 1.24995
18 8 1.33641
18 9 1.3904
18 10 1.07458
18 11 1.07458
18 12 1.07458
18 13 1.07458
18 14 1.07458
18 15 1.20493
18 16 1.31321
18 17 1.54626
18 18 2.14828
18 19 1.07385
18 20 1.07385
18 21 1.07385
18 22 1.07385
18 23 1.07385
18 24 1.18902
18 25 1.26966
18 26 1.37971
18 27 1.45789
18 28 1.07217
18 29 1.07217
18 30 1.07217
18 31 1.07217
18 32 1.07217
18 33 1.16035
18 34 1.21282
18 35 1.2703
18 36 1.30203
18 37 1.07341
18 38 1.07341
18 39 1.07341
18 40 1.07341
18 41 1.07341
18 42 1.16396
18 43 1.21884
18 44 1.27934
18 45 1.31312
18 46 1.07405
18 47 1.07405
18 48 1.07405
18 49 1.07405
18 50 1.07405
18 51 1.18011
18 52 1.24994
18 53 1.33649
18 54 1.3905
18 55 1.07336
18 56 1.07336
18 57 1.07336
18 58 1.07336
18 59 1.07336
18 60 1.1703
18 61 1.23053
18 62 1.2997
18 63 1.33933
18 64 1.0718
18 65 1.0718
18 66 1.0718
18 67 1.0718
18 68 1.0718
18 69 1.14951
18 70 1.19374
18 71 1.23997
18 72 1.26461
18 73 1.0716
18 74 1.0716
18 75 1.0716
18 76 1.0716
18 77 1.0716
18 78 1.14135
18 79 1.18094
18 80 1.22126
18 81 1.24265
18 82 1.0721
18 83 1.0721
18 84 1.0721
18 85 1.0721
18 86 1.0721
18 87 1.15104
18 88 1.19663
18 89 1.2447
18 90 1.27055
18 91 1.07147
18 92 1.07147
18 93 1.07147
18 94 1.07147
18 95 1.07147
18 96 1.1457
18 97 1.18757
18 98 1.23091
18 99 1.25387
18 100 1.07009
18 101 1.07009
18 102 1.07009
18 103 1.07009
18 104 1.07009
18 105 1.13273
18 106 1.16672
18 107 1.20072
18 108 1.21838
18 109 1.06888
18 110 1.06888
18 111 1.06888
18 112 1.06888
18 113 1.06888
18 114 1.11964
18 115 1.14814
18 116 1.17576
18 117 1.19034
18 118 1.0692
18 119 1.0692
18 120 1.0692
18 121 1.0692
18 122 1.0692
18 123 1.12587
18 124 1.1568
18 125 1.18743
18 126 1.20333
18 127 1.06864
18 128 1.06864
18 129 1.06864
18 130 1.06864
18 131 1.06864
18 132 1.12314
18 133 1.15236
18 134 1.18118
18 135 1.19607
18 136 1.06746
18 137 1.06746
18 138 1.06746
18 139 1.06746
18 140 1.06746
18 141 1.11544
18 142 1.14069
18 143 1.16529
18 144 1.1779
19 1 1.11816
19 2 1.11816
19 3 1.11816
19 4 1.11816
19 5 1.11816
19 6 1.09526
19 7 1.08496
19 8 1.07591
19 9 1.07149
19 10 1.1617
19 11 1.1617
19 12 1.1617
19 13 1.1617
19 14 1.1617
19 15 1.11002
19 16 1.09316
19 17 1.08002
19 18 1.07385
19 19 1.30428
19 20 1.30428
19 21 1.30428
19 22 1.30428
19 23 1.30428
19 24 1.11755
19 25 1.09628
19 26 1.08138
19 27 1.07456
19 28 1.16201
19 29 1.16201
19 30 1.16201
19 31 1.16201
19 32 1.16201
19 33 1.11033
19 34 1.09348
19 35 1.08034
19 36 1.07415
19 37 1.11159
19 38 1.11159
19 39 1.11159
19 40 1.11159
19 41 1.11159
19 42 1.09215
19 43 1.08314
19 44 1.0751
19 45 1.07116
19 46 1.13523
19 47 1.13523
19 48 1.13523
19 49 1.13523
19 50 1.13523
19 51 1.10288
19 52 1.08971
19 53 1.07866
19 54 1.07335
19 55 1.14718
19 56 1.14718
19 57 1.14718
19 58 1.14718
19 59 1.14718
19 60 1.10685
19 61 1.09189
19 62 1.07977
19 63 1.074
19 64 1.13555
19 65 1.13555
19 66 1.13555
19 67 1.13555
19 68 1.13555
19 69 1.10322
19 70 1.09004
19 71 1.07898
19 72 1.07364
19 73 1.10163
19 74 1.10163
19 75 1.10163
19 76 1.10163
19 77 1.10163
19 78 1.08648
19 79 1.07931
19 80 1.07275
19 81 1.06954
19 82 1.11432
19 83 1.11432
19 84 1.11432
19 85 1.11432
19 86 1.11432
19 87 1.09355
19 88 1.08403
19 89 1.07559
19 90 1.07144
19 91 1.11868
19 92 1.11868
19 93 1.11868
19 94 1.11868
19 95 1.11868
19 96 1.09578
19 97 1.08549
19 98 1.07645
19 99 1.07201
19 100 1.11466
19 101 1.11466
19 102 1.11466
19 103 1.11466
19 104 1.11466
19 105 1.09392
19 106 1.08439
19 107 1.07591
19 108 1.07172
19 109 1.09144
19 110 1.09144
19 111 1.09144
19 112 1.09144
19 113 1.09144
19 114 1.07998
19 115 1.07452
19 116 1.06942
19 117 1.06701
19 118 1.09874
19 119 1.09874
19 120 1.09874
19 121 1.09874
19 122 1.09874
19 123 1.08463
19 124 1.07785
19 125 1.07165
19 126 1.06859
19 127 1.10092
19 128 1.10092
19 129 1.10092
19 130 1.10092
19 131 1.10092
19 132 1.08602
19 133 1.07886
19 134 1.07232
19 135 1.06907
19 136 1.09909
19 137 1.09909
19 138 1.09909
19 139 1.09909
19 140 1.09909
19 141 1.08504
19 142 1.07823
19 143 1.07198
19 144 1.06886
20 1 1.11816
20 2 1.11816
20 3 1.11816
20 4 1.11816
20 5 1.11816
20 6 1.09526
20 7 1.08496
20 8 1.07591
20 9 1.07149
20 10 1.1617
20 11 1.1617
20 12 1.1617
20 13 1.1617
20 14 1.1617
20 15 1.11002
20 16 1.09316
20 17 1.08002
20 18 1.07385
20 19 1.30428
20 20 1.30428
20 21 1.30428
20 22 1.30428
20 23 1.30428
20 24 1.11755
20 25 1.09628
20 26 1.08138
20 27 1.07456
20 28 1.16201
20 29 1.16201
20 30 1.16201
20 31 1.16201
20 32 1.16201
20 33 1.11033
20 34 1.09348
20 35 1.08034
20 36 1.07415
20 37 1.11159
20 38 1.11159
20 39 1.11159
20 40 1.11159
20 41 1.11159
20 42 1.09215
20 43 1.08314
20 44 1.0751
20 45 1.07116
20 46 1.13523
20 47 1.13523
20 48 1.13523
20 49 1.13523
20 50 1.13523
20 51 1.10288
20 52 1.08971
20 53 1.07866
20 54 1.07335
20 55 1.14718
20 56 1.14718
20 57 1.14718
20 58 1.14718
20 59 1.14718
20 60 1.10685
20 61 1.09189
20 62 1.07977
20 63 1.074
20 64 1.13555
20 65 1.13555
20 66 1.13555
20 67 1.13555
20 68 1.13555
20 69 1.10322
20 70 1.09004
20 71 1.07898
20 72 1.07364
20 73 1.10163
20 74 1.10163
20 75 1.10163
20 76 1.10163
20 77 1.10163
20 78 1.08648
20 79 1.07931
20 80 1.07275
20 81 1.06954
20 82 1.11432
20 83 1.11432
20 84 1.11432
20 85 1.11432
20 86 1.11432
20 87 1.09355
20 88 1.08403
20 89 1.07559
20 90 1.07144
20 91 1.11868
20 92 1.11868
20 93 1.11868
20 94 1.11868
20 95 1.11868
20 96 1.09578
20 97 1.08549
20 98 1.07645
20 99 1.07201
20 100 1.11466
20 101 1.11466
20 102 1.11466
20 103 1.11466
20 104 1.11466
20 105 1.09392
20 106 1.08439
20 107 1.07591
20 108 1.07172
20 109 1.09144
20 110 1.09144
20 111 1.09144
20 112 1.09144
20 113 1.09144
20 114 1.07998
20 115 1.07452
20 116 1.06942
20 117 1.06701
20 118 1.09874
20 119 1.09874
20 120 1.09874
20 121 1.09874
20 122 1.09874
20 123 1.08463
20 124 1.07785
20 125 1.07165
20 126 1.06859
20 127 1.10092
20 128 1.10092
20 129 1.10092
20 130 1.10092
20 131 1.10092
20 132 1.08602
20 133 1.07886
20 134 1.07232
20 135 1.06907
20 136 1.09909
20 137 1.09909
20 138 1.09909
20 139 1.09909
20 140 1.09909
20 141 1.08504
20 142 1.07823
20 143 1.07198
20 144 1.06886
21 1 1.11816
21 2 1.11816
21 3 1.11816
21 4 1.11816
21 5 1.11816
21 6 1.09526
21 7 1.08496
21 8 1.07591
21 9 1.07149
21 10 1.1617
21 11 1.1617
21 12 1.1617
21 13 1.1617
21 14 1.1617
21 15 1.11002
21 16 1.09316
21 17 1.08002
21 18 1.07385
21 19 1.30428
21 20 1.30428
21 21 1.30428
21 22 1.30428
21 23 1.30428
21 24 1.11755
21 25 1.09628
21 26 1.08138
21 27 1.07456
21 28 1.16201
21 29 1.16201
21 30 1.16201
21 31 1.16201
21 32 1.16201
21 33 1.11033
21 34 1.09348
21 35 1.08034
21 36 1.07415
21 37 1.11159
