injected_el measured_el potential
1 1 1.30487
1 2 1.30487
1 3 1.30487
1 4 1.30487
1 5 1.30487
1 6 1.11755
1 7 1.09738
1 8 1.08333
1 9 1.07676
1 10 1.14637
1 11 1.14637
1 12 1.14637
1 13 1.14637
1 14 1.14637
1 15 1.10116
1 16 1.0936
1 17 1.08327
1 18 1.07597
1 19 1.11763
1 20 1.11763
1 21 1.11763
1 22 1.11763
1 23 1.11763
1 24 1.09661
1 25 1.09167
1 26 1.08122
1 27 1.07396
1 28 1.10031
1 29 1.10031
1 30 1.10031
1 31 1.10031
1 32 1.10031
1 33 1.08785
1 34 1.08155
1 35 1.07437
1 36 1.07048
1 37 1.14788
1 38 1.14788
1 39 1.14788
1 40 1.14788
1 41 1.14788
1 42 1.10768
1 43 1.09322
1 44 1.08156
1 45 1.07597
1 46 1.1291
1 47 1.1291
1 48 1.1291
1 49 1.1291
1 50 1.1291
1 51 1.10026
1 52 1.08995
1 53 1.08016
1 54 1.0748
1 55 1.11133
1 56 1.11133
1 57 1.11133
1 58 1.11133
1 59 1.11133
1 60 1.09322
1 61 1.08603
1 62 1.07746
1 63 1.07275
1 64 1.09735
1 65 1.09735
1 66 1.09735
1 67 1.09735
1 68 1.09735
1 69 1.08509
1 70 1.07909
1 71 1.07301
1 72 1.06983
1 73 1.1195
1 74 1.1195
1 75 1.1195
1 76 1.1195
1 77 1.1195
1 78 1.09691
1 79 1.08688
1 80 1.07806
1 81 1.07373
1 82 1.11176
1 83 1.11176
1 84 1.11176
1 85 1.11176
1 86 1.11176
1 87 1.09282
1 88 1.08427
1 89 1.07643
1 90 1.07247
1 91 1.10153
1 92 1.10153
1 93 1.10153
1 94 1.10153
1 95 1.10153
1 96 1.0872
1 97 1.08044
1 98 1.07391
1 99 1.07057
1 100 1.09155
1 101 1.09155
1 102 1.09155
1 103 1.09155
1 104 1.09155
1 105 1.08094
1 106 1.07568
1 107 1.07063
1 108 1.06805
1 109 1.10184
1 110 1.10184
1 111 1.10184
1 112 1.10184
1 113 1.10184
1 114 1.08723
1 115 1.08021
1 116 1.07377
1 117 1.07056
1 118 1.09762
1 119 1.09762
1 120 1.09762
1 121 1.09762
1 122 1.09762
1 123 1.08453
1 124 1.07818
1 125 1.07229
1 126 1.06933
1 127 1.09144
1 128 1.09144
1 129 1.09144
1 130 1.09144
1 131 1.09144
1 132 1.08058
1 133 1.07522
1 134 1.07019
1 135 1.06764
1 136 1.08455
1 137 1.08455
1 138 1.08455
1 139 1.08455
1 140 1.08455
1 141 1.07594
1 142 1.07162
1 143 1.06754
1 144 1.06547
2 1 1.30487
2 2 1.30487
2 3 1.30487
2 4 1.30487
2 5 1.30487
2 6 1.11755
2 7 1.09738
2 8 1.08333
2 9 1.07676
2 10 1.14637
2 11 1.14637
2 12 1.14637
2 13 1.14637
2 14 1.14637
2 15 1.10116
2 16 1.0936
2 17 1.08327
2 18 1.07597
2 19 1.11763
2 20 1.11763
2 21 1.11763
2 22 1.11763
2 23 1.11763
2 24 1.09661
2 25 1.09167
2 26 1.08122
2 27 1.07396
2 28 1.10031
2 29 1.10031
2 30 1.10031
2 31 1.10031
2 32 1.10031
2 33 1.08785
2 34 1.08155
2 35 1.07437
2 36 1.07048
2 37 1.14788
2 38 1.14788
2 39 1.14788
2 40 1.14788
2 41 1.14788
2 42 1.10768
2 43 1.09322
2 44 1.08156
2 45 1.07597
2 46 1.1291
2 47 1.1291
2 48 1.1291
2 49 1.1291
2 50 1.1291
2 51 1.10026
2 52 1.08995
2 53 1.08016
2 54 1.0748
2 55 1.11133
2 56 1.11133
2 57 1.11133
2 58 1.11133
2 59 1.11133
2 60 1.09322
2 61 1.08603
2 62 1.07746
2 63 1.07275
2 64 1.09735
2 65 1.09735
2 66 1.09735
2 67 1.09735
2 68 1.09735
2 69 1.08509
2 70 1.07909
2 71 1.07301
2 72 1.06983
2 73 1.1195
2 74 1.1195
2 75 1.1195
2 76 1.1195
2 77 1.1195
2 78 1.09691
2 79 1.08688
2 80 1.07806
2 81 1.07373
2 82 1.11176
2 83 1.11176
2 84 1.11176
2 85 1.11176
2 86 1.11176
2 87 1.09282
2 88 1.08427
2 89 1.07643
2 90 1.07247
2 91 1.10153
2 92 1.10153
2 93 1.10153
2 94 1.10153
2 95 1.10153
2 96 1.0872
2 97 1.08044
2 98 1.07391
2 99 1.07057
2 100 1.09155
2 101 1.09155
2 102 1.09155
2 103 1.09155
2 104 1.09155
2 105 1.08094
2 106 1.07568
2 107 1.07063
2 108 1.06805
2 109 1.10184
2 110 1.10184
2 111 1.10184
2 112 1.10184
2 113 1.10184
2 114 1.08723
2 115 1.08021
2 116 1.07377
2 117 1.07056
2 118 1.09762
2 119 1.09762
2 120 1.09762
2 121 1.09762
2 122 1.09762
2 123 1.08453
2 124 1.07818
2 125 1.07229
2 126 1.06933
2 127 1.09144
2 128 1.09144
2 129 1.09144
2 130 1.09144
2 131 1.09144
2 132 1.08058
2 133 1.07522
2 134 1.07019
2 135 1.06764
2 136 1.08455
2 137 1.08455
2 138 1.08455
2 139 1.08455
2 140 1.08455
2 141 1.07594
2 142 1.07162
2 143 1.06754
2 144 1.06547
3 1 1.30487
3 2 1.30487
3 3 1.30487
3 4 1.30487
3 5 1.30487
3 6 1.11755
3 7 1.09738
3 8 1.08333
3 9 1.07676
3 10 1.14637
3 11 1.14637
3 12 1.14637
3 13 1.14637
3 14 1.14637
3 15 1.10116
3 16 1.0936
3 17 1.08327
3 18 1.07597
3 19 1.11763
3 20 1.11763
3 21 1.11763
3 22 1.11763
3 23 1.11763
3 24 1.09661
3 25 1.09167
3 26 1.08122
3 27 1.07396
3 28 1.10031
3 29 1.10031
3 30 1.10031
3 31 1.10031
3 32 1.10031
3 33 1.08785
3 34 1.08155
3 35 1.07437
3 36 1.07048
3 37 1.14788
3 38 1.14788
3 39 1.14788
3 40 1.14788
3 41 1.14788
3 42 1.10768
3 43 1.09322
3 44 1.08156
3 45 1.07597
3 46 1.1291
3 47 1.1291
3 48 1.1291
3 49 1.1291
3 50 1.1291
3 51 1.10026
3 52 1.08995
3 53 1.08016
3 54 1.0748
3 55 1.11133
3 56 1.11133
3 57 1.11133
3 58 1.11133
3 59 1.11133
3 60 1.09322
3 61 1.08603
3 62 1.07746
3 63 1.07275
3 64 1.09735
3 65 1.09735
3 66 1.09735
3 67 1.09735
3 68 1.09735
3 69 1.08509
3 70 1.07909
3 71 1.07301
3 72 1.06983
3 73 1.1195
3 74 1.1195
3 75 1.1195
3 76 1.1195
3 77 1.1195
3 78 1.09691
3 79 1.08688
3 80 1.07806
3 81 1.07373
3 82 1.11176
3 83 1.11176
3 84 1.11176
3 85 1.11176
3 86 1.11176
3 87 1.09282
3 88 1.08427
3 89 1.07643
3 90 1.07247
3 91 1.10153
3 92 1.10153
3 93 1.10153
3 94 1.10153
3 95 1.10153
3 96 1.0872
3 97 1.08044
3 98 1.07391
3 99 1.07057
3 100 1.09155
3 101 1.09155
3 102 1.09155
3 103 1.09155
3 104 1.09155
3 105 1.08094
3 106 1.07568
3 107 1.07063
3 108 1.06805
3 109 1.10184
3 110 1.10184
3 111 1.10184
3 112 1.10184
3 113 1.10184
3 114 1.08723
3 115 1.08021
3 116 1.07377
3 117 1.07056
3 118 1.09762
3 119 1.09762
3 120 1.09762
3 121 1.09762
3 122 1.09762
3 123 1.08453
3 124 1.07818
3 125 1.07229
3 126 1.06933
3 127 1.09144
3 128 1.09144
3 129 1.09144
3 130 1.09144
3 131 1.09144
3 132 1.08058
3 133 1.07522
3 134 1.07019
3 135 1.06764
3 136 1.08455
3 137 1.08455
3 138 1.08455
3 139 1.08455
3 140 1.08455
3 141 1.07594
3 142 1.07162
3 143 1.06754
3 144 1.06547
4 1 1.30487
4 2 1.30487
4 3 1.30487
4 4 1.30487
4 5 1.30487
4 6 1.11755
4 7 1.09738
4 8 1.08333
4 9 1.07676
4 10 1.14637
4 11 1.14637
4 12 1.14637
4 13 1.14637
4 14 1.14637
4 15 1.10116
4 16 1.0936
4 17 1.08327
4 18 1.07597
4 19 1.11763
4 20 1.11763
4 21 1.11763
4 22 1.11763
4 23 1.11763
4 24 1.09661
4 25 1.09167
4 26 1.08122
4 27 1.07396
4 28 1.10031
4 29 1.10031
4 30 1.10031
4 31 1.10031
4 32 1.10031
4 33 1.08785
4 34 1.08155
4 35 1.07437
4 36 1.07048
4 37 1.14788
4 38 1.14788
4 39 1.14788
4 40 1.14788
4 41 1.14788
4 42 1.10768
4 43 1.09322
4 44 1.08156
4 45 1.07597
4 46 1.1291
4 47 1.1291
4 48 1.1291
4 49 1.1291
4 50 1.1291
4 51 1.10026
4 52 1.08995
4 53 1.08016
4 54 1.0748
4 55 1.11133
4 56 1.11133
4 57 1.11133
4 58 1.11133
4 59 1.11133
4 60 1.09322
4 61 1.08603
4 62 1.07746
4 63 1.07275
4 64 1.09735
4 65 1.09735
4 66 1.09735
4 67 1.09735
4 68 1.09735
4 69 1.08509
4 70 1.07909
4 71 1.07301
4 72 1.06983
4 73 1.1195
4 74 1.1195
4 75 1.1195
4 76 1.1195
4 77 1.1195
4 78 1.09691
4 79 1.08688
4 80 1.07806
4 81 1.07373
4 82 1.11176
4 83 1.11176
4 84 1.11176
4 85 1.11176
4 86 1.11176
4 87 1.09282
4 88 1.08427
4 89 1.07643
4 90 1.07247
4 91 1.10153
4 92 1.10153
4 93 1.10153
4 94 1.10153
4 95 1.10153
4 96 1.0872
4 97 1.08044
4 98 1.07391
4 99 1.07057
4 100 1.09155
4 101 1.09155
4 102 1.09155
4 103 1.09155
4 104 1.09155
4 105 1.08094
4 106 1.07568
4 107 1.07063
4 108 1.06805
4 109 1.10184
4 110 1.10184
4 111 1.10184
4 112 1.10184
4 113 1.10184
4 114 1.08723
4 115 1.08021
4 116 1.07377
4 117 1.07056
4 118 1.09762
4 119 1.09762
4 120 1.09762
4 121 1.09762
4 122 1.09762
4 123 1.08453
4 124 1.07818
4 125 1.07229
4 126 1.06933
4 127 1.09144
4 128 1.09144
4 129 1.09144
4 130 1.09144
4 131 1.09144
4 132 1.08058
4 133 1.07522
4 134 1.07019
4 135 1.06764
4 136 1.08455
4 137 1.08455
4 138 1.08455
4 139 1.08455
4 140 1.08455
4 141 1.07594
4 142 1.07162
4 143 1.06754
4 144 1.06547
5 1 1.30487
5 2 1.30487
5 3 1.30487
5 4 1.30487
5 5 1.30487
5 6 1.11755
5 7 1.09738
5 8 1.08333
5 9 1.07676
5 10 1.14637
5 11 1.14637
5 12 1.14637
5 13 1.14637
5 14 1.14637
5 15 1.10116
5 16 1.0936
5 17 1.08327
5 18 1.07597
5 19 1.11763
5 20 1.11763
5 21 1.11763
5 22 1.11763
5 23 1.11763
5 24 1.09661
5 25 1.09167
5 26 1.08122
5 27 1.07396
5 28 1.10031
5 29 1.10031
5 30 1.10031
5 31 1.10031
5 32 1.10031
5 33 1.08785
5 34 1.08155
5 35 1.07437
5 36 1.07048
5 37 1.14788
5 38 1.14788
5 39 1.14788
5 40 1.14788
5 41 1.14788
5 42 1.10768
5 43 1.09322
5 44 1.08156
5 45 1.07597
5 46 1.1291
5 47 1.1291
5 48 1.1291
5 49 1.1291
5 50 1.1291
5 51 1.10026
5 52 1.08995
5 53 1.08016
5 54 1.0748
5 55 1.11133
5 56 1.11133
5 57 1.11133
5 58 1.11133
5 59 1.11133
5 60 1.09322
5 61 1.08603
5 62 1.07746
5 63 1.07275
5 64 1.09735
5 65 1.09735
5 66 1.09735
5 67 1.09735
5 68 1.09735
5 69 1.08509
5 70 1.07909
5 71 1.07301
5 72 1.06983
5 73 1.1195
5 74 1.1195
5 75 1.1195
5 76 1.1195
5 77 1.1195
5 78 1.09691
5 79 1.08688
5 80 1.07806
5 81 1.07373
5 82 1.11176
5 83 1.11176
5 84 1.11176
5 85 1.11176
5 86 1.11176
5 87 1.09282
5 88 1.08427
5 89 1.07643
5 90 1.07247
5 91 1.10153
5 92 1.10153
5 93 1.10153
5 94 1.10153
5 95 1.10153
5 96 1.0872
5 97 1.08044
5 98 1.07391
5 99 1.07057
5 100 1.09155
5 101 1.09155
5 102 1.09155
5 103 1.09155
5 104 1.09155
5 105 1.08094
5 106 1.07568
5 107 1.07063
5 108 1.06805
5 109 1.10184
5 110 1.10184
5 111 1.10184
5 112 1.10184
5 113 1.10184
5 114 1.08723
5 115 1.08021
5 116 1.07377
5 117 1.07056
5 118 1.09762
5 119 1.09762
5 120 1.09762
5 121 1.09762
5 122 1.09762
5 123 1.08453
5 124 1.07818
5 125 1.07229
5 126 1.06933
5 127 1.09144
5 128 1.09144
5 129 1.09144
5 130 1.09144
5 131 1.09144
5 132 1.08058
5 133 1.07522
5 134 1.07019
5 135 1.06764
5 136 1.08455
5 137 1.08455
5 138 1.08455
5 139 1.08455
5 140 1.08455
5 141 1.07594
5 142 1.07162
5 143 1.06754
5 144 1.06547
6 1 1.11755
6 2 1.11755
6 3 1.11755
6 4 1.11755
6 5 1.11755
6 6 6.85763
6 7 2.10291
6 8 1.37964
6 9 1.201
6 10 1.1073
6 11 1.1073
6 12 1.1073
6 13 1.1073
6 14 1.1073
6 15 1.32616
6 16 1.29096
6 17 1.23228
6 18 1.17952
6 19 1.0974
6 20 1.0974
6 21 1.0974
6 22 1.0974
6 23 1.0974
6 24 1.21968
6 25 1.22202
6 26 1.18398
6 27 1.1554
6 28 1.08743
6 29 1.08743
6 30 1.08743
6 31 1.08743
6 32 1.08743
6 33 1.14397
6 34 1.14855
6 35 1.13828
6 36 1.13077
6 37 1.10709
6 38 1.10709
6 39 1.10709
6 40 1.10709
6 41 1.10709
6 42 1.43142
6 43 1.35383
6 44 1.23731
6 45 1.17768
6 46 1.10099
6 47 1.10099
6 48 1.10099
6 49 1.10099
6 50 1.10099
6 51 1.24382
6 52 1.23469
6 53 1.19208
6 54 1.16342
6 55 1.09316
6 56 1.09316
6 57 1.09316
6 58 1.09316
6 59 1.09316
6 60 1.17011
6 61 1.17722
6 62 1.15706
6 63 1.14405
6 64 1.08525
6 65 1.08525
6 66 1.08525
6 67 1.08525
6 68 1.08525
6 69 1.12319
6 70 1.13008
6 71 1.12742
6 72 1.1244
6 73 1.09626
6 74 1.09626
6 75 1.09626
6 76 1.09626
6 77 1.09626
6 78 1.19025
6 79 1.18984
6 80 1.1661
6 81 1.15024
6 82 1.0926
6 83 1.0926
6 84 1.0926
6 85 1.0926
6 86 1.0926
6 87 1.15744
6 88 1.16242
6 89 1.15077
6 90 1.14184
6 91 1.08718
6 92 1.08718
6 93 1.08718
6 94 1.08718
6 95 1.08718
6 96 1.12794
6 97 1.13508
6 98 1.13202
6 99 1.12869
6 100 1.08117
6 101 1.08117
6 102 1.08117
6 103 1.08117
6 104 1.08117
6 105 1.10585
6 106 1.11236
6 107 1.11423
6 108 1.11429
6 109 1.08669
6 110 1.08669
6 111 1.08669
6 112 1.08669
6 113 1.08669
6 114 1.12409
6 115 1.13046
6 116 1.12882
6 117 1.12644
6 118 1.08428
6 119 1.08428
6 120 1.08428
6 121 1.08428
6 122 1.08428
6 123 1.11512
6 124 1.12177
6 125 1.1223
6 126 1.12137
6 127 1.08056
6 128 1.08056
6 129 1.08056
6 130 1.08056
6 131 1.08056
6 132 1.1034
6 133 1.1098
6 134 1.11234
6 135 1.11288
6 136 1.07613
6 137 1.07613
6 138 1.07613
6 139 1.07613
6 140 1.07613
6 141 1.0923
6 142 1.09792
6 143 1.10146
6 144 1.10286
7 1 1.09738
7 2 1.09738
7 3 1.09738
7 4 1.09738
7 5 1.09738
7 6 2.10291
7 7 6.85754
7 8 1.97354
7 9 1.30397
7 10 1.09371
7 11 1.09371
7 12 1.09371
7 13 1.09371
7 14 1.09371
7 15 1.29647
7 16 1.34708
7 17 1.30964
7 18 1.24267
7 19 1.08823
7 20 1.08823
7 21 1.08823
7 22 1.08823
7 23 1.08823
7 24 1.22593
7 25 1.24308
7 26 1.21801
7 27 1.19581
7 28 1.08103
7 29 1.08103
7 30 1.08103
7 31 1.08103
7 32 1.08103
7 33 1.15097
7 34 1.164
7 35 1.16183
7 36 1.15844
7 37 1.09297
7 38 1.09297
7 39 1.09297
7 40 1.09297
7 41 1.09297
7 42 1.35342
7 43 1.45166
7 44 1.33086
7 45 1.24369
7 46 1.08983
7 47 1.08983
7 48 1.08983
7 49 1.08983
7 50 1.08983
7 51 1.23588
7 52 1.26947
7 53 1.24238
7 54 1.21384
7 55 1.085
7 56 1.085
7 57 1.085
7 58 1.085
7 59 1.085
7 60 1.17664
7 61 1.19757
7 62 1.18793
7 63 1.17987
7 64 1.07935
7 65 1.07935
7 66 1.07935
7 67 1.07935
7 68 1.07935
7 69 1.12995
7 70 1.14457
7 71 1.14923
7 72 1.1499
7 73 1.08657
7 74 1.08657
7 75 1.08657
7 76 1.08657
7 77 1.08657
7 78 1.18942
7 79 1.21564
7 80 1.20595
7 81 1.19324
7 82 1.08425
7 83 1.08425
7 84 1.08425
7 85 1.08425
7 86 1.08425
7 87 1.16202
7 88 1.18283
7 89 1.18295
7 90 1.17849
7 91 1.08055
7 92 1.08055
7 93 1.08055
7 94 1.08055
7 95 1.08055
7 96 1.13461
7 97 1.15113
7 98 1.15663
7 99 1.15742
7 100 1.07612
7 101 1.07612
7 102 1.07612
7 103 1.07612
7 104 1.07612
7 105 1.11195
7 106 1.12484
7 107 1.13287
7 108 1.13604
7 109 1.07994
7 110 1.07994
7 111 1.07994
7 112 1.07994
7 113 1.07994
7 114 1.13015
7 115 1.14647
7 116 1.15383
7 117 1.15562
7 118 1.07818
7 119 1.07818
7 120 1.07818
7 121 1.07818
7 122 1.07818
7 123 1.12141
7 124 1.13637
7 125 1.14476
7 126 1.14765
7 127 1.07543
7 128 1.07543
7 129 1.07543
7 130 1.07543
7 131 1.07543
7 132 1.10942
7 133 1.12234
7 134 1.13119
7 135 1.1349
7 136 1.07201
7 137 1.07201
7 138 1.07201
7 139 1.07201
7 140 1.07201
7 141 1.09751
7 142 1.10817
7 143 1.1166
7 144 1.12049
8 1 1.08333
8 2 1.08333
8 3 1.08333
8 4 1.08333
8 5 1.08333
8 6 1.37964
8 7 1.97354
8 8 6.2687
8 9 1.53799
8 10 1.08195
8 11 1.08195
8 12 1.08195
8 13 1.08195
8 14 1.08195
8 15 1.22147
8 16 1.2695
8 17 1.35865
8 18 1.32522
8 19 1.07897
8 20 1.07897
8 21 1.07897
8 22 1.07897
8 23 1.07897
8 24 1.19178
8 25 1.21401
8 26 1.23056
8 27 1.23757
8 28 1.07417
8 29 1.07417
8 30 1.07417
8 31 1.07417
8 32 1.07417
8 33 1.1412
8 34 1.16247
8 35 1.17745
8 36 1.18456
8 37 1.08153
8 38 1.08153
8 39 1.08153
8 40 1.08153
8 41 1.08153
8 42 1.23823
8 43 1.33303
8 44 1.39301
8 45 1.33094
8 46 1.07984
8 47 1.07984
8 48 1.07984
8 49 1.07984
8 50 1.07984
8 51 1.19221
8 52 1.23952
8 53 1.27253
8 54 1.27276
8 55 1.07694
8 56 1.07694
8 57 1.07694
8 58 1.07694
8 59 1.07694
8 60 1.16024
8 61 1.19021
8 62 1.20808
8 63 1.21694
8 64 1.07314
8 65 1.07314
8 66 1.07314
8 67 1.07314
8 68 1.07314
8 69 1.12688
8 70 1.14894
8 71 1.16618
8 72 1.17439
8 73 1.07802
8 74 1.07802
8 75 1.07802
8 76 1.07802
8 77 1.07802
8 78 1.16666
8 79 1.20754
8 80 1.23525
8 81 1.24171
8 82 1.07645
8 83 1.07645
8 84 1.07645
8 85 1.07645
8 86 1.07645
8 87 1.15073
8 88 1.18365
8 89 1.2083
8 90 1.21791
8 91 1.07399
8 92 1.07399
8 93 1.07399
8 94 1.07399
8 95 1.07399
8 96 1.13163
8 97 1.15693
8 98 1.17707
8 99 1.18655
8 100 1.07085
8 101 1.07085
8 102 1.07085
8 103 1.07085
8 104 1.07085
8 105 1.1131
8 106 1.13236
8 107 1.14897
8 108 1.15705
8 109 1.07372
8 110 1.07372
8 111 1.07372
8 112 1.07372
8 113 1.07372
8 114 1.12908
8 115 1.15485
8 116 1.1765
8 117 1.18647
8 118 1.07234
8 119 1.07234
8 120 1.07234
8 121 1.07234
8 122 1.07234
8 123 1.12204
8 124 1.14523
8 125 1.16522
8 126 1.17474
8 127 1.07032
8 128 1.07032
8 129 1.07032
8 130 1.07032
8 131 1.07032
8 132 1.11167
8 133 1.13118
8 134 1.14845
8 135 1.15691
8 136 1.06775
8 137 1.06775
8 138 1.06775
8 139 1.06775
8 140 1.06775
8 141 1.10046
8 142 1.11619
8 143 1.13047
8 144 1.13756
9 1 1.07676
9 2 1.07676
9 3 1.07676
9 4 1.07676
9 5 1.07676
9 6 1.201
9 7 1.30397
9 8 1.53799
9 9 2.14207
9 10 1.07609
9 11 1.07609
9 12 1.07609
9 13 1.07609
9 14 1.07609
9 15 1.17874
9 16 1.21365
9 17 1.30543
9 18 1.37921
9 19 1.07414
9 20 1.07414
9 21 1.07414
9 22 1.07414
9 23 1.07414
9 24 1.16819
9 25 1.19082
9 26 1.23068
9 27 1.26097
9 28 1.07053
9 29 1.07053
9 30 1.07053
9 31 1.07053
9 32 1.07053
9 33 1.13363
9 34 1.15906
9 35 1.18449
9 36 1.19858
9 37 1.07595
9 38 1.07595
9 39 1.07595
9 40 1.07595
9 41 1.07595
9 42 1.17861
9 43 1.24611
9 44 1.33212
9 45 1.38641
9 46 1.0748
9 47 1.0748
9 48 1.0748
9 49 1.0748
9 50 1.0748
9 51 1.16455
9 52 1.21099
9 53 1.27027
9 54 1.30686
9 55 1.07276
9 56 1.07276
9 57 1.07276
9 58 1.07276
9 59 1.07276
9 60 1.14801
9 61 1.18122
9 62 1.21562
9 63 1.23735
9 64 1.06987
9 65 1.06987
9 66 1.06987
9 67 1.06987
9 68 1.06987
9 69 1.12375
9 70 1.1496
9 71 1.17442
9 72 1.18751
9 73 1.07371
9 74 1.07371
9 75 1.07371
9 76 1.07371
9 77 1.07371
9 78 1.15113
9 79 1.19559
9 80 1.24292
9 81 1.26847
9 82 1.07246
9 83 1.07246
9 84 1.07246
9 85 1.07246
9 86 1.07246
9 87 1.14196
9 88 1.17957
9 89 1.21849
9 90 1.23944
9 91 1.07057
9 92 1.07057
9 93 1.07057
9 94 1.07057
9 95 1.07057
9 96 1.12836
9 97 1.15795
9 98 1.18688
9 99 1.20223
9 100 1.06808
9 101 1.06808
9 102 1.06808
9 103 1.06808
9 104 1.06808
9 105 1.11291
9 106 1.13552
9 107 1.15714
9 108 1.16823
9 109 1.07054
9 110 1.07054
9 111 1.07054
9 112 1.07054
9 113 1.07054
9 114 1.12704
9 115 1.15733
9 116 1.18738
9 117 1.20293
9 118 1.06932
9 119 1.06932
9 120 1.06932
9 121 1.06932
9 122 1.06932
9 123 1.12123
9 124 1.14856
9 125 1.17537
9 126 1.18919
9 127 1.06765
9 128 1.06765
9 129 1.06765
9 130 1.06765
9 131 1.06765
9 132 1.11215
9 133 1.13511
9 134 1.15726
9 135 1.1686
9 136 1.0655
9 137 1.0655
9 138 1.0655
9 139 1.0655
9 140 1.0655
9 141 1.10165
9 142 1.12007
9 143 1.13765
9 144 1.14659
10 1 1.14637
10 2 1.14637
10 3 1.14637
10 4 1.14637
10 5 1.14637
10 6 1.1073
10 7 1.09371
10 8 1.08195
10 9 1.07609
10 10 1.30309
10 11 1.30309
10 12 1.30309
10 13 1.30309
10 14 1.30309
10 15 1.11412
10 16 1.10295
10 17 1.0882
10 18 1.07828
10 19 1.16052
10 20 1.16052
10 21 1.16052
10 22 1.16052
10 23 1.16052
10 24 1.11124
10 25 1.10284
10 26 1.08799
10 27 1.07783
10 28 1.12522
10 29 1.12522
10 30 1.12522
10 31 1.12522
10 32 1.12522
10 33 1.10144
10 34 1.09128
10 35 1.08067
10 36 1.07505
10 37 1.12898
10 38 1.12898
10 39 1.12898
10 40 1.12898
10 41 1.12898
10 42 1.10149
10 43 1.09011
10 44 1.08013
10 45 1.07518
10 46 1.14654
10 47 1.14654
10 48 1.14654
10 49 1.14654
10 50 1.14654
10 51 1.1076
10 52 1.09528
10 53 1.08314
10 54 1.0766
10 55 1.13462
10 56 1.13462
10 57 1.13462
10 58 1.13462
10 59 1.13462
10 60 1.1047
10 61 1.09418
10 62 1.08241
10 63 1.07603
10 64 1.11658
10 65 1.11658
10 66 1.11658
10 67 1.11658
10 68 1.11658
10 69 1.09642
10 70 1.08732
10 71 1.07853
10 72 1.07401
10 73 1.11164
10 74 1.11164
10 75 1.11164
10 76 1.11164
10 77 1.11164
10 78 1.09311
10 79 1.08453
10 80 1.07676
10 81 1.07289
10 82 1.11832
10 83 1.11832
10 84 1.11832
10 85 1.11832
10 86 1.11832
10 87 1.09662
10 88 1.08708
10 89 1.07827
10 90 1.07382
10 91 1.11398
10 92 1.11398
10 93 1.11398
10 94 1.11398
10 95 1.11398
10 96 1.09461
10 97 1.08583
10 98 1.07751
10 99 1.07328
10 100 1.10475
10 101 1.10475
10 102 1.10475
10 103 1.10475
10 104 1.10475
10 105 1.08945
10 106 1.0821
10 107 1.0752
10 108 1.07171
10 109 1.09752
10 110 1.09752
10 111 1.09752
10 112 1.09752
10 113 1.09752
10 114 1.08468
10 115 1.07841
10 116 1.07261
10 117 1.0697
10 118 1.10073
10 119 1.10073
10 120 1.10073
10 121 1.10073
10 122 1.10073
10 123 1.08662
10 124 1.07981
10 125 1.07349
10 126 1.07031
10 127 1.09857
10 128 1.09857
10 129 1.09857
10 130 1.09857
10 131 1.09857
10 132 1.08534
10 133 1.07889
10 134 1.07287
10 135 1.06983
10 136 1.09341
10 137 1.09341
10 138 1.09341
10 139 1.09341
10 140 1.09341
10 141 1.0821
10 142 1.07649
10 143 1.07124
10 144 1.06859
11 1 1.14637
11 2 1.14637
11 3 1.14637
11 4 1.14637
11 5 1.14637
11 6 1.1073
11 7 1.09371
11 8 1.08195
11 9 1.07609
11 10 1.30309
11 11 1.30309
11 12 1.30309
11 13 1.30309
11 14 1.30309
11 15 1.11412
11 16 1.10295
11 17 1.0882
11 18 1.07828
11 19 1.16052
11 20 1.16052
11 21 1.16052
11 22 1.16052
11 23 1.16052
11 24 1.11124
11 25 1.10284
11 26 1.08799
11 27 1.07783
11 28 1.12522
11 29 1.12522
11 30 1.12522
11 31 1.12522
11 32 1.12522
11 33 1.10144
11 34 1.09128
11 35 1.08067
11 36 1.07505
11 37 1.12898
11 38 1.12898
11 39 1.12898
11 40 1.12898
11 41 1.12898
11 42 1.10149
11 43 1.09011
11 44 1.08013
11 45 1.07518
11 46 1.14654
11 47 1.14654
11 48 1.14654
11 49 1.14654
11 50 1.14654
11 51 1.1076
11 52 1.09528
11 53 1.08314
11 54 1.0766
11 55 1.13462
11 56 1.13462
11 57 1.13462
11 58 1.13462
11 59 1.13462
11 60 1.1047
11 61 1.09418
11 62 1.08241
11 63 1.07603
11 64 1.11658
11 65 1.11658
11 66 1.11658
11 67 1.11658
11 68 1.11658
11 69 1.09642
11 70 1.08732
11 71 1.07853
11 72 1.07401
11 73 1.11164
11 74 1.11164
11 75 1.11164
11 76 1.11164
11 77 1.11164
11 78 1.09311
11 79 1.08453
11 80 1.07676
11 81 1.07289
11 82 1.11832
11 83 1.11832
11 84 1.11832
11 85 1.11832
11 86 1.11832
11 87 1.09662
11 88 1.08708
11 89 1.07827
11 90 1.07382
11 91 1.11398
11 92 1.11398
11 93 1.11398
11 94 1.11398
11 95 1.11398
11 96 1.09461
11 97 1.08583
11 98 1.07751
11 99 1.07328
11 100 1.10475
11 101 1.10475
11 102 1.10475
11 103 1.10475
11 104 1.10475
11 105 1.08945
11 106 1.0821
11 107 1.0752
11 108 1.07171
11 109 1.09752
11 110 1.09752
11 111 1.09752
11 112 1.09752
11 113 1.09752
11 114 1.08468
11 115 1.07841
11 116 1.07261
11 117 1.0697
11 118 1.10073
11 119 1.10073
11 120 1.10073
11 121 1.10073
11 122 1.10073
11 123 1.08662
11 124 1.07981
11 125 1.07349
11 126 1.07031
11 127 1.09857
11 128 1.09857
11 129 1.09857
11 130 1.09857
11 131 1.09857
11 132 1.08534
11 133 1.07889
11 134 1.07287
11 135 1.06983
11 136 1.09341
11 137 1.09341
11 138 1.09341
11 139 1.09341
11 140 1.09341
11 141 1.0821
11 142 1.07649
11 143 1.07124
11 144 1.06859
12 1 1.14637
12 2 1.14637
12 3 1.14637
12 4 1.14637
12 5 1.14637
12 6 1.1073
12 7 1.09371
12 8 1.08195
12 9 1.07609
12 10 1.30309
12 11 1.30309
12 12 1.30309
12 13 1.30309
12 14 1.30309
12 15 1.11412
12 16 1.10295
12 17 1.0882
12 18 1.07828
12 19 1.16052
12 20 1.16052
12 21 1.16052
12 22 1.16052
12 23 1.16052
12 24 1.11124
12 25 1.10284
12 26 1.08799
12 27 1.07783
12 28 1.12522
12 29 1.12522
12 30 1.12522
12 31 1.12522
12 32 1.12522
12 33 1.10144
12 34 1.09128
12 35 1.08067
12 36 1.07505
12 37 1.12898
12 38 1.12898
12 39 1.12898
12 40 1.12898
12 41 1.12898
12 42 1.10149
12 43 1.09011
12 44 1.08013
12 45 1.07518
12 46 1.14654
12 47 1.14654
12 48 1.14654
12 49 1.14654
12 50 1.14654
12 51 1.1076
12 52 1.09528
12 53 1.08314
12 54 1.0766
12 55 1.13462
12 56 1.13462
12 57 1.13462
12 58 1.13462
12 59 1.13462
12 60 1.1047
12 61 1.09418
12 62 1.08241
12 63 1.07603
12 64 1.11658
12 65 1.11658
12 66 1.11658
12 67 1.11658
12 68 1.11658
12 69 1.09642
12 70 1.08732
12 71 1.07853
12 72 1.07401
12 73 1.11164
12 74 1.11164
12 75 1.11164
12 76 1.11164
12 77 1.11164
12 78 1.09311
12 79 1.08453
12 80 1.07676
12 81 1.07289
12 82 1.11832
12 83 1.11832
12 84 1.11832
12 85 1.11832
12 86 1.11832
12 87 1.09662
12 88 1.08708
12 89 1.07827
12 90 1.07382
12 91 1.11398
12 92 1.11398
12 93 1.11398
12 94 1.11398
12 95 1.11398
12 96 1.09461
12 97 1.08583
12 98 1.07751
12 99 1.07328
12 100 1.10475
12 101 1.10475
12 102 1.10475
12 103 1.10475
12 104 1.10475
12 105 1.08945
12 106 1.0821
12 107 1.0752
12 108 1.07171
12 109 1.09752
12 110 1.09752
12 111 1.09752
12 112 1.09752
12 113 1.09752
12 114 1.08468
12 115 1.07841
12 116 1.07261
12 117 1.0697
12 118 1.10073
12 119 1.10073
12 120 1.10073
12 121 1.10073
12 122 1.10073
12 123 1.08662
12 124 1.07981
12 125 1.07349
12 126 1.07031
12 127 1.09857
12 128 1.09857
12 129 1.09857
12 130 1.09857
12 131 1.09857
12 132 1.08534
12 133 1.07889
12 134 1.07287
12 135 1.06983
12 136 1.09341
12 137 1.09341
12 138 1.09341
12 139 1.09341
12 140 1.09341
12 141 1.0821
12 142 1.07649
12 143 1.07124
12 144 1.06859
13 1 1.14637
13 2 1.14637
13 3 1.14637
13 4 1.14637
13 5 1.14637
13 6 1.1073
13 7 1.09371
13 8 1.08195
13 9 1.07609
13 10 1.30309
13 11 1.30309
13 12 1.30309
13 13 1.30309
13 14 1.30309
13 15 1.11412
13 16 1.10295
13 17 1.0882
13 18 1.07828
13 19 1.16052
13 20 1.16052
13 21 1.16052
13 22 1.16052
13 23 1.16052
13 24 1.11124
13 25 1.10284
13 26 1.08799
13 27 1.07783
13 28 1.12522
13 29 1.12522
13 30 1.12522
13 31 1.12522
13 32 1.12522
13 33 1.10144
13 34 1.09128
13 35 1.08067
13 36 1.07505
13 37 1.12898
13 38 1.12898
13 39 1.12898
13 40 1.12898
13 41 1.12898
13 42 1.10149
13 43 1.09011
13 44 1.08013
13 45 1.07518
13 46 1.14654
13 47 1.14654
13 48 1.14654
13 49 1.14654
13 50 1.14654
13 51 1.1076
13 52 1.09528
13 53 1.08314
13 54 1.0766
13 55 1.13462
13 56 1.13462
13 57 1.13462
13 58 1.13462
13 59 1.13462
13 60 1.1047
13 61 1.09418
13 62 1.08241
13 63 1.07603
13 64 1.11658
13 65 1.11658
13 66 1.11658
13 67 1.11658
13 68 1.11658
13 69 1.09642
13 70 1.08732
13 71 1.07853
13 72 1.07401
13 73 1.11164
13 74 1.11164
13 75 1.11164
13 76 1.11164
13 77 1.11164
13 78 1.09311
13 79 1.08453
13 80 1.07676
13 81 1.07289
13 82 1.11832
13 83 1.11832
13 84 1.11832
13 85 1.11832
13 86 1.11832
13 87 1.09662
13 88 1.08708
13 89 1.07827
13 90 1.07382
13 91 1.11398
13 92 1.11398
13 93 1.11398
13 94 1.11398
13 95 1.11398
13 96 1.09461
13 97 1.08583
13 98 1.07751
13 99 1.07328
13 100 1.10475
13 101 1.10475
13 102 1.10475
13 103 1.10475
13 104 1.10475
13 105 1.08945
13 106 1.0821
13 107 1.0752
13 108 1.07171
13 109 1.09752
13 110 1.09752
13 111 1.09752
13 112 1.09752
13 113 1.09752
13 114 1.08468
13 115 1.07841
13 116 1.07261
13 117 1.0697
13 118 1.10073
13 119 1.10073
13 120 1.10073
13 121 1.10073
13 122 1.10073
13 123 1.08662
13 124 1.07981
13 125 1.07349
13 126 1.07031
13 127 1.09857
13 128 1.09857
13 129 1.09857
13 130 1.09857
13 131 1.09857
13 132 1.08534
13 133 1.07889
13 134 1.07287
13 135 1.06983
13 136 1.09341
13 137 1.09341
13 138 1.09341
13 139 1.09341
13 140 1.09341
13 141 1.0821
13 142 1.07649
13 143 1.07124
13 144 1.06859
14 1 1.14637
14 2 1.14637
14 3 1.14637
14 4 1.14637
14 5 1.14637
14 6 1.1073
14 7 1.09371
14 8 1.08195
14 9 1.07609
14 10 1.30309
14 11 1.30309
14 12 1.30309
14 13 1.30309
14 14 1.30309
14 15 1.11412
14 16 1.10295
14 17 1.0882
14 18 1.07828
14 19 1.16052
14 20 1.16052
14 21 1.16052
14 22 1.16052
14 23 1.16052
14 24 1.11124
14 25 1.10284
14 26 1.08799
14 27 1.07783
14 28 1.12522
14 29 1.12522
14 30 1.12522
14 31 1.12522
14 32 1.12522
14 33 1.10144
14 34 1.09128
14 35 1.08067
14 36 1.07505
14 37 1.12898
14 38 1.12898
14 39 1.12898
14 40 1.12898
14 41 1.12898
14 42 1.10149
14 43 1.09011
14 44 1.08013
14 45 1.07518
14 46 1.14654
14 47 1.14654
14 48 1.14654
14 49 1.14654
14 50 1.14654
14 51 1.1076
14 52 1.09528
14 53 1.08314
14 54 1.0766
14 55 1.13462
14 56 1.13462
14 57 1.13462
14 58 1.13462
14 59 1.13462
14 60 1.1047
14 61 1.09418
14 62 1.08241
14 63 1.07603
14 64 1.11658
14 65 1.11658
14 66 1.11658
14 67 1.11658
14 68 1.11658
14 69 1.09642
14 70 1.08732
14 71 1.07853
14 72 1.07401
14 73 1.11164
14 74 1.11164
14 75 1.11164
14 76 1.11164
14 77 1.11164
14 78 1.09311
14 79 1.08453
14 80 1.07676
14 81 1.07289
14 82 1.11832
14 83 1.11832
14 84 1.11832
14 85 1.11832
14 86 1.11832
14 87 1.09662
14 88 1.08708
14 89 1.07827
14 90 1.07382
14 91 1.11398
14 92 1.11398
14 93 1.11398
14 94 1.11398
14 95 1.11398
14 96 1.09461
14 97 1.08583
14 98 1.07751
14 99 1.07328
14 100 1.10475
14 101 1.10475
14 102 1.10475
14 103 1.10475
14 104 1.10475
14 105 1.08945
14 106 1.0821
14 107 1.0752
14 108 1.07171
14 109 1.09752
14 110 1.09752
14 111 1.09752
14 112 1.09752
14 113 1.09752
14 114 1.08468
14 115 1.07841
14 116 1.07261
14 117 1.0697
14 118 1.10073
14 119 1.10073
14 120 1.10073
14 121 1.10073
14 122 1.10073
14 123 1.08662
14 124 1.07981
14 125 1.07349
14 126 1.07031
14 127 1.09857
14 128 1.09857
14 129 1.09857
14 130 1.09857
14 131 1.09857
14 132 1.08534
14 133 1.07889
14 134 1.07287
14 135 1.06983
14 136 1.09341
14 137 1.09341
14 138 1.09341
14 139 1.09341
14 140 1.09341
14 141 1.0821
14 142 1.07649
14 143 1.07124
14 144 1.06859
15 1 1.10116
15 2 1.10116
15 3 1.10116
15 4 1.10116
15 5 1.10116
15 6 1.32616
15 7 1.29647
15 8 1.22147
15 9 1.17874
15 10 1.11412
15 11 1.11412
15 12 1.11412
15 13 1.11412
15 14 1.11412
15 15 3.35889
15 16 1.71603
15 17 1.3755
15 18 1.2172
15 19 1.11225
15 20 1.11225
15 21 1.11225
15 22 1.11225
15 23 1.11225
15 24 1.59724
15 25 1.53129
15 26 1.33966
15 27 1.21331
15 28 1.10077
15 29 1.10077
15 30 1.10077
15 31 1.10077
15 32 1.10077
15 33 1.28598
15 34 1.27917
15 35 1.21846
15 36 1.17969
15 37 1.09587
15 38 1.09587
15 39 1.09587
15 40 1.09587
15 41 1.09587
15 42 1.20914
15 43 1.21047
15 44 1.18164
15 45 1.16205
15 46 1.10301
15 47 1.10301
15 48 1.10301
15 49 1.10301
15 50 1.10301
15 51 1.35612
15 52 1.33692
15 53 1.24091
15 54 1.18534
15 55 1.10173
15 56 1.10173
15 57 1.10173
15 58 1.10173
15 59 1.10173
15 60 1.31675
15 61 1.31609
15 62 1.23148
15 63 1.18206
15 64 1.09536
15 65 1.09536
15 66 1.09536
15 67 1.09536
15 68 1.09536
15 69 1.198
15 70 1.20494
15 71 1.1801
15 72 1.16204
15 73 1.08872
15 74 1.08872
15 75 1.08872
15 76 1.08872
15 77 1.08872
15 78 1.14342
15 79 1.15135
15 80 1.14617
15 81 1.141
15 82 1.09287
15 83 1.09287
15 84 1.09287
15 85 1.09287
15 86 1.09287
15 87 1.17875
15 88 1.18617
15 89 1.1679
15 90 1.15433
15 91 1.09212
15 92 1.09212
15 93 1.09212
15 94 1.09212
15 95 1.09212
15 96 1.17177
15 97 1.18037
15 98 1.16449
15 99 1.1524
15 100 1.08831
15 101 1.08831
15 102 1.08831
15 103 1.08831
15 104 1.08831
15 105 1.14091
15 106 1.14977
15 107 1.14552
15 108 1.14078
15 109 1.08137
15 110 1.08137
15 111 1.08137
15 112 1.08137
15 113 1.08137
15 114 1.10989
15 115 1.11765
15 116 1.1205
15 117 1.12096
15 118 1.08387
15 119 1.08387
15 120 1.08387
15 121 1.08387
15 122 1.08387
15 123 1.12079
15 124 1.1291
15 125 1.12974
15 126 1.12855
15 127 1.0834
15 128 1.0834
15 129 1.0834
15 130 1.0834
15 131 1.0834
15 132 1.11884
15 133 1.12719
15 134 1.1283
15 135 1.12742
15 136 1.08104
15 137 1.08104
15 138 1.08104
15 139 1.08104
15 140 1.08104
15 141 1.1091
15 142 1.11701
15 143 1.12009
15 144 1.12069
16 1 1.0936
16 2 1.0936
16 3 1.0936
16 4 1.0936
16 5 1.0936
16 6 1.29096
16 7 1.34708
16 8 1.2695
16 9 1.21365
16 10 1.10295
16 11 1.10295
16 12 1.10295
16 13 1.10295
16 14 1.10295
16 15 1.71603
16 16 3.11801
16 17 1.63665
16 18 1.27091
16 19 1.10283
16 20 1.10283
16 21 1.10283
16 22 1.10283
16 23 1.10283
16 24 1.52591
16 25 1.62591
16 26 1.41318
16 27 1.25548
16 28 1.09439
16 29 1.09439
16 30 1.09439
16 31 1.09439
16 32 1.09439
16 33 1.27985
16 34 1.30029
16 35 1.24684
16 36 1.20746
16 37 1.08988
16 38 1.08988
16 39 1.08988
16 40 1.08988
16 41 1.08988
16 42 1.20671
16 43 1.2333
16 44 1.21106
16 45 1.19014
16 46 1.09553
16 47 1.09553
16 48 1.09553
16 49 1.09553
16 50 1.09553
16 51 1.33154
16 52 1.40159
16 53 1.29366
16 54 1.22144
16 55 1.09496
16 56 1.09496
16 57 1.09496
16 58 1.09496
16 59 1.09496
16 60 1.3103
16 61 1.35545
16 62 1.26971
16 63 1.21382
16 64 1.09014
16 65 1.09014
16 66 1.09014
16 67 1.09014
16 68 1.09014
16 69 1.20114
16 70 1.22138
16 71 1.20254
16 72 1.18565
16 73 1.08432
16 74 1.08432
16 75 1.08432
16 76 1.08432
16 77 1.08432
16 78 1.14764
16 79 1.16425
16 80 1.16484
16 81 1.16164
16 82 1.08779
16 83 1.08779
16 84 1.08779
16 85 1.08779
16 86 1.08779
16 87 1.18261
16 88 1.20419
16 89 1.19139
16 90 1.17845
16 91 1.08735
16 92 1.08735
16 93 1.08735
16 94 1.08735
16 95 1.08735
16 96 1.17651
16 97 1.19619
16 98 1.18563
16 99 1.17481
16 100 1.08433
16 101 1.08433
16 102 1.08433
16 103 1.08433
16 104 1.08433
16 105 1.14571
16 106 1.16114
16 107 1.16182
16 108 1.15909
16 109 1.07819
16 110 1.07819
16 111 1.07819
16 112 1.07819
16 113 1.07819
16 114 1.1142
16 115 1.12655
16 116 1.13348
16 117 1.13588
16 118 1.08036
16 119 1.08036
16 120 1.08036
16 121 1.08036
16 122 1.08036
16 123 1.12552
16 124 1.13926
16 125 1.14434
16 126 1.1451
16 127 1.08004
16 128 1.08004
16 129 1.08004
16 130 1.08004
16 131 1.08004
16 132 1.1235
16 133 1.13685
16 134 1.14217
16 135 1.14321
16 136 1.07809
16 137 1.07809
16 138 1.07809
16 139 1.07809
16 140 1.07809
16 141 1.11328
16 142 1.12525
16 143 1.13202
16 144 1.1344
17 1 1.08327
17 2 1.08327
17 3 1.08327
17 4 1.08327
17 5 1.08327
17 6 1.23228
17 7 1.30964
17 8 1.35865
17 9 1.30543
17 10 1.0882
17 11 1.0882
17 12 1.0882
17 13 1.0882
17 14 1.0882
17 15 1.3755
17 16 1.63665
17 17 5.70439
17 18 1.49392
17 19 1.08795
17 20 1.08795
17 21 1.08795
17 22 1.08795
17 23 1.08795
17 24 1.33532
17 25 1.40611
17 26 1.48044
17 27 1.35072
17 28 1.08285
17 29 1.08285
17 30 1.08285
17 31 1.08285
17 32 1.08285
17 33 1.2145
17 34 1.25131
17 35 1.26166
17 36 1.25428
17 37 1.08126
17 38 1.08126
17 39 1.08126
17 40 1.08126
17 41 1.08126
17 42 1.18673
17 43 1.23344
17 44 1.25918
17 45 1.25598
17 46 1.08428
17 47 1.08428
17 48 1.08428
17 49 1.08428
17 50 1.08428
17 51 1.24896
17 52 1.32534
17 53 1.36051
17 54 1.3069
17 55 1.08369
17 56 1.08369
17 57 1.08369
17 58 1.08369
17 59 1.08369
17 60 1.23483
17 61 1.28856
17 62 1.29463
17 63 1.27677
17 64 1.08054
17 65 1.08054
17 66 1.08054
17 67 1.08054
17 68 1.08054
17 69 1.17294
17 70 1.20598
17 71 1.22217
17 72 1.22534
17 73 1.07764
17 74 1.07764
17 75 1.07764
17 76 1.07764
17 77 1.07764
17 78 1.14646
17 79 1.17624
17 80 1.19768
17 81 1.20564
17 82 1.07955
17 83 1.07955
17 84 1.07955
17 85 1.07955
17 86 1.07955
17 87 1.16716
17 88 1.20304
17 89 1.22317
17 90 1.22701
17 91 1.07902
17 92 1.07902
17 93 1.07902
17 94 1.07902
17 95 1.07902
17 96 1.16063
17 97 1.19263
17 98 1.21051
17 99 1.21574
17 100 1.07685
17 101 1.07685
17 102 1.07685
17 103 1.07685
17 104 1.07685
17 105 1.13871
17 106 1.16394
17 107 1.18197
17 108 1.18948
17 109 1.07324
17 110 1.07324
17 111 1.07324
17 112 1.07324
17 113 1.07324
17 114 1.11896
17 115 1.13989
17 116 1.15761
17 117 1.16597
17 118 1.07446
17 119 1.07446
17 120 1.07446
17 121 1.07446
17 122 1.07446
17 123 1.12678
17 124 1.14982
17 125 1.16819
17 126 1.17645
17 127 1.07402
17 128 1.07402
17 129 1.07402
17 130 1.07402
17 131 1.07402
17 132 1.1238
17 133 1.14564
17 134 1.16316
17 135 1.17118
17 136 1.07247
17 137 1.07247
17 138 1.07247
17 139 1.07247
17 140 1.07247
17 141 1.11451
17 142 1.13348
17 143 1.1495
17 144 1.15713
18 1 1.07597
18 2 1.07597
18 3 1.07597
18 4 1.07597
18 5 1.07597
18 6 1.17952
18 7 1.24267
18 8 1.32522
18 9 1.37921
18 10 1.07828
18 11 1.07828
18 12 1.07828
18 13 1.07828
18 14 1.07828
18 15 1.2172
18 16 1.27091
18 17 1.49392
18 18 2.12673
18 19 1.07797
18 20 1.07797
18 21 1.07797
18 22 1.07797
18 23 1.07797
18 24 1.21282
18 25 1.25153
18 26 1.34887
18 27 1.43754
18 28 1.07504
18 29 1.07504
18 30 1.07504
18 31 1.07504
18 32 1.07504
18 33 1.16869
18 34 1.21162
18 35 1.26123
18 36 1.29055
18 37 1.07507
18 38 1.07507
18 39 1.07507
18 40 1.07507
18 41 1.07507
18 42 1.16304
18 43 1.21435
18 44 1.27217
18 45 1.30502
18 46 1.07648
18 47 1.07648
18 48 1.07648
18 49 1.07648
18 50 1.07648
18 51 1.18502
18 52 1.24386
18 53 1.32242
18 54 1.37848
18 55 1.07595
18 56 1.07595
18 57 1.07595
18 58 1.07595
18 59 1.07595
18 60 1.17929
18 61 1.22904
18 62 1.28762
18 63 1.32777
18 64 1.07397
18 65 1.07397
18 66 1.07397
18 67 1.07397
18 68 1.07397
18 69 1.1517
18 70 1.19173
18 71 1.23328
18 72 1.25612
18 73 1.07279
18 74 1.07279
18 75 1.07279
18 76 1.07279
18 77 1.07279
18 78 1.14124
18 79 1.17875
18 80 1.21714
18 81 1.23744
18 82 1.07372
18 83 1.07372
18 84 1.07372
18 85 1.07372
18 86 1.07372
18 87 1.15164
18 88 1.19425
18 89 1.23891
18 90 1.26356
18 91 1.0732
18 92 1.0732
18 93 1.0732
18 94 1.0732
18 95 1.0732
18 96 1.1468
18 97 1.18577
18 98 1.22532
18 99 1.2469
18 100 1.07167
18 101 1.07167
18 102 1.07167
18 103 1.07167
18 104 1.07167
18 105 1.1328
18 106 1.16468
18 107 1.19614
18 108 1.21256
18 109 1.06962
18 110 1.06962
18 111 1.06962
18 112 1.06962
18 113 1.06962
18 114 1.12073
18 115 1.14763
18 116 1.17396
18 117 1.18751
18 118 1.07024
18 119 1.07024
18 120 1.07024
18 121 1.07024
18 122 1.07024
18 123 1.12603
18 124 1.15546
18 125 1.18442
18 126 1.19942
18 127 1.06978
18 128 1.06978
18 129 1.06978
18 130 1.06978
18 131 1.06978
18 132 1.12302
18 133 1.15082
18 134 1.17796
18 135 1.19195
18 136 1.06856
18 137 1.06856
18 138 1.06856
18 139 1.06856
18 140 1.06856
18 141 1.11504
18 142 1.13907
18 143 1.16226
18 144 1.17412
19 1 1.11763
19 2 1.11763
19 3 1.11763
19 4 1.11763
19 5 1.11763
19 6 1.0974
19 7 1.08823
19 8 1.07897
19 9 1.07414
19 10 1.16052
19 11 1.16052
19 12 1.16052
19 13 1.16052
19 14 1.16052
19 15 1.11225
19 16 1.10283
19 17 1.08795
19 18 1.07797
19 19 1.30267
19 20 1.30267
19 21 1.30267
19 22 1.30267
19 23 1.30267
19 24 1.11553
19 25 1.10515
19 26 1.08949
19 27 1.0788
19 28 1.16114
19 29 1.16114
19 30 1.16114
19 31 1.16114
19 32 1.16114
19 33 1.11152
19 34 1.09686
19 35 1.0838
19 36 1.07713
19 37 1.1112
19 38 1.1112
19 39 1.1112
19 40 1.1112
19 41 1.1112
19 42 1.09353
19 43 1.08524
19 44 1.07734
19 45 1.0733
19 46 1.13457
19 47 1.13457
19 48 1.13457
19 49 1.13457
19 50 1.13457
19 51 1.1049
19 52 1.09421
19 53 1.08257
19 54 1.07624
19 55 1.14643
19 56 1.14643
19 57 1.14643
19 58 1.14643
19 59 1.14643
19 60 1.10839
19 61 1.09632
19 62 1.08371
19 63 1.0769
19 64 1.13495
19 65 1.13495
19 66 1.13495
19 67 1.13495
19 68 1.13495
19 69 1.10425
19 70 1.09213
19 71 1.08137
19 72 1.07598
19 73 1.10139
19 74 1.10139
19 75 1.10139
19 76 1.10139
19 77 1.10139
19 78 1.0875
19 79 1.08072
19 80 1.07436
19 81 1.07114
19 82 1.11394
19 83 1.11394
19 84 1.11394
19 85 1.11394
19 86 1.11394
19 87 1.09474
19 88 1.08599
19 89 1.07768
19 90 1.07344
19 91 1.11826
19 92 1.11826
19 93 1.11826
19 94 1.11826
19 95 1.11826
19 96 1.09685
19 97 1.08737
19 98 1.07851
19 99 1.07402
19 100 1.11427
19 101 1.11427
19 102 1.11427
19 103 1.11427
19 104 1.11427
19 105 1.09469
19 106 1.08572
19 107 1.07755
19 108 1.07347
19 109 1.09132
19 110 1.09132
19 111 1.09132
19 112 1.09132
19 113 1.09132
19 114 1.08079
19 115 1.07555
19 116 1.07062
19 117 1.06814
19 118 1.09854
19 119 1.09854
19 120 1.09854
19 121 1.09854
19 122 1.09854
19 123 1.08541
19 124 1.07899
19 125 1.07299
19 126 1.06996
19 127 1.10069
19 128 1.10069
19 129 1.10069
19 130 1.10069
19 131 1.10069
19 132 1.08671
19 133 1.07993
19 134 1.07363
19 135 1.07045
19 136 1.09885
19 137 1.09885
19 138 1.09885
19 139 1.09885
19 140 1.09885
19 141 1.08559
19 142 1.07912
19 143 1.07313
19 144 1.07011
20 1 1.11763
20 2 1.11763
20 3 1.11763
20 4 1.11763
20 5 1.11763
20 6 1.0974
20 7 1.08823
20 8 1.07897
20 9 1.07414
20 10 1.16052
20 11 1.16052
20 12 1.16052
20 13 1.16052
20 14 1.16052
20 15 1.11225
20 16 1.10283
20 17 1.08795
20 18 1.07797
20 19 1.30267
20 20 1.30267
20 21 1.30267
20 22 1.30267
20 23 1.30267
20 24 1.11553
20 25 1.10515
20 26 1.08949
20 27 1.0788
20 28 1.16114
20 29 1.16114
20 30 1.16114
20 31 1.16114
20 32 1.16114
20 33 1.11152
20 34 1.09686
20 35 1.0838
20 36 1.07713
20 37 1.1112
20 38 1.1112
20 39 1.1112
20 40 1.1112
20 41 1.1112
20 42 1.09353
20 43 1.08524
20 44 1.07734
20 45 1.0733
20 46 1.13457
20 47 1.13457
20 48 1.13457
20 49 1.13457
20 50 1.13457
20 51 1.1049
20 52 1.09421
20 53 1.08257
20 54 1.07624
20 55 1.14643
20 56 1.14643
20 57 1.14643
20 58 1.14643
20 59 1.14643
20 60 1.10839
20 61 1.09632
20 62 1.08371
20 63 1.0769
20 64 1.13495
20 65 1.13495
20 66 1.13495
20 67 1.13495
20 68 1.13495
20 69 1.10425
20 70 1.09213
20 71 1.08137
20 72 1.07598
20 73 1.10139
20 74 1.10139
20 75 1.10139
20 76 1.10139
20 77 1.10139
20 78 1.0875
20 79 1.08072
20 80 1.07436
20 81 1.07114
20 82 1.11394
20 83 1.11394
20 84 1.11394
20 85 1.11394
20 86 1.11394
20 87 1.09474
20 88 1.08599
20 89 1.07768
20 90 1.07344
20 91 1.11826
20 92 1.11826
20 93 1.11826
20 94 1.11826
20 95 1.11826
20 96 1.09685
20 97 1.08737
20 98 1.07851
20 99 1.07402
20 100 1.11427
20 101 1.11427
20 102 1.11427
20 103 1.11427
20 104 1.11427
20 105 1.09469
20 106 1.08572
20 107 1.07755
20 108 1.07347
20 109 1.09132
20 110 1.09132
20 111 1.09132
20 112 1.09132
20 113 1.09132
20 114 1.08079
20 115 1.07555
20 116 1.07062
20 117 1.06814
20 118 1.09854
20 119 1.09854
20 120 1.09854
20 121 1.09854
20 122 1.09854
20 123 1.08541
20 124 1.07899
20 125 1.07299
20 126 1.06996
20 127 1.10069
20 128 1.10069
20 129 1.10069
20 130 1.10069
20 131 1.10069
20 132 1.08671
20 133 1.07993
20 134 1.07363
20 135 1.07045
20 136 1.09885
20 137 1.09885
20 138 1.09885
20 139 1.09885
20 140 1.09885
20 141 1.08559
20 142 1.07912
20 143 1.07313
20 144 1.07011
21 1 1.11763
21 2 1.11763
21 3 1.11763
21 4 1.11763
21 5 1.11763
21 6 1.0974
21 7 1.08823
21 8 1.07897
21 9 1.07414
21 10 1.16052
21 11 1.16052
21 12 1.16052
21 13 1.16052
21 14 1.16052
21 15 1.11225
21 16 1.10283
21 17 1.08795
21 18 1.07797
21 19 1.30267
21 20 1.30267
21 21 1.30267
21 22 1.30267
21 23 1.30267
21 24 1.11553
21 25 1.10515
21 26 1.08949
21 27 1.0788
21 28 1.16114
21 29 1.16114
21 30 1.16114
21 31 1.16114
21 32 1.16114
21 33 1.11152
21 34 1.09686
