injected_el measured_el potential
1 1 1.30429
1 2 1.30429
1 3 1.30429
1 4 1.30429
1 5 1.30429
1 6 1.11801
1 7 1.09828
1 8 1.08422
1 9 1.07757
1 10 1.14619
1 11 1.14619
1 12 1.14619
1 13 1.14619
1 14 1.14619
1 15 1.10745
1 16 1.09225
1 17 1.08088
1 18 1.07594
1 19 1.11762
1 20 1.11762
1 21 1.11762
1 22 1.11762
1 23 1.11762
1 24 1.0958
1 25 1.0859
1 26 1.07742
1 27 1.07322
1 28 1.1002
1 29 1.1002
1 30 1.1002
1 31 1.1002
1 32 1.1002
1 33 1.08633
1 34 1.0795
1 35 1.07319
1 36 1.07003
1 37 1.14711
1 38 1.14711
1 39 1.14711
1 40 1.14711
1 41 1.14711
1 42 1.10617
1 43 1.09386
1 44 1.08326
1 45 1.07786
1 46 1.12844
1 47 1.12844
1 48 1.12844
1 49 1.12844
1 50 1.12844
1 51 1.10199
1 52 1.09008
1 53 1.08029
1 54 1.07623
1 55 1.11097
1 56 1.11097
1 57 1.11097
1 58 1.11097
1 59 1.11097
1 60 1.0933
1 61 1.08504
1 62 1.07732
1 63 1.07344
1 64 1.09713
1 65 1.09713
1 66 1.09713
1 67 1.09713
1 68 1.09713
1 69 1.08523
1 70 1.07903
1 71 1.07315
1 72 1.07019
1 73 1.11882
1 74 1.11882
1 75 1.11882
1 76 1.11882
1 77 1.11882
1 78 1.09564
1 79 1.0876
1 80 1.08025
1 81 1.07608
1 82 1.11107
1 83 1.11107
1 84 1.11107
1 85 1.11107
1 86 1.11107
1 87 1.09375
1 88 1.08583
1 89 1.07805
1 90 1.07462
1 91 1.10109
1 92 1.10109
1 93 1.10109
1 94 1.10109
1 95 1.10109
1 96 1.08886
1 97 1.0821
1 98 1.07541
1 99 1.07202
1 100 1.0913
1 101 1.0913
1 102 1.0913
1 103 1.0913
1 104 1.0913
1 105 1.08183
1 106 1.07661
1 107 1.07153
1 108 1.06895
1 109 1.10132
1 110 1.10132
1 111 1.10132
1 112 1.10132
1 113 1.10132
1 114 1.08643
1 115 1.0812
1 116 1.07633
1 117 1.07293
1 118 1.09709
1 119 1.09709
1 120 1.09709
1 121 1.09709
1 122 1.09709
1 123 1.08552
1 124 1.07992
1 125 1.07458
1 126 1.07174
1 127 1.09107
1 128 1.09107
1 129 1.09107
1 130 1.09107
1 131 1.09107
1 132 1.08236
1 133 1.07727
1 134 1.07225
1 135 1.06947
1 136 1.08432
1 137 1.08432
1 138 1.08432
1 139 1.08432
1 140 1.08432
1 141 1.07696
1 142 1.0729
1 143 1.06882
1 144 1.0667
2 1 1.30429
2 2 1.30429
2 3 1.30429
2 4 1.30429
2 5 1.30429
2 6 1.11801
2 7 1.09828
2 8 1.08422
2 9 1.07757
2 10 1.14619
2 11 1.14619
2 12 1.14619
2 13 1.14619
2 14 1.14619
2 15 1.10745
2 16 1.09225
2 17 1.08088
2 18 1.07594
2 19 1.11762
2 20 1.11762
2 21 1.11762
2 22 1.11762
2 23 1.11762
2 24 1.0958
2 25 1.0859
2 26 1.07742
2 27 1.07322
2 28 1.1002
2 29 1.1002
2 30 1.1002
2 31 1.1002
2 32 1.1002
2 33 1.08633
2 34 1.0795
2 35 1.07319
2 36 1.07003
2 37 1.14711
2 38 1.14711
2 39 1.14711
2 40 1.14711
2 41 1.14711
2 42 1.10617
2 43 1.09386
2 44 1.08326
2 45 1.07786
2 46 1.12844
2 47 1.12844
2 48 1.12844
2 49 1.12844
2 50 1.12844
2 51 1.10199
2 52 1.09008
2 53 1.08029
2 54 1.07623
2 55 1.11097
2 56 1.11097
2 57 1.11097
2 58 1.11097
2 59 1.11097
2 60 1.0933
2 61 1.08504
2 62 1.07732
2 63 1.07344
2 64 1.09713
2 65 1.09713
2 66 1.09713
2 67 1.09713
2 68 1.09713
2 69 1.08523
2 70 1.07903
2 71 1.07315
2 72 1.07019
2 73 1.11882
2 74 1.11882
2 75 1.11882
2 76 1.11882
2 77 1.11882
2 78 1.09564
2 79 1.0876
2 80 1.08025
2 81 1.07608
2 82 1.11107
2 83 1.11107
2 84 1.11107
2 85 1.11107
2 86 1.11107
2 87 1.09375
2 88 1.08583
2 89 1.07805
2 90 1.07462
2 91 1.10109
2 92 1.10109
2 93 1.10109
2 94 1.10109
2 95 1.10109
2 96 1.08886
2 97 1.0821
2 98 1.07541
2 99 1.07202
2 100 1.0913
2 101 1.0913
2 102 1.0913
2 103 1.0913
2 104 1.0913
2 105 1.08183
2 106 1.07661
2 107 1.07153
2 108 1.06895
2 109 1.10132
2 110 1.10132
2 111 1.10132
2 112 1.10132
2 113 1.10132
2 114 1.08643
2 115 1.0812
2 116 1.07633
2 117 1.07293
2 118 1.09709
2 119 1.09709
2 120 1.09709
2 121 1.09709
2 122 1.09709
2 123 1.08552
2 124 1.07992
2 125 1.07458
2 126 1.07174
2 127 1.09107
2 128 1.09107
2 129 1.09107
2 130 1.09107
2 131 1.09107
2 132 1.08236
2 133 1.07727
2 134 1.07225
2 135 1.06947
2 136 1.08432
2 137 1.08432
2 138 1.08432
2 139 1.08432
2 140 1.08432
2 141 1.07696
2 142 1.0729
2 143 1.06882
2 144 1.0667
3 1 1.30429
3 2 1.30429
3 3 1.30429
3 4 1.30429
3 5 1.30429
3 6 1.11801
3 7 1.09828
3 8 1.08422
3 9 1.07757
3 10 1.14619
3 11 1.14619
3 12 1.14619
3 13 1.14619
3 14 1.14619
3 15 1.10745
3 16 1.09225
3 17 1.08088
3 18 1.07594
3 19 1.11762
3 20 1.11762
3 21 1.11762
3 22 1.11762
3 23 1.11762
3 24 1.0958
3 25 1.0859
3 26 1.07742
3 27 1.07322
3 28 1.1002
3 29 1.1002
3 30 1.1002
3 31 1.1002
3 32 1.1002
3 33 1.08633
3 34 1.0795
3 35 1.07319
3 36 1.07003
3 37 1.14711
3 38 1.14711
3 39 1.14711
3 40 1.14711
3 41 1.14711
3 42 1.10617
3 43 1.09386
3 44 1.08326
3 45 1.07786
3 46 1.12844
3 47 1.12844
3 48 1.12844
3 49 1.12844
3 50 1.12844
3 51 1.10199
3 52 1.09008
3 53 1.08029
3 54 1.07623
3 55 1.11097
3 56 1.11097
3 57 1.11097
3 58 1.11097
3 59 1.11097
3 60 1.0933
3 61 1.08504
3 62 1.07732
3 63 1.07344
3 64 1.09713
3 65 1.09713
3 66 1.09713
3 67 1.09713
3 68 1.09713
3 69 1.08523
3 70 1.07903
3 71 1.07315
3 72 1.07019
3 73 1.11882
3 74 1.11882
3 75 1.11882
3 76 1.11882
3 77 1.11882
3 78 1.09564
3 79 1.0876
3 80 1.08025
3 81 1.07608
3 82 1.11107
3 83 1.11107
3 84 1.11107
3 85 1.11107
3 86 1.11107
3 87 1.09375
3 88 1.08583
3 89 1.07805
3 90 1.07462
3 91 1.10109
3 92 1.10109
3 93 1.10109
3 94 1.10109
3 95 1.10109
3 96 1.08886
3 97 1.0821
3 98 1.07541
3 99 1.07202
3 100 1.0913
3 101 1.0913
3 102 1.0913
3 103 1.0913
3 104 1.0913
3 105 1.08183
3 106 1.07661
3 107 1.07153
3 108 1.06895
3 109 1.10132
3 110 1.10132
3 111 1.10132
3 112 1.10132
3 113 1.10132
3 114 1.08643
3 115 1.0812
3 116 1.07633
3 117 1.07293
3 118 1.09709
3 119 1.09709
3 120 1.09709
3 121 1.09709
3 122 1.09709
3 123 1.08552
3 124 1.07992
3 125 1.07458
3 126 1.07174
3 127 1.09107
3 128 1.09107
3 129 1.09107
3 130 1.09107
3 131 1.09107
3 132 1.08236
3 133 1.07727
3 134 1.07225
3 135 1.06947
3 136 1.08432
3 137 1.08432
3 138 1.08432
3 139 1.08432
3 140 1.08432
3 141 1.07696
3 142 1.0729
3 143 1.06882
3 144 1.0667
4 1 1.30429
4 2 1.30429
4 3 1.30429
4 4 1.30429
4 5 1.30429
4 6 1.11801
4 7 1.09828
4 8 1.08422
4 9 1.07757
4 10 1.14619
4 11 1.14619
4 12 1.14619
4 13 1.14619
4 14 1.14619
4 15 1.10745
4 16 1.09225
4 17 1.08088
4 18 1.07594
4 19 1.11762
4 20 1.11762
4 21 1.11762
4 22 1.11762
4 23 1.11762
4 24 1.0958
4 25 1.0859
4 26 1.07742
4 27 1.07322
4 28 1.1002
4 29 1.1002
4 30 1.1002
4 31 1.1002
4 32 1.1002
4 33 1.08633
4 34 1.0795
4 35 1.07319
4 36 1.07003
4 37 1.14711
4 38 1.14711
4 39 1.14711
4 40 1.14711
4 41 1.14711
4 42 1.10617
4 43 1.09386
4 44 1.08326
4 45 1.07786
4 46 1.12844
4 47 1.12844
4 48 1.12844
4 49 1.12844
4 50 1.12844
4 51 1.10199
4 52 1.09008
4 53 1.08029
4 54 1.07623
4 55 1.11097
4 56 1.11097
4 57 1.11097
4 58 1.11097
4 59 1.11097
4 60 1.0933
4 61 1.08504
4 62 1.07732
4 63 1.07344
4 64 1.09713
4 65 1.09713
4 66 1.09713
4 67 1.09713
4 68 1.09713
4 69 1.08523
4 70 1.07903
4 71 1.07315
4 72 1.07019
4 73 1.11882
4 74 1.11882
4 75 1.11882
4 76 1.11882
4 77 1.11882
4 78 1.09564
4 79 1.0876
4 80 1.08025
4 81 1.07608
4 82 1.11107
4 83 1.11107
4 84 1.11107
4 85 1.11107
4 86 1.11107
4 87 1.09375
4 88 1.08583
4 89 1.07805
4 90 1.07462
4 91 1.10109
4 92 1.10109
4 93 1.10109
4 94 1.10109
4 95 1.10109
4 96 1.08886
4 97 1.0821
4 98 1.07541
4 99 1.07202
4 100 1.0913
4 101 1.0913
4 102 1.0913
4 103 1.0913
4 104 1.0913
4 105 1.08183
4 106 1.07661
4 107 1.07153
4 108 1.06895
4 109 1.10132
4 110 1.10132
4 111 1.10132
4 112 1.10132
4 113 1.10132
4 114 1.08643
4 115 1.0812
4 116 1.07633
4 117 1.07293
4 118 1.09709
4 119 1.09709
4 120 1.09709
4 121 1.09709
4 122 1.09709
4 123 1.08552
4 124 1.07992
4 125 1.07458
4 126 1.07174
4 127 1.09107
4 128 1.09107
4 129 1.09107
4 130 1.09107
4 131 1.09107
4 132 1.08236
4 133 1.07727
4 134 1.07225
4 135 1.06947
4 136 1.08432
4 137 1.08432
4 138 1.08432
4 139 1.08432
4 140 1.08432
4 141 1.07696
4 142 1.0729
4 143 1.06882
4 144 1.0667
5 1 1.30429
5 2 1.30429
5 3 1.30429
5 4 1.30429
5 5 1.30429
5 6 1.11801
5 7 1.09828
5 8 1.08422
5 9 1.07757
5 10 1.14619
5 11 1.14619
5 12 1.14619
5 13 1.14619
5 14 1.14619
5 15 1.10745
5 16 1.09225
5 17 1.08088
5 18 1.07594
5 19 1.11762
5 20 1.11762
5 21 1.11762
5 22 1.11762
5 23 1.11762
5 24 1.0958
5 25 1.0859
5 26 1.07742
5 27 1.07322
5 28 1.1002
5 29 1.1002
5 30 1.1002
5 31 1.1002
5 32 1.1002
5 33 1.08633
5 34 1.0795
5 35 1.07319
5 36 1.07003
5 37 1.14711
5 38 1.14711
5 39 1.14711
5 40 1.14711
5 41 1.14711
5 42 1.10617
5 43 1.09386
5 44 1.08326
5 45 1.07786
5 46 1.12844
5 47 1.12844
5 48 1.12844
5 49 1.12844
5 50 1.12844
5 51 1.10199
5 52 1.09008
5 53 1.08029
5 54 1.07623
5 55 1.11097
5 56 1.11097
5 57 1.11097
5 58 1.11097
5 59 1.11097
5 60 1.0933
5 61 1.08504
5 62 1.07732
5 63 1.07344
5 64 1.09713
5 65 1.09713
5 66 1.09713
5 67 1.09713
5 68 1.09713
5 69 1.08523
5 70 1.07903
5 71 1.07315
5 72 1.07019
5 73 1.11882
5 74 1.11882
5 75 1.11882
5 76 1.11882
5 77 1.11882
5 78 1.09564
5 79 1.0876
5 80 1.08025
5 81 1.07608
5 82 1.11107
5 83 1.11107
5 84 1.11107
5 85 1.11107
5 86 1.11107
5 87 1.09375
5 88 1.08583
5 89 1.07805
5 90 1.07462
5 91 1.10109
5 92 1.10109
5 93 1.10109
5 94 1.10109
5 95 1.10109
5 96 1.08886
5 97 1.0821
5 98 1.07541
5 99 1.07202
5 100 1.0913
5 101 1.0913
5 102 1.0913
5 103 1.0913
5 104 1.0913
5 105 1.08183
5 106 1.07661
5 107 1.07153
5 108 1.06895
5 109 1.10132
5 110 1.10132
5 111 1.10132
5 112 1.10132
5 113 1.10132
5 114 1.08643
5 115 1.0812
5 116 1.07633
5 117 1.07293
5 118 1.09709
5 119 1.09709
5 120 1.09709
5 121 1.09709
5 122 1.09709
5 123 1.08552
5 124 1.07992
5 125 1.07458
5 126 1.07174
5 127 1.09107
5 128 1.09107
5 129 1.09107
5 130 1.09107
5 131 1.09107
5 132 1.08236
5 133 1.07727
5 134 1.07225
5 135 1.06947
5 136 1.08432
5 137 1.08432
5 138 1.08432
5 139 1.08432
5 140 1.08432
5 141 1.07696
5 142 1.0729
5 143 1.06882
5 144 1.0667
6 1 1.11801
6 2 1.11801
6 3 1.11801
6 4 1.11801
6 5 1.11801
6 6 5.95233
6 7 1.98195
6 8 1.36395
6 9 1.20136
6 10 1.10686
6 11 1.10686
6 12 1.10686
6 13 1.10686
6 14 1.10686
6 15 1.39686
6 16 1.32819
6 17 1.2261
6 18 1.17823
6 19 1.09552
6 20 1.09552
6 21 1.09552
6 22 1.09552
6 23 1.09552
6 24 1.17999
6 25 1.18113
6 26 1.16321
6 27 1.14931
6 28 1.086
6 29 1.086
6 30 1.086
6 31 1.086
6 32 1.086
6 33 1.12141
6 34 1.12768
6 35 1.12699
6 36 1.12519
6 37 1.10946
6 38 1.10946
6 39 1.10946
6 40 1.10946
6 41 1.10946
6 42 1.38407
6 43 1.32537
6 44 1.23242
6 45 1.18255
6 46 1.10318
6 47 1.10318
6 48 1.10318
6 49 1.10318
6 50 1.10318
6 51 1.2294
6 52 1.22341
6 53 1.1868
6 54 1.16586
6 55 1.09377
6 56 1.09377
6 57 1.09377
6 58 1.09377
6 59 1.09377
6 60 1.15119
6 61 1.15682
6 62 1.15047
6 63 1.14268
6 64 1.08516
6 65 1.08516
6 66 1.08516
6 67 1.08516
6 68 1.08516
6 69 1.11543
6 70 1.12138
6 71 1.12234
6 72 1.12172
6 73 1.09885
6 74 1.09885
6 75 1.09885
6 76 1.09885
6 77 1.09885
6 78 1.19008
6 79 1.18786
6 80 1.1694
6 81 1.15521
6 82 1.09533
6 83 1.09533
6 84 1.09533
6 85 1.09533
6 86 1.09533
6 87 1.15401
6 88 1.15832
6 89 1.15152
6 90 1.14493
6 91 1.0888
6 92 1.0888
6 93 1.0888
6 94 1.0888
6 95 1.0888
6 96 1.12741
6 97 1.13192
6 98 1.13191
6 99 1.12938
6 100 1.08189
6 101 1.08189
6 102 1.08189
6 103 1.08189
6 104 1.08189
6 105 1.1052
6 106 1.11065
6 107 1.11304
6 108 1.1136
6 109 1.08911
6 110 1.08911
6 111 1.08911
6 112 1.08911
6 113 1.08911
6 114 1.13124
6 115 1.13511
6 116 1.13395
6 117 1.13055
6 118 1.08681
6 119 1.08681
6 120 1.08681
6 121 1.08681
6 122 1.08681
6 123 1.1212
6 124 1.12418
6 125 1.12558
6 126 1.12446
6 127 1.08243
6 128 1.08243
6 129 1.08243
6 130 1.08243
6 131 1.08243
6 132 1.10886
6 133 1.11247
6 134 1.11478
6 135 1.11462
6 136 1.07727
6 137 1.07727
6 138 1.07727
6 139 1.07727
6 140 1.07727
6 141 1.0944
6 142 1.09938
6 143 1.10235
6 144 1.10347
7 1 1.09828
7 2 1.09828
7 3 1.09828
7 4 1.09828
7 5 1.09828
7 6 1.98195
7 7 5.91576
7 8 1.88662
7 9 1.30009
7 10 1.09294
7 11 1.09294
7 12 1.09294
7 13 1.09294
7 14 1.09294
7 15 1.3305
7 16 1.41927
7 17 1.31295
7 18 1.24294
7 19 1.086
7 20 1.086
7 21 1.086
7 22 1.086
7 23 1.086
7 24 1.18056
7 25 1.2067
7 26 1.20289
7 27 1.19144
7 28 1.07938
7 29 1.07938
7 30 1.07938
7 31 1.07938
7 32 1.07938
7 33 1.12752
7 34 1.14342
7 35 1.15147
7 36 1.15366
7 37 1.09551
7 38 1.09551
7 39 1.09551
7 40 1.09551
7 41 1.09551
7 42 1.32776
7 43 1.40061
7 44 1.31129
7 45 1.24547
7 46 1.09179
7 47 1.09179
7 48 1.09179
7 49 1.09179
7 50 1.09179
7 51 1.21735
7 52 1.25555
7 53 1.23654
7 54 1.21544
7 55 1.08541
7 56 1.08541
7 57 1.08541
7 58 1.08541
7 59 1.08541
7 60 1.15465
7 61 1.17572
7 62 1.18246
7 63 1.17848
7 64 1.0791
7 65 1.0791
7 66 1.0791
7 67 1.0791
7 68 1.0791
7 69 1.1212
7 70 1.13528
7 71 1.14412
7 72 1.14725
7 73 1.08941
7 74 1.08941
7 75 1.08941
7 76 1.08941
7 77 1.08941
7 78 1.19166
7 79 1.21034
7 80 1.20498
7 81 1.19512
7 82 1.08706
7 83 1.08706
7 84 1.08706
7 85 1.08706
7 86 1.08706
7 87 1.15626
7 88 1.17525
7 89 1.1819
7 90 1.17946
7 91 1.08217
7 92 1.08217
7 93 1.08217
7 94 1.08217
7 95 1.08217
7 96 1.13211
7 97 1.14579
7 98 1.15556
7 99 1.15703
7 100 1.07678
7 101 1.07678
7 102 1.07678
7 103 1.07678
7 104 1.07678
7 105 1.11055
7 106 1.12232
7 107 1.13107
7 108 1.1348
7 109 1.08264
7 110 1.08264
7 111 1.08264
7 112 1.08264
7 113 1.08264
7 114 1.13854
7 115 1.14973
7 116 1.15623
7 117 1.15709
7 118 1.08094
7 119 1.08094
7 120 1.08094
7 121 1.08094
7 122 1.08094
7 123 1.1268
7 124 1.1367
7 125 1.14599
7 126 1.14842
7 127 1.07741
7 128 1.07741
7 129 1.07741
7 130 1.07741
7 131 1.07741
7 132 1.11423
7 133 1.12357
7 134 1.13229
7 135 1.13518
7 136 1.07318
7 137 1.07318
7 138 1.07318
7 139 1.07318
7 140 1.07318
7 141 1.09919
7 142 1.10896
7 143 1.1167
7 144 1.12026
8 1 1.08422
8 2 1.08422
8 3 1.08422
8 4 1.08422
8 5 1.08422
8 6 1.36395
8 7 1.88662
8 8 5.85362
8 9 1.52545
8 10 1.08155
8 11 1.08155
8 12 1.08155
8 13 1.08155
8 14 1.08155
8 15 1.23134
8 16 1.32554
8 17 1.37864
8 18 1.3263
8 19 1.07758
8 20 1.07758
8 21 1.07758
8 22 1.07758
8 23 1.07758
8 24 1.16296
8 25 1.20424
8 26 1.23395
8 27 1.23799
8 28 1.07329
8 29 1.07329
8 30 1.07329
8 31 1.07329
8 32 1.07329
8 33 1.12757
8 34 1.15266
8 35 1.17385
8 36 1.18334
8 37 1.08371
8 38 1.08371
8 39 1.08371
8 40 1.08371
8 41 1.08371
8 42 1.23079
8 43 1.30545
8 44 1.35817
8 45 1.32317
8 46 1.08166
8 47 1.08166
8 48 1.08166
8 49 1.08166
8 50 1.08166
8 51 1.18049
8 52 1.23682
8 53 1.27197
8 54 1.27014
8 55 1.07768
8 56 1.07768
8 57 1.07768
8 58 1.07768
8 59 1.07768
8 60 1.14669
8 61 1.18012
8 62 1.2088
8 63 1.21564
8 64 1.07338
8 65 1.07338
8 66 1.07338
8 67 1.07338
8 68 1.07338
8 69 1.12232
8 70 1.14444
8 71 1.16397
8 72 1.17299
8 73 1.08055
8 74 1.08055
8 75 1.08055
8 76 1.08055
8 77 1.08055
8 78 1.17001
8 79 1.20081
8 80 1.22661
8 81 1.23505
8 82 1.07913
8 83 1.07913
8 84 1.07913
8 85 1.07913
8 86 1.07913
8 87 1.14591
8 88 1.17697
8 89 1.20536
8 90 1.21343
8 91 1.07574
8 92 1.07574
8 93 1.07574
8 94 1.07574
8 95 1.07574
8 96 1.1299
8 97 1.15259
8 98 1.17569
8 99 1.18406
8 100 1.07181
8 101 1.07181
8 102 1.07181
8 103 1.07181
8 104 1.07181
8 105 1.11276
8 106 1.1309
8 107 1.14746
8 108 1.15544
8 109 1.0762
8 110 1.0762
8 111 1.0762
8 112 1.0762
8 113 1.0762
8 114 1.13637
8 115 1.15412
8 116 1.17243
8 117 1.18149
8 118 1.07503
8 119 1.07503
8 120 1.07503
8 121 1.07503
8 122 1.07503
8 123 1.12586
8 124 1.14286
8 125 1.16248
8 126 1.17048
8 127 1.07237
8 128 1.07237
8 129 1.07237
8 130 1.07237
8 131 1.07237
8 132 1.11554
8 133 1.13079
8 134 1.14729
8 135 1.15435
8 136 1.06908
8 137 1.06908
8 138 1.06908
8 139 1.06908
8 140 1.06908
8 141 1.10199
8 142 1.1165
8 143 1.12962
8 144 1.13607
9 1 1.07757
9 2 1.07757
9 3 1.07757
9 4 1.07757
9 5 1.07757
9 6 1.20136
9 7 1.30009
9 8 1.52545
9 9 2.13111
9 10 1.07587
9 11 1.07587
9 12 1.07587
9 13 1.07587
9 14 1.07587
9 15 1.17733
9 16 1.24885
9 17 1.32958
9 18 1.37537
9 19 1.0732
9 20 1.0732
9 21 1.0732
9 22 1.0732
9 23 1.0732
9 24 1.14906
9 25 1.19369
9 26 1.24014
9 27 1.26105
9 28 1.07004
9 29 1.07004
9 30 1.07004
9 31 1.07004
9 32 1.07004
9 33 1.12532
9 34 1.15445
9 35 1.18305
9 36 1.19748
9 37 1.07784
9 38 1.07784
9 39 1.07784
9 40 1.07784
9 41 1.07784
9 42 1.17879
9 43 1.23578
9 44 1.31345
9 45 1.37096
9 46 1.07645
9 47 1.07645
9 48 1.07645
9 49 1.07645
9 50 1.07645
9 51 1.15648
9 52 1.2128
9 53 1.27072
9 54 1.29653
9 55 1.07358
9 56 1.07358
9 57 1.07358
9 58 1.07358
9 59 1.07358
9 60 1.13891
9 61 1.17638
9 62 1.21647
9 63 1.23253
9 64 1.07026
9 65 1.07026
9 66 1.07026
9 67 1.07026
9 68 1.07026
9 69 1.12087
9 70 1.14659
9 71 1.17193
9 72 1.18459
9 73 1.07596
9 74 1.07596
9 75 1.07596
9 76 1.07596
9 77 1.07596
9 78 1.15463
9 79 1.18872
9 80 1.2304
9 81 1.25512
9 82 1.0749
9 83 1.0749
9 84 1.0749
9 85 1.0749
9 86 1.0749
9 87 1.13737
9 88 1.17276
9 89 1.21241
9 90 1.22873
9 91 1.07225
9 92 1.07225
9 93 1.07225
9 94 1.07225
9 95 1.07225
9 96 1.12638
9 97 1.15297
9 98 1.18311
9 99 1.19595
9 100 1.06904
9 101 1.06904
9 102 1.06904
9 103 1.06904
9 104 1.06904
9 105 1.11241
9 106 1.13349
9 107 1.15414
9 108 1.16451
9 109 1.07275
9 110 1.07275
9 111 1.07275
9 112 1.07275
9 113 1.07275
9 114 1.13303
9 115 1.15372
9 116 1.17866
9 117 1.19308
9 118 1.0718
9 119 1.0718
9 120 1.0718
9 121 1.0718
9 122 1.0718
9 123 1.12345
9 124 1.14381
9 125 1.16886
9 126 1.18022
9 127 1.06956
9 128 1.06956
9 129 1.06956
9 130 1.06956
9 131 1.06956
9 132 1.11468
9 133 1.13275
9 134 1.15328
9 135 1.16268
9 136 1.06676
9 137 1.06676
9 138 1.06676
9 139 1.06676
9 140 1.06676
9 141 1.10239
9 142 1.11911
9 143 1.13495
9 144 1.14292
10 1 1.14619
10 2 1.14619
10 3 1.14619
10 4 1.14619
10 5 1.14619
10 6 1.10686
10 7 1.09294
10 8 1.08155
10 9 1.07587
10 10 1.30335
10 11 1.30335
10 12 1.30335
10 13 1.30335
10 14 1.30335
10 15 1.11783
10 16 1.09628
10 17 1.08241
10 18 1.07671
10 19 1.16101
10 20 1.16101
10 21 1.16101
10 22 1.16101
10 23 1.16101
10 24 1.11013
10 25 1.09375
10 26 1.0813
10 27 1.07555
10 28 1.12535
10 29 1.12535
10 30 1.12535
10 31 1.12535
10 32 1.12535
10 33 1.09917
10 34 1.08791
10 35 1.0782
10 36 1.07348
10 37 1.12852
10 38 1.12852
10 39 1.12852
10 40 1.12852
10 41 1.12852
10 42 1.10087
10 43 1.09035
10 44 1.08113
10 45 1.07626
10 46 1.14604
10 47 1.14604
10 48 1.14604
10 49 1.14604
10 50 1.14604
10 51 1.10705
10 52 1.09263
10 53 1.08139
10 54 1.07691
10 55 1.13442
10 56 1.13442
10 57 1.13442
10 58 1.13442
10 59 1.13442
10 60 1.10308
10 61 1.09111
10 62 1.08056
10 63 1.07559
10 64 1.11649
10 65 1.11649
10 66 1.11649
10 67 1.11649
10 68 1.11649
10 69 1.09576
10 70 1.08624
10 71 1.07766
10 72 1.07344
10 73 1.11117
10 74 1.11117
10 75 1.11117
10 76 1.11117
10 77 1.11117
10 78 1.09295
10 79 1.08537
10 80 1.07861
10 81 1.07467
10 82 1.11772
10 83 1.11772
10 84 1.11772
10 85 1.11772
10 86 1.11772
10 87 1.09655
10 88 1.08749
10 89 1.07886
10 90 1.07518
10 91 1.1136
10 92 1.1136
10 93 1.1136
10 94 1.1136
10 95 1.1136
10 96 1.09496
10 97 1.08637
10 98 1.07797
10 99 1.07391
10 100 1.10456
10 101 1.10456
10 102 1.10456
10 103 1.10456
10 104 1.10456
10 105 1.08962
10 106 1.08225
10 107 1.07534
10 108 1.07188
10 109 1.09716
10 110 1.09716
10 111 1.09716
10 112 1.09716
10 113 1.09716
10 114 1.08468
10 115 1.07967
10 116 1.07503
10 117 1.0717
10 118 1.10028
10 119 1.10028
10 120 1.10028
10 121 1.10028
10 122 1.10028
10 123 1.08715
10 124 1.08091
10 125 1.07517
10 126 1.07219
10 127 1.09824
10 128 1.09824
10 129 1.09824
10 130 1.09824
10 131 1.09824
10 132 1.08622
10 133 1.08012
10 134 1.07422
10 135 1.07107
10 136 1.09321
10 137 1.09321
10 138 1.09321
10 139 1.09321
10 140 1.09321
10 141 1.08257
10 142 1.07716
10 143 1.07193
10 144 1.06926
11 1 1.14619
11 2 1.14619
11 3 1.14619
11 4 1.14619
11 5 1.14619
11 6 1.10686
11 7 1.09294
11 8 1.08155
11 9 1.07587
11 10 1.30335
11 11 1.30335
11 12 1.30335
11 13 1.30335
11 14 1.30335
11 15 1.11783
11 16 1.09628
11 17 1.08241
11 18 1.07671
11 19 1.16101
11 20 1.16101
11 21 1.16101
11 22 1.16101
11 23 1.16101
11 24 1.11013
11 25 1.09375
11 26 1.0813
11 27 1.07555
11 28 1.12535
11 29 1.12535
11 30 1.12535
11 31 1.12535
11 32 1.12535
11 33 1.09917
11 34 1.08791
11 35 1.0782
11 36 1.07348
11 37 1.12852
11 38 1.12852
11 39 1.12852
11 40 1.12852
11 41 1.12852
11 42 1.10087
11 43 1.09035
11 44 1.08113
11 45 1.07626
11 46 1.14604
11 47 1.14604
11 48 1.14604
11 49 1.14604
11 50 1.14604
11 51 1.10705
11 52 1.09263
11 53 1.08139
11 54 1.07691
11 55 1.13442
11 56 1.13442
11 57 1.13442
11 58 1.13442
11 59 1.13442
11 60 1.10308
11 61 1.09111
11 62 1.08056
11 63 1.07559
11 64 1.11649
11 65 1.11649
11 66 1.11649
11 67 1.11649
11 68 1.11649
11 69 1.09576
11 70 1.08624
11 71 1.07766
11 72 1.07344
11 73 1.11117
11 74 1.11117
11 75 1.11117
11 76 1.11117
11 77 1.11117
11 78 1.09295
11 79 1.08537
11 80 1.07861
11 81 1.07467
11 82 1.11772
11 83 1.11772
11 84 1.11772
11 85 1.11772
11 86 1.11772
11 87 1.09655
11 88 1.08749
11 89 1.07886
11 90 1.07518
11 91 1.1136
11 92 1.1136
11 93 1.1136
11 94 1.1136
11 95 1.1136
11 96 1.09496
11 97 1.08637
11 98 1.07797
11 99 1.07391
11 100 1.10456
11 101 1.10456
11 102 1.10456
11 103 1.10456
11 104 1.10456
11 105 1.08962
11 106 1.08225
11 107 1.07534
11 108 1.07188
11 109 1.09716
11 110 1.09716
11 111 1.09716
11 112 1.09716
11 113 1.09716
11 114 1.08468
11 115 1.07967
11 116 1.07503
11 117 1.0717
11 118 1.10028
11 119 1.10028
11 120 1.10028
11 121 1.10028
11 122 1.10028
11 123 1.08715
11 124 1.08091
11 125 1.07517
11 126 1.07219
11 127 1.09824
11 128 1.09824
11 129 1.09824
11 130 1.09824
11 131 1.09824
11 132 1.08622
11 133 1.08012
11 134 1.07422
11 135 1.07107
11 136 1.09321
11 137 1.09321
11 138 1.09321
11 139 1.09321
11 140 1.09321
11 141 1.08257
11 142 1.07716
11 143 1.07193
11 144 1.06926
12 1 1.14619
12 2 1.14619
12 3 1.14619
12 4 1.14619
12 5 1.14619
12 6 1.10686
12 7 1.09294
12 8 1.08155
12 9 1.07587
12 10 1.30335
12 11 1.30335
12 12 1.30335
12 13 1.30335
12 14 1.30335
12 15 1.11783
12 16 1.09628
12 17 1.08241
12 18 1.07671
12 19 1.16101
12 20 1.16101
12 21 1.16101
12 22 1.16101
12 23 1.16101
12 24 1.11013
12 25 1.09375
12 26 1.0813
12 27 1.07555
12 28 1.12535
12 29 1.12535
12 30 1.12535
12 31 1.12535
12 32 1.12535
12 33 1.09917
12 34 1.08791
12 35 1.0782
12 36 1.07348
12 37 1.12852
12 38 1.12852
12 39 1.12852
12 40 1.12852
12 41 1.12852
12 42 1.10087
12 43 1.09035
12 44 1.08113
12 45 1.07626
12 46 1.14604
12 47 1.14604
12 48 1.14604
12 49 1.14604
12 50 1.14604
12 51 1.10705
12 52 1.09263
12 53 1.08139
12 54 1.07691
12 55 1.13442
12 56 1.13442
12 57 1.13442
12 58 1.13442
12 59 1.13442
12 60 1.10308
12 61 1.09111
12 62 1.08056
12 63 1.07559
12 64 1.11649
12 65 1.11649
12 66 1.11649
12 67 1.11649
12 68 1.11649
12 69 1.09576
12 70 1.08624
12 71 1.07766
12 72 1.07344
12 73 1.11117
12 74 1.11117
12 75 1.11117
12 76 1.11117
12 77 1.11117
12 78 1.09295
12 79 1.08537
12 80 1.07861
12 81 1.07467
12 82 1.11772
12 83 1.11772
12 84 1.11772
12 85 1.11772
12 86 1.11772
12 87 1.09655
12 88 1.08749
12 89 1.07886
12 90 1.07518
12 91 1.1136
12 92 1.1136
12 93 1.1136
12 94 1.1136
12 95 1.1136
12 96 1.09496
12 97 1.08637
12 98 1.07797
12 99 1.07391
12 100 1.10456
12 101 1.10456
12 102 1.10456
12 103 1.10456
12 104 1.10456
12 105 1.08962
12 106 1.08225
12 107 1.07534
12 108 1.07188
12 109 1.09716
12 110 1.09716
12 111 1.09716
12 112 1.09716
12 113 1.09716
12 114 1.08468
12 115 1.07967
12 116 1.07503
12 117 1.0717
12 118 1.10028
12 119 1.10028
12 120 1.10028
12 121 1.10028
12 122 1.10028
12 123 1.08715
12 124 1.08091
12 125 1.07517
12 126 1.07219
12 127 1.09824
12 128 1.09824
12 129 1.09824
12 130 1.09824
12 131 1.09824
12 132 1.08622
12 133 1.08012
12 134 1.07422
12 135 1.07107
12 136 1.09321
12 137 1.09321
12 138 1.09321
12 139 1.09321
12 140 1.09321
12 141 1.08257
12 142 1.07716
12 143 1.07193
12 144 1.06926
13 1 1.14619
13 2 1.14619
13 3 1.14619
13 4 1.14619
13 5 1.14619
13 6 1.10686
13 7 1.09294
13 8 1.08155
13 9 1.07587
13 10 1.30335
13 11 1.30335
13 12 1.30335
13 13 1.30335
13 14 1.30335
13 15 1.11783
13 16 1.09628
13 17 1.08241
13 18 1.07671
13 19 1.16101
13 20 1.16101
13 21 1.16101
13 22 1.16101
13 23 1.16101
13 24 1.11013
13 25 1.09375
13 26 1.0813
13 27 1.07555
13 28 1.12535
13 29 1.12535
13 30 1.12535
13 31 1.12535
13 32 1.12535
13 33 1.09917
13 34 1.08791
13 35 1.0782
13 36 1.07348
13 37 1.12852
13 38 1.12852
13 39 1.12852
13 40 1.12852
13 41 1.12852
13 42 1.10087
13 43 1.09035
13 44 1.08113
13 45 1.07626
13 46 1.14604
13 47 1.14604
13 48 1.14604
13 49 1.14604
13 50 1.14604
13 51 1.10705
13 52 1.09263
13 53 1.08139
13 54 1.07691
13 55 1.13442
13 56 1.13442
13 57 1.13442
13 58 1.13442
13 59 1.13442
13 60 1.10308
13 61 1.09111
13 62 1.08056
13 63 1.07559
13 64 1.11649
13 65 1.11649
13 66 1.11649
13 67 1.11649
13 68 1.11649
13 69 1.09576
13 70 1.08624
13 71 1.07766
13 72 1.07344
13 73 1.11117
13 74 1.11117
13 75 1.11117
13 76 1.11117
13 77 1.11117
13 78 1.09295
13 79 1.08537
13 80 1.07861
13 81 1.07467
13 82 1.11772
13 83 1.11772
13 84 1.11772
13 85 1.11772
13 86 1.11772
13 87 1.09655
13 88 1.08749
13 89 1.07886
13 90 1.07518
13 91 1.1136
13 92 1.1136
13 93 1.1136
13 94 1.1136
13 95 1.1136
13 96 1.09496
13 97 1.08637
13 98 1.07797
13 99 1.07391
13 100 1.10456
13 101 1.10456
13 102 1.10456
13 103 1.10456
13 104 1.10456
13 105 1.08962
13 106 1.08225
13 107 1.07534
13 108 1.07188
13 109 1.09716
13 110 1.09716
13 111 1.09716
13 112 1.09716
13 113 1.09716
13 114 1.08468
13 115 1.07967
13 116 1.07503
13 117 1.0717
13 118 1.10028
13 119 1.10028
13 120 1.10028
13 121 1.10028
13 122 1.10028
13 123 1.08715
13 124 1.08091
13 125 1.07517
13 126 1.07219
13 127 1.09824
13 128 1.09824
13 129 1.09824
13 130 1.09824
13 131 1.09824
13 132 1.08622
13 133 1.08012
13 134 1.07422
13 135 1.07107
13 136 1.09321
13 137 1.09321
13 138 1.09321
13 139 1.09321
13 140 1.09321
13 141 1.08257
13 142 1.07716
13 143 1.07193
13 144 1.06926
14 1 1.14619
14 2 1.14619
14 3 1.14619
14 4 1.14619
14 5 1.14619
14 6 1.10686
14 7 1.09294
14 8 1.08155
14 9 1.07587
14 10 1.30335
14 11 1.30335
14 12 1.30335
14 13 1.30335
14 14 1.30335
14 15 1.11783
14 16 1.09628
14 17 1.08241
14 18 1.07671
14 19 1.16101
14 20 1.16101
14 21 1.16101
14 22 1.16101
14 23 1.16101
14 24 1.11013
14 25 1.09375
14 26 1.0813
14 27 1.07555
14 28 1.12535
14 29 1.12535
14 30 1.12535
14 31 1.12535
14 32 1.12535
14 33 1.09917
14 34 1.08791
14 35 1.0782
14 36 1.07348
14 37 1.12852
14 38 1.12852
14 39 1.12852
14 40 1.12852
14 41 1.12852
14 42 1.10087
14 43 1.09035
14 44 1.08113
14 45 1.07626
14 46 1.14604
14 47 1.14604
14 48 1.14604
14 49 1.14604
14 50 1.14604
14 51 1.10705
14 52 1.09263
14 53 1.08139
14 54 1.07691
14 55 1.13442
14 56 1.13442
14 57 1.13442
14 58 1.13442
14 59 1.13442
14 60 1.10308
14 61 1.09111
14 62 1.08056
14 63 1.07559
14 64 1.11649
14 65 1.11649
14 66 1.11649
14 67 1.11649
14 68 1.11649
14 69 1.09576
14 70 1.08624
14 71 1.07766
14 72 1.07344
14 73 1.11117
14 74 1.11117
14 75 1.11117
14 76 1.11117
14 77 1.11117
14 78 1.09295
14 79 1.08537
14 80 1.07861
14 81 1.07467
14 82 1.11772
14 83 1.11772
14 84 1.11772
14 85 1.11772
14 86 1.11772
14 87 1.09655
14 88 1.08749
14 89 1.07886
14 90 1.07518
14 91 1.1136
14 92 1.1136
14 93 1.1136
14 94 1.1136
14 95 1.1136
14 96 1.09496
14 97 1.08637
14 98 1.07797
14 99 1.07391
14 100 1.10456
14 101 1.10456
14 102 1.10456
14 103 1.10456
14 104 1.10456
14 105 1.08962
14 106 1.08225
14 107 1.07534
14 108 1.07188
14 109 1.09716
14 110 1.09716
14 111 1.09716
14 112 1.09716
14 113 1.09716
14 114 1.08468
14 115 1.07967
14 116 1.07503
14 117 1.0717
14 118 1.10028
14 119 1.10028
14 120 1.10028
14 121 1.10028
14 122 1.10028
14 123 1.08715
14 124 1.08091
14 125 1.07517
14 126 1.07219
14 127 1.09824
14 128 1.09824
14 129 1.09824
14 130 1.09824
14 131 1.09824
14 132 1.08622
14 133 1.08012
14 134 1.07422
14 135 1.07107
14 136 1.09321
14 137 1.09321
14 138 1.09321
14 139 1.09321
14 140 1.09321
14 141 1.08257
14 142 1.07716
14 143 1.07193
14 144 1.06926
15 1 1.10745
15 2 1.10745
15 3 1.10745
15 4 1.10745
15 5 1.10745
15 6 1.39686
15 7 1.3305
15 8 1.23134
15 9 1.17733
15 10 1.11783
15 11 1.11783
15 12 1.11783
15 13 1.11783
15 14 1.11783
15 15 6.62673
15 16 2.02516
15 17 1.34644
15 18 1.20239
15 19 1.1096
15 20 1.1096
15 21 1.1096
15 22 1.1096
15 23 1.1096
15 24 1.62006
15 25 1.43836
15 26 1.26231
15 27 1.18396
15 28 1.09828
15 29 1.09828
15 30 1.09828
15 31 1.09828
15 32 1.09828
15 33 1.22806
15 34 1.21824
15 35 1.17924
15 36 1.15554
15 37 1.10305
15 38 1.10305
15 39 1.10305
15 40 1.10305
15 41 1.10305
15 42 1.23524
15 43 1.22053
15 44 1.18658
15 45 1.16402
15 46 1.10914
15 47 1.10914
15 48 1.10914
15 49 1.10914
15 50 1.10914
15 51 1.3479
15 52 1.3008
15 53 1.2175
15 54 1.17895
15 55 1.10381
15 56 1.10381
15 57 1.10381
15 58 1.10381
15 59 1.10381
15 60 1.26613
15 61 1.25005
15 62 1.19823
15 63 1.1669
15 64 1.09528
15 65 1.09528
15 66 1.09528
15 67 1.09528
15 68 1.09528
15 69 1.17515
15 70 1.17581
15 71 1.15798
15 72 1.14583
15 73 1.09493
15 74 1.09493
15 75 1.09493
15 76 1.09493
15 77 1.09493
15 78 1.15878
15 79 1.15767
15 80 1.15037
15 81 1.14296
15 82 1.09842
15 83 1.09842
15 84 1.09842
15 85 1.09842
15 86 1.09842
15 87 1.16904
15 88 1.17113
15 89 1.15922
15 90 1.15049
15 91 1.09525
15 92 1.09525
15 93 1.09525
15 94 1.09525
15 95 1.09525
15 96 1.1593
15 97 1.16191
15 98 1.15188
15 99 1.14371
15 100 1.08942
15 101 1.08942
15 102 1.08942
15 103 1.08942
15 104 1.08942
15 105 1.13229
15 106 1.13733
15 107 1.13381
15 108 1.13038
15 109 1.08646
15 110 1.08646
15 111 1.08646
15 112 1.08646
15 113 1.08646
15 114 1.12101
15 115 1.12388
15 116 1.12458
15 117 1.12266
15 118 1.08841
15 119 1.08841
15 120 1.08841
15 121 1.08841
15 122 1.08841
15 123 1.12469
15 124 1.12663
15 125 1.12773
15 126 1.12658
15 127 1.08649
15 128 1.08649
15 129 1.08649
15 130 1.08649
15 131 1.08649
15 132 1.11968
15 133 1.12302
15 134 1.12372
15 135 1.12268
15 136 1.08265
15 137 1.08265
15 138 1.08265
15 139 1.08265
15 140 1.08265
15 141 1.10683
15 142 1.11237
15 143 1.1142
15 144 1.11443
16 1 1.09225
16 2 1.09225
16 3 1.09225
16 4 1.09225
16 5 1.09225
16 6 1.32819
16 7 1.41927
16 8 1.32554
16 9 1.24885
16 10 1.09628
16 11 1.09628
16 12 1.09628
16 13 1.09628
16 14 1.09628
16 15 2.02516
16 16 6.52369
16 17 1.85765
16 18 1.31697
16 19 1.09272
16 20 1.09272
16 21 1.09272
16 22 1.09272
16 23 1.09272
16 24 1.43424
16 25 1.63481
16 26 1.40549
16 27 1.26676
16 28 1.08662
16 29 1.08662
16 30 1.08662
16 31 1.08662
16 32 1.08662
16 33 1.21808
16 34 1.25308
16 35 1.23125
16 36 1.20877
16 37 1.09058
16 38 1.09058
16 39 1.09058
16 40 1.09058
16 41 1.09058
16 42 1.22427
16 43 1.25164
16 44 1.23841
16 45 1.21887
16 46 1.0937
16 47 1.0937
16 48 1.0937
16 49 1.0937
16 50 1.0937
16 51 1.28624
16 52 1.38263
16 53 1.30785
16 54 1.25106
16 55 1.09049
16 56 1.09049
16 57 1.09049
16 58 1.09049
16 59 1.09049
16 60 1.24348
16 61 1.29547
16 62 1.26446
16 63 1.2284
16 64 1.08522
16 65 1.08522
16 66 1.08522
16 67 1.08522
16 68 1.08522
16 69 1.17596
16 70 1.19984
16 71 1.19768
16 72 1.19049
16 73 1.08577
16 74 1.08577
16 75 1.08577
16 76 1.08577
16 77 1.08577
16 78 1.16318
16 79 1.17661
16 80 1.18284
16 81 1.18119
16 82 1.08797
16 83 1.08797
16 84 1.08797
16 85 1.08797
16 86 1.08797
16 87 1.16783
16 88 1.19287
16 89 1.19935
16 90 1.19535
16 91 1.08565
16 92 1.08565
16 93 1.08565
16 94 1.08565
16 95 1.08565
16 96 1.16086
16 97 1.18198
16 98 1.18806
16 99 1.18534
16 100 1.08153
16 101 1.08153
16 102 1.08153
16 103 1.08153
16 104 1.08153
16 105 1.13775
16 106 1.15481
16 107 1.16256
16 108 1.1643
16 109 1.0799
16 110 1.0799
16 111 1.0799
16 112 1.0799
16 113 1.0799
16 114 1.12852
16 115 1.13825
16 116 1.14683
16 117 1.1493
16 118 1.08129
16 119 1.08129
16 120 1.08129
16 121 1.08129
16 122 1.08129
16 123 1.13026
16 124 1.14108
16 125 1.15246
16 126 1.15594
16 127 1.0797
16 128 1.0797
16 129 1.0797
16 130 1.0797
16 131 1.0797
16 132 1.12541
16 133 1.13729
16 134 1.14748
16 135 1.15103
16 136 1.07672
16 137 1.07672
16 138 1.07672
16 139 1.07672
16 140 1.07672
16 141 1.11287
16 142 1.12584
16 143 1.13522
16 144 1.13928
17 1 1.08088
17 2 1.08088
17 3 1.08088
17 4 1.08088
17 5 1.08088
17 6 1.2261
17 7 1.31295
17 8 1.37864
17 9 1.32958
17 10 1.08241
17 11 1.08241
17 12 1.08241
17 13 1.08241
17 14 1.08241
17 15 1.34644
17 16 1.85765
17 17 4.82479
17 18 1.5395
17 19 1.08066
17 20 1.08066
17 21 1.08066
17 22 1.08066
17 23 1.08066
17 24 1.25652
17 25 1.39147
17 26 1.51284
17 27 1.36995
17 28 1.07747
17 29 1.07747
17 30 1.07747
17 31 1.07747
17 32 1.07747
17 33 1.17897
17 34 1.22838
17 35 1.26084
17 36 1.26283
17 37 1.08081
17 38 1.08081
17 39 1.08081
17 40 1.08081
17 41 1.08081
17 42 1.18785
17 43 1.23239
17 44 1.27002
17 45 1.2741
17 46 1.08231
17 47 1.08231
17 48 1.08231
17 49 1.08231
17 50 1.08231
17 51 1.20801
17 52 1.30532
17 53 1.37592
17 54 1.33329
17 55 1.08035
17 56 1.08035
17 57 1.08035
17 58 1.08035
17 59 1.08035
17 60 1.19286
17 61 1.25834
17 62 1.30591
17 63 1.29453
17 64 1.07719
17 65 1.07719
17 66 1.07719
17 67 1.07719
17 68 1.07719
17 69 1.15887
17 70 1.19668
17 71 1.22536
17 72 1.23456
17 73 1.07825
17 74 1.07825
17 75 1.07825
17 76 1.07825
17 77 1.07825
17 78 1.1552
17 79 1.1803
17 80 1.20652
17 81 1.21659
17 82 1.07958
17 83 1.07958
17 84 1.07958
17 85 1.07958
17 86 1.07958
17 87 1.1543
17 88 1.19348
17 89 1.22996
17 90 1.23911
17 91 1.0779
17 92 1.0779
17 93 1.0779
17 94 1.0779
17 95 1.0779
17 96 1.15019
17 97 1.18399
17 98 1.21561
17 99 1.22593
17 100 1.07507
17 101 1.07507
17 102 1.07507
17 103 1.07507
17 104 1.07507
17 105 1.13494
17 106 1.16211
17 107 1.18576
17 108 1.19648
17 109 1.07437
17 110 1.07437
17 111 1.07437
17 112 1.07437
17 113 1.07437
17 114 1.13044
17 115 1.14646
17 116 1.16445
17 117 1.17301
17 118 1.07532
17 119 1.07532
17 120 1.07532
17 121 1.07532
17 122 1.07532
17 123 1.13009
17 124 1.14929
17 125 1.17281
17 126 1.18279
17 127 1.07405
17 128 1.07405
17 129 1.07405
17 130 1.07405
17 131 1.07405
17 132 1.12598
17 133 1.1458
17 134 1.16737
17 135 1.17724
17 136 1.07179
17 137 1.07179
17 138 1.07179
17 139 1.07179
17 140 1.07179
17 141 1.11541
17 142 1.1352
17 143 1.15327
17 144 1.1622
18 1 1.07594
18 2 1.07594
18 3 1.07594
18 4 1.07594
18 5 1.07594
18 6 1.17823
18 7 1.24294
18 8 1.3263
18 9 1.37537
18 10 1.07671
18 11 1.07671
18 12 1.07671
18 13 1.07671
18 14 1.07671
18 15 1.20239
18 16 1.31697
18 17 1.5395
18 18 2.12293
18 19 1.07559
18 20 1.07559
18 21 1.07559
18 22 1.07559
18 23 1.07559
18 24 1.18659
18 25 1.26663
18 26 1.37388
18 27 1.44334
18 28 1.0735
18 29 1.0735
18 30 1.0735
18 31 1.0735
18 32 1.0735
18 33 1.15839
18 34 1.20843
18 35 1.26302
18 36 1.29265
18 37 1.0763
18 38 1.0763
18 39 1.0763
18 40 1.0763
18 41 1.0763
18 42 1.16477
18 43 1.2093
18 44 1.26463
18 45 1.29609
18 46 1.07722
18 47 1.07722
18 48 1.07722
18 49 1.07722
18 50 1.07722
18 51 1.16867
18 52 1.24217
18 53 1.32637
18 54 1.3697
18 55 1.0758
18 56 1.0758
18 57 1.0758
18 58 1.0758
18 59 1.0758
18 60 1.16425
18 61 1.2224
18 62 1.29121
18 63 1.32464
18 64 1.07354
18 65 1.07354
18 66 1.07354
18 67 1.07354
18 68 1.07354
18 69 1.14731
18 70 1.18851
18 71 1.23204
18 72 1.25486
18 73 1.07457
18 74 1.07457
18 75 1.07457
18 76 1.07457
18 77 1.07457
18 78 1.14671
18 79 1.17525
18 80 1.21035
18 81 1.22854
18 82 1.07555
18 83 1.07555
18 84 1.07555
18 85 1.07555
18 86 1.07555
18 87 1.14329
18 88 1.18453
18 89 1.2326
18 90 1.25426
18 91 1.07421
18 92 1.07421
18 93 1.07421
18 94 1.07421
18 95 1.07421
18 96 1.14097
18 97 1.17772
18 98 1.22067
18 99 1.2414
18 100 1.07199
18 101 1.07199
18 102 1.07199
18 103 1.07199
18 104 1.07199
18 105 1.13093
18 106 1.16178
18 107 1.19335
18 108 1.20968
18 109 1.07152
18 110 1.07152
18 111 1.07152
18 112 1.07152
18 113 1.07152
18 114 1.12828
18 115 1.14658
18 116 1.16877
18 117 1.18056
18 118 1.07229
18 119 1.07229
18 120 1.07229
18 121 1.07229
18 122 1.07229
18 123 1.12695
18 124 1.14919
18 125 1.17796
18 126 1.19155
18 127 1.0712
18 128 1.0712
18 129 1.0712
18 130 1.0712
18 131 1.0712
18 132 1.12358
18 133 1.14639
18 134 1.17315
18 135 1.18649
18 136 1.06932
18 137 1.06932
18 138 1.06932
18 139 1.06932
18 140 1.06932
18 141 1.11482
18 142 1.13732
18 143 1.15949
18 144 1.17091
19 1 1.11762
19 2 1.11762
19 3 1.11762
19 4 1.11762
19 5 1.11762
19 6 1.09552
19 7 1.086
19 8 1.07758
19 9 1.0732
19 10 1.16101
19 11 1.16101
19 12 1.16101
19 13 1.16101
19 14 1.16101
19 15 1.1096
19 16 1.09272
19 17 1.08066
19 18 1.07559
19 19 1.30367
19 20 1.30367
19 21 1.30367
19 22 1.30367
19 23 1.30367
19 24 1.11723
19 25 1.09646
19 26 1.08221
19 27 1.07592
19 28 1.16154
19 29 1.16154
19 30 1.16154
19 31 1.16154
19 32 1.16154
19 33 1.11041
19 34 1.09396
19 35 1.08117
19 36 1.07518
19 37 1.11095
19 38 1.11095
19 39 1.11095
19 40 1.11095
19 41 1.11095
19 42 1.09265
19 43 1.0847
19 44 1.07753
19 45 1.07362
19 46 1.1343
19 47 1.1343
19 48 1.1343
19 49 1.1343
19 50 1.1343
19 51 1.10222
19 52 1.08976
19 53 1.07974
19 54 1.07575
19 55 1.14642
19 56 1.14642
19 57 1.14642
19 58 1.14642
19 59 1.14642
19 60 1.10604
19 61 1.09258
19 62 1.08106
19 63 1.07582
19 64 1.13502
19 65 1.13502
19 66 1.13502
19 67 1.13502
19 68 1.13502
19 69 1.10334
19 70 1.09077
19 71 1.08009
19 72 1.07495
19 73 1.10109
19 74 1.10109
19 75 1.10109
19 76 1.10109
19 77 1.10109
19 78 1.08748
19 79 1.08119
19 80 1.0756
19 81 1.07225
19 82 1.11349
19 83 1.11349
19 84 1.11349
19 85 1.11349
19 86 1.11349
19 87 1.09371
19 88 1.08537
19 89 1.07742
19 90 1.07409
19 91 1.11798
19 92 1.11798
19 93 1.11798
19 94 1.11798
19 95 1.11798
19 96 1.09593
19 97 1.08697
19 98 1.07818
19 99 1.07404
19 100 1.11417
19 101 1.11417
19 102 1.11417
19 103 1.11417
19 104 1.11417
19 105 1.09425
19 106 1.08531
19 107 1.07719
19 108 1.07318
19 109 1.09107
19 110 1.09107
19 111 1.09107
19 112 1.09107
19 113 1.09107
19 114 1.08099
19 115 1.07662
19 116 1.07258
19 117 1.06961
19 118 1.09818
19 119 1.09818
19 120 1.09818
19 121 1.09818
19 122 1.09818
19 123 1.08531
19 124 1.07937
19 125 1.07399
19 126 1.07124
19 127 1.10042
19 128 1.10042
19 129 1.10042
19 130 1.10042
19 131 1.10042
19 132 1.08659
19 133 1.08031
19 134 1.07428
19 135 1.07116
19 136 1.09871
19 137 1.09871
19 138 1.09871
19 139 1.09871
19 140 1.09871
19 141 1.08553
19 142 1.07923
19 143 1.07334
19 144 1.07035
20 1 1.11762
20 2 1.11762
20 3 1.11762
20 4 1.11762
20 5 1.11762
20 6 1.09552
20 7 1.086
20 8 1.07758
20 9 1.0732
20 10 1.16101
20 11 1.16101
20 12 1.16101
20 13 1.16101
20 14 1.16101
20 15 1.1096
20 16 1.09272
20 17 1.08066
20 18 1.07559
20 19 1.30367
20 20 1.30367
20 21 1.30367
20 22 1.30367
20 23 1.30367
20 24 1.11723
20 25 1.09646
20 26 1.08221
20 27 1.07592
20 28 1.16154
20 29 1.16154
20 30 1.16154
20 31 1.16154
20 32 1.16154
20 33 1.11041
20 34 1.09396
20 35 1.08117
20 36 1.07518
20 37 1.11095
20 38 1.11095
20 39 1.11095
20 40 1.11095
20 41 1.11095
20 42 1.09265
20 43 1.0847
20 44 1.07753
20 45 1.07362
20 46 1.1343
20 47 1.1343
20 48 1.1343
20 49 1.1343
20 50 1.1343
20 51 1.10222
20 52 1.08976
20 53 1.07974
20 54 1.07575
20 55 1.14642
20 56 1.14642
20 57 1.14642
20 58 1.14642
20 59 1.14642
20 60 1.10604
20 61 1.09258
20 62 1.08106
20 63 1.07582
20 64 1.13502
20 65 1.13502
20 66 1.13502
20 67 1.13502
20 68 1.13502
20 69 1.10334
20 70 1.09077
20 71 1.08009
20 72 1.07495
20 73 1.10109
20 74 1.10109
20 75 1.10109
20 76 1.10109
20 77 1.10109
20 78 1.08748
20 79 1.08119
20 80 1.0756
20 81 1.07225
20 82 1.11349
20 83 1.11349
20 84 1.11349
20 85 1.11349
20 86 1.11349
20 87 1.09371
20 88 1.08537
20 89 1.07742
20 90 1.07409
20 91 1.11798
20 92 1.11798
20 93 1.11798
20 94 1.11798
20 95 1.11798
20 96 1.09593
20 97 1.08697
20 98 1.07818
20 99 1.07404
20 100 1.11417
20 101 1.11417
20 102 1.11417
20 103 1.11417
20 104 1.11417
20 105 1.09425
20 106 1.08531
20 107 1.07719
20 108 1.07318
20 109 1.09107
20 110 1.09107
20 111 1.09107
20 112 1.09107
20 113 1.09107
20 114 1.08099
20 115 1.07662
20 116 1.07258
20 117 1.06961
20 118 1.09818
20 119 1.09818
20 120 1.09818
20 121 1.09818
20 122 1.09818
20 123 1.08531
20 124 1.07937
20 125 1.07399
20 126 1.07124
20 127 1.10042
20 128 1.10042
20 129 1.10042
20 130 1.10042
20 131 1.10042
20 132 1.08659
20 133 1.08031
20 134 1.07428
20 135 1.07116
20 136 1.09871
20 137 1.09871
20 138 1.09871
20 139 1.09871
20 140 1.09871
20 141 1.08553
20 142 1.07923
20 143 1.07334
20 144 1.07035
21 1 1.11762
21 2 1.11762
21 3 1.11762
21 4 1.11762
21 5 1.11762
21 6 1.09552
21 7 1.086
21 8 1.07758
21 9 1.0732
21 10 1.16101
21 11 1.16101
21 12 1.16101
21 13 1.16101
21 14 1.16101
21 15 1.1096
21 16 1.09272
21 17 1.08066
21 18 1.07559
21 19 1.30367
21 20 1.30367
21 21 1.30367
21 22 1.30367
21 23 1.30367
21 24 1.11723
21 25 1.09646
21 26 1.08221
21 27 1.07592
21 28 1.16154
21 29 1.16154
21 30 1.16154
21 31 1.16154
21 32 1.16154
21 33 1.11041
21 34 1.09396
21 35 1.08117
21 36 1.07518
21 37 1.11095
21 38 1.11095
