injected_el measured_el potential
1 1 1.30514
1 2 1.30514
1 3 1.30514
1 4 1.30514
1 5 1.30514
1 6 1.11845
1 7 1.09721
1 8 1.08239
1 9 1.07565
1 10 1.14692
1 11 1.14692
1 12 1.14692
1 13 1.14692
1 14 1.14692
1 15 1.10664
1 16 1.09171
1 17 1.07962
1 18 1.07387
1 19 1.11813
1 20 1.11813
1 21 1.11813
1 22 1.11813
1 23 1.11813
1 24 1.09528
1 25 1.085
1 26 1.07596
1 27 1.07152
1 28 1.10055
1 29 1.10055
1 30 1.10055
1 31 1.10055
1 32 1.10055
1 33 1.08572
1 34 1.07855
1 35 1.07198
1 36 1.0687
1 37 1.14802
1 38 1.14802
1 39 1.14802
1 40 1.14802
1 41 1.14802
1 42 1.10765
1 43 1.09277
1 44 1.08079
1 45 1.07516
1 46 1.12935
1 47 1.12935
1 48 1.12935
1 49 1.12935
1 50 1.12935
1 51 1.10084
1 52 1.08874
1 53 1.07843
1 54 1.07344
1 55 1.11157
1 56 1.11157
1 57 1.11157
1 58 1.11157
1 59 1.11157
1 60 1.09224
1 61 1.08325
1 62 1.0752
1 63 1.07121
1 64 1.0975
1 65 1.0975
1 66 1.0975
1 67 1.0975
1 68 1.0975
1 69 1.08411
1 70 1.07757
1 71 1.07154
1 72 1.06852
1 73 1.11952
1 74 1.11952
1 75 1.11952
1 76 1.11952
1 77 1.11952
1 78 1.09658
1 79 1.08642
1 80 1.07749
1 81 1.07322
1 82 1.11184
1 83 1.11184
1 84 1.11184
1 85 1.11184
1 86 1.11184
1 87 1.09254
1 88 1.08356
1 89 1.07556
1 90 1.07162
1 91 1.10162
1 92 1.10162
1 93 1.10162
1 94 1.10162
1 95 1.10162
1 96 1.08668
1 97 1.07948
1 98 1.07288
1 99 1.0696
1 100 1.09162
1 101 1.09162
1 102 1.09162
1 103 1.09162
1 104 1.09162
1 105 1.08042
1 106 1.07488
1 107 1.06973
1 108 1.06714
1 109 1.10174
1 110 1.10174
1 111 1.10174
1 112 1.10174
1 113 1.10174
1 114 1.08696
1 115 1.07985
1 116 1.07334
1 117 1.07034
1 118 1.09759
1 119 1.09759
1 120 1.09759
1 121 1.09759
1 122 1.09759
1 123 1.08426
1 124 1.07773
1 125 1.07179
1 126 1.06887
1 127 1.09144
1 128 1.09144
1 129 1.09144
1 130 1.09144
1 131 1.09144
1 132 1.08025
1 133 1.07474
1 134 1.06963
1 135 1.06708
1 136 1.08456
1 137 1.08456
1 138 1.08456
1 139 1.08456
1 140 1.08456
1 141 1.07563
1 142 1.07117
1 143 1.067
1 144 1.0649
2 1 1.30514
2 2 1.30514
2 3 1.30514
2 4 1.30514
2 5 1.30514
2 6 1.11845
2 7 1.09721
2 8 1.08239
2 9 1.07565
2 10 1.14692
2 11 1.14692
2 12 1.14692
2 13 1.14692
2 14 1.14692
2 15 1.10664
2 16 1.09171
2 17 1.07962
2 18 1.07387
2 19 1.11813
2 20 1.11813
2 21 1.11813
2 22 1.11813
2 23 1.11813
2 24 1.09528
2 25 1.085
2 26 1.07596
2 27 1.07152
2 28 1.10055
2 29 1.10055
2 30 1.10055
2 31 1.10055
2 32 1.10055
2 33 1.08572
2 34 1.07855
2 35 1.07198
2 36 1.0687
2 37 1.14802
2 38 1.14802
2 39 1.14802
2 40 1.14802
2 41 1.14802
2 42 1.10765
2 43 1.09277
2 44 1.08079
2 45 1.07516
2 46 1.12935
2 47 1.12935
2 48 1.12935
2 49 1.12935
2 50 1.12935
2 51 1.10084
2 52 1.08874
2 53 1.07843
2 54 1.07344
2 55 1.11157
2 56 1.11157
2 57 1.11157
2 58 1.11157
2 59 1.11157
2 60 1.09224
2 61 1.08325
2 62 1.0752
2 63 1.07121
2 64 1.0975
2 65 1.0975
2 66 1.0975
2 67 1.0975
2 68 1.0975
2 69 1.08411
2 70 1.07757
2 71 1.07154
2 72 1.06852
2 73 1.11952
2 74 1.11952
2 75 1.11952
2 76 1.11952
2 77 1.11952
2 78 1.09658
2 79 1.08642
2 80 1.07749
2 81 1.07322
2 82 1.11184
2 83 1.11184
2 84 1.11184
2 85 1.11184
2 86 1.11184
2 87 1.09254
2 88 1.08356
2 89 1.07556
2 90 1.07162
2 91 1.10162
2 92 1.10162
2 93 1.10162
2 94 1.10162
2 95 1.10162
2 96 1.08668
2 97 1.07948
2 98 1.07288
2 99 1.0696
2 100 1.09162
2 101 1.09162
2 102 1.09162
2 103 1.09162
2 104 1.09162
2 105 1.08042
2 106 1.07488
2 107 1.06973
2 108 1.06714
2 109 1.10174
2 110 1.10174
2 111 1.10174
2 112 1.10174
2 113 1.10174
2 114 1.08696
2 115 1.07985
2 116 1.07334
2 117 1.07034
2 118 1.09759
2 119 1.09759
2 120 1.09759
2 121 1.09759
2 122 1.09759
2 123 1.08426
2 124 1.07773
2 125 1.07179
2 126 1.06887
2 127 1.09144
2 128 1.09144
2 129 1.09144
2 130 1.09144
2 131 1.09144
2 132 1.08025
2 133 1.07474
2 134 1.06963
2 135 1.06708
2 136 1.08456
2 137 1.08456
2 138 1.08456
2 139 1.08456
2 140 1.08456
2 141 1.07563
2 142 1.07117
2 143 1.067
2 144 1.0649
3 1 1.30514
3 2 1.30514
3 3 1.30514
3 4 1.30514
3 5 1.30514
3 6 1.11845
3 7 1.09721
3 8 1.08239
3 9 1.07565
3 10 1.14692
3 11 1.14692
3 12 1.14692
3 13 1.14692
3 14 1.14692
3 15 1.10664
3 16 1.09171
3 17 1.07962
3 18 1.07387
3 19 1.11813
3 20 1.11813
3 21 1.11813
3 22 1.11813
3 23 1.11813
3 24 1.09528
3 25 1.085
3 26 1.07596
3 27 1.07152
3 28 1.10055
3 29 1.10055
3 30 1.10055
3 31 1.10055
3 32 1.10055
3 33 1.08572
3 34 1.07855
3 35 1.07198
3 36 1.0687
3 37 1.14802
3 38 1.14802
3 39 1.14802
3 40 1.14802
3 41 1.14802
3 42 1.10765
3 43 1.09277
3 44 1.08079
3 45 1.07516
3 46 1.12935
3 47 1.12935
3 48 1.12935
3 49 1.12935
3 50 1.12935
3 51 1.10084
3 52 1.08874
3 53 1.07843
3 54 1.07344
3 55 1.11157
3 56 1.11157
3 57 1.11157
3 58 1.11157
3 59 1.11157
3 60 1.09224
3 61 1.08325
3 62 1.0752
3 63 1.07121
3 64 1.0975
3 65 1.0975
3 66 1.0975
3 67 1.0975
3 68 1.0975
3 69 1.08411
3 70 1.07757
3 71 1.07154
3 72 1.06852
3 73 1.11952
3 74 1.11952
3 75 1.11952
3 76 1.11952
3 77 1.11952
3 78 1.09658
3 79 1.08642
3 80 1.07749
3 81 1.07322
3 82 1.11184
3 83 1.11184
3 84 1.11184
3 85 1.11184
3 86 1.11184
3 87 1.09254
3 88 1.08356
3 89 1.07556
3 90 1.07162
3 91 1.10162
3 92 1.10162
3 93 1.10162
3 94 1.10162
3 95 1.10162
3 96 1.08668
3 97 1.07948
3 98 1.07288
3 99 1.0696
3 100 1.09162
3 101 1.09162
3 102 1.09162
3 103 1.09162
3 104 1.09162
3 105 1.08042
3 106 1.07488
3 107 1.06973
3 108 1.06714
3 109 1.10174
3 110 1.10174
3 111 1.10174
3 112 1.10174
3 113 1.10174
3 114 1.08696
3 115 1.07985
3 116 1.07334
3 117 1.07034
3 118 1.09759
3 119 1.09759
3 120 1.09759
3 121 1.09759
3 122 1.09759
3 123 1.08426
3 124 1.07773
3 125 1.07179
3 126 1.06887
3 127 1.09144
3 128 1.09144
3 129 1.09144
3 130 1.09144
3 131 1.09144
3 132 1.08025
3 133 1.07474
3 134 1.06963
3 135 1.06708
3 136 1.08456
3 137 1.08456
3 138 1.08456
3 139 1.08456
3 140 1.08456
3 141 1.07563
3 142 1.07117
3 143 1.067
3 144 1.0649
4 1 1.30514
4 2 1.30514
4 3 1.30514
4 4 1.30514
4 5 1.30514
4 6 1.11845
4 7 1.09721
4 8 1.08239
4 9 1.07565
4 10 1.14692
4 11 1.14692
4 12 1.14692
4 13 1.14692
4 14 1.14692
4 15 1.10664
4 16 1.09171
4 17 1.07962
4 18 1.07387
4 19 1.11813
4 20 1.11813
4 21 1.11813
4 22 1.11813
4 23 1.11813
4 24 1.09528
4 25 1.085
4 26 1.07596
4 27 1.07152
4 28 1.10055
4 29 1.10055
4 30 1.10055
4 31 1.10055
4 32 1.10055
4 33 1.08572
4 34 1.07855
4 35 1.07198
4 36 1.0687
4 37 1.14802
4 38 1.14802
4 39 1.14802
4 40 1.14802
4 41 1.14802
4 42 1.10765
4 43 1.09277
4 44 1.08079
4 45 1.07516
4 46 1.12935
4 47 1.12935
4 48 1.12935
4 49 1.12935
4 50 1.12935
4 51 1.10084
4 52 1.08874
4 53 1.07843
4 54 1.07344
4 55 1.11157
4 56 1.11157
4 57 1.11157
4 58 1.11157
4 59 1.11157
4 60 1.09224
4 61 1.08325
4 62 1.0752
4 63 1.07121
4 64 1.0975
4 65 1.0975
4 66 1.0975
4 67 1.0975
4 68 1.0975
4 69 1.08411
4 70 1.07757
4 71 1.07154
4 72 1.06852
4 73 1.11952
4 74 1.11952
4 75 1.11952
4 76 1.11952
4 77 1.11952
4 78 1.09658
4 79 1.08642
4 80 1.07749
4 81 1.07322
4 82 1.11184
4 83 1.11184
4 84 1.11184
4 85 1.11184
4 86 1.11184
4 87 1.09254
4 88 1.08356
4 89 1.07556
4 90 1.07162
4 91 1.10162
4 92 1.10162
4 93 1.10162
4 94 1.10162
4 95 1.10162
4 96 1.08668
4 97 1.07948
4 98 1.07288
4 99 1.0696
4 100 1.09162
4 101 1.09162
4 102 1.09162
4 103 1.09162
4 104 1.09162
4 105 1.08042
4 106 1.07488
4 107 1.06973
4 108 1.06714
4 109 1.10174
4 110 1.10174
4 111 1.10174
4 112 1.10174
4 113 1.10174
4 114 1.08696
4 115 1.07985
4 116 1.07334
4 117 1.07034
4 118 1.09759
4 119 1.09759
4 120 1.09759
4 121 1.09759
4 122 1.09759
4 123 1.08426
4 124 1.07773
4 125 1.07179
4 126 1.06887
4 127 1.09144
4 128 1.09144
4 129 1.09144
4 130 1.09144
4 131 1.09144
4 132 1.08025
4 133 1.07474
4 134 1.06963
4 135 1.06708
4 136 1.08456
4 137 1.08456
4 138 1.08456
4 139 1.08456
4 140 1.08456
4 141 1.07563
4 142 1.07117
4 143 1.067
4 144 1.0649
5 1 1.30514
5 2 1.30514
5 3 1.30514
5 4 1.30514
5 5 1.30514
5 6 1.11845
5 7 1.09721
5 8 1.08239
5 9 1.07565
5 10 1.14692
5 11 1.14692
5 12 1.14692
5 13 1.14692
5 14 1.14692
5 15 1.10664
5 16 1.09171
5 17 1.07962
5 18 1.07387
5 19 1.11813
5 20 1.11813
5 21 1.11813
5 22 1.11813
5 23 1.11813
5 24 1.09528
5 25 1.085
5 26 1.07596
5 27 1.07152
5 28 1.10055
5 29 1.10055
5 30 1.10055
5 31 1.10055
5 32 1.10055
5 33 1.08572
5 34 1.07855
5 35 1.07198
5 36 1.0687
5 37 1.14802
5 38 1.14802
5 39 1.14802
5 40 1.14802
5 41 1.14802
5 42 1.10765
5 43 1.09277
5 44 1.08079
5 45 1.07516
5 46 1.12935
5 47 1.12935
5 48 1.12935
5 49 1.12935
5 50 1.12935
5 51 1.10084
5 52 1.08874
5 53 1.07843
5 54 1.07344
5 55 1.11157
5 56 1.11157
5 57 1.11157
5 58 1.11157
5 59 1.11157
5 60 1.09224
5 61 1.08325
5 62 1.0752
5 63 1.07121
5 64 1.0975
5 65 1.0975
5 66 1.0975
5 67 1.0975
5 68 1.0975
5 69 1.08411
5 70 1.07757
5 71 1.07154
5 72 1.06852
5 73 1.11952
5 74 1.11952
5 75 1.11952
5 76 1.11952
5 77 1.11952
5 78 1.09658
5 79 1.08642
5 80 1.07749
5 81 1.07322
5 82 1.11184
5 83 1.11184
5 84 1.11184
5 85 1.11184
5 86 1.11184
5 87 1.09254
5 88 1.08356
5 89 1.07556
5 90 1.07162
5 91 1.10162
5 92 1.10162
5 93 1.10162
5 94 1.10162
5 95 1.10162
5 96 1.08668
5 97 1.07948
5 98 1.07288
5 99 1.0696
5 100 1.09162
5 101 1.09162
5 102 1.09162
5 103 1.09162
5 104 1.09162
5 105 1.08042
5 106 1.07488
5 107 1.06973
5 108 1.06714
5 109 1.10174
5 110 1.10174
5 111 1.10174
5 112 1.10174
5 113 1.10174
5 114 1.08696
5 115 1.07985
5 116 1.07334
5 117 1.07034
5 118 1.09759
5 119 1.09759
5 120 1.09759
5 121 1.09759
5 122 1.09759
5 123 1.08426
5 124 1.07773
5 125 1.07179
5 126 1.06887
5 127 1.09144
5 128 1.09144
5 129 1.09144
5 130 1.09144
5 131 1.09144
5 132 1.08025
5 133 1.07474
5 134 1.06963
5 135 1.06708
5 136 1.08456
5 137 1.08456
5 138 1.08456
5 139 1.08456
5 140 1.08456
5 141 1.07563
5 142 1.07117
5 143 1.067
5 144 1.0649
6 1 1.11845
6 2 1.11845
6 3 1.11845
6 4 1.11845
6 5 1.11845
6 6 6.92039
6 7 2.14538
6 8 1.39469
6 9 1.20567
6 10 1.1066
6 11 1.1066
6 12 1.1066
6 13 1.1066
6 14 1.1066
6 15 1.44639
6 16 1.36743
6 17 1.24367
6 18 1.1799
6 19 1.09524
6 20 1.09524
6 21 1.09524
6 22 1.09524
6 23 1.09524
6 24 1.19392
6 25 1.19341
6 26 1.16792
6 27 1.15089
6 28 1.08568
6 29 1.08568
6 30 1.08568
6 31 1.08568
6 32 1.08568
6 33 1.12458
6 34 1.13103
6 35 1.12903
6 36 1.12637
6 37 1.10783
6 38 1.10783
6 39 1.10783
6 40 1.10783
6 41 1.10783
6 42 1.44404
6 43 1.3657
6 44 1.24332
6 45 1.18097
6 46 1.10086
6 47 1.10086
6 48 1.10086
6 49 1.10086
6 50 1.10086
6 51 1.25904
6 52 1.24599
6 53 1.19504
6 54 1.16406
6 55 1.09223
6 56 1.09223
6 57 1.09223
6 58 1.09223
6 59 1.09223
6 60 1.15976
6 61 1.16408
6 62 1.15145
6 63 1.14195
6 64 1.08408
6 65 1.08408
6 66 1.08408
6 67 1.08408
6 68 1.08408
6 69 1.11563
6 70 1.12222
6 71 1.12252
6 72 1.12145
6 73 1.09686
6 74 1.09686
6 75 1.09686
6 76 1.09686
6 77 1.09686
6 78 1.19202
6 79 1.19226
6 80 1.16789
6 81 1.152
6 82 1.09261
6 83 1.09261
6 84 1.09261
6 85 1.09261
6 86 1.09261
6 87 1.15929
6 88 1.16369
6 89 1.15135
6 90 1.14207
6 91 1.0867
6 92 1.0867
6 93 1.0867
6 94 1.0867
6 95 1.0867
6 96 1.12559
6 97 1.13211
6 98 1.13014
6 99 1.12748
6 100 1.08041
6 101 1.08041
6 102 1.08041
6 103 1.08041
6 104 1.08041
6 105 1.10285
6 106 1.10912
6 107 1.11173
6 108 1.11235
6 109 1.08723
6 110 1.08723
6 111 1.08723
6 112 1.08723
6 113 1.08723
6 114 1.12302
6 115 1.13005
6 116 1.12877
6 117 1.12711
6 118 1.08437
6 119 1.08437
6 120 1.08437
6 121 1.08437
6 122 1.08437
6 123 1.11472
6 124 1.12143
6 125 1.12206
6 126 1.12122
6 127 1.08032
6 128 1.08032
6 129 1.08032
6 130 1.08032
6 131 1.08032
6 132 1.10235
6 133 1.10863
6 134 1.11133
6 135 1.11201
6 136 1.07565
6 137 1.07565
6 138 1.07565
6 139 1.07565
6 140 1.07565
6 141 1.09091
6 142 1.09637
6 143 1.10001
6 144 1.10153
7 1 1.09721
7 2 1.09721
7 3 1.09721
7 4 1.09721
7 5 1.09721
7 6 2.14538
7 7 6.92338
7 8 1.99668
7 9 1.31396
7 10 1.09166
7 11 1.09166
7 12 1.09166
7 13 1.09166
7 14 1.09166
7 15 1.36728
7 16 1.46888
7 17 1.34149
7 18 1.24975
7 19 1.08495
7 20 1.08495
7 21 1.08495
7 22 1.08495
7 23 1.08495
7 24 1.19335
7 25 1.22071
7 26 1.21012
7 27 1.19651
7 28 1.0785
7 29 1.0785
7 30 1.0785
7 31 1.0785
7 32 1.0785
7 33 1.13102
7 34 1.14802
7 35 1.15556
7 36 1.15734
7 37 1.09292
7 38 1.09292
7 39 1.09292
7 40 1.09292
7 41 1.09292
7 42 1.36537
7 43 1.46654
7 44 1.34065
7 45 1.25074
7 46 1.08876
7 47 1.08876
7 48 1.08876
7 49 1.08876
7 50 1.08876
7 51 1.24587
7 52 1.28537
7 53 1.25102
7 54 1.21878
7 55 1.08323
7 56 1.08323
7 57 1.08323
7 58 1.08323
7 59 1.08323
7 60 1.16403
7 61 1.18584
7 62 1.18611
7 63 1.18138
7 64 1.07754
7 65 1.07754
7 66 1.07754
7 67 1.07754
7 68 1.07754
7 69 1.12221
7 70 1.13774
7 71 1.14653
7 72 1.14956
7 73 1.08665
7 74 1.08665
7 75 1.08665
7 76 1.08665
7 77 1.08665
7 78 1.19136
7 79 1.21916
7 80 1.20968
7 81 1.19729
7 82 1.08364
7 83 1.08364
7 84 1.08364
7 85 1.08364
7 86 1.08364
7 87 1.16347
7 88 1.18535
7 89 1.18587
7 90 1.18134
7 91 1.07949
7 92 1.07949
7 93 1.07949
7 94 1.07949
7 95 1.07949
7 96 1.13204
7 97 1.14909
7 98 1.15675
7 99 1.15859
7 100 1.07487
7 101 1.07487
7 102 1.07487
7 103 1.07487
7 104 1.07487
7 105 1.10911
7 106 1.12244
7 107 1.13194
7 108 1.13601
7 109 1.08017
7 110 1.08017
7 111 1.08017
7 112 1.08017
7 113 1.08017
7 114 1.12892
7 115 1.1465
7 116 1.15476
7 117 1.15753
7 118 1.07789
7 119 1.07789
7 120 1.07789
7 121 1.07789
7 122 1.07789
7 123 1.12105
7 124 1.13672
7 125 1.14579
7 126 1.14902
7 127 1.07481
7 128 1.07481
7 129 1.07481
7 130 1.07481
7 131 1.07481
7 132 1.10852
7 133 1.12183
7 134 1.1314
7 135 1.13553
7 136 1.07119
7 137 1.07119
7 138 1.07119
7 139 1.07119
7 140 1.07119
7 141 1.09634
7 142 1.10726
7 143 1.11624
7 144 1.12047
8 1 1.08239
8 2 1.08239
8 3 1.08239
8 4 1.08239
8 5 1.08239
8 6 1.39469
8 7 1.99668
8 8 6.24467
8 9 1.54648
8 10 1.07959
8 11 1.07959
8 12 1.07959
8 13 1.07959
8 14 1.07959
8 15 1.24345
8 16 1.34115
8 17 1.39958
8 18 1.33607
8 19 1.07593
8 20 1.07593
8 21 1.07593
8 22 1.07593
8 23 1.07593
8 24 1.16784
8 25 1.21
8 26 1.23807
8 27 1.24449
8 28 1.07195
8 29 1.07195
8 30 1.07195
8 31 1.07195
8 32 1.07195
8 33 1.129
8 34 1.15551
8 35 1.1777
8 36 1.18789
8 37 1.0809
8 38 1.0809
8 39 1.0809
8 40 1.0809
8 41 1.0809
8 42 1.24328
8 43 1.34117
8 44 1.39963
8 45 1.33694
8 46 1.07845
8 47 1.07845
8 48 1.07845
8 49 1.07845
8 50 1.07845
8 51 1.19491
8 52 1.25093
8 53 1.28274
8 54 1.27928
8 55 1.07519
8 56 1.07519
8 57 1.07519
8 58 1.07519
8 59 1.07519
8 60 1.15139
8 61 1.18604
8 62 1.21186
8 63 1.22159
8 64 1.07153
8 65 1.07153
8 66 1.07153
8 67 1.07153
8 68 1.07153
8 69 1.12251
8 70 1.14649
8 71 1.16721
8 72 1.17706
8 73 1.0777
8 74 1.0777
8 75 1.0777
8 76 1.0777
8 77 1.0777
8 78 1.16693
8 79 1.20944
8 80 1.23791
8 81 1.24488
8 82 1.07563
8 83 1.07563
8 84 1.07563
8 85 1.07563
8 86 1.07563
8 87 1.15102
8 88 1.18573
8 89 1.21163
8 90 1.22141
8 91 1.07291
8 92 1.07291
8 93 1.07291
8 94 1.07291
8 95 1.07291
8 96 1.13003
8 97 1.15666
8 98 1.17901
8 99 1.18932
8 100 1.06974
8 101 1.06974
8 102 1.06974
8 103 1.06974
8 104 1.06974
8 105 1.11171
8 106 1.1319
8 107 1.15001
8 108 1.15889
8 109 1.07372
8 110 1.07372
8 111 1.07372
8 112 1.07372
8 113 1.07372
8 114 1.12712
8 115 1.1542
8 116 1.17672
8 117 1.18751
8 118 1.07194
8 119 1.07194
8 120 1.07194
8 121 1.07194
8 122 1.07194
8 123 1.12136
8 124 1.14547
8 125 1.16632
8 126 1.17622
8 127 1.0697
8 128 1.0697
8 129 1.0697
8 130 1.0697
8 131 1.0697
8 132 1.11109
8 133 1.13123
8 134 1.14937
8 135 1.15827
8 136 1.06703
8 137 1.06703
8 138 1.06703
8 139 1.06703
8 140 1.06703
8 141 1.09995
8 142 1.11617
8 143 1.13114
8 144 1.13861
9 1 1.07565
9 2 1.07565
9 3 1.07565
9 4 1.07565
9 5 1.07565
9 6 1.20567
9 7 1.31396
9 8 1.54648
9 9 2.14799
9 10 1.07387
9 11 1.07387
9 12 1.07387
9 13 1.07387
9 14 1.07387
9 15 1.17993
9 16 1.2497
9 17 1.33614
9 18 1.38996
9 19 1.07152
9 20 1.07152
9 21 1.07152
9 22 1.07152
9 23 1.07152
9 24 1.1509
9 25 1.19646
9 26 1.24449
9 27 1.27026
9 28 1.06869
9 29 1.06869
9 30 1.06869
9 31 1.06869
9 32 1.06869
9 33 1.12638
9 34 1.15729
9 35 1.18788
9 36 1.20369
9 37 1.07519
9 38 1.07519
9 39 1.07519
9 40 1.07519
9 41 1.07519
9 42 1.18039
9 43 1.2504
9 44 1.33654
9 45 1.38999
9 46 1.07347
9 47 1.07347
9 48 1.07347
9 49 1.07347
9 50 1.07347
9 51 1.16393
9 52 1.21861
9 53 1.27914
9 54 1.31268
9 55 1.07123
9 56 1.07123
9 57 1.07123
9 58 1.07123
9 59 1.07123
9 60 1.1419
9 61 1.18126
9 62 1.22149
9 63 1.24263
9 64 1.06853
9 65 1.06853
9 66 1.06853
9 67 1.06853
9 68 1.06853
9 69 1.12143
9 70 1.14949
9 71 1.177
9 72 1.19116
9 73 1.0733
9 74 1.0733
9 75 1.0733
9 76 1.0733
9 77 1.0733
9 78 1.15049
9 79 1.19627
9 80 1.2442
9 81 1.26997
9 82 1.07168
9 83 1.07168
9 84 1.07168
9 85 1.07168
9 86 1.07168
9 87 1.1416
9 88 1.18098
9 89 1.22116
9 90 1.24223
9 91 1.06964
9 92 1.06964
9 93 1.06964
9 94 1.06964
9 95 1.06964
9 96 1.12731
9 97 1.15838
9 98 1.18916
9 99 1.20506
9 100 1.06716
9 101 1.06716
9 102 1.06716
9 103 1.06716
9 104 1.06716
9 105 1.11229
9 106 1.1359
9 107 1.1588
9 108 1.17051
9 109 1.07049
9 110 1.07049
9 111 1.07049
9 112 1.07049
9 113 1.07049
9 114 1.1246
9 115 1.15602
9 116 1.18663
9 117 1.20271
9 118 1.06896
9 119 1.06896
9 120 1.06896
9 121 1.06896
9 122 1.06896
9 123 1.12026
9 124 1.14841
9 125 1.17592
9 126 1.19001
9 127 1.06714
9 128 1.06714
9 129 1.06714
9 130 1.06714
9 131 1.06714
9 132 1.11164
9 133 1.13518
9 134 1.15806
9 135 1.16977
9 136 1.06493
9 137 1.06493
9 138 1.06493
9 139 1.06493
9 140 1.06493
9 141 1.1014
9 142 1.1203
9 143 1.13849
9 144 1.14775
10 1 1.14692
10 2 1.14692
10 3 1.14692
10 4 1.14692
10 5 1.14692
10 6 1.1066
10 7 1.09166
10 8 1.07959
10 9 1.07387
10 10 1.30424
10 11 1.30424
10 12 1.30424
10 13 1.30424
10 14 1.30424
10 15 1.11753
10 16 1.09627
10 17 1.08141
10 18 1.07461
10 19 1.16167
10 20 1.16167
10 21 1.16167
10 22 1.16167
10 23 1.16167
10 24 1.11002
10 25 1.09318
10 26 1.08005
10 27 1.07388
10 28 1.12582
10 29 1.12582
10 30 1.12582
10 31 1.12582
10 32 1.12582
10 33 1.09877
10 34 1.08712
10 35 1.07708
10 36 1.0722
10 37 1.12934
10 38 1.12934
10 39 1.12934
10 40 1.12934
10 41 1.12934
10 42 1.10069
10 43 1.08861
10 44 1.07835
10 45 1.07345
10 46 1.14712
10 47 1.14712
10 48 1.14712
10 49 1.14712
10 50 1.14712
10 51 1.1068
10 52 1.09188
10 53 1.07981
10 54 1.07409
10 55 1.1352
10 56 1.1352
10 57 1.1352
10 58 1.1352
10 59 1.1352
10 60 1.1029
10 61 1.08974
10 62 1.07871
10 63 1.07339
10 64 1.117
10 65 1.117
10 66 1.117
10 67 1.117
10 68 1.117
10 69 1.09501
10 70 1.08501
10 71 1.07617
10 72 1.07182
10 73 1.11182
10 74 1.11182
10 75 1.11182
10 76 1.11182
10 77 1.11182
10 78 1.09228
10 79 1.08341
10 80 1.07546
10 81 1.07164
10 82 1.11861
10 83 1.11861
10 84 1.11861
10 85 1.11861
10 86 1.11861
10 87 1.09572
10 88 1.08547
10 89 1.07649
10 90 1.07212
10 91 1.11429
10 92 1.11429
10 93 1.11429
10 94 1.11429
10 95 1.11429
10 96 1.09359
10 97 1.08409
10 98 1.07565
10 99 1.0715
10 100 1.10501
10 101 1.10501
10 102 1.10501
10 103 1.10501
10 104 1.10501
10 105 1.08861
10 106 1.08078
10 107 1.07366
10 108 1.07012
10 109 1.09756
10 110 1.09756
10 111 1.09756
10 112 1.09756
10 113 1.09756
10 114 1.08401
10 115 1.07759
10 116 1.07164
10 117 1.06891
10 118 1.10084
10 119 1.10084
10 120 1.10084
10 121 1.10084
10 122 1.10084
10 123 1.08598
10 124 1.07884
10 125 1.07238
10 126 1.06922
10 127 1.09871
10 128 1.09871
10 129 1.09871
10 130 1.09871
10 131 1.09871
10 132 1.0847
10 133 1.07794
10 134 1.07174
10 135 1.06866
10 136 1.09355
10 137 1.09355
10 138 1.09355
10 139 1.09355
10 140 1.09355
10 141 1.08156
10 142 1.07567
10 143 1.07022
10 144 1.06748
11 1 1.14692
11 2 1.14692
11 3 1.14692
11 4 1.14692
11 5 1.14692
11 6 1.1066
11 7 1.09166
11 8 1.07959
11 9 1.07387
11 10 1.30424
11 11 1.30424
11 12 1.30424
11 13 1.30424
11 14 1.30424
11 15 1.11753
11 16 1.09627
11 17 1.08141
11 18 1.07461
11 19 1.16167
11 20 1.16167
11 21 1.16167
11 22 1.16167
11 23 1.16167
11 24 1.11002
11 25 1.09318
11 26 1.08005
11 27 1.07388
11 28 1.12582
11 29 1.12582
11 30 1.12582
11 31 1.12582
11 32 1.12582
11 33 1.09877
11 34 1.08712
11 35 1.07708
11 36 1.0722
11 37 1.12934
11 38 1.12934
11 39 1.12934
11 40 1.12934
11 41 1.12934
11 42 1.10069
11 43 1.08861
11 44 1.07835
11 45 1.07345
11 46 1.14712
11 47 1.14712
11 48 1.14712
11 49 1.14712
11 50 1.14712
11 51 1.1068
11 52 1.09188
11 53 1.07981
11 54 1.07409
11 55 1.1352
11 56 1.1352
11 57 1.1352
11 58 1.1352
11 59 1.1352
11 60 1.1029
11 61 1.08974
11 62 1.07871
11 63 1.07339
11 64 1.117
11 65 1.117
11 66 1.117
11 67 1.117
11 68 1.117
11 69 1.09501
11 70 1.08501
11 71 1.07617
11 72 1.07182
11 73 1.11182
11 74 1.11182
11 75 1.11182
11 76 1.11182
11 77 1.11182
11 78 1.09228
11 79 1.08341
11 80 1.07546
11 81 1.07164
11 82 1.11861
11 83 1.11861
11 84 1.11861
11 85 1.11861
11 86 1.11861
11 87 1.09572
11 88 1.08547
11 89 1.07649
11 90 1.07212
11 91 1.11429
11 92 1.11429
11 93 1.11429
11 94 1.11429
11 95 1.11429
11 96 1.09359
11 97 1.08409
11 98 1.07565
11 99 1.0715
11 100 1.10501
11 101 1.10501
11 102 1.10501
11 103 1.10501
11 104 1.10501
11 105 1.08861
11 106 1.08078
11 107 1.07366
11 108 1.07012
11 109 1.09756
11 110 1.09756
11 111 1.09756
11 112 1.09756
11 113 1.09756
11 114 1.08401
11 115 1.07759
11 116 1.07164
11 117 1.06891
11 118 1.10084
11 119 1.10084
11 120 1.10084
11 121 1.10084
11 122 1.10084
11 123 1.08598
11 124 1.07884
11 125 1.07238
11 126 1.06922
11 127 1.09871
11 128 1.09871
11 129 1.09871
11 130 1.09871
11 131 1.09871
11 132 1.0847
11 133 1.07794
11 134 1.07174
11 135 1.06866
11 136 1.09355
11 137 1.09355
11 138 1.09355
11 139 1.09355
11 140 1.09355
11 141 1.08156
11 142 1.07567
11 143 1.07022
11 144 1.06748
12 1 1.14692
12 2 1.14692
12 3 1.14692
12 4 1.14692
12 5 1.14692
12 6 1.1066
12 7 1.09166
12 8 1.07959
12 9 1.07387
12 10 1.30424
12 11 1.30424
12 12 1.30424
12 13 1.30424
12 14 1.30424
12 15 1.11753
12 16 1.09627
12 17 1.08141
12 18 1.07461
12 19 1.16167
12 20 1.16167
12 21 1.16167
12 22 1.16167
12 23 1.16167
12 24 1.11002
12 25 1.09318
12 26 1.08005
12 27 1.07388
12 28 1.12582
12 29 1.12582
12 30 1.12582
12 31 1.12582
12 32 1.12582
12 33 1.09877
12 34 1.08712
12 35 1.07708
12 36 1.0722
12 37 1.12934
12 38 1.12934
12 39 1.12934
12 40 1.12934
12 41 1.12934
12 42 1.10069
12 43 1.08861
12 44 1.07835
12 45 1.07345
12 46 1.14712
12 47 1.14712
12 48 1.14712
12 49 1.14712
12 50 1.14712
12 51 1.1068
12 52 1.09188
12 53 1.07981
12 54 1.07409
12 55 1.1352
12 56 1.1352
12 57 1.1352
12 58 1.1352
12 59 1.1352
12 60 1.1029
12 61 1.08974
12 62 1.07871
12 63 1.07339
12 64 1.117
12 65 1.117
12 66 1.117
12 67 1.117
12 68 1.117
12 69 1.09501
12 70 1.08501
12 71 1.07617
12 72 1.07182
12 73 1.11182
12 74 1.11182
12 75 1.11182
12 76 1.11182
12 77 1.11182
12 78 1.09228
12 79 1.08341
12 80 1.07546
12 81 1.07164
12 82 1.11861
12 83 1.11861
12 84 1.11861
12 85 1.11861
12 86 1.11861
12 87 1.09572
12 88 1.08547
12 89 1.07649
12 90 1.07212
12 91 1.11429
12 92 1.11429
12 93 1.11429
12 94 1.11429
12 95 1.11429
12 96 1.09359
12 97 1.08409
12 98 1.07565
12 99 1.0715
12 100 1.10501
12 101 1.10501
12 102 1.10501
12 103 1.10501
12 104 1.10501
12 105 1.08861
12 106 1.08078
12 107 1.07366
12 108 1.07012
12 109 1.09756
12 110 1.09756
12 111 1.09756
12 112 1.09756
12 113 1.09756
12 114 1.08401
12 115 1.07759
12 116 1.07164
12 117 1.06891
12 118 1.10084
12 119 1.10084
12 120 1.10084
12 121 1.10084
12 122 1.10084
12 123 1.08598
12 124 1.07884
12 125 1.07238
12 126 1.06922
12 127 1.09871
12 128 1.09871
12 129 1.09871
12 130 1.09871
12 131 1.09871
12 132 1.0847
12 133 1.07794
12 134 1.07174
12 135 1.06866
12 136 1.09355
12 137 1.09355
12 138 1.09355
12 139 1.09355
12 140 1.09355
12 141 1.08156
12 142 1.07567
12 143 1.07022
12 144 1.06748
13 1 1.14692
13 2 1.14692
13 3 1.14692
13 4 1.14692
13 5 1.14692
13 6 1.1066
13 7 1.09166
13 8 1.07959
13 9 1.07387
13 10 1.30424
13 11 1.30424
13 12 1.30424
13 13 1.30424
13 14 1.30424
13 15 1.11753
13 16 1.09627
13 17 1.08141
13 18 1.07461
13 19 1.16167
13 20 1.16167
13 21 1.16167
13 22 1.16167
13 23 1.16167
13 24 1.11002
13 25 1.09318
13 26 1.08005
13 27 1.07388
13 28 1.12582
13 29 1.12582
13 30 1.12582
13 31 1.12582
13 32 1.12582
13 33 1.09877
13 34 1.08712
13 35 1.07708
13 36 1.0722
13 37 1.12934
13 38 1.12934
13 39 1.12934
13 40 1.12934
13 41 1.12934
13 42 1.10069
13 43 1.08861
13 44 1.07835
13 45 1.07345
13 46 1.14712
13 47 1.14712
13 48 1.14712
13 49 1.14712
13 50 1.14712
13 51 1.1068
13 52 1.09188
13 53 1.07981
13 54 1.07409
13 55 1.1352
13 56 1.1352
13 57 1.1352
13 58 1.1352
13 59 1.1352
13 60 1.1029
13 61 1.08974
13 62 1.07871
13 63 1.07339
13 64 1.117
13 65 1.117
13 66 1.117
13 67 1.117
13 68 1.117
13 69 1.09501
13 70 1.08501
13 71 1.07617
13 72 1.07182
13 73 1.11182
13 74 1.11182
13 75 1.11182
13 76 1.11182
13 77 1.11182
13 78 1.09228
13 79 1.08341
13 80 1.07546
13 81 1.07164
13 82 1.11861
13 83 1.11861
13 84 1.11861
13 85 1.11861
13 86 1.11861
13 87 1.09572
13 88 1.08547
13 89 1.07649
13 90 1.07212
13 91 1.11429
13 92 1.11429
13 93 1.11429
13 94 1.11429
13 95 1.11429
13 96 1.09359
13 97 1.08409
13 98 1.07565
13 99 1.0715
13 100 1.10501
13 101 1.10501
13 102 1.10501
13 103 1.10501
13 104 1.10501
13 105 1.08861
13 106 1.08078
13 107 1.07366
13 108 1.07012
13 109 1.09756
13 110 1.09756
13 111 1.09756
13 112 1.09756
13 113 1.09756
13 114 1.08401
13 115 1.07759
13 116 1.07164
13 117 1.06891
13 118 1.10084
13 119 1.10084
13 120 1.10084
13 121 1.10084
13 122 1.10084
13 123 1.08598
13 124 1.07884
13 125 1.07238
13 126 1.06922
13 127 1.09871
13 128 1.09871
13 129 1.09871
13 130 1.09871
13 131 1.09871
13 132 1.0847
13 133 1.07794
13 134 1.07174
13 135 1.06866
13 136 1.09355
13 137 1.09355
13 138 1.09355
13 139 1.09355
13 140 1.09355
13 141 1.08156
13 142 1.07567
13 143 1.07022
13 144 1.06748
14 1 1.14692
14 2 1.14692
14 3 1.14692
14 4 1.14692
14 5 1.14692
14 6 1.1066
14 7 1.09166
14 8 1.07959
14 9 1.07387
14 10 1.30424
14 11 1.30424
14 12 1.30424
14 13 1.30424
14 14 1.30424
14 15 1.11753
14 16 1.09627
14 17 1.08141
14 18 1.07461
14 19 1.16167
14 20 1.16167
14 21 1.16167
14 22 1.16167
14 23 1.16167
14 24 1.11002
14 25 1.09318
14 26 1.08005
14 27 1.07388
14 28 1.12582
14 29 1.12582
14 30 1.12582
14 31 1.12582
14 32 1.12582
14 33 1.09877
14 34 1.08712
14 35 1.07708
14 36 1.0722
14 37 1.12934
14 38 1.12934
14 39 1.12934
14 40 1.12934
14 41 1.12934
14 42 1.10069
14 43 1.08861
14 44 1.07835
14 45 1.07345
14 46 1.14712
14 47 1.14712
14 48 1.14712
14 49 1.14712
14 50 1.14712
14 51 1.1068
14 52 1.09188
14 53 1.07981
14 54 1.07409
14 55 1.1352
14 56 1.1352
14 57 1.1352
14 58 1.1352
14 59 1.1352
14 60 1.1029
14 61 1.08974
14 62 1.07871
14 63 1.07339
14 64 1.117
14 65 1.117
14 66 1.117
14 67 1.117
14 68 1.117
14 69 1.09501
14 70 1.08501
14 71 1.07617
14 72 1.07182
14 73 1.11182
14 74 1.11182
14 75 1.11182
14 76 1.11182
14 77 1.11182
14 78 1.09228
14 79 1.08341
14 80 1.07546
14 81 1.07164
14 82 1.11861
14 83 1.11861
14 84 1.11861
14 85 1.11861
14 86 1.11861
14 87 1.09572
14 88 1.08547
14 89 1.07649
14 90 1.07212
14 91 1.11429
14 92 1.11429
14 93 1.11429
14 94 1.11429
14 95 1.11429
14 96 1.09359
14 97 1.08409
14 98 1.07565
14 99 1.0715
14 100 1.10501
14 101 1.10501
14 102 1.10501
14 103 1.10501
14 104 1.10501
14 105 1.08861
14 106 1.08078
14 107 1.07366
14 108 1.07012
14 109 1.09756
14 110 1.09756
14 111 1.09756
14 112 1.09756
14 113 1.09756
14 114 1.08401
14 115 1.07759
14 116 1.07164
14 117 1.06891
14 118 1.10084
14 119 1.10084
14 120 1.10084
14 121 1.10084
14 122 1.10084
14 123 1.08598
14 124 1.07884
14 125 1.07238
14 126 1.06922
14 127 1.09871
14 128 1.09871
14 129 1.09871
14 130 1.09871
14 131 1.09871
14 132 1.0847
14 133 1.07794
14 134 1.07174
14 135 1.06866
14 136 1.09355
14 137 1.09355
14 138 1.09355
14 139 1.09355
14 140 1.09355
14 141 1.08156
14 142 1.07567
14 143 1.07022
14 144 1.06748
15 1 1.10664
15 2 1.10664
15 3 1.10664
15 4 1.10664
15 5 1.10664
15 6 1.44639
15 7 1.36728
15 8 1.24345
15 9 1.17993
15 10 1.11753
15 11 1.11753
15 12 1.11753
15 13 1.11753
15 14 1.11753
15 15 6.92077
15 16 2.14627
15 17 1.39485
15 18 1.20479
15 19 1.11
15 20 1.11
15 21 1.11
15 22 1.11
15 23 1.11
15 24 1.68188
15 25 1.4854
15 26 1.28184
15 27 1.18888
15 28 1.09875
15 29 1.09875
15 30 1.09875
15 31 1.09875
15 32 1.09875
15 33 1.2421
15 34 1.2321
15 35 1.18765
15 36 1.16024
15 37 1.10089
15 38 1.10089
15 39 1.10089
15 40 1.10089
15 41 1.10089
15 42 1.25796
15 43 1.24513
15 44 1.19436
15 45 1.16403
15 46 1.10686
15 47 1.10686
15 48 1.10686
15 49 1.10686
15 50 1.10686
15 51 1.44641
15 52 1.36746
15 53 1.24365
15 54 1.17999
15 55 1.10291
15 56 1.10291
15 57 1.10291
15 58 1.10291
15 59 1.10291
15 60 1.3113
15 61 1.28419
15 62 1.21184
15 63 1.17015
15 64 1.095
15 65 1.095
15 66 1.095
15 67 1.095
15 68 1.095
15 69 1.18478
15 70 1.18612
15 71 1.16437
15 72 1.14938
15 73 1.09264
15 74 1.09264
15 75 1.09264
15 76 1.09264
15 77 1.09264
15 78 1.15759
15 79 1.1626
15 80 1.15062
15 81 1.14194
15 82 1.09584
15 83 1.09584
15 84 1.09584
15 85 1.09584
15 86 1.09584
15 87 1.19353
15 88 1.19311
15 89 1.16783
15 90 1.15107
15 91 1.09364
15 92 1.09364
15 93 1.09364
15 94 1.09364
15 95 1.09364
15 96 1.17207
15 97 1.17494
15 98 1.1578
15 99 1.1456
15 100 1.08862
15 101 1.08862
15 102 1.08862
15 103 1.08862
15 104 1.08862
15 105 1.13601
15 106 1.14214
15 107 1.13722
15 108 1.1326
15 109 1.08441
15 110 1.08441
15 111 1.08441
15 112 1.08441
15 113 1.08441
15 114 1.11303
15 115 1.12031
15 116 1.12122
15 117 1.12102
15 118 1.08616
15 119 1.08616
15 120 1.08616
15 121 1.08616
15 122 1.08616
15 123 1.12366
15 124 1.13027
15 125 1.12855
15 126 1.12621
15 127 1.0848
15 128 1.0848
15 129 1.0848
15 130 1.0848
15 131 1.0848
15 132 1.11866
15 133 1.12522
15 134 1.12475
15 135 1.12317
15 136 1.0816
15 137 1.0816
15 138 1.0816
15 139 1.0816
15 140 1.0816
15 141 1.10685
15 142 1.11328
15 143 1.11524
15 144 1.11536
16 1 1.09171
16 2 1.09171
16 3 1.09171
16 4 1.09171
16 5 1.09171
16 6 1.36743
16 7 1.46888
16 8 1.34115
16 9 1.2497
16 10 1.09627
16 11 1.09627
16 12 1.09627
16 13 1.09627
16 14 1.09627
16 15 2.14627
16 16 6.92742
16 17 1.99896
16 18 1.31299
16 19 1.09316
16 20 1.09316
16 21 1.09316
16 22 1.09316
16 23 1.09316
16 24 1.48537
16 25 1.70064
16 26 1.43108
16 27 1.26946
16 28 1.08709
16 29 1.08709
16 30 1.08709
16 31 1.08709
16 32 1.08709
16 33 1.23209
16 34 1.26882
16 35 1.2402
16 36 1.21265
16 37 1.08881
16 38 1.08881
16 39 1.08881
16 40 1.08881
16 41 1.08881
16 42 1.24497
16 43 1.28451
16 44 1.25012
16 45 1.21862
16 46 1.09194
16 47 1.09194
16 48 1.09194
16 49 1.09194
16 50 1.09194
16 51 1.36743
16 52 1.46903
16 53 1.34136
16 54 1.2497
16 55 1.08975
16 56 1.08975
16 57 1.08975
16 58 1.08975
16 59 1.08975
16 60 1.28415
16 61 1.33679
16 62 1.2793
16 63 1.2303
16 64 1.085
16 65 1.085
16 66 1.085
16 67 1.085
16 68 1.085
16 69 1.18611
16 70 1.21158
16 71 1.20443
16 72 1.19354
16 73 1.0837
16 74 1.0837
16 75 1.0837
16 76 1.0837
16 77 1.0837
16 78 1.16175
16 79 1.18411
16 80 1.18493
16 81 1.18105
16 82 1.0856
16 83 1.0856
16 84 1.0856
16 85 1.0856
16 86 1.0856
16 87 1.19289
16 88 1.22029
16 89 1.20979
16 90 1.19644
16 91 1.08414
16 92 1.08414
16 93 1.08414
16 94 1.08414
16 95 1.08414
16 96 1.17487
16 97 1.1985
16 98 1.19511
16 99 1.18735
16 100 1.08079
16 101 1.08079
16 102 1.08079
16 103 1.08079
16 104 1.08079
16 105 1.14213
16 106 1.16061
16 107 1.1664
16 108 1.16652
16 109 1.07797
16 110 1.07797
16 111 1.07797
16 112 1.07797
16 113 1.07797
16 114 1.11909
16 115 1.13535
16 116 1.1447
16 117 1.14862
16 118 1.07906
16 119 1.07906
16 120 1.07906
16 121 1.07906
16 122 1.07906
16 123 1.12984
16 124 1.14696
16 125 1.15472
16 126 1.15678
16 127 1.07805
16 128 1.07805
16 129 1.07805
16 130 1.07805
16 131 1.07805
16 132 1.12509
16 133 1.14116
16 134 1.14957
16 135 1.15222
16 136 1.07571
16 137 1.07571
16 138 1.07571
16 139 1.07571
16 140 1.07571
16 141 1.11324
16 142 1.12732
16 143 1.1367
16 144 1.14052
17 1 1.07962
17 2 1.07962
17 3 1.07962
17 4 1.07962
17 5 1.07962
17 6 1.24367
17 7 1.34149
17 8 1.39958
17 9 1.33614
17 10 1.08141
17 11 1.08141
17 12 1.08141
17 13 1.08141
17 14 1.08141
17 15 1.39485
17 16 1.99896
17 17 6.28054
17 18 1.54592
17 19 1.08004
17 20 1.08004
17 21 1.08004
17 22 1.08004
17 23 1.08004
17 24 1.28178
17 25 1.43099
17 26 1.55588
17 27 1.37939
17 28 1.07706
17 29 1.07706
17 30 1.07706
17 31 1.07706
17 32 1.07706
17 33 1.18763
17 34 1.24017
17 35 1.27125
17 36 1.27005
17 37 1.07849
17 38 1.07849
17 39 1.07849
17 40 1.07849
17 41 1.07849
17 42 1.19431
17 43 1.25044
17 44 1.28196
17 45 1.27902
17 46 1.07986
17 47 1.07986
17 48 1.07986
17 49 1.07986
17 50 1.07986
17 51 1.24361
17 52 1.3414
17 53 1.39969
17 54 1.33609
17 55 1.07872
17 56 1.07872
17 57 1.07872
17 58 1.07872
17 59 1.07872
17 60 1.21178
17 61 1.27924
17 62 1.31511
17 63 1.29934
17 64 1.07617
17 65 1.07617
17 66 1.07617
17 67 1.07617
17 68 1.07617
17 69 1.16434
17 70 1.20441
17 71 1.23182
17 72 1.23967
17 73 1.07568
17 74 1.07568
17 75 1.07568
17 76 1.07568
17 77 1.07568
17 78 1.14959
17 79 1.18463
17 80 1.21066
17 81 1.22096
17 82 1.0766
17 83 1.0766
17 84 1.0766
17 85 1.0766
17 86 1.0766
17 87 1.1675
17 88 1.20968
17 89 1.23773
17 90 1.24427
17 91 1.07569
17 92 1.07569
17 93 1.07569
17 94 1.07569
17 95 1.07569
17 96 1.15766
17 97 1.19501
17 98 1.22167
17 99 1.23052
17 100 1.07367
17 101 1.07367
17 102 1.07367
17 103 1.07367
17 104 1.07367
17 105 1.13718
17 106 1.16636
17 107 1.18998
17 108 1.20041
17 109 1.07202
17 110 1.07202
17 111 1.07202
17 112 1.07202
17 113 1.07202
17 114 1.11942
17 115 1.14408
17 116 1.16512
17 117 1.17564
17 118 1.07256
17 119 1.07256
17 120 1.07256
17 121 1.07256
17 122 1.07256
17 123 1.12779
17 124 1.15441
17 125 1.17666
17 126 1.18703
17 127 1.07183
17 128 1.07183
17 129 1.07183
17 130 1.07183
17 131 1.07183
17 132 1.12446
17 133 1.14939
17 134 1.17074
17 135 1.18081
17 136 1.07025
17 137 1.07025
17 138 1.07025
17 139 1.07025
17 140 1.07025
17 141 1.11515
17 142 1.13663
17 143 1.1557
17 144 1.16498
18 1 1.07387
18 2 1.07387
18 3 1.07387
18 4 1.07387
18 5 1.07387
18 6 1.1799
18 7 1.24975
18 8 1.33607
18 9 1.38996
18 10 1.07461
18 11 1.07461
18 12 1.07461
18 13 1.07461
18 14 1.07461
18 15 1.20479
18 16 1.31299
18 17 1.54592
18 18 2.14788
18 19 1.07388
18 20 1.07388
18 21 1.07388
18 22 1.07388
18 23 1.07388
18 24 1.18889
18 25 1.26946
18 26 1.37943
18 27 1.45757
18 28 1.07219
18 29 1.07219
18 30 1.07219
18 31 1.07219
18 32 1.07219
18 33 1.16025
18 34 1.21265
18 35 1.27007
18 36 1.30178
18 37 1.07348
18 38 1.07348
18 39 1.07348
18 40 1.07348
18 41 1.07348
18 42 1.16349
18 43 1.21837
18 44 1.27871
18 45 1.31247
18 46 1.07411
18 47 1.07411
18 48 1.07411
18 49 1.07411
18 50 1.07411
18 51 1.17983
18 52 1.24958
18 53 1.336
18 54 1.38997
18 55 1.07341
18 56 1.07341
18 57 1.07341
18 58 1.07341
18 59 1.07341
18 60 1.1701
18 61 1.23024
18 62 1.29933
18 63 1.33891
18 64 1.07183
18 65 1.07183
18 66 1.07183
18 67 1.07183
18 68 1.07183
18 69 1.14937
18 70 1.19352
18 71 1.23968
18 72 1.26428
18 73 1.07172
18 74 1.07172
18 75 1.07172
18 76 1.07172
18 77 1.07172
18 78 1.14043
18 79 1.18011
18 80 1.22039
18 81 1.24187
18 82 1.07218
18 83 1.07218
18 84 1.07218
18 85 1.07218
18 86 1.07218
18 87 1.15056
18 88 1.19612
18 89 1.24408
18 90 1.26992
18 91 1.07153
18 92 1.07153
18 93 1.07153
18 94 1.07153
18 95 1.07153
18 96 1.14542
18 97 1.1872
18 98 1.23045
18 99 1.25338
18 100 1.07013
18 101 1.07013
18 102 1.07013
18 103 1.07013
18 104 1.07013
18 105 1.13255
18 106 1.16646
18 107 1.20039
18 108 1.21802
18 109 1.06905
18 110 1.06905
18 111 1.06905
18 112 1.06905
18 113 1.06905
18 114 1.11844
18 115 1.14715
18 116 1.17483
18 117 1.18948
18 118 1.06932
18 119 1.06932
18 120 1.06932
18 121 1.06932
18 122 1.06932
18 123 1.12516
18 124 1.15616
18 125 1.18673
18 126 1.20263
18 127 1.06873
18 128 1.06873
18 129 1.06873
18 130 1.06873
18 131 1.06873
18 132 1.12277
18 133 1.1519
18 134 1.18067
18 135 1.19553
18 136 1.06752
18 137 1.06752
18 138 1.06752
18 139 1.06752
18 140 1.06752
18 141 1.11524
18 142 1.14039
18 143 1.16493
18 144 1.17751
19 1 1.11813
19 2 1.11813
19 3 1.11813
19 4 1.11813
19 5 1.11813
19 6 1.09524
19 7 1.08495
19 8 1.07593
19 9 1.07152
19 10 1.16167
19 11 1.16167
19 12 1.16167
19 13 1.16167
19 14 1.16167
19 15 1.11
19 16 1.09316
19 17 1.08004
19 18 1.07388
19 19 1.30426
19 20 1.30426
19 21 1.30426
19 22 1.30426
19 23 1.30426
19 24 1.11754
19 25 1.09628
19 26 1.08139
19 27 1.07458
19 28 1.16199
19 29 1.16199
19 30 1.16199
19 31 1.16199
19 32 1.16199
19 33 1.11033
19 34 1.09348
19 35 1.08035
19 36 1.07417
19 37 1.11155
19 38 1.11155
19 39 1.11155
19 40 1.11155
19 41 1.11155
19 42 1.09208
19 43 1.0831
19 44 1.0751
19 45 1.07122
19 46 1.13519
19 47 1.13519
19 48 1.13519
19 49 1.13519
19 50 1.13519
19 51 1.10285
19 52 1.08969
19 53 1.07868
19 54 1.07339
19 55 1.14715
19 56 1.14715
19 57 1.14715
19 58 1.14715
19 59 1.14715
19 60 1.10683
19 61 1.09189
19 62 1.07979
19 63 1.07403
19 64 1.13552
19 65 1.13552
19 66 1.13552
19 67 1.13552
19 68 1.13552
19 69 1.10322
19 70 1.09005
19 71 1.079
19 72 1.07367
19 73 1.10159
19 74 1.10159
19 75 1.10159
19 76 1.10159
19 77 1.10159
19 78 1.08638
19 79 1.07928
19 80 1.07276
19 81 1.06962
19 82 1.11428
19 83 1.11428
19 84 1.11428
19 85 1.11428
19 86 1.11428
19 87 1.09351
19 88 1.08401
19 89 1.0756
19 90 1.07149
19 91 1.11865
19 92 1.11865
19 93 1.11865
19 94 1.11865
19 95 1.11865
19 96 1.09576
19 97 1.08549
19 98 1.07647
19 99 1.07205
19 100 1.11463
19 101 1.11463
19 102 1.11463
19 103 1.11463
19 104 1.11463
19 105 1.09391
19 106 1.0844
19 107 1.07593
19 108 1.07175
19 109 1.09138
19 110 1.09138
19 111 1.09138
19 112 1.09138
19 113 1.09138
19 114 1.07993
19 115 1.07451
19 116 1.06944
19 117 1.06712
19 118 1.09869
19 119 1.09869
19 120 1.09869
19 121 1.09869
19 122 1.09869
19 123 1.0846
19 124 1.07783
19 125 1.07167
19 126 1.06866
19 127 1.10089
19 128 1.10089
19 129 1.10089
19 130 1.10089
19 131 1.10089
19 132 1.08599
19 133 1.07886
19 134 1.07235
19 135 1.06912
19 136 1.09906
19 137 1.09906
19 138 1.09906
19 139 1.09906
19 140 1.09906
19 141 1.08503
19 142 1.07824
19 143 1.07201
19 144 1.0689
20 1 1.11813
20 2 1.11813
20 3 1.11813
20 4 1.11813
20 5 1.11813
20 6 1.09524
20 7 1.08495
20 8 1.07593
20 9 1.07152
20 10 1.16167
20 11 1.16167
20 12 1.16167
20 13 1.16167
20 14 1.16167
20 15 1.11
20 16 1.09316
20 17 1.08004
20 18 1.07388
20 19 1.30426
20 20 1.30426
20 21 1.30426
20 22 1.30426
20 23 1.30426
20 24 1.11754
20 25 1.09628
20 26 1.08139
20 27 1.07458
20 28 1.16199
20 29 1.16199
20 30 1.16199
20 31 1.16199
20 32 1.16199
20 33 1.11033
20 34 1.09348
20 35 1.08035
20 36 1.07417
20 37 1.11155
20 38 1.11155
20 39 1.11155
20 40 1.11155
20 41 1.11155
20 42 1.09208
20 43 1.0831
20 44 1.0751
20 45 1.07122
20 46 1.13519
20 47 1.13519
20 48 1.13519
20 49 1.13519
20 50 1.13519
20 51 1.10285
20 52 1.08969
20 53 1.07868
20 54 1.07339
20 55 1.14715
20 56 1.14715
20 57 1.14715
20 58 1.14715
20 59 1.14715
20 60 1.10683
20 61 1.09189
20 62 1.07979
20 63 1.07403
20 64 1.13552
20 65 1.13552
20 66 1.13552
20 67 1.13552
20 68 1.13552
20 69 1.10322
20 70 1.09005
20 71 1.079
20 72 1.07367
20 73 1.10159
20 74 1.10159
20 75 1.10159
20 76 1.10159
20 77 1.10159
20 78 1.08638
20 79 1.07928
20 80 1.07276
20 81 1.06962
20 82 1.11428
20 83 1.11428
20 84 1.11428
20 85 1.11428
20 86 1.11428
20 87 1.09351
20 88 1.08401
20 89 1.0756
20 90 1.07149
20 91 1.11865
20 92 1.11865
20 93 1.11865
20 94 1.11865
20 95 1.11865
20 96 1.09576
20 97 1.08549
20 98 1.07647
20 99 1.07205
20 100 1.11463
20 101 1.11463
20 102 1.11463
20 103 1.11463
20 104 1.11463
20 105 1.09391
20 106 1.0844
20 107 1.07593
20 108 1.07175
20 109 1.09138
20 110 1.09138
20 111 1.09138
20 112 1.09138
20 113 1.09138
20 114 1.07993
20 115 1.07451
20 116 1.06944
20 117 1.06712
20 118 1.09869
20 119 1.09869
20 120 1.09869
20 121 1.09869
20 122 1.09869
20 123 1.0846
20 124 1.07783
20 125 1.07167
20 126 1.06866
20 127 1.10089
20 128 1.10089
20 129 1.10089
20 130 1.10089
20 131 1.10089
20 132 1.08599
20 133 1.07886
20 134 1.07235
20 135 1.06912
20 136 1.09906
20 137 1.09906
20 138 1.09906
20 139 1.09906
20 140 1.09906
20 141 1.08503
20 142 1.07824
20 143 1.07201
20 144 1.0689
21 1 1.11813
21 2 1.11813
21 3 1.11813
21 4 1.11813
21 5 1.11813
21 6 1.09524
21 7 1.08495
21 8 1.07593
21 9 1.07152
21 10 1.16167
21 11 1.16167
21 12 1.16167
21 13 1.16167
21 14 1.16167
21 15 1.11
21 16 1.09316
21 17 1.08004
21 18 1.07388
21 19 1.30426
21 20 1.30426
21 21 1.30426
21 22 1.30426
21 23 1.30426
21 24 1.11754
21 25 1.09628
21 26 1.08139
21 27 1.07458
21 28 1.16199
21 29 1.16199
21 30 1.16199
21 31 1.16199
21 32 1.16199
21 33 1.11033
21 34 1.09348
21 35 1.08035
21 36 1.07417
21 37 1.11155
21 38 1.11155
21 39 1.11155
21 40 1.11155
21 41 1.11155
