injected_el measured_el potential
1 1 1.30501
1 2 1.30501
1 3 1.30501
1 4 1.30501
1 5 1.30501
1 6 1.11833
1 7 1.09716
1 8 1.08251
1 9 1.0759
1 10 1.1468
1 11 1.1468
1 12 1.1468
1 13 1.1468
1 14 1.1468
1 15 1.10661
1 16 1.09173
1 17 1.07976
1 18 1.07409
1 19 1.11804
1 20 1.11804
1 21 1.11804
1 22 1.11804
1 23 1.11804
1 24 1.09529
1 25 1.08507
1 26 1.0761
1 27 1.0717
1 28 1.10048
1 29 1.10048
1 30 1.10048
1 31 1.10048
1 32 1.10048
1 33 1.08574
1 34 1.07862
1 35 1.0721
1 36 1.06885
1 37 1.14783
1 38 1.14783
1 39 1.14783
1 40 1.14783
1 41 1.14783
1 42 1.10737
1 43 1.09274
1 44 1.08095
1 45 1.07558
1 46 1.1292
1 47 1.1292
1 48 1.1292
1 49 1.1292
1 50 1.1292
1 51 1.10083
1 52 1.08877
1 53 1.07862
1 54 1.07377
1 55 1.11145
1 56 1.11145
1 57 1.11145
1 58 1.11145
1 59 1.11145
1 60 1.09228
1 61 1.08336
1 62 1.0754
1 63 1.07147
1 64 1.09742
1 65 1.09742
1 66 1.09742
1 67 1.09742
1 68 1.09742
1 69 1.08415
1 70 1.07768
1 71 1.07171
1 72 1.06872
1 73 1.11929
1 74 1.11929
1 75 1.11929
1 76 1.11929
1 77 1.11929
1 78 1.09656
1 79 1.0866
1 80 1.07773
1 81 1.07376
1 82 1.11167
1 83 1.11167
1 84 1.11167
1 85 1.11167
1 86 1.11167
1 87 1.09268
1 88 1.08369
1 89 1.07581
1 90 1.07205
1 91 1.1015
1 92 1.1015
1 93 1.1015
1 94 1.1015
1 95 1.1015
1 96 1.08679
1 97 1.07966
1 98 1.07315
1 99 1.06992
1 100 1.09154
1 101 1.09154
1 102 1.09154
1 103 1.09154
1 104 1.09154
1 105 1.0805
1 106 1.07503
1 107 1.06994
1 108 1.06739
1 109 1.10154
1 110 1.10154
1 111 1.10154
1 112 1.10154
1 113 1.10154
1 114 1.08726
1 115 1.08027
1 116 1.07371
1 117 1.07096
1 118 1.09742
1 119 1.09742
1 120 1.09742
1 121 1.09742
1 122 1.09742
1 123 1.08465
1 124 1.078
1 125 1.07211
1 126 1.06937
1 127 1.09132
1 128 1.09132
1 129 1.09132
1 130 1.09132
1 131 1.09132
1 132 1.08045
1 133 1.07499
1 134 1.06995
1 135 1.06746
1 136 1.08448
1 137 1.08448
1 138 1.08448
1 139 1.08448
1 140 1.08448
1 141 1.07575
1 142 1.07137
1 143 1.06726
1 144 1.06519
2 1 1.30501
2 2 1.30501
2 3 1.30501
2 4 1.30501
2 5 1.30501
2 6 1.11833
2 7 1.09716
2 8 1.08251
2 9 1.0759
2 10 1.1468
2 11 1.1468
2 12 1.1468
2 13 1.1468
2 14 1.1468
2 15 1.10661
2 16 1.09173
2 17 1.07976
2 18 1.07409
2 19 1.11804
2 20 1.11804
2 21 1.11804
2 22 1.11804
2 23 1.11804
2 24 1.09529
2 25 1.08507
2 26 1.0761
2 27 1.0717
2 28 1.10048
2 29 1.10048
2 30 1.10048
2 31 1.10048
2 32 1.10048
2 33 1.08574
2 34 1.07862
2 35 1.0721
2 36 1.06885
2 37 1.14783
2 38 1.14783
2 39 1.14783
2 40 1.14783
2 41 1.14783
2 42 1.10737
2 43 1.09274
2 44 1.08095
2 45 1.07558
2 46 1.1292
2 47 1.1292
2 48 1.1292
2 49 1.1292
2 50 1.1292
2 51 1.10083
2 52 1.08877
2 53 1.07862
2 54 1.07377
2 55 1.11145
2 56 1.11145
2 57 1.11145
2 58 1.11145
2 59 1.11145
2 60 1.09228
2 61 1.08336
2 62 1.0754
2 63 1.07147
2 64 1.09742
2 65 1.09742
2 66 1.09742
2 67 1.09742
2 68 1.09742
2 69 1.08415
2 70 1.07768
2 71 1.07171
2 72 1.06872
2 73 1.11929
2 74 1.11929
2 75 1.11929
2 76 1.11929
2 77 1.11929
2 78 1.09656
2 79 1.0866
2 80 1.07773
2 81 1.07376
2 82 1.11167
2 83 1.11167
2 84 1.11167
2 85 1.11167
2 86 1.11167
2 87 1.09268
2 88 1.08369
2 89 1.07581
2 90 1.07205
2 91 1.1015
2 92 1.1015
2 93 1.1015
2 94 1.1015
2 95 1.1015
2 96 1.08679
2 97 1.07966
2 98 1.07315
2 99 1.06992
2 100 1.09154
2 101 1.09154
2 102 1.09154
2 103 1.09154
2 104 1.09154
2 105 1.0805
2 106 1.07503
2 107 1.06994
2 108 1.06739
2 109 1.10154
2 110 1.10154
2 111 1.10154
2 112 1.10154
2 113 1.10154
2 114 1.08726
2 115 1.08027
2 116 1.07371
2 117 1.07096
2 118 1.09742
2 119 1.09742
2 120 1.09742
2 121 1.09742
2 122 1.09742
2 123 1.08465
2 124 1.078
2 125 1.07211
2 126 1.06937
2 127 1.09132
2 128 1.09132
2 129 1.09132
2 130 1.09132
2 131 1.09132
2 132 1.08045
2 133 1.07499
2 134 1.06995
2 135 1.06746
2 136 1.08448
2 137 1.08448
2 138 1.08448
2 139 1.08448
2 140 1.08448
2 141 1.07575
2 142 1.07137
2 143 1.06726
2 144 1.06519
3 1 1.30501
3 2 1.30501
3 3 1.30501
3 4 1.30501
3 5 1.30501
3 6 1.11833
3 7 1.09716
3 8 1.08251
3 9 1.0759
3 10 1.1468
3 11 1.1468
3 12 1.1468
3 13 1.1468
3 14 1.1468
3 15 1.10661
3 16 1.09173
3 17 1.07976
3 18 1.07409
3 19 1.11804
3 20 1.11804
3 21 1.11804
3 22 1.11804
3 23 1.11804
3 24 1.09529
3 25 1.08507
3 26 1.0761
3 27 1.0717
3 28 1.10048
3 29 1.10048
3 30 1.10048
3 31 1.10048
3 32 1.10048
3 33 1.08574
3 34 1.07862
3 35 1.0721
3 36 1.06885
3 37 1.14783
3 38 1.14783
3 39 1.14783
3 40 1.14783
3 41 1.14783
3 42 1.10737
3 43 1.09274
3 44 1.08095
3 45 1.07558
3 46 1.1292
3 47 1.1292
3 48 1.1292
3 49 1.1292
3 50 1.1292
3 51 1.10083
3 52 1.08877
3 53 1.07862
3 54 1.07377
3 55 1.11145
3 56 1.11145
3 57 1.11145
3 58 1.11145
3 59 1.11145
3 60 1.09228
3 61 1.08336
3 62 1.0754
3 63 1.07147
3 64 1.09742
3 65 1.09742
3 66 1.09742
3 67 1.09742
3 68 1.09742
3 69 1.08415
3 70 1.07768
3 71 1.07171
3 72 1.06872
3 73 1.11929
3 74 1.11929
3 75 1.11929
3 76 1.11929
3 77 1.11929
3 78 1.09656
3 79 1.0866
3 80 1.07773
3 81 1.07376
3 82 1.11167
3 83 1.11167
3 84 1.11167
3 85 1.11167
3 86 1.11167
3 87 1.09268
3 88 1.08369
3 89 1.07581
3 90 1.07205
3 91 1.1015
3 92 1.1015
3 93 1.1015
3 94 1.1015
3 95 1.1015
3 96 1.08679
3 97 1.07966
3 98 1.07315
3 99 1.06992
3 100 1.09154
3 101 1.09154
3 102 1.09154
3 103 1.09154
3 104 1.09154
3 105 1.0805
3 106 1.07503
3 107 1.06994
3 108 1.06739
3 109 1.10154
3 110 1.10154
3 111 1.10154
3 112 1.10154
3 113 1.10154
3 114 1.08726
3 115 1.08027
3 116 1.07371
3 117 1.07096
3 118 1.09742
3 119 1.09742
3 120 1.09742
3 121 1.09742
3 122 1.09742
3 123 1.08465
3 124 1.078
3 125 1.07211
3 126 1.06937
3 127 1.09132
3 128 1.09132
3 129 1.09132
3 130 1.09132
3 131 1.09132
3 132 1.08045
3 133 1.07499
3 134 1.06995
3 135 1.06746
3 136 1.08448
3 137 1.08448
3 138 1.08448
3 139 1.08448
3 140 1.08448
3 141 1.07575
3 142 1.07137
3 143 1.06726
3 144 1.06519
4 1 1.30501
4 2 1.30501
4 3 1.30501
4 4 1.30501
4 5 1.30501
4 6 1.11833
4 7 1.09716
4 8 1.08251
4 9 1.0759
4 10 1.1468
4 11 1.1468
4 12 1.1468
4 13 1.1468
4 14 1.1468
4 15 1.10661
4 16 1.09173
4 17 1.07976
4 18 1.07409
4 19 1.11804
4 20 1.11804
4 21 1.11804
4 22 1.11804
4 23 1.11804
4 24 1.09529
4 25 1.08507
4 26 1.0761
4 27 1.0717
4 28 1.10048
4 29 1.10048
4 30 1.10048
4 31 1.10048
4 32 1.10048
4 33 1.08574
4 34 1.07862
4 35 1.0721
4 36 1.06885
4 37 1.14783
4 38 1.14783
4 39 1.14783
4 40 1.14783
4 41 1.14783
4 42 1.10737
4 43 1.09274
4 44 1.08095
4 45 1.07558
4 46 1.1292
4 47 1.1292
4 48 1.1292
4 49 1.1292
4 50 1.1292
4 51 1.10083
4 52 1.08877
4 53 1.07862
4 54 1.07377
4 55 1.11145
4 56 1.11145
4 57 1.11145
4 58 1.11145
4 59 1.11145
4 60 1.09228
4 61 1.08336
4 62 1.0754
4 63 1.07147
4 64 1.09742
4 65 1.09742
4 66 1.09742
4 67 1.09742
4 68 1.09742
4 69 1.08415
4 70 1.07768
4 71 1.07171
4 72 1.06872
4 73 1.11929
4 74 1.11929
4 75 1.11929
4 76 1.11929
4 77 1.11929
4 78 1.09656
4 79 1.0866
4 80 1.07773
4 81 1.07376
4 82 1.11167
4 83 1.11167
4 84 1.11167
4 85 1.11167
4 86 1.11167
4 87 1.09268
4 88 1.08369
4 89 1.07581
4 90 1.07205
4 91 1.1015
4 92 1.1015
4 93 1.1015
4 94 1.1015
4 95 1.1015
4 96 1.08679
4 97 1.07966
4 98 1.07315
4 99 1.06992
4 100 1.09154
4 101 1.09154
4 102 1.09154
4 103 1.09154
4 104 1.09154
4 105 1.0805
4 106 1.07503
4 107 1.06994
4 108 1.06739
4 109 1.10154
4 110 1.10154
4 111 1.10154
4 112 1.10154
4 113 1.10154
4 114 1.08726
4 115 1.08027
4 116 1.07371
4 117 1.07096
4 118 1.09742
4 119 1.09742
4 120 1.09742
4 121 1.09742
4 122 1.09742
4 123 1.08465
4 124 1.078
4 125 1.07211
4 126 1.06937
4 127 1.09132
4 128 1.09132
4 129 1.09132
4 130 1.09132
4 131 1.09132
4 132 1.08045
4 133 1.07499
4 134 1.06995
4 135 1.06746
4 136 1.08448
4 137 1.08448
4 138 1.08448
4 139 1.08448
4 140 1.08448
4 141 1.07575
4 142 1.07137
4 143 1.06726
4 144 1.06519
5 1 1.30501
5 2 1.30501
5 3 1.30501
5 4 1.30501
5 5 1.30501
5 6 1.11833
5 7 1.09716
5 8 1.08251
5 9 1.0759
5 10 1.1468
5 11 1.1468
5 12 1.1468
5 13 1.1468
5 14 1.1468
5 15 1.10661
5 16 1.09173
5 17 1.07976
5 18 1.07409
5 19 1.11804
5 20 1.11804
5 21 1.11804
5 22 1.11804
5 23 1.11804
5 24 1.09529
5 25 1.08507
5 26 1.0761
5 27 1.0717
5 28 1.10048
5 29 1.10048
5 30 1.10048
5 31 1.10048
5 32 1.10048
5 33 1.08574
5 34 1.07862
5 35 1.0721
5 36 1.06885
5 37 1.14783
5 38 1.14783
5 39 1.14783
5 40 1.14783
5 41 1.14783
5 42 1.10737
5 43 1.09274
5 44 1.08095
5 45 1.07558
5 46 1.1292
5 47 1.1292
5 48 1.1292
5 49 1.1292
5 50 1.1292
5 51 1.10083
5 52 1.08877
5 53 1.07862
5 54 1.07377
5 55 1.11145
5 56 1.11145
5 57 1.11145
5 58 1.11145
5 59 1.11145
5 60 1.09228
5 61 1.08336
5 62 1.0754
5 63 1.07147
5 64 1.09742
5 65 1.09742
5 66 1.09742
5 67 1.09742
5 68 1.09742
5 69 1.08415
5 70 1.07768
5 71 1.07171
5 72 1.06872
5 73 1.11929
5 74 1.11929
5 75 1.11929
5 76 1.11929
5 77 1.11929
5 78 1.09656
5 79 1.0866
5 80 1.07773
5 81 1.07376
5 82 1.11167
5 83 1.11167
5 84 1.11167
5 85 1.11167
5 86 1.11167
5 87 1.09268
5 88 1.08369
5 89 1.07581
5 90 1.07205
5 91 1.1015
5 92 1.1015
5 93 1.1015
5 94 1.1015
5 95 1.1015
5 96 1.08679
5 97 1.07966
5 98 1.07315
5 99 1.06992
5 100 1.09154
5 101 1.09154
5 102 1.09154
5 103 1.09154
5 104 1.09154
5 105 1.0805
5 106 1.07503
5 107 1.06994
5 108 1.06739
5 109 1.10154
5 110 1.10154
5 111 1.10154
5 112 1.10154
5 113 1.10154
5 114 1.08726
5 115 1.08027
5 116 1.07371
5 117 1.07096
5 118 1.09742
5 119 1.09742
5 120 1.09742
5 121 1.09742
5 122 1.09742
5 123 1.08465
5 124 1.078
5 125 1.07211
5 126 1.06937
5 127 1.09132
5 128 1.09132
5 129 1.09132
5 130 1.09132
5 131 1.09132
5 132 1.08045
5 133 1.07499
5 134 1.06995
5 135 1.06746
5 136 1.08448
5 137 1.08448
5 138 1.08448
5 139 1.08448
5 140 1.08448
5 141 1.07575
5 142 1.07137
5 143 1.06726
5 144 1.06519
6 1 1.11833
6 2 1.11833
6 3 1.11833
6 4 1.11833
6 5 1.11833
6 6 6.9101
6 7 2.1371
6 8 1.39058
6 9 1.20502
6 10 1.1065
6 11 1.1065
6 12 1.1065
6 13 1.1065
6 14 1.1065
6 15 1.44349
6 16 1.36446
6 17 1.24208
6 18 1.17924
6 19 1.09516
6 20 1.09516
6 21 1.09516
6 22 1.09516
6 23 1.09516
6 24 1.19277
6 25 1.19221
6 26 1.16708
6 27 1.15029
6 28 1.08562
6 29 1.08562
6 30 1.08562
6 31 1.08562
6 32 1.08562
6 33 1.12407
6 34 1.13046
6 35 1.12851
6 36 1.1259
6 37 1.10798
6 38 1.10798
6 39 1.10798
6 40 1.10798
6 41 1.10798
6 42 1.42855
6 43 1.35541
6 44 1.23858
6 45 1.18054
6 46 1.1009
6 47 1.1009
6 48 1.1009
6 49 1.1009
6 50 1.1009
6 51 1.25519
6 52 1.24233
6 53 1.19315
6 54 1.16345
6 55 1.09225
6 56 1.09225
6 57 1.09225
6 58 1.09225
6 59 1.09225
6 60 1.15834
6 61 1.16268
6 62 1.15056
6 63 1.14137
6 64 1.08409
6 65 1.08409
6 66 1.08409
6 67 1.08409
6 68 1.08409
6 69 1.11509
6 70 1.1216
6 71 1.12199
6 72 1.12098
6 73 1.09721
6 74 1.09721
6 75 1.09721
6 76 1.09721
6 77 1.09721
6 78 1.18542
6 79 1.18715
6 80 1.16513
6 81 1.15159
6 82 1.0928
6 83 1.0928
6 84 1.0928
6 85 1.0928
6 86 1.0928
6 87 1.15579
6 88 1.16089
6 89 1.14986
6 90 1.14151
6 91 1.0868
6 92 1.0868
6 93 1.0868
6 94 1.0868
6 95 1.0868
6 96 1.12434
6 97 1.13091
6 98 1.12936
6 99 1.12696
6 100 1.08048
6 101 1.08048
6 102 1.08048
6 103 1.08048
6 104 1.08048
6 105 1.1024
6 106 1.10859
6 107 1.11127
6 108 1.11194
6 109 1.08764
6 110 1.08764
6 111 1.08764
6 112 1.08764
6 113 1.08764
6 114 1.12096
6 115 1.12795
6 116 1.12771
6 117 1.12676
6 118 1.08467
6 119 1.08467
6 120 1.08467
6 121 1.08467
6 122 1.08467
6 123 1.11264
6 124 1.11977
6 125 1.12115
6 126 1.12075
6 127 1.08051
6 128 1.08051
6 129 1.08051
6 130 1.08051
6 131 1.08051
6 132 1.10151
6 133 1.10778
6 134 1.11076
6 135 1.11159
6 136 1.07577
6 137 1.07577
6 138 1.07577
6 139 1.07577
6 140 1.07577
6 141 1.09061
6 142 1.09599
6 143 1.09966
6 144 1.1012
7 1 1.09716
7 2 1.09716
7 3 1.09716
7 4 1.09716
7 5 1.09716
7 6 2.1371
7 7 6.89986
7 8 1.98631
7 9 1.31332
7 10 1.09161
7 11 1.09161
7 12 1.09161
7 13 1.09161
7 14 1.09161
7 15 1.36414
7 16 1.46505
7 17 1.33951
7 18 1.24897
7 19 1.08492
7 20 1.08492
7 21 1.08492
7 22 1.08492
7 23 1.08492
7 24 1.19208
7 25 1.2193
7 26 1.2091
7 27 1.19577
7 28 1.07848
7 29 1.07848
7 30 1.07848
7 31 1.07848
7 32 1.07848
7 33 1.13044
7 34 1.14733
7 35 1.15491
7 36 1.15673
7 37 1.09315
7 38 1.09315
7 39 1.09315
7 40 1.09315
7 41 1.09315
7 42 1.35262
7 43 1.45265
7 44 1.33379
7 45 1.25005
7 46 1.08887
7 47 1.08887
7 48 1.08887
7 49 1.08887
7 50 1.08887
7 51 1.24193
7 52 1.28123
7 53 1.24883
7 54 1.21793
7 55 1.0833
7 56 1.0833
7 57 1.0833
7 58 1.0833
7 59 1.0833
7 60 1.1625
7 61 1.18423
7 62 1.18501
7 63 1.18058
7 64 1.07759
7 65 1.07759
7 66 1.07759
7 67 1.07759
7 68 1.07759
7 69 1.12158
7 70 1.137
7 71 1.14583
7 72 1.14892
7 73 1.0871
7 74 1.0871
7 75 1.0871
7 76 1.0871
7 77 1.0871
7 78 1.18446
7 79 1.21286
7 80 1.20603
7 81 1.19629
7 82 1.08393
7 83 1.08393
7 84 1.08393
7 85 1.08393
7 86 1.08393
7 87 1.15965
7 88 1.18221
7 89 1.18407
7 90 1.18036
7 91 1.07967
7 92 1.07967
7 93 1.07967
7 94 1.07967
7 95 1.07967
7 96 1.13061
7 97 1.14764
7 98 1.15571
7 99 1.15777
7 100 1.07499
7 101 1.07499
7 102 1.07499
7 103 1.07499
7 104 1.07499
7 105 1.10856
7 106 1.12175
7 107 1.13127
7 108 1.13538
7 109 1.08072
7 110 1.08072
7 111 1.08072
7 112 1.08072
7 113 1.08072
7 114 1.12624
7 115 1.14367
7 116 1.15318
7 117 1.15649
7 118 1.07831
7 119 1.07831
7 120 1.07831
7 121 1.07831
7 122 1.07831
7 123 1.11838
7 124 1.13468
7 125 1.14454
7 126 1.14803
7 127 1.07508
7 128 1.07508
7 129 1.07508
7 130 1.07508
7 131 1.07508
7 132 1.1074
7 133 1.1207
7 134 1.13053
7 135 1.13474
7 136 1.07137
7 137 1.07137
7 138 1.07137
7 139 1.07137
7 140 1.07137
7 141 1.09593
7 142 1.1067
7 143 1.11566
7 144 1.11989
8 1 1.08251
8 2 1.08251
8 3 1.08251
8 4 1.08251
8 5 1.08251
8 6 1.39058
8 7 1.98631
8 8 6.14826
8 9 1.54471
8 10 1.07969
8 11 1.07969
8 12 1.07969
8 13 1.07969
8 14 1.07969
8 15 1.24173
8 16 1.33891
8 17 1.3976
8 18 1.33477
8 19 1.07602
8 20 1.07602
8 21 1.07602
8 22 1.07602
8 23 1.07602
8 24 1.16702
8 25 1.20894
8 26 1.23701
8 27 1.24343
8 28 1.07202
8 29 1.07202
8 30 1.07202
8 31 1.07202
8 32 1.07202
8 33 1.12855
8 34 1.15486
8 35 1.17693
8 36 1.18707
8 37 1.08126
8 38 1.08126
8 39 1.08126
8 40 1.08126
8 41 1.08126
8 42 1.23734
8 43 1.33449
8 44 1.39361
8 45 1.33536
8 46 1.07872
8 47 1.07872
8 48 1.07872
8 49 1.07872
8 50 1.07872
8 51 1.1928
8 52 1.24887
8 53 1.28122
8 54 1.2779
8 55 1.07539
8 56 1.07539
8 57 1.07539
8 58 1.07539
8 59 1.07539
8 60 1.15042
8 61 1.1849
8 62 1.21077
8 63 1.22045
8 64 1.07168
8 65 1.07168
8 66 1.07168
8 67 1.07168
8 68 1.07168
8 69 1.12203
8 70 1.1458
8 71 1.16639
8 72 1.17618
8 73 1.07827
8 74 1.07827
8 75 1.07827
8 76 1.07827
8 77 1.07827
8 78 1.16235
8 79 1.20528
8 80 1.23464
8 81 1.24279
8 82 1.07606
8 83 1.07606
8 84 1.07606
8 85 1.07606
8 86 1.07606
8 87 1.1483
8 88 1.18369
8 89 1.21005
8 90 1.21977
8 91 1.07321
8 92 1.07321
8 93 1.07321
8 94 1.07321
8 95 1.07321
8 96 1.12893
8 97 1.15544
8 98 1.17784
8 99 1.18809
8 100 1.06995
8 101 1.06995
8 102 1.06995
8 103 1.06995
8 104 1.06995
8 105 1.11123
8 106 1.13119
8 107 1.14917
8 108 1.15798
8 109 1.07439
8 110 1.07439
8 111 1.07439
8 112 1.07439
8 113 1.07439
8 114 1.12464
8 115 1.15158
8 116 1.17488
8 117 1.18544
8 118 1.07249
8 119 1.07249
8 120 1.07249
8 121 1.07249
8 122 1.07249
8 123 1.11881
8 124 1.14368
8 125 1.1649
8 126 1.17453
8 127 1.07009
8 128 1.07009
8 129 1.07009
8 130 1.07009
8 131 1.07009
8 132 1.11001
8 133 1.13006
8 134 1.14824
8 135 1.15704
8 136 1.0673
8 137 1.0673
8 138 1.0673
8 139 1.0673
8 140 1.0673
8 141 1.09953
8 142 1.11551
8 143 1.13034
8 144 1.13773
9 1 1.0759
9 2 1.0759
9 3 1.0759
9 4 1.0759
9 5 1.0759
9 6 1.20502
9 7 1.31332
9 8 1.54471
9 9 2.1452
9 10 1.07409
9 11 1.07409
9 12 1.07409
9 13 1.07409
9 14 1.07409
9 15 1.17944
9 16 1.24903
9 17 1.33498
9 18 1.38801
9 19 1.0717
9 20 1.0717
9 21 1.0717
9 22 1.0717
9 23 1.0717
9 24 1.15044
9 25 1.19568
9 26 1.24334
9 27 1.26882
9 28 1.06884
9 29 1.06884
9 30 1.06884
9 31 1.06884
9 32 1.06884
9 33 1.126
9 34 1.15664
9 35 1.18695
9 36 1.20261
9 37 1.07564
9 38 1.07564
9 39 1.07564
9 40 1.07564
9 41 1.07564
9 42 1.17805
9 43 1.24803
9 44 1.33341
9 45 1.38646
9 46 1.07382
9 47 1.07382
9 48 1.07382
9 49 1.07382
9 50 1.07382
9 51 1.16285
9 52 1.21758
9 53 1.27758
9 54 1.31018
9 55 1.07151
9 56 1.07151
9 57 1.07151
9 58 1.07151
9 59 1.07151
9 60 1.1412
9 61 1.18023
9 62 1.22009
9 63 1.24088
9 64 1.06874
9 65 1.06874
9 66 1.06874
9 67 1.06874
9 68 1.06874
9 69 1.12096
9 70 1.1487
9 71 1.17591
9 72 1.18989
9 73 1.07393
9 74 1.07393
9 75 1.07393
9 76 1.07393
9 77 1.07393
9 78 1.14728
9 79 1.19334
9 80 1.24092
9 81 1.26637
9 82 1.07217
9 83 1.07217
9 84 1.07217
9 85 1.07217
9 86 1.07217
9 87 1.13945
9 88 1.17937
9 89 1.21926
9 90 1.23958
9 91 1.07
9 92 1.07
9 93 1.07
9 94 1.07
9 95 1.07
9 96 1.1263
9 97 1.15709
9 98 1.18758
9 99 1.2032
9 100 1.06742
9 101 1.06742
9 102 1.06742
9 103 1.06742
9 104 1.06742
9 105 1.11176
9 106 1.13503
9 107 1.15763
9 108 1.16918
9 109 1.0712
9 110 1.0712
9 111 1.0712
9 112 1.0712
9 113 1.0712
9 114 1.1222
9 115 1.1534
9 116 1.18427
9 117 1.19951
9 118 1.06956
9 119 1.06956
9 120 1.06956
9 121 1.06956
9 122 1.06956
9 123 1.11772
9 124 1.14657
9 125 1.17405
9 126 1.18746
9 127 1.06757
9 128 1.06757
9 129 1.06757
9 130 1.06757
9 131 1.06757
9 132 1.11048
9 133 1.13381
9 134 1.1565
9 135 1.16794
9 136 1.06524
9 137 1.06524
9 138 1.06524
9 139 1.06524
9 140 1.06524
9 141 1.10088
9 142 1.11944
9 143 1.13735
9 144 1.14647
10 1 1.1468
10 2 1.1468
10 3 1.1468
10 4 1.1468
10 5 1.1468
10 6 1.1065
10 7 1.09161
10 8 1.07969
10 9 1.07409
10 10 1.30413
10 11 1.30413
10 12 1.30413
10 13 1.30413
10 14 1.30413
10 15 1.11746
10 16 1.09625
10 17 1.0815
10 18 1.07479
10 19 1.16158
10 20 1.16158
10 21 1.16158
10 22 1.16158
10 23 1.16158
10 24 1.10999
10 25 1.09321
10 26 1.08015
10 27 1.07403
10 28 1.12575
10 29 1.12575
10 30 1.12575
10 31 1.12575
10 32 1.12575
10 33 1.09877
10 34 1.08716
10 35 1.07717
10 36 1.07231
10 37 1.12917
10 38 1.12917
10 39 1.12917
10 40 1.12917
10 41 1.12917
10 42 1.10036
10 43 1.0885
10 44 1.07847
10 45 1.07382
10 46 1.14697
10 47 1.14697
10 48 1.14697
10 49 1.14697
10 50 1.14697
10 51 1.10668
10 52 1.0918
10 53 1.07991
10 54 1.07436
10 55 1.13508
10 56 1.13508
10 57 1.13508
10 58 1.13508
10 59 1.13508
10 60 1.10286
10 61 1.08978
10 62 1.07885
10 63 1.0736
10 64 1.11691
10 65 1.11691
10 66 1.11691
10 67 1.11691
10 68 1.11691
10 69 1.09501
10 70 1.08508
10 71 1.0763
10 72 1.07199
10 73 1.11162
10 74 1.11162
10 75 1.11162
10 76 1.11162
10 77 1.11162
10 78 1.09211
10 79 1.08346
10 80 1.07564
10 81 1.07212
10 82 1.11843
10 83 1.11843
10 84 1.11843
10 85 1.11843
10 86 1.11843
10 87 1.09568
10 88 1.08545
10 89 1.07663
10 90 1.07248
10 91 1.11416
10 92 1.11416
10 93 1.11416
10 94 1.11416
10 95 1.11416
10 96 1.09359
10 97 1.08418
10 98 1.07584
10 99 1.07176
10 100 1.10492
10 101 1.10492
10 102 1.10492
10 103 1.10492
10 104 1.10492
10 105 1.08864
10 106 1.08088
10 107 1.07382
10 108 1.07032
10 109 1.09737
10 110 1.09737
10 111 1.09737
10 112 1.09737
10 113 1.09737
10 114 1.08426
10 115 1.07791
10 116 1.07196
10 117 1.06948
10 118 1.10066
10 119 1.10066
10 120 1.10066
10 121 1.10066
10 122 1.10066
10 123 1.08617
10 124 1.07896
10 125 1.07258
10 126 1.06966
10 127 1.09858
10 128 1.09858
10 129 1.09858
10 130 1.09858
10 131 1.09858
10 132 1.08477
10 133 1.07808
10 134 1.07197
10 135 1.06899
10 136 1.09346
10 137 1.09346
10 138 1.09346
10 139 1.09346
10 140 1.09346
10 141 1.08161
10 142 1.0758
10 143 1.07042
10 144 1.06773
11 1 1.1468
11 2 1.1468
11 3 1.1468
11 4 1.1468
11 5 1.1468
11 6 1.1065
11 7 1.09161
11 8 1.07969
11 9 1.07409
11 10 1.30413
11 11 1.30413
11 12 1.30413
11 13 1.30413
11 14 1.30413
11 15 1.11746
11 16 1.09625
11 17 1.0815
11 18 1.07479
11 19 1.16158
11 20 1.16158
11 21 1.16158
11 22 1.16158
11 23 1.16158
11 24 1.10999
11 25 1.09321
11 26 1.08015
11 27 1.07403
11 28 1.12575
11 29 1.12575
11 30 1.12575
11 31 1.12575
11 32 1.12575
11 33 1.09877
11 34 1.08716
11 35 1.07717
11 36 1.07231
11 37 1.12917
11 38 1.12917
11 39 1.12917
11 40 1.12917
11 41 1.12917
11 42 1.10036
11 43 1.0885
11 44 1.07847
11 45 1.07382
11 46 1.14697
11 47 1.14697
11 48 1.14697
11 49 1.14697
11 50 1.14697
11 51 1.10668
11 52 1.0918
11 53 1.07991
11 54 1.07436
11 55 1.13508
11 56 1.13508
11 57 1.13508
11 58 1.13508
11 59 1.13508
11 60 1.10286
11 61 1.08978
11 62 1.07885
11 63 1.0736
11 64 1.11691
11 65 1.11691
11 66 1.11691
11 67 1.11691
11 68 1.11691
11 69 1.09501
11 70 1.08508
11 71 1.0763
11 72 1.07199
11 73 1.11162
11 74 1.11162
11 75 1.11162
11 76 1.11162
11 77 1.11162
11 78 1.09211
11 79 1.08346
11 80 1.07564
11 81 1.07212
11 82 1.11843
11 83 1.11843
11 84 1.11843
11 85 1.11843
11 86 1.11843
11 87 1.09568
11 88 1.08545
11 89 1.07663
11 90 1.07248
11 91 1.11416
11 92 1.11416
11 93 1.11416
11 94 1.11416
11 95 1.11416
11 96 1.09359
11 97 1.08418
11 98 1.07584
11 99 1.07176
11 100 1.10492
11 101 1.10492
11 102 1.10492
11 103 1.10492
11 104 1.10492
11 105 1.08864
11 106 1.08088
11 107 1.07382
11 108 1.07032
11 109 1.09737
11 110 1.09737
11 111 1.09737
11 112 1.09737
11 113 1.09737
11 114 1.08426
11 115 1.07791
11 116 1.07196
11 117 1.06948
11 118 1.10066
11 119 1.10066
11 120 1.10066
11 121 1.10066
11 122 1.10066
11 123 1.08617
11 124 1.07896
11 125 1.07258
11 126 1.06966
11 127 1.09858
11 128 1.09858
11 129 1.09858
11 130 1.09858
11 131 1.09858
11 132 1.08477
11 133 1.07808
11 134 1.07197
11 135 1.06899
11 136 1.09346
11 137 1.09346
11 138 1.09346
11 139 1.09346
11 140 1.09346
11 141 1.08161
11 142 1.0758
11 143 1.07042
11 144 1.06773
12 1 1.1468
12 2 1.1468
12 3 1.1468
12 4 1.1468
12 5 1.1468
12 6 1.1065
12 7 1.09161
12 8 1.07969
12 9 1.07409
12 10 1.30413
12 11 1.30413
12 12 1.30413
12 13 1.30413
12 14 1.30413
12 15 1.11746
12 16 1.09625
12 17 1.0815
12 18 1.07479
12 19 1.16158
12 20 1.16158
12 21 1.16158
12 22 1.16158
12 23 1.16158
12 24 1.10999
12 25 1.09321
12 26 1.08015
12 27 1.07403
12 28 1.12575
12 29 1.12575
12 30 1.12575
12 31 1.12575
12 32 1.12575
12 33 1.09877
12 34 1.08716
12 35 1.07717
12 36 1.07231
12 37 1.12917
12 38 1.12917
12 39 1.12917
12 40 1.12917
12 41 1.12917
12 42 1.10036
12 43 1.0885
12 44 1.07847
12 45 1.07382
12 46 1.14697
12 47 1.14697
12 48 1.14697
12 49 1.14697
12 50 1.14697
12 51 1.10668
12 52 1.0918
12 53 1.07991
12 54 1.07436
12 55 1.13508
12 56 1.13508
12 57 1.13508
12 58 1.13508
12 59 1.13508
12 60 1.10286
12 61 1.08978
12 62 1.07885
12 63 1.0736
12 64 1.11691
12 65 1.11691
12 66 1.11691
12 67 1.11691
12 68 1.11691
12 69 1.09501
12 70 1.08508
12 71 1.0763
12 72 1.07199
12 73 1.11162
12 74 1.11162
12 75 1.11162
12 76 1.11162
12 77 1.11162
12 78 1.09211
12 79 1.08346
12 80 1.07564
12 81 1.07212
12 82 1.11843
12 83 1.11843
12 84 1.11843
12 85 1.11843
12 86 1.11843
12 87 1.09568
12 88 1.08545
12 89 1.07663
12 90 1.07248
12 91 1.11416
12 92 1.11416
12 93 1.11416
12 94 1.11416
12 95 1.11416
12 96 1.09359
12 97 1.08418
12 98 1.07584
12 99 1.07176
12 100 1.10492
12 101 1.10492
12 102 1.10492
12 103 1.10492
12 104 1.10492
12 105 1.08864
12 106 1.08088
12 107 1.07382
12 108 1.07032
12 109 1.09737
12 110 1.09737
12 111 1.09737
12 112 1.09737
12 113 1.09737
12 114 1.08426
12 115 1.07791
12 116 1.07196
12 117 1.06948
12 118 1.10066
12 119 1.10066
12 120 1.10066
12 121 1.10066
12 122 1.10066
12 123 1.08617
12 124 1.07896
12 125 1.07258
12 126 1.06966
12 127 1.09858
12 128 1.09858
12 129 1.09858
12 130 1.09858
12 131 1.09858
12 132 1.08477
12 133 1.07808
12 134 1.07197
12 135 1.06899
12 136 1.09346
12 137 1.09346
12 138 1.09346
12 139 1.09346
12 140 1.09346
12 141 1.08161
12 142 1.0758
12 143 1.07042
12 144 1.06773
13 1 1.1468
13 2 1.1468
13 3 1.1468
13 4 1.1468
13 5 1.1468
13 6 1.1065
13 7 1.09161
13 8 1.07969
13 9 1.07409
13 10 1.30413
13 11 1.30413
13 12 1.30413
13 13 1.30413
13 14 1.30413
13 15 1.11746
13 16 1.09625
13 17 1.0815
13 18 1.07479
13 19 1.16158
13 20 1.16158
13 21 1.16158
13 22 1.16158
13 23 1.16158
13 24 1.10999
13 25 1.09321
13 26 1.08015
13 27 1.07403
13 28 1.12575
13 29 1.12575
13 30 1.12575
13 31 1.12575
13 32 1.12575
13 33 1.09877
13 34 1.08716
13 35 1.07717
13 36 1.07231
13 37 1.12917
13 38 1.12917
13 39 1.12917
13 40 1.12917
13 41 1.12917
13 42 1.10036
13 43 1.0885
13 44 1.07847
13 45 1.07382
13 46 1.14697
13 47 1.14697
13 48 1.14697
13 49 1.14697
13 50 1.14697
13 51 1.10668
13 52 1.0918
13 53 1.07991
13 54 1.07436
13 55 1.13508
13 56 1.13508
13 57 1.13508
13 58 1.13508
13 59 1.13508
13 60 1.10286
13 61 1.08978
13 62 1.07885
13 63 1.0736
13 64 1.11691
13 65 1.11691
13 66 1.11691
13 67 1.11691
13 68 1.11691
13 69 1.09501
13 70 1.08508
13 71 1.0763
13 72 1.07199
13 73 1.11162
13 74 1.11162
13 75 1.11162
13 76 1.11162
13 77 1.11162
13 78 1.09211
13 79 1.08346
13 80 1.07564
13 81 1.07212
13 82 1.11843
13 83 1.11843
13 84 1.11843
13 85 1.11843
13 86 1.11843
13 87 1.09568
13 88 1.08545
13 89 1.07663
13 90 1.07248
13 91 1.11416
13 92 1.11416
13 93 1.11416
13 94 1.11416
13 95 1.11416
13 96 1.09359
13 97 1.08418
13 98 1.07584
13 99 1.07176
13 100 1.10492
13 101 1.10492
13 102 1.10492
13 103 1.10492
13 104 1.10492
13 105 1.08864
13 106 1.08088
13 107 1.07382
13 108 1.07032
13 109 1.09737
13 110 1.09737
13 111 1.09737
13 112 1.09737
13 113 1.09737
13 114 1.08426
13 115 1.07791
13 116 1.07196
13 117 1.06948
13 118 1.10066
13 119 1.10066
13 120 1.10066
13 121 1.10066
13 122 1.10066
13 123 1.08617
13 124 1.07896
13 125 1.07258
13 126 1.06966
13 127 1.09858
13 128 1.09858
13 129 1.09858
13 130 1.09858
13 131 1.09858
13 132 1.08477
13 133 1.07808
13 134 1.07197
13 135 1.06899
13 136 1.09346
13 137 1.09346
13 138 1.09346
13 139 1.09346
13 140 1.09346
13 141 1.08161
13 142 1.0758
13 143 1.07042
13 144 1.06773
14 1 1.1468
14 2 1.1468
14 3 1.1468
14 4 1.1468
14 5 1.1468
14 6 1.1065
14 7 1.09161
14 8 1.07969
14 9 1.07409
14 10 1.30413
14 11 1.30413
14 12 1.30413
14 13 1.30413
14 14 1.30413
14 15 1.11746
14 16 1.09625
14 17 1.0815
14 18 1.07479
14 19 1.16158
14 20 1.16158
14 21 1.16158
14 22 1.16158
14 23 1.16158
14 24 1.10999
14 25 1.09321
14 26 1.08015
14 27 1.07403
14 28 1.12575
14 29 1.12575
14 30 1.12575
14 31 1.12575
14 32 1.12575
14 33 1.09877
14 34 1.08716
14 35 1.07717
14 36 1.07231
14 37 1.12917
14 38 1.12917
14 39 1.12917
14 40 1.12917
14 41 1.12917
14 42 1.10036
14 43 1.0885
14 44 1.07847
14 45 1.07382
14 46 1.14697
14 47 1.14697
14 48 1.14697
14 49 1.14697
14 50 1.14697
14 51 1.10668
14 52 1.0918
14 53 1.07991
14 54 1.07436
14 55 1.13508
14 56 1.13508
14 57 1.13508
14 58 1.13508
14 59 1.13508
14 60 1.10286
14 61 1.08978
14 62 1.07885
14 63 1.0736
14 64 1.11691
14 65 1.11691
14 66 1.11691
14 67 1.11691
14 68 1.11691
14 69 1.09501
14 70 1.08508
14 71 1.0763
14 72 1.07199
14 73 1.11162
14 74 1.11162
14 75 1.11162
14 76 1.11162
14 77 1.11162
14 78 1.09211
14 79 1.08346
14 80 1.07564
14 81 1.07212
14 82 1.11843
14 83 1.11843
14 84 1.11843
14 85 1.11843
14 86 1.11843
14 87 1.09568
14 88 1.08545
14 89 1.07663
14 90 1.07248
14 91 1.11416
14 92 1.11416
14 93 1.11416
14 94 1.11416
14 95 1.11416
14 96 1.09359
14 97 1.08418
14 98 1.07584
14 99 1.07176
14 100 1.10492
14 101 1.10492
14 102 1.10492
14 103 1.10492
14 104 1.10492
14 105 1.08864
14 106 1.08088
14 107 1.07382
14 108 1.07032
14 109 1.09737
14 110 1.09737
14 111 1.09737
14 112 1.09737
14 113 1.09737
14 114 1.08426
14 115 1.07791
14 116 1.07196
14 117 1.06948
14 118 1.10066
14 119 1.10066
14 120 1.10066
14 121 1.10066
14 122 1.10066
14 123 1.08617
14 124 1.07896
14 125 1.07258
14 126 1.06966
14 127 1.09858
14 128 1.09858
14 129 1.09858
14 130 1.09858
14 131 1.09858
14 132 1.08477
14 133 1.07808
14 134 1.07197
14 135 1.06899
14 136 1.09346
14 137 1.09346
14 138 1.09346
14 139 1.09346
14 140 1.09346
14 141 1.08161
14 142 1.0758
14 143 1.07042
14 144 1.06773
15 1 1.10661
15 2 1.10661
15 3 1.10661
15 4 1.10661
15 5 1.10661
15 6 1.44349
15 7 1.36414
15 8 1.24173
15 9 1.17944
15 10 1.11746
15 11 1.11746
15 12 1.11746
15 13 1.11746
15 14 1.11746
15 15 6.91838
15 16 2.14332
15 17 1.39283
15 18 1.20422
15 19 1.10994
15 20 1.10994
15 21 1.10994
15 22 1.10994
15 23 1.10994
15 24 1.68069
15 25 1.48413
15 26 1.28094
15 27 1.1883
15 28 1.09869
15 29 1.09869
15 30 1.09869
15 31 1.09869
15 32 1.09869
15 33 1.24157
15 34 1.23149
15 35 1.1871
15 36 1.15975
15 37 1.101
15 38 1.101
15 39 1.101
15 40 1.101
15 41 1.101
15 42 1.24988
15 43 1.23886
15 44 1.19128
15 45 1.16347
15 46 1.10687
15 47 1.10687
15 48 1.10687
15 49 1.10687
15 50 1.10687
15 51 1.44217
15 52 1.36336
15 53 1.24108
15 54 1.17931
15 55 1.10289
15 56 1.10289
15 57 1.10289
15 58 1.10289
15 59 1.10289
15 60 1.30948
15 61 1.28245
15 62 1.2107
15 63 1.16947
15 64 1.09497
15 65 1.09497
15 66 1.09497
15 67 1.09497
15 68 1.09497
15 69 1.18409
15 70 1.18535
15 71 1.16371
15 72 1.14882
15 73 1.09288
15 74 1.09288
15 75 1.09288
15 76 1.09288
15 77 1.09288
15 78 1.15161
15 79 1.15793
15 80 1.14814
15 81 1.14129
15 82 1.09596
15 83 1.09596
15 84 1.09596
15 85 1.09596
15 86 1.09596
15 87 1.18888
15 88 1.18956
15 89 1.16558
15 90 1.1503
15 91 1.09368
15 92 1.09368
15 93 1.09368
15 94 1.09368
15 95 1.09368
15 96 1.17021
15 97 1.17326
15 98 1.15666
15 99 1.14489
15 100 1.08863
15 101 1.08863
15 102 1.08863
15 103 1.08863
15 104 1.08863
15 105 1.13533
15 106 1.14138
15 107 1.13657
15 108 1.13204
15 109 1.08471
15 110 1.08471
15 111 1.08471
15 112 1.08471
15 113 1.08471
15 114 1.11061
15 115 1.11789
15 116 1.11997
15 117 1.1204
15 118 1.08637
15 119 1.08637
15 120 1.08637
15 121 1.08637
15 122 1.08637
15 123 1.12059
15 124 1.12787
15 125 1.127
15 126 1.12546
15 127 1.08492
15 128 1.08492
15 129 1.08492
15 130 1.08492
15 131 1.08492
15 132 1.11722
15 133 1.12386
15 134 1.12378
15 135 1.12251
15 136 1.08165
15 137 1.08165
15 138 1.08165
15 139 1.08165
15 140 1.08165
15 141 1.1063
15 142 1.11263
15 143 1.11467
15 144 1.11486
16 1 1.09173
16 2 1.09173
16 3 1.09173
16 4 1.09173
16 5 1.09173
16 6 1.36446
16 7 1.46505
16 8 1.33891
16 9 1.24903
16 10 1.09625
16 11 1.09625
16 12 1.09625
16 13 1.09625
16 14 1.09625
16 15 2.14332
16 16 6.92152
16 17 1.9943
16 18 1.31225
16 19 1.09313
16 20 1.09313
16 21 1.09313
16 22 1.09313
16 23 1.09313
16 24 1.48391
16 25 1.69878
16 26 1.42975
16 27 1.26866
16 28 1.08706
16 29 1.08706
16 30 1.08706
16 31 1.08706
16 32 1.08706
16 33 1.23141
16 34 1.268
16 35 1.23943
16 36 1.21196
16 37 1.089
16 38 1.089
16 39 1.089
16 40 1.089
16 41 1.089
16 42 1.23743
16 43 1.27727
16 44 1.24623
16 45 1.21764
16 46 1.09202
16 47 1.09202
16 48 1.09202
16 49 1.09202
16 50 1.09202
16 51 1.36314
16 52 1.4642
16 53 1.33792
16 54 1.2487
16 55 1.08979
16 56 1.08979
16 57 1.08979
16 58 1.08979
16 59 1.08979
16 60 1.28218
16 61 1.33466
16 62 1.2778
16 63 1.22932
16 64 1.08502
16 65 1.08502
16 66 1.08502
16 67 1.08502
16 68 1.08502
16 69 1.18529
16 70 1.2106
16 71 1.20354
16 72 1.19274
16 73 1.08406
16 74 1.08406
16 75 1.08406
16 76 1.08406
16 77 1.08406
16 78 1.15552
16 79 1.17875
16 80 1.1818
16 81 1.17977
16 82 1.08582
16 83 1.08582
16 84 1.08582
16 85 1.08582
16 86 1.08582
16 87 1.18807
16 88 1.21638
16 89 1.20701
16 90 1.19518
16 91 1.08427
16 92 1.08427
16 93 1.08427
16 94 1.08427
16 95 1.08427
16 96 1.17283
16 97 1.1965
16 98 1.19361
16 99 1.18627
16 100 1.08086
16 101 1.08086
16 102 1.08086
16 103 1.08086
16 104 1.08086
16 105 1.14132
16 106 1.15964
16 107 1.16549
16 108 1.16568
16 109 1.07843
16 110 1.07843
16 111 1.07843
16 112 1.07843
16 113 1.07843
16 114 1.11615
16 115 1.13231
16 116 1.14299
16 117 1.14734
16 118 1.07941
16 119 1.07941
16 120 1.07941
16 121 1.07941
16 122 1.07941
16 123 1.12619
16 124 1.14415
16 125 1.15271
16 126 1.15546
16 127 1.07825
16 128 1.07825
16 129 1.07825
16 130 1.07825
16 131 1.07825
16 132 1.12337
16 133 1.13947
16 134 1.14821
16 135 1.15115
16 136 1.07583
16 137 1.07583
16 138 1.07583
16 139 1.07583
16 140 1.07583
16 141 1.11255
16 142 1.12646
16 143 1.13586
16 144 1.13971
17 1 1.07976
17 2 1.07976
17 3 1.07976
17 4 1.07976
17 5 1.07976
17 6 1.24208
17 7 1.33951
17 8 1.3976
17 9 1.33498
17 10 1.0815
17 11 1.0815
17 12 1.0815
17 13 1.0815
17 14 1.0815
17 15 1.39283
17 16 1.9943
17 17 6.24628
17 18 1.54436
17 19 1.0801
17 20 1.0801
17 21 1.0801
17 22 1.0801
17 23 1.0801
17 24 1.28052
17 25 1.42901
17 26 1.55346
17 27 1.37798
17 28 1.0771
17 29 1.0771
17 30 1.0771
17 31 1.0771
17 32 1.0771
17 33 1.18694
17 34 1.23919
17 35 1.27014
17 36 1.26897
17 37 1.07881
17 38 1.07881
17 39 1.07881
17 40 1.07881
17 41 1.07881
17 42 1.19001
17 43 1.24612
17 44 1.27871
17 45 1.27726
17 46 1.08007
17 47 1.08007
17 48 1.08007
17 49 1.08007
17 50 1.08007
17 51 1.24102
17 52 1.33858
17 53 1.39632
17 54 1.33442
17 55 1.07887
17 56 1.07887
17 57 1.07887
17 58 1.07887
17 59 1.07887
17 60 1.21033
17 61 1.27745
17 62 1.31336
17 63 1.29784
17 64 1.07627
17 65 1.07627
17 66 1.07627
17 67 1.07627
17 68 1.07627
17 69 1.16358
17 70 1.20336
17 71 1.23065
17 72 1.23849
17 73 1.07618
17 74 1.07618
17 75 1.07618
17 76 1.07618
17 77 1.07618
17 78 1.14504
17 79 1.1806
17 80 1.20765
17 81 1.21876
17 82 1.07695
17 83 1.07695
17 84 1.07695
17 85 1.07695
17 86 1.07695
17 87 1.16398
17 88 1.20691
17 89 1.23509
17 90 1.24228
17 91 1.07593
17 92 1.07593
17 93 1.07593
17 94 1.07593
17 95 1.07593
17 96 1.15602
17 97 1.19322
17 98 1.21995
17 99 1.22894
17 100 1.07383
17 101 1.07383
17 102 1.07383
17 103 1.07383
17 104 1.07383
17 105 1.13641
17 106 1.16532
17 107 1.18881
17 108 1.19921
17 109 1.07262
17 110 1.07262
17 111 1.07262
17 112 1.07262
17 113 1.07262
17 114 1.11669
17 115 1.1412
17 116 1.16317
17 117 1.17347
17 118 1.07304
17 119 1.07304
17 120 1.07304
17 121 1.07304
17 122 1.07304
17 123 1.12442
17 124 1.15191
17 125 1.17447
17 126 1.18499
17 127 1.07215
17 128 1.07215
17 129 1.07215
17 130 1.07215
17 131 1.07215
17 132 1.12283
17 133 1.14766
17 134 1.16908
17 135 1.17923
17 136 1.07046
17 137 1.07046
17 138 1.07046
17 139 1.07046
17 140 1.07046
17 141 1.11443
17 142 1.13564
17 143 1.15458
17 144 1.16382
18 1 1.07409
18 2 1.07409
18 3 1.07409
18 4 1.07409
18 5 1.07409
18 6 1.17924
18 7 1.24897
18 8 1.33477
18 9 1.38801
18 10 1.07479
18 11 1.07479
18 12 1.07479
18 13 1.07479
18 14 1.07479
18 15 1.20422
18 16 1.31225
18 17 1.54436
18 18 2.14593
18 19 1.07402
18 20 1.07402
18 21 1.07402
18 22 1.07402
18 23 1.07402
18 24 1.18837
18 25 1.26863
18 26 1.37823
18 27 1.45612
18 28 1.0723
18 29 1.0723
18 30 1.0723
18 31 1.0723
18 32 1.0723
18 33 1.15982
18 34 1.21195
18 35 1.26911
18 36 1.30067
18 37 1.07388
18 38 1.07388
18 39 1.07388
18 40 1.07388
18 41 1.07388
18 42 1.16107
18 43 1.2159
18 44 1.27598
18 45 1.30963
18 46 1.07441
18 47 1.07441
18 48 1.07441
18 49 1.07441
18 50 1.07441
18 51 1.17847
18 52 1.24829
18 53 1.33392
18 54 1.38747
18 55 1.07364
18 56 1.07364
18 57 1.07364
18 58 1.07364
18 59 1.07364
18 60 1.16922
18 61 1.22904
18 62 1.29776
18 63 1.33708
18 64 1.072
18 65 1.072
18 66 1.072
18 67 1.072
18 68 1.072
18 69 1.1488
18 70 1.19263
18 71 1.23849
18 72 1.26295
18 73 1.07228
18 74 1.07228
18 75 1.07228
18 76 1.07228
18 77 1.07228
18 78 1.13696
18 79 1.17696
18 80 1.21735
18 81 1.23873
18 82 1.07261
18 83 1.07261
18 84 1.07261
18 85 1.07261
18 86 1.07261
18 87 1.14791
18 88 1.19409
18 89 1.24156
18 90 1.26722
18 91 1.07184
18 92 1.07184
18 93 1.07184
18 94 1.07184
18 95 1.07184
18 96 1.14411
18 97 1.18562
18 98 1.22862
18 99 1.25141
18 100 1.07035
18 101 1.07035
18 102 1.07035
18 103 1.07035
18 104 1.07035
18 105 1.13187
18 106 1.16544
18 107 1.1991
18 108 1.21659
18 109 1.0697
18 110 1.0697
18 111 1.0697
18 112 1.0697
18 113 1.0697
18 114 1.11587
18 115 1.14436
18 116 1.1726
18 117 1.18656
18 118 1.06986
18 119 1.06986
18 120 1.06986
18 121 1.06986
18 122 1.06986
18 123 1.12202
18 124 1.15386
18 125 1.18434
18 126 1.19999
18 127 1.0691
18 128 1.0691
18 129 1.0691
18 130 1.0691
18 131 1.0691
18 132 1.12122
18 133 1.15018
18 134 1.17879
18 135 1.19356
18 136 1.06778
18 137 1.06778
18 138 1.06778
18 139 1.06778
18 140 1.06778
18 141 1.11452
18 142 1.13934
18 143 1.16364
18 144 1.1761
19 1 1.11804
19 2 1.11804
19 3 1.11804
19 4 1.11804
19 5 1.11804
19 6 1.09516
19 7 1.08492
19 8 1.07602
19 9 1.0717
19 10 1.16158
19 11 1.16158
19 12 1.16158
19 13 1.16158
19 14 1.16158
19 15 1.10994
19 16 1.09313
19 17 1.0801
19 18 1.07402
19 19 1.30418
19 20 1.30418
19 21 1.30418
19 22 1.30418
19 23 1.30418
19 24 1.11751
19 25 1.09629
19 26 1.08146
19 27 1.0747
19 28 1.16192
19 29 1.16192
19 30 1.16192
19 31 1.16192
19 32 1.16192
19 33 1.11032
19 34 1.09351
19 35 1.08041
19 36 1.07426
19 37 1.11141
19 38 1.11141
19 39 1.11141
19 40 1.11141
19 41 1.11141
19 42 1.0918
19 43 1.08299
19 44 1.07519
19 45 1.07152
19 46 1.13506
19 47 1.13506
19 48 1.13506
19 49 1.13506
19 50 1.13506
19 51 1.1027
19 52 1.08959
19 53 1.07873
19 54 1.07361
19 55 1.14704
19 56 1.14704
19 57 1.14704
19 58 1.14704
19 59 1.14704
19 60 1.10677
19 61 1.0919
19 62 1.07989
19 63 1.0742
19 64 1.13544
19 65 1.13544
19 66 1.13544
19 67 1.13544
19 68 1.13544
19 69 1.1032
19 70 1.09008
19 71 1.07909
19 72 1.07379
19 73 1.10142
19 74 1.10142
19 75 1.10142
19 76 1.10142
19 77 1.10142
19 78 1.08619
19 79 1.07926
19 80 1.07289
19 81 1.07002
19 82 1.11412
19 83 1.11412
19 84 1.11412
19 85 1.11412
19 86 1.11412
19 87 1.09339
19 88 1.08393
19 89 1.07566
19 90 1.07179
19 91 1.11852
19 92 1.11852
19 93 1.11852
19 94 1.11852
19 95 1.11852
19 96 1.09569
19 97 1.08552
19 98 1.0766
19 99 1.07226
19 100 1.11454
19 101 1.11454
19 102 1.11454
19 103 1.11454
19 104 1.11454
19 105 1.0939
19 106 1.08445
19 107 1.07605
19 108 1.07191
19 109 1.09122
19 110 1.09122
19 111 1.09122
19 112 1.09122
19 113 1.09122
19 114 1.08013
19 115 1.07475
19 116 1.06971
19 117 1.06761
19 118 1.09852
19 119 1.09852
19 120 1.09852
19 121 1.09852
19 122 1.09852
19 123 1.08465
19 124 1.07784
19 125 1.07177
19 126 1.06903
19 127 1.10076
19 128 1.10076
19 129 1.10076
19 130 1.10076
19 131 1.10076
19 132 1.08596
19 133 1.07891
19 134 1.0725
19 135 1.06939
19 136 1.09897
19 137 1.09897
19 138 1.09897
19 139 1.09897
19 140 1.09897
19 141 1.08503
19 142 1.07832
19 143 1.07216
19 144 1.06909
20 1 1.11804
20 2 1.11804
20 3 1.11804
20 4 1.11804
20 5 1.11804
20 6 1.09516
20 7 1.08492
20 8 1.07602
20 9 1.0717
20 10 1.16158
20 11 1.16158
20 12 1.16158
20 13 1.16158
20 14 1.16158
20 15 1.10994
20 16 1.09313
20 17 1.0801
20 18 1.07402
20 19 1.30418
20 20 1.30418
20 21 1.30418
20 22 1.30418
20 23 1.30418
20 24 1.11751
20 25 1.09629
20 26 1.08146
20 27 1.0747
20 28 1.16192
20 29 1.16192
20 30 1.16192
20 31 1.16192
20 32 1.16192
20 33 1.11032
20 34 1.09351
20 35 1.08041
20 36 1.07426
20 37 1.11141
20 38 1.11141
20 39 1.11141
20 40 1.11141
20 41 1.11141
20 42 1.0918
20 43 1.08299
20 44 1.07519
20 45 1.07152
20 46 1.13506
20 47 1.13506
20 48 1.13506
20 49 1.13506
20 50 1.13506
20 51 1.1027
20 52 1.08959
20 53 1.07873
20 54 1.07361
20 55 1.14704
20 56 1.14704
20 57 1.14704
20 58 1.14704
20 59 1.14704
20 60 1.10677
20 61 1.0919
20 62 1.07989
20 63 1.0742
20 64 1.13544
20 65 1.13544
20 66 1.13544
20 67 1.13544
20 68 1.13544
20 69 1.1032
20 70 1.09008
20 71 1.07909
20 72 1.07379
20 73 1.10142
20 74 1.10142
20 75 1.10142
20 76 1.10142
20 77 1.10142
20 78 1.08619
20 79 1.07926
20 80 1.07289
20 81 1.07002
20 82 1.11412
20 83 1.11412
20 84 1.11412
20 85 1.11412
20 86 1.11412
20 87 1.09339
20 88 1.08393
20 89 1.07566
20 90 1.07179
20 91 1.11852
20 92 1.11852
20 93 1.11852
20 94 1.11852
20 95 1.11852
20 96 1.09569
20 97 1.08552
20 98 1.0766
20 99 1.07226
20 100 1.11454
20 101 1.11454
20 102 1.11454
20 103 1.11454
20 104 1.11454
20 105 1.0939
20 106 1.08445
20 107 1.07605
20 108 1.07191
20 109 1.09122
20 110 1.09122
20 111 1.09122
20 112 1.09122
20 113 1.09122
20 114 1.08013
20 115 1.07475
20 116 1.06971
20 117 1.06761
20 118 1.09852
20 119 1.09852
20 120 1.09852
20 121 1.09852
20 122 1.09852
20 123 1.08465
20 124 1.07784
20 125 1.07177
20 126 1.06903
20 127 1.10076
20 128 1.10076
20 129 1.10076
20 130 1.10076
20 131 1.10076
20 132 1.08596
20 133 1.07891
20 134 1.0725
20 135 1.06939
20 136 1.09897
20 137 1.09897
20 138 1.09897
20 139 1.09897
20 140 1.09897
20 141 1.08503
20 142 1.07832
20 143 1.07216
20 144 1.06909
21 1 1.11804
21 2 1.11804
21 3 1.11804
21 4 1.11804
21 5 1.11804
21 6 1.09516
21 7 1.08492
21 8 1.07602
21 9 1.0717
21 10 1.16158
21 11 1.16158
21 12 1.16158
21 13 1.16158
21 14 1.16158
21 15 1.10994
21 16 1.09313
21 17 1.0801
21 18 1.07402
21 19 1.30418
21 20 1.30418
21 21 1.30418
21 22 1.30418
21 23 1.30418
21 24 1.11751
21 25 1.09629
21 26 1.08146
21 27 1.0747
21 28 1.16192
21 29 1.16192
21 30 1.16192
21 31 1.16192
21 32 1.16192
21 33 1.11032
21 34 1.09351
21 35 1.08041
21 36 1.07426
21 37 1.11141
21 38 1.11141
21 39 1.11141
21 40 1.11141
21 41 1.11141
21 42 1.0918
21 43 1.08299
21 44 1.07519
