injected_el measured_el potential
1 1 1.30421
1 2 1.30421
1 3 1.30421
1 4 1.30421
1 5 1.30421
1 6 1.11535
1 7 1.09813
1 8 1.08516
1 9 1.07848
1 10 1.14541
1 11 1.14541
1 12 1.14541
1 13 1.14541
1 14 1.14541
1 15 1.1034
1 16 1.09604
1 17 1.08562
1 18 1.07857
1 19 1.11698
1 20 1.11698
1 21 1.11698
1 22 1.11698
1 23 1.11698
1 24 1.09808
1 25 1.09232
1 26 1.08291
1 27 1.07632
1 28 1.09994
1 29 1.09994
1 30 1.09994
1 31 1.09994
1 32 1.09994
1 33 1.08976
1 34 1.08346
1 35 1.07614
1 36 1.07219
1 37 1.14732
1 38 1.14732
1 39 1.14732
1 40 1.14732
1 41 1.14732
1 42 1.10662
1 43 1.0938
1 44 1.08332
1 45 1.07782
1 46 1.12837
1 47 1.12837
1 48 1.12837
1 49 1.12837
1 50 1.12837
1 51 1.09895
1 52 1.09266
1 53 1.08427
1 54 1.07766
1 55 1.11074
1 56 1.11074
1 57 1.11074
1 58 1.11074
1 59 1.11074
1 60 1.09575
1 61 1.09074
1 62 1.08164
1 63 1.07538
1 64 1.097
1 65 1.097
1 66 1.097
1 67 1.097
1 68 1.097
1 69 1.08699
1 70 1.08158
1 71 1.07524
1 72 1.07176
1 73 1.11909
1 74 1.11909
1 75 1.11909
1 76 1.11909
1 77 1.11909
1 78 1.09685
1 79 1.08786
1 80 1.07971
1 81 1.07538
1 82 1.1113
1 83 1.1113
1 84 1.1113
1 85 1.1113
1 86 1.1113
1 87 1.093
1 88 1.08725
1 89 1.08004
1 90 1.0748
1 91 1.10114
1 92 1.10114
1 93 1.10114
1 94 1.10114
1 95 1.10114
1 96 1.08908
1 97 1.08462
1 98 1.07736
1 99 1.0728
1 100 1.09128
1 101 1.09128
1 102 1.09128
1 103 1.09128
1 104 1.09128
1 105 1.0823
1 106 1.07768
1 107 1.07256
1 108 1.06979
1 109 1.10155
1 110 1.10155
1 111 1.10155
1 112 1.10155
1 113 1.10155
1 114 1.08761
1 115 1.08118
1 116 1.07506
1 117 1.0719
1 118 1.09732
1 119 1.09732
1 120 1.09732
1 121 1.09732
1 122 1.09732
1 123 1.08523
1 124 1.08048
1 125 1.07455
1 126 1.07106
1 127 1.09118
1 128 1.09118
1 129 1.09118
1 130 1.09118
1 131 1.09118
1 132 1.08173
1 133 1.07776
1 134 1.07236
1 135 1.06935
1 136 1.08435
1 137 1.08435
1 138 1.08435
1 139 1.08435
1 140 1.08435
1 141 1.07683
1 142 1.07299
1 143 1.069
1 144 1.06689
2 1 1.30421
2 2 1.30421
2 3 1.30421
2 4 1.30421
2 5 1.30421
2 6 1.11535
2 7 1.09813
2 8 1.08516
2 9 1.07848
2 10 1.14541
2 11 1.14541
2 12 1.14541
2 13 1.14541
2 14 1.14541
2 15 1.1034
2 16 1.09604
2 17 1.08562
2 18 1.07857
2 19 1.11698
2 20 1.11698
2 21 1.11698
2 22 1.11698
2 23 1.11698
2 24 1.09808
2 25 1.09232
2 26 1.08291
2 27 1.07632
2 28 1.09994
2 29 1.09994
2 30 1.09994
2 31 1.09994
2 32 1.09994
2 33 1.08976
2 34 1.08346
2 35 1.07614
2 36 1.07219
2 37 1.14732
2 38 1.14732
2 39 1.14732
2 40 1.14732
2 41 1.14732
2 42 1.10662
2 43 1.0938
2 44 1.08332
2 45 1.07782
2 46 1.12837
2 47 1.12837
2 48 1.12837
2 49 1.12837
2 50 1.12837
2 51 1.09895
2 52 1.09266
2 53 1.08427
2 54 1.07766
2 55 1.11074
2 56 1.11074
2 57 1.11074
2 58 1.11074
2 59 1.11074
2 60 1.09575
2 61 1.09074
2 62 1.08164
2 63 1.07538
2 64 1.097
2 65 1.097
2 66 1.097
2 67 1.097
2 68 1.097
2 69 1.08699
2 70 1.08158
2 71 1.07524
2 72 1.07176
2 73 1.11909
2 74 1.11909
2 75 1.11909
2 76 1.11909
2 77 1.11909
2 78 1.09685
2 79 1.08786
2 80 1.07971
2 81 1.07538
2 82 1.1113
2 83 1.1113
2 84 1.1113
2 85 1.1113
2 86 1.1113
2 87 1.093
2 88 1.08725
2 89 1.08004
2 90 1.0748
2 91 1.10114
2 92 1.10114
2 93 1.10114
2 94 1.10114
2 95 1.10114
2 96 1.08908
2 97 1.08462
2 98 1.07736
2 99 1.0728
2 100 1.09128
2 101 1.09128
2 102 1.09128
2 103 1.09128
2 104 1.09128
2 105 1.0823
2 106 1.07768
2 107 1.07256
2 108 1.06979
2 109 1.10155
2 110 1.10155
2 111 1.10155
2 112 1.10155
2 113 1.10155
2 114 1.08761
2 115 1.08118
2 116 1.07506
2 117 1.0719
2 118 1.09732
2 119 1.09732
2 120 1.09732
2 121 1.09732
2 122 1.09732
2 123 1.08523
2 124 1.08048
2 125 1.07455
2 126 1.07106
2 127 1.09118
2 128 1.09118
2 129 1.09118
2 130 1.09118
2 131 1.09118
2 132 1.08173
2 133 1.07776
2 134 1.07236
2 135 1.06935
2 136 1.08435
2 137 1.08435
2 138 1.08435
2 139 1.08435
2 140 1.08435
2 141 1.07683
2 142 1.07299
2 143 1.069
2 144 1.06689
3 1 1.30421
3 2 1.30421
3 3 1.30421
3 4 1.30421
3 5 1.30421
3 6 1.11535
3 7 1.09813
3 8 1.08516
3 9 1.07848
3 10 1.14541
3 11 1.14541
3 12 1.14541
3 13 1.14541
3 14 1.14541
3 15 1.1034
3 16 1.09604
3 17 1.08562
3 18 1.07857
3 19 1.11698
3 20 1.11698
3 21 1.11698
3 22 1.11698
3 23 1.11698
3 24 1.09808
3 25 1.09232
3 26 1.08291
3 27 1.07632
3 28 1.09994
3 29 1.09994
3 30 1.09994
3 31 1.09994
3 32 1.09994
3 33 1.08976
3 34 1.08346
3 35 1.07614
3 36 1.07219
3 37 1.14732
3 38 1.14732
3 39 1.14732
3 40 1.14732
3 41 1.14732
3 42 1.10662
3 43 1.0938
3 44 1.08332
3 45 1.07782
3 46 1.12837
3 47 1.12837
3 48 1.12837
3 49 1.12837
3 50 1.12837
3 51 1.09895
3 52 1.09266
3 53 1.08427
3 54 1.07766
3 55 1.11074
3 56 1.11074
3 57 1.11074
3 58 1.11074
3 59 1.11074
3 60 1.09575
3 61 1.09074
3 62 1.08164
3 63 1.07538
3 64 1.097
3 65 1.097
3 66 1.097
3 67 1.097
3 68 1.097
3 69 1.08699
3 70 1.08158
3 71 1.07524
3 72 1.07176
3 73 1.11909
3 74 1.11909
3 75 1.11909
3 76 1.11909
3 77 1.11909
3 78 1.09685
3 79 1.08786
3 80 1.07971
3 81 1.07538
3 82 1.1113
3 83 1.1113
3 84 1.1113
3 85 1.1113
3 86 1.1113
3 87 1.093
3 88 1.08725
3 89 1.08004
3 90 1.0748
3 91 1.10114
3 92 1.10114
3 93 1.10114
3 94 1.10114
3 95 1.10114
3 96 1.08908
3 97 1.08462
3 98 1.07736
3 99 1.0728
3 100 1.09128
3 101 1.09128
3 102 1.09128
3 103 1.09128
3 104 1.09128
3 105 1.0823
3 106 1.07768
3 107 1.07256
3 108 1.06979
3 109 1.10155
3 110 1.10155
3 111 1.10155
3 112 1.10155
3 113 1.10155
3 114 1.08761
3 115 1.08118
3 116 1.07506
3 117 1.0719
3 118 1.09732
3 119 1.09732
3 120 1.09732
3 121 1.09732
3 122 1.09732
3 123 1.08523
3 124 1.08048
3 125 1.07455
3 126 1.07106
3 127 1.09118
3 128 1.09118
3 129 1.09118
3 130 1.09118
3 131 1.09118
3 132 1.08173
3 133 1.07776
3 134 1.07236
3 135 1.06935
3 136 1.08435
3 137 1.08435
3 138 1.08435
3 139 1.08435
3 140 1.08435
3 141 1.07683
3 142 1.07299
3 143 1.069
3 144 1.06689
4 1 1.30421
4 2 1.30421
4 3 1.30421
4 4 1.30421
4 5 1.30421
4 6 1.11535
4 7 1.09813
4 8 1.08516
4 9 1.07848
4 10 1.14541
4 11 1.14541
4 12 1.14541
4 13 1.14541
4 14 1.14541
4 15 1.1034
4 16 1.09604
4 17 1.08562
4 18 1.07857
4 19 1.11698
4 20 1.11698
4 21 1.11698
4 22 1.11698
4 23 1.11698
4 24 1.09808
4 25 1.09232
4 26 1.08291
4 27 1.07632
4 28 1.09994
4 29 1.09994
4 30 1.09994
4 31 1.09994
4 32 1.09994
4 33 1.08976
4 34 1.08346
4 35 1.07614
4 36 1.07219
4 37 1.14732
4 38 1.14732
4 39 1.14732
4 40 1.14732
4 41 1.14732
4 42 1.10662
4 43 1.0938
4 44 1.08332
4 45 1.07782
4 46 1.12837
4 47 1.12837
4 48 1.12837
4 49 1.12837
4 50 1.12837
4 51 1.09895
4 52 1.09266
4 53 1.08427
4 54 1.07766
4 55 1.11074
4 56 1.11074
4 57 1.11074
4 58 1.11074
4 59 1.11074
4 60 1.09575
4 61 1.09074
4 62 1.08164
4 63 1.07538
4 64 1.097
4 65 1.097
4 66 1.097
4 67 1.097
4 68 1.097
4 69 1.08699
4 70 1.08158
4 71 1.07524
4 72 1.07176
4 73 1.11909
4 74 1.11909
4 75 1.11909
4 76 1.11909
4 77 1.11909
4 78 1.09685
4 79 1.08786
4 80 1.07971
4 81 1.07538
4 82 1.1113
4 83 1.1113
4 84 1.1113
4 85 1.1113
4 86 1.1113
4 87 1.093
4 88 1.08725
4 89 1.08004
4 90 1.0748
4 91 1.10114
4 92 1.10114
4 93 1.10114
4 94 1.10114
4 95 1.10114
4 96 1.08908
4 97 1.08462
4 98 1.07736
4 99 1.0728
4 100 1.09128
4 101 1.09128
4 102 1.09128
4 103 1.09128
4 104 1.09128
4 105 1.0823
4 106 1.07768
4 107 1.07256
4 108 1.06979
4 109 1.10155
4 110 1.10155
4 111 1.10155
4 112 1.10155
4 113 1.10155
4 114 1.08761
4 115 1.08118
4 116 1.07506
4 117 1.0719
4 118 1.09732
4 119 1.09732
4 120 1.09732
4 121 1.09732
4 122 1.09732
4 123 1.08523
4 124 1.08048
4 125 1.07455
4 126 1.07106
4 127 1.09118
4 128 1.09118
4 129 1.09118
4 130 1.09118
4 131 1.09118
4 132 1.08173
4 133 1.07776
4 134 1.07236
4 135 1.06935
4 136 1.08435
4 137 1.08435
4 138 1.08435
4 139 1.08435
4 140 1.08435
4 141 1.07683
4 142 1.07299
4 143 1.069
4 144 1.06689
5 1 1.30421
5 2 1.30421
5 3 1.30421
5 4 1.30421
5 5 1.30421
5 6 1.11535
5 7 1.09813
5 8 1.08516
5 9 1.07848
5 10 1.14541
5 11 1.14541
5 12 1.14541
5 13 1.14541
5 14 1.14541
5 15 1.1034
5 16 1.09604
5 17 1.08562
5 18 1.07857
5 19 1.11698
5 20 1.11698
5 21 1.11698
5 22 1.11698
5 23 1.11698
5 24 1.09808
5 25 1.09232
5 26 1.08291
5 27 1.07632
5 28 1.09994
5 29 1.09994
5 30 1.09994
5 31 1.09994
5 32 1.09994
5 33 1.08976
5 34 1.08346
5 35 1.07614
5 36 1.07219
5 37 1.14732
5 38 1.14732
5 39 1.14732
5 40 1.14732
5 41 1.14732
5 42 1.10662
5 43 1.0938
5 44 1.08332
5 45 1.07782
5 46 1.12837
5 47 1.12837
5 48 1.12837
5 49 1.12837
5 50 1.12837
5 51 1.09895
5 52 1.09266
5 53 1.08427
5 54 1.07766
5 55 1.11074
5 56 1.11074
5 57 1.11074
5 58 1.11074
5 59 1.11074
5 60 1.09575
5 61 1.09074
5 62 1.08164
5 63 1.07538
5 64 1.097
5 65 1.097
5 66 1.097
5 67 1.097
5 68 1.097
5 69 1.08699
5 70 1.08158
5 71 1.07524
5 72 1.07176
5 73 1.11909
5 74 1.11909
5 75 1.11909
5 76 1.11909
5 77 1.11909
5 78 1.09685
5 79 1.08786
5 80 1.07971
5 81 1.07538
5 82 1.1113
5 83 1.1113
5 84 1.1113
5 85 1.1113
5 86 1.1113
5 87 1.093
5 88 1.08725
5 89 1.08004
5 90 1.0748
5 91 1.10114
5 92 1.10114
5 93 1.10114
5 94 1.10114
5 95 1.10114
5 96 1.08908
5 97 1.08462
5 98 1.07736
5 99 1.0728
5 100 1.09128
5 101 1.09128
5 102 1.09128
5 103 1.09128
5 104 1.09128
5 105 1.0823
5 106 1.07768
5 107 1.07256
5 108 1.06979
5 109 1.10155
5 110 1.10155
5 111 1.10155
5 112 1.10155
5 113 1.10155
5 114 1.08761
5 115 1.08118
5 116 1.07506
5 117 1.0719
5 118 1.09732
5 119 1.09732
5 120 1.09732
5 121 1.09732
5 122 1.09732
5 123 1.08523
5 124 1.08048
5 125 1.07455
5 126 1.07106
5 127 1.09118
5 128 1.09118
5 129 1.09118
5 130 1.09118
5 131 1.09118
5 132 1.08173
5 133 1.07776
5 134 1.07236
5 135 1.06935
5 136 1.08435
5 137 1.08435
5 138 1.08435
5 139 1.08435
5 140 1.08435
5 141 1.07683
5 142 1.07299
5 143 1.069
5 144 1.06689
6 1 1.11535
6 2 1.11535
6 3 1.11535
6 4 1.11535
6 5 1.11535
6 6 5.93758
6 7 1.92746
6 8 1.34917
6 9 1.19609
6 10 1.10952
6 11 1.10952
6 12 1.10952
6 13 1.10952
6 14 1.10952
6 15 1.33781
6 16 1.31037
6 17 1.23541
6 18 1.18503
6 19 1.10034
6 20 1.10034
6 21 1.10034
6 22 1.10034
6 23 1.10034
6 24 1.21218
6 25 1.21836
6 26 1.1904
6 27 1.1625
6 28 1.08967
6 29 1.08967
6 30 1.08967
6 31 1.08967
6 32 1.08967
6 33 1.15243
6 34 1.15546
6 35 1.1443
6 36 1.13611
6 37 1.10579
6 38 1.10579
6 39 1.10579
6 40 1.10579
6 41 1.10579
6 42 1.37486
6 43 1.31281
6 44 1.22443
6 45 1.17559
6 46 1.10264
6 47 1.10264
6 48 1.10264
6 49 1.10264
6 50 1.10264
6 51 1.24297
6 52 1.23814
6 53 1.20244
6 54 1.16998
6 55 1.09603
6 56 1.09603
6 57 1.09603
6 58 1.09603
6 59 1.09603
6 60 1.19815
6 61 1.20439
6 62 1.17457
6 63 1.15234
6 64 1.08767
6 65 1.08767
6 66 1.08767
6 67 1.08767
6 68 1.08767
6 69 1.13761
6 70 1.14428
6 71 1.13703
6 72 1.13108
6 73 1.0957
6 74 1.0957
6 75 1.0957
6 76 1.0957
6 77 1.0957
6 78 1.18124
6 79 1.1841
6 80 1.16445
6 81 1.15031
6 82 1.09375
6 83 1.09375
6 84 1.09375
6 85 1.09375
6 86 1.09375
6 87 1.17198
6 88 1.18163
6 89 1.16303
6 90 1.14736
6 91 1.08917
6 92 1.08917
6 93 1.08917
6 94 1.08917
6 95 1.08917
6 96 1.15044
6 97 1.16188
6 98 1.14631
6 99 1.13576
6 100 1.08322
6 101 1.08322
6 102 1.08322
6 103 1.08322
6 104 1.08322
6 105 1.11682
6 106 1.1243
6 107 1.12277
6 108 1.12047
6 109 1.08654
6 110 1.08654
6 111 1.08654
6 112 1.08654
6 113 1.08654
6 114 1.12413
6 115 1.13172
6 116 1.12998
6 117 1.12745
6 118 1.08517
6 119 1.08517
6 120 1.08517
6 121 1.08517
6 122 1.08517
6 123 1.12426
6 124 1.13487
6 125 1.1297
6 126 1.1256
6 127 1.08201
6 128 1.08201
6 129 1.08201
6 130 1.08201
6 131 1.08201
6 132 1.11432
6 133 1.12411
6 134 1.1208
6 135 1.11821
6 136 1.07776
6 137 1.07776
6 138 1.07776
6 139 1.07776
6 140 1.07776
6 141 1.09908
6 142 1.10558
6 143 1.10763
6 144 1.10788
7 1 1.09813
7 2 1.09813
7 3 1.09813
7 4 1.09813
7 5 1.09813
7 6 1.92746
7 7 5.91015
7 8 1.86382
7 9 1.2829
7 10 1.09794
7 11 1.09794
7 12 1.09794
7 13 1.09794
7 14 1.09794
7 15 1.3119
7 16 1.36179
7 17 1.29465
7 18 1.23769
7 19 1.09259
7 20 1.09259
7 21 1.09259
7 22 1.09259
7 23 1.09259
7 24 1.21751
7 25 1.238
7 26 1.22171
7 27 1.19666
7 28 1.08431
7 29 1.08431
7 30 1.08431
7 31 1.08431
7 32 1.08431
7 33 1.15869
7 34 1.16907
7 35 1.16464
7 36 1.15961
7 37 1.09406
7 38 1.09406
7 39 1.09406
7 40 1.09406
7 41 1.09406
7 42 1.317
7 43 1.3943
7 44 1.30199
7 45 1.23089
7 46 1.09357
7 47 1.09357
7 48 1.09357
7 49 1.09357
7 50 1.09357
7 51 1.24811
7 52 1.2675
7 53 1.24223
7 54 1.21182
7 55 1.08944
7 56 1.08944
7 57 1.08944
7 58 1.08944
7 59 1.08944
7 60 1.2075
7 61 1.22387
7 62 1.20093
7 63 1.18235
7 64 1.08289
7 65 1.08289
7 66 1.08289
7 67 1.08289
7 68 1.08289
7 69 1.14456
7 70 1.15761
7 71 1.15589
7 72 1.15269
7 73 1.08777
7 74 1.08777
7 75 1.08777
7 76 1.08777
7 77 1.08777
7 78 1.18365
7 79 1.20732
7 80 1.19809
7 81 1.18642
7 82 1.08706
7 83 1.08706
7 84 1.08706
7 85 1.08706
7 86 1.08706
7 87 1.18182
7 88 1.20216
7 89 1.19009
7 90 1.17804
7 91 1.0839
7 92 1.0839
7 93 1.0839
7 94 1.0839
7 95 1.0839
7 96 1.15977
7 97 1.17841
7 98 1.16753
7 99 1.15998
7 100 1.07919
7 101 1.07919
7 102 1.07919
7 103 1.07919
7 104 1.07919
7 105 1.12322
7 106 1.13594
7 107 1.13896
7 108 1.13896
7 109 1.08107
7 110 1.08107
7 111 1.08107
7 112 1.08107
7 113 1.08107
7 114 1.13051
7 115 1.1462
7 116 1.15138
7 117 1.15209
7 118 1.08032
7 119 1.08032
7 120 1.08032
7 121 1.08032
7 122 1.08032
7 123 1.13206
7 124 1.14922
7 125 1.14902
7 126 1.14781
7 127 1.07796
7 128 1.07796
7 129 1.07796
7 130 1.07796
7 131 1.07796
7 132 1.1213
7 133 1.13646
7 134 1.13719
7 135 1.13692
7 136 1.07452
7 137 1.07452
7 138 1.07452
7 139 1.07452
7 140 1.07452
7 141 1.10431
7 142 1.115
7 143 1.12079
7 144 1.12293
8 1 1.08516
8 2 1.08516
8 3 1.08516
8 4 1.08516
8 5 1.08516
8 6 1.34917
8 7 1.86382
8 8 6.16885
8 9 1.5174
8 10 1.08564
8 11 1.08564
8 12 1.08564
8 13 1.08564
8 14 1.08564
8 15 1.22667
8 16 1.2709
8 17 1.32204
8 18 1.3105
8 19 1.08245
8 20 1.08245
8 21 1.08245
8 22 1.08245
8 23 1.08245
8 24 1.18263
8 25 1.20833
8 26 1.23002
8 27 1.2301
8 28 1.07669
8 29 1.07669
8 30 1.07669
8 31 1.07669
8 32 1.07669
8 33 1.14423
8 34 1.16257
8 35 1.17501
8 36 1.18015
8 37 1.0834
8 38 1.0834
8 39 1.0834
8 40 1.0834
8 41 1.0834
8 42 1.22726
8 43 1.30599
8 44 1.36818
8 45 1.31617
8 46 1.08324
8 47 1.08324
8 48 1.08324
8 49 1.08324
8 50 1.08324
8 51 1.20212
8 52 1.2282
8 53 1.25465
8 54 1.26085
8 55 1.08054
8 56 1.08054
8 57 1.08054
8 58 1.08054
8 59 1.08054
8 60 1.17849
8 61 1.1995
8 62 1.20698
8 63 1.21034
8 64 1.07585
8 65 1.07585
8 66 1.07585
8 67 1.07585
8 68 1.07585
8 69 1.1345
8 70 1.15371
8 71 1.16552
8 72 1.17075
8 73 1.07968
8 74 1.07968
8 75 1.07968
8 76 1.07968
8 77 1.07968
8 78 1.16514
8 79 1.20122
8 80 1.22574
8 81 1.23236
8 82 1.07903
8 83 1.07903
8 84 1.07903
8 85 1.07903
8 86 1.07903
8 87 1.16464
8 88 1.19035
8 89 1.20343
8 90 1.21054
8 91 1.07673
8 92 1.07673
8 93 1.07673
8 94 1.07673
8 95 1.07673
8 96 1.14794
8 97 1.17085
8 98 1.17733
8 99 1.18202
8 100 1.0732
8 101 1.0732
8 102 1.0732
8 103 1.0732
8 104 1.0732
8 105 1.11908
8 106 1.13681
8 107 1.14881
8 108 1.15433
8 109 1.0751
8 110 1.0751
8 111 1.0751
8 112 1.0751
8 113 1.0751
8 114 1.12933
8 115 1.15327
8 116 1.17196
8 117 1.18067
8 118 1.07428
8 119 1.07428
8 120 1.07428
8 121 1.07428
8 122 1.07428
8 123 1.12917
8 124 1.15148
8 125 1.16339
8 126 1.1703
8 127 1.07238
8 128 1.07238
8 129 1.07238
8 130 1.07238
8 131 1.07238
8 132 1.11917
8 133 1.13872
8 134 1.1484
8 135 1.15392
8 136 1.06965
8 137 1.06965
8 138 1.06965
8 139 1.06965
8 140 1.06965
8 141 1.10387
8 142 1.11866
8 143 1.13014
8 144 1.1356
9 1 1.07848
9 2 1.07848
9 3 1.07848
9 4 1.07848
9 5 1.07848
9 6 1.19609
9 7 1.2829
9 8 1.5174
9 9 2.1295
9 10 1.07901
9 11 1.07901
9 12 1.07901
9 13 1.07901
9 14 1.07901
9 15 1.17898
9 16 1.21204
9 17 1.28656
9 18 1.36298
9 19 1.07682
9 20 1.07682
9 21 1.07682
9 22 1.07682
9 23 1.07682
9 24 1.16053
9 25 1.18741
9 26 1.2301
9 27 1.2507
9 28 1.07242
9 29 1.07242
9 30 1.07242
9 31 1.07242
9 32 1.07242
9 33 1.13478
9 34 1.15751
9 35 1.18044
9 36 1.19247
9 37 1.07768
9 38 1.07768
9 39 1.07768
9 40 1.07768
9 41 1.07768
9 42 1.17618
9 43 1.23386
9 44 1.31764
9 45 1.37485
9 46 1.07756
9 47 1.07756
9 48 1.07756
9 49 1.07756
9 50 1.07756
9 51 1.17262
9 52 1.19868
9 53 1.25003
9 54 1.2923
9 55 1.07556
9 56 1.07556
9 57 1.07556
9 58 1.07556
9 59 1.07556
9 60 1.15929
9 61 1.18183
9 62 1.20828
9 63 1.22745
9 64 1.0719
9 65 1.0719
9 66 1.0719
9 67 1.0719
9 68 1.0719
9 69 1.12772
9 70 1.15037
9 71 1.17072
9 72 1.18155
9 73 1.0752
9 74 1.0752
9 75 1.0752
9 76 1.0752
9 77 1.0752
9 78 1.15115
9 79 1.19089
9 80 1.23465
9 81 1.26014
9 82 1.07454
9 83 1.07454
9 84 1.07454
9 85 1.07454
9 86 1.07454
9 87 1.1521
9 88 1.17962
9 89 1.20859
9 90 1.23019
9 91 1.07269
9 92 1.07269
9 93 1.07269
9 94 1.07269
9 95 1.07269
9 96 1.13942
9 97 1.16428
9 98 1.18209
9 99 1.19516
9 100 1.06982
9 101 1.06982
9 102 1.06982
9 103 1.06982
9 104 1.06982
9 105 1.11605
9 106 1.13664
9 107 1.15431
9 108 1.16343
9 109 1.07173
9 110 1.07173
9 111 1.07173
9 112 1.07173
9 113 1.07173
9 114 1.12719
9 115 1.15549
9 116 1.18281
9 117 1.19734
9 118 1.07087
9 119 1.07087
9 120 1.07087
9 121 1.07087
9 122 1.07087
9 123 1.12631
9 124 1.15128
9 125 1.17104
9 126 1.1835
9 127 1.06923
9 128 1.06923
9 129 1.06923
9 130 1.06923
9 131 1.06923
9 132 1.11718
9 133 1.13911
9 134 1.15455
9 135 1.16389
9 136 1.0669
9 137 1.0669
9 138 1.0669
9 139 1.0669
9 140 1.0669
9 141 1.1033
9 142 1.12045
9 143 1.13546
9 144 1.14302
10 1 1.14541
10 2 1.14541
10 3 1.14541
10 4 1.14541
10 5 1.14541
10 6 1.10952
10 7 1.09794
10 8 1.08564
10 9 1.07901
10 10 1.30099
10 11 1.30099
10 12 1.30099
10 13 1.30099
10 14 1.30099
10 15 1.11772
10 16 1.10609
10 17 1.09191
10 18 1.08222
10 19 1.15914
10 20 1.15914
10 21 1.15914
10 22 1.15914
10 23 1.15914
10 24 1.11439
10 25 1.10418
10 26 1.09036
10 27 1.08129
10 28 1.12443
10 29 1.12443
10 30 1.12443
10 31 1.12443
10 32 1.12443
10 33 1.1042
10 34 1.09404
10 35 1.08324
10 36 1.07754
10 37 1.12818
10 38 1.12818
10 39 1.12818
10 40 1.12818
10 41 1.12818
10 42 1.10321
10 43 1.09375
10 44 1.08381
10 45 1.07831
10 46 1.14532
10 47 1.14532
10 48 1.14532
10 49 1.14532
10 50 1.14532
10 51 1.10913
10 52 1.10081
10 53 1.08962
10 54 1.08095
10 55 1.13353
10 56 1.13353
10 57 1.13353
10 58 1.13353
10 59 1.13353
10 60 1.1084
10 61 1.10054
10 62 1.08826
10 63 1.07989
10 64 1.11588
10 65 1.11588
10 66 1.11588
10 67 1.11588
10 68 1.11588
10 69 1.09897
10 70 1.09067
10 71 1.08167
10 72 1.07681
10 73 1.11106
10 74 1.11106
10 75 1.11106
10 76 1.11106
10 77 1.11106
10 78 1.0946
10 79 1.08753
10 80 1.07985
10 81 1.07564
10 82 1.11759
10 83 1.11759
10 84 1.11759
10 85 1.11759
10 86 1.11759
10 87 1.09883
10 88 1.09263
10 89 1.0838
10 90 1.07738
10 91 1.11331
10 92 1.11331
10 93 1.11331
10 94 1.11331
10 95 1.11331
10 96 1.09753
10 97 1.09144
10 98 1.08233
10 99 1.07657
10 100 1.10423
10 101 1.10423
10 102 1.10423
10 103 1.10423
10 104 1.10423
10 105 1.0913
10 106 1.08483
10 107 1.07794
10 108 1.07425
10 109 1.09712
10 110 1.09712
10 111 1.09712
10 112 1.09712
10 113 1.09712
10 114 1.08585
10 115 1.08045
10 116 1.07485
10 117 1.0719
10 118 1.10027
10 119 1.10027
10 120 1.10027
10 121 1.10027
10 122 1.10027
10 123 1.08831
10 124 1.08356
10 125 1.0769
10 126 1.07298
10 127 1.09814
10 128 1.09814
10 129 1.09814
10 130 1.09814
10 131 1.09814
10 132 1.0871
10 133 1.08235
10 134 1.07597
10 135 1.07237
10 136 1.09305
10 137 1.09305
10 138 1.09305
10 139 1.09305
10 140 1.09305
10 141 1.08334
10 142 1.0784
10 143 1.07333
10 144 1.07067
11 1 1.14541
11 2 1.14541
11 3 1.14541
11 4 1.14541
11 5 1.14541
11 6 1.10952
11 7 1.09794
11 8 1.08564
11 9 1.07901
11 10 1.30099
11 11 1.30099
11 12 1.30099
11 13 1.30099
11 14 1.30099
11 15 1.11772
11 16 1.10609
11 17 1.09191
11 18 1.08222
11 19 1.15914
11 20 1.15914
11 21 1.15914
11 22 1.15914
11 23 1.15914
11 24 1.11439
11 25 1.10418
11 26 1.09036
11 27 1.08129
11 28 1.12443
11 29 1.12443
11 30 1.12443
11 31 1.12443
11 32 1.12443
11 33 1.1042
11 34 1.09404
11 35 1.08324
11 36 1.07754
11 37 1.12818
11 38 1.12818
11 39 1.12818
11 40 1.12818
11 41 1.12818
11 42 1.10321
11 43 1.09375
11 44 1.08381
11 45 1.07831
11 46 1.14532
11 47 1.14532
11 48 1.14532
11 49 1.14532
11 50 1.14532
11 51 1.10913
11 52 1.10081
11 53 1.08962
11 54 1.08095
11 55 1.13353
11 56 1.13353
11 57 1.13353
11 58 1.13353
11 59 1.13353
11 60 1.1084
11 61 1.10054
11 62 1.08826
11 63 1.07989
11 64 1.11588
11 65 1.11588
11 66 1.11588
11 67 1.11588
11 68 1.11588
11 69 1.09897
11 70 1.09067
11 71 1.08167
11 72 1.07681
11 73 1.11106
11 74 1.11106
11 75 1.11106
11 76 1.11106
11 77 1.11106
11 78 1.0946
11 79 1.08753
11 80 1.07985
11 81 1.07564
11 82 1.11759
11 83 1.11759
11 84 1.11759
11 85 1.11759
11 86 1.11759
11 87 1.09883
11 88 1.09263
11 89 1.0838
11 90 1.07738
11 91 1.11331
11 92 1.11331
11 93 1.11331
11 94 1.11331
11 95 1.11331
11 96 1.09753
11 97 1.09144
11 98 1.08233
11 99 1.07657
11 100 1.10423
11 101 1.10423
11 102 1.10423
11 103 1.10423
11 104 1.10423
11 105 1.0913
11 106 1.08483
11 107 1.07794
11 108 1.07425
11 109 1.09712
11 110 1.09712
11 111 1.09712
11 112 1.09712
11 113 1.09712
11 114 1.08585
11 115 1.08045
11 116 1.07485
11 117 1.0719
11 118 1.10027
11 119 1.10027
11 120 1.10027
11 121 1.10027
11 122 1.10027
11 123 1.08831
11 124 1.08356
11 125 1.0769
11 126 1.07298
11 127 1.09814
11 128 1.09814
11 129 1.09814
11 130 1.09814
11 131 1.09814
11 132 1.0871
11 133 1.08235
11 134 1.07597
11 135 1.07237
11 136 1.09305
11 137 1.09305
11 138 1.09305
11 139 1.09305
11 140 1.09305
11 141 1.08334
11 142 1.0784
11 143 1.07333
11 144 1.07067
12 1 1.14541
12 2 1.14541
12 3 1.14541
12 4 1.14541
12 5 1.14541
12 6 1.10952
12 7 1.09794
12 8 1.08564
12 9 1.07901
12 10 1.30099
12 11 1.30099
12 12 1.30099
12 13 1.30099
12 14 1.30099
12 15 1.11772
12 16 1.10609
12 17 1.09191
12 18 1.08222
12 19 1.15914
12 20 1.15914
12 21 1.15914
12 22 1.15914
12 23 1.15914
12 24 1.11439
12 25 1.10418
12 26 1.09036
12 27 1.08129
12 28 1.12443
12 29 1.12443
12 30 1.12443
12 31 1.12443
12 32 1.12443
12 33 1.1042
12 34 1.09404
12 35 1.08324
12 36 1.07754
12 37 1.12818
12 38 1.12818
12 39 1.12818
12 40 1.12818
12 41 1.12818
12 42 1.10321
12 43 1.09375
12 44 1.08381
12 45 1.07831
12 46 1.14532
12 47 1.14532
12 48 1.14532
12 49 1.14532
12 50 1.14532
12 51 1.10913
12 52 1.10081
12 53 1.08962
12 54 1.08095
12 55 1.13353
12 56 1.13353
12 57 1.13353
12 58 1.13353
12 59 1.13353
12 60 1.1084
12 61 1.10054
12 62 1.08826
12 63 1.07989
12 64 1.11588
12 65 1.11588
12 66 1.11588
12 67 1.11588
12 68 1.11588
12 69 1.09897
12 70 1.09067
12 71 1.08167
12 72 1.07681
12 73 1.11106
12 74 1.11106
12 75 1.11106
12 76 1.11106
12 77 1.11106
12 78 1.0946
12 79 1.08753
12 80 1.07985
12 81 1.07564
12 82 1.11759
12 83 1.11759
12 84 1.11759
12 85 1.11759
12 86 1.11759
12 87 1.09883
12 88 1.09263
12 89 1.0838
12 90 1.07738
12 91 1.11331
12 92 1.11331
12 93 1.11331
12 94 1.11331
12 95 1.11331
12 96 1.09753
12 97 1.09144
12 98 1.08233
12 99 1.07657
12 100 1.10423
12 101 1.10423
12 102 1.10423
12 103 1.10423
12 104 1.10423
12 105 1.0913
12 106 1.08483
12 107 1.07794
12 108 1.07425
12 109 1.09712
12 110 1.09712
12 111 1.09712
12 112 1.09712
12 113 1.09712
12 114 1.08585
12 115 1.08045
12 116 1.07485
12 117 1.0719
12 118 1.10027
12 119 1.10027
12 120 1.10027
12 121 1.10027
12 122 1.10027
12 123 1.08831
12 124 1.08356
12 125 1.0769
12 126 1.07298
12 127 1.09814
12 128 1.09814
12 129 1.09814
12 130 1.09814
12 131 1.09814
12 132 1.0871
12 133 1.08235
12 134 1.07597
12 135 1.07237
12 136 1.09305
12 137 1.09305
12 138 1.09305
12 139 1.09305
12 140 1.09305
12 141 1.08334
12 142 1.0784
12 143 1.07333
12 144 1.07067
13 1 1.14541
13 2 1.14541
13 3 1.14541
13 4 1.14541
13 5 1.14541
13 6 1.10952
13 7 1.09794
13 8 1.08564
13 9 1.07901
13 10 1.30099
13 11 1.30099
13 12 1.30099
13 13 1.30099
13 14 1.30099
13 15 1.11772
13 16 1.10609
13 17 1.09191
13 18 1.08222
13 19 1.15914
13 20 1.15914
13 21 1.15914
13 22 1.15914
13 23 1.15914
13 24 1.11439
13 25 1.10418
13 26 1.09036
13 27 1.08129
13 28 1.12443
13 29 1.12443
13 30 1.12443
13 31 1.12443
13 32 1.12443
13 33 1.1042
13 34 1.09404
13 35 1.08324
13 36 1.07754
13 37 1.12818
13 38 1.12818
13 39 1.12818
13 40 1.12818
13 41 1.12818
13 42 1.10321
13 43 1.09375
13 44 1.08381
13 45 1.07831
13 46 1.14532
13 47 1.14532
13 48 1.14532
13 49 1.14532
13 50 1.14532
13 51 1.10913
13 52 1.10081
13 53 1.08962
13 54 1.08095
13 55 1.13353
13 56 1.13353
13 57 1.13353
13 58 1.13353
13 59 1.13353
13 60 1.1084
13 61 1.10054
13 62 1.08826
13 63 1.07989
13 64 1.11588
13 65 1.11588
13 66 1.11588
13 67 1.11588
13 68 1.11588
13 69 1.09897
13 70 1.09067
13 71 1.08167
13 72 1.07681
13 73 1.11106
13 74 1.11106
13 75 1.11106
13 76 1.11106
13 77 1.11106
13 78 1.0946
13 79 1.08753
13 80 1.07985
13 81 1.07564
13 82 1.11759
13 83 1.11759
13 84 1.11759
13 85 1.11759
13 86 1.11759
13 87 1.09883
13 88 1.09263
13 89 1.0838
13 90 1.07738
13 91 1.11331
13 92 1.11331
13 93 1.11331
13 94 1.11331
13 95 1.11331
13 96 1.09753
13 97 1.09144
13 98 1.08233
13 99 1.07657
13 100 1.10423
13 101 1.10423
13 102 1.10423
13 103 1.10423
13 104 1.10423
13 105 1.0913
13 106 1.08483
13 107 1.07794
13 108 1.07425
13 109 1.09712
13 110 1.09712
13 111 1.09712
13 112 1.09712
13 113 1.09712
13 114 1.08585
13 115 1.08045
13 116 1.07485
13 117 1.0719
13 118 1.10027
13 119 1.10027
13 120 1.10027
13 121 1.10027
13 122 1.10027
13 123 1.08831
13 124 1.08356
13 125 1.0769
13 126 1.07298
13 127 1.09814
13 128 1.09814
13 129 1.09814
13 130 1.09814
13 131 1.09814
13 132 1.0871
13 133 1.08235
13 134 1.07597
13 135 1.07237
13 136 1.09305
13 137 1.09305
13 138 1.09305
13 139 1.09305
13 140 1.09305
13 141 1.08334
13 142 1.0784
13 143 1.07333
13 144 1.07067
14 1 1.14541
14 2 1.14541
14 3 1.14541
14 4 1.14541
14 5 1.14541
14 6 1.10952
14 7 1.09794
14 8 1.08564
14 9 1.07901
14 10 1.30099
14 11 1.30099
14 12 1.30099
14 13 1.30099
14 14 1.30099
14 15 1.11772
14 16 1.10609
14 17 1.09191
14 18 1.08222
14 19 1.15914
14 20 1.15914
14 21 1.15914
14 22 1.15914
14 23 1.15914
14 24 1.11439
14 25 1.10418
14 26 1.09036
14 27 1.08129
14 28 1.12443
14 29 1.12443
14 30 1.12443
14 31 1.12443
14 32 1.12443
14 33 1.1042
14 34 1.09404
14 35 1.08324
14 36 1.07754
14 37 1.12818
14 38 1.12818
14 39 1.12818
14 40 1.12818
14 41 1.12818
14 42 1.10321
14 43 1.09375
14 44 1.08381
14 45 1.07831
14 46 1.14532
14 47 1.14532
14 48 1.14532
14 49 1.14532
14 50 1.14532
14 51 1.10913
14 52 1.10081
14 53 1.08962
14 54 1.08095
14 55 1.13353
14 56 1.13353
14 57 1.13353
14 58 1.13353
14 59 1.13353
14 60 1.1084
14 61 1.10054
14 62 1.08826
14 63 1.07989
14 64 1.11588
14 65 1.11588
14 66 1.11588
14 67 1.11588
14 68 1.11588
14 69 1.09897
14 70 1.09067
14 71 1.08167
14 72 1.07681
14 73 1.11106
14 74 1.11106
14 75 1.11106
14 76 1.11106
14 77 1.11106
14 78 1.0946
14 79 1.08753
14 80 1.07985
14 81 1.07564
14 82 1.11759
14 83 1.11759
14 84 1.11759
14 85 1.11759
14 86 1.11759
14 87 1.09883
14 88 1.09263
14 89 1.0838
14 90 1.07738
14 91 1.11331
14 92 1.11331
14 93 1.11331
14 94 1.11331
14 95 1.11331
14 96 1.09753
14 97 1.09144
14 98 1.08233
14 99 1.07657
14 100 1.10423
14 101 1.10423
14 102 1.10423
14 103 1.10423
14 104 1.10423
14 105 1.0913
14 106 1.08483
14 107 1.07794
14 108 1.07425
14 109 1.09712
14 110 1.09712
14 111 1.09712
14 112 1.09712
14 113 1.09712
14 114 1.08585
14 115 1.08045
14 116 1.07485
14 117 1.0719
14 118 1.10027
14 119 1.10027
14 120 1.10027
14 121 1.10027
14 122 1.10027
14 123 1.08831
14 124 1.08356
14 125 1.0769
14 126 1.07298
14 127 1.09814
14 128 1.09814
14 129 1.09814
14 130 1.09814
14 131 1.09814
14 132 1.0871
14 133 1.08235
14 134 1.07597
14 135 1.07237
14 136 1.09305
14 137 1.09305
14 138 1.09305
14 139 1.09305
14 140 1.09305
14 141 1.08334
14 142 1.0784
14 143 1.07333
14 144 1.07067
15 1 1.1034
15 2 1.1034
15 3 1.1034
15 4 1.1034
15 5 1.1034
15 6 1.33781
15 7 1.3119
15 8 1.22667
15 9 1.17898
15 10 1.11772
15 11 1.11772
15 12 1.11772
15 13 1.11772
15 14 1.11772
15 15 2.3457
15 16 1.55238
15 17 1.32468
15 18 1.21285
15 19 1.11342
15 20 1.11342
15 21 1.11342
15 22 1.11342
15 23 1.11342
15 24 1.39823
15 25 1.3694
15 26 1.27336
15 27 1.2013
15 28 1.1005
15 29 1.1005
15 30 1.1005
15 31 1.1005
15 32 1.1005
15 33 1.23745
15 34 1.23094
15 35 1.1924
15 36 1.16782
15 37 1.09914
15 38 1.09914
15 39 1.09914
15 40 1.09914
15 41 1.09914
15 42 1.22908
15 43 1.23528
15 44 1.19542
15 45 1.16841
15 46 1.10762
15 47 1.10762
15 48 1.10762
15 49 1.10762
15 50 1.10762
15 51 1.36111
15 52 1.33446
15 53 1.25582
15 54 1.19293
15 55 1.10568
15 56 1.10568
15 57 1.10568
15 58 1.10568
15 59 1.10568
15 60 1.31531
15 61 1.31054
15 62 1.23642
15 63 1.18402
15 64 1.09714
15 65 1.09714
15 66 1.09714
15 67 1.09714
15 68 1.09714
15 69 1.19554
15 70 1.20065
15 71 1.17658
15 72 1.15955
15 73 1.09202
15 74 1.09202
15 75 1.09202
15 76 1.09202
15 77 1.09202
15 78 1.1613
15 79 1.17375
15 80 1.15965
15 81 1.14869
15 82 1.09674
15 83 1.09674
15 84 1.09674
15 85 1.09674
15 86 1.09674
15 87 1.21524
15 88 1.22856
15 89 1.1923
15 90 1.16345
15 91 1.09551
15 92 1.09551
15 93 1.09551
15 94 1.09551
15 95 1.09551
15 96 1.20128
15 97 1.21472
15 98 1.18122
15 99 1.15837
15 100 1.09054
15 101 1.09054
15 102 1.09054
15 103 1.09054
15 104 1.09054
15 105 1.1489
15 106 1.15802
15 107 1.14989
15 108 1.1427
15 109 1.08436
15 110 1.08436
15 111 1.08436
15 112 1.08436
15 113 1.08436
15 114 1.12138
15 115 1.13103
15 116 1.13015
15 117 1.12796
15 118 1.08709
15 119 1.08709
15 120 1.08709
15 121 1.08709
15 122 1.08709
15 123 1.14072
15 124 1.1551
15 125 1.14434
15 126 1.1364
15 127 1.0863
15 128 1.0863
15 129 1.0863
15 130 1.0863
15 131 1.0863
15 132 1.13528
15 133 1.14815
15 134 1.13979
15 135 1.13358
15 136 1.08324
15 137 1.08324
15 138 1.08324
15 139 1.08324
15 140 1.08324
15 141 1.11635
15 142 1.12479
15 143 1.12535
15 144 1.12416
16 1 1.09604
16 2 1.09604
16 3 1.09604
16 4 1.09604
16 5 1.09604
16 6 1.31037
16 7 1.36179
16 8 1.2709
16 9 1.21204
16 10 1.10609
16 11 1.10609
16 12 1.10609
16 13 1.10609
16 14 1.10609
16 15 1.55238
16 16 2.37491
16 17 1.50452
16 18 1.26493
16 19 1.10382
16 20 1.10382
16 21 1.10382
16 22 1.10382
16 23 1.10382
16 24 1.36067
16 25 1.43103
16 26 1.33626
16 27 1.24223
16 28 1.09415
16 29 1.09415
16 30 1.09415
16 31 1.09415
16 32 1.09415
16 33 1.23393
16 34 1.24818
16 35 1.21791
16 36 1.19414
16 37 1.09337
16 38 1.09337
16 39 1.09337
16 40 1.09337
16 41 1.09337
16 42 1.23159
16 43 1.2609
16 44 1.22427
16 45 1.19537
16 46 1.10014
16 47 1.10014
16 48 1.10014
16 49 1.10014
16 50 1.10014
16 51 1.3491
16 52 1.38199
16 53 1.30073
16 54 1.22744
16 55 1.0988
16 56 1.0988
16 57 1.0988
16 58 1.0988
16 59 1.0988
16 60 1.31261
16 61 1.3417
16 62 1.27022
16 63 1.21428
16 64 1.09191
16 65 1.09191
16 66 1.09191
16 67 1.09191
16 68 1.09191
16 69 1.19866
16 70 1.2154
16 71 1.19735
16 72 1.18198
16 73 1.08782
16 74 1.08782
16 75 1.08782
16 76 1.08782
16 77 1.08782
16 78 1.16815
16 79 1.18898
16 80 1.1786
16 81 1.16879
16 82 1.0918
16 83 1.0918
16 84 1.0918
16 85 1.0918
16 86 1.0918
16 87 1.22416
16 88 1.25045
16 89 1.21594
16 90 1.18681
16 91 1.09081
16 92 1.09081
16 93 1.09081
16 94 1.09081
16 95 1.09081
16 96 1.20884
16 97 1.23287
16 98 1.20195
16 99 1.17995
16 100 1.0866
16 101 1.0866
16 102 1.0866
16 103 1.0866
16 104 1.0866
16 105 1.15415
16 106 1.16946
16 107 1.16566
16 108 1.16028
16 109 1.08136
16 110 1.08136
16 111 1.08136
16 112 1.08136
16 113 1.08136
16 114 1.12687
16 115 1.14098
16 116 1.14335
16 117 1.14263
16 118 1.08374
16 119 1.08374
16 120 1.08374
16 121 1.08374
16 122 1.08374
16 123 1.14773
16 124 1.16756
16 125 1.1593
16 126 1.15264
16 127 1.08304
16 128 1.08304
16 129 1.08304
16 130 1.08304
16 131 1.08304
16 132 1.14151
16 133 1.15941
16 134 1.1538
16 135 1.14899
16 136 1.08036
16 137 1.08036
16 138 1.08036
16 139 1.08036
16 140 1.08036
16 141 1.12095
16 142 1.13331
16 143 1.1371
16 144 1.13745
17 1 1.08562
17 2 1.08562
17 3 1.08562
17 4 1.08562
17 5 1.08562
17 6 1.23541
17 7 1.29465
17 8 1.32204
17 9 1.28656
17 10 1.09191
17 11 1.09191
17 12 1.09191
17 13 1.09191
17 14 1.09191
17 15 1.32468
17 16 1.50452
17 17 3.99224
17 18 1.47253
17 19 1.09075
17 20 1.09075
17 21 1.09075
17 22 1.09075
17 23 1.09075
17 24 1.27106
17 25 1.34222
17 26 1.45186
17 27 1.34403
17 28 1.08456
17 29 1.08456
17 30 1.08456
17 31 1.08456
17 32 1.08456
17 33 1.2009
17 34 1.2342
17 35 1.25105
17 36 1.24739
17 37 1.08404
17 38 1.08404
17 39 1.08404
17 40 1.08404
17 41 1.08404
17 42 1.19473
17 43 1.23455
17 44 1.2477
17 45 1.24391
17 46 1.08843
17 47 1.08843
17 48 1.08843
17 49 1.08843
17 50 1.08843
17 51 1.26215
17 52 1.29928
17 53 1.3261
17 54 1.29416
17 55 1.08764
17 56 1.08764
17 57 1.08764
17 58 1.08764
17 59 1.08764
17 60 1.24467
17 61 1.27979
17 62 1.28496
17 63 1.26896
17 64 1.08309
17 65 1.08309
17 66 1.08309
17 67 1.08309
17 68 1.08309
17 69 1.17586
17 70 1.20474
17 71 1.2178
17 72 1.22013
17 73 1.08022
17 74 1.08022
17 75 1.08022
17 76 1.08022
17 77 1.08022
17 78 1.1549
17 79 1.18335
17 80 1.19527
17 81 1.19928
17 82 1.08289
17 83 1.08289
17 84 1.08289
17 85 1.08289
17 86 1.08289
17 87 1.19251
17 88 1.22297
17 89 1.22465
17 90 1.22128
17 91 1.08221
17 92 1.08221
17 93 1.08221
17 94 1.08221
17 95 1.08221
17 96 1.18221
17 97 1.21132
17 98 1.21228
17 99 1.21154
17 100 1.07931
17 101 1.07931
17 102 1.07931
17 103 1.07931
17 104 1.07931
17 105 1.14469
17 106 1.16808
17 107 1.18128
17 108 1.18631
17 109 1.07544
17 110 1.07544
17 111 1.07544
17 112 1.07544
17 113 1.07544
17 114 1.12406
17 115 1.14408
17 116 1.157
17 117 1.16273
17 118 1.07709
17 119 1.07709
17 120 1.07709
17 121 1.07709
17 122 1.07709
17 123 1.13978
17 124 1.16393
17 125 1.17056
17 126 1.17395
17 127 1.07656
17 128 1.07656
17 129 1.07656
17 130 1.07656
17 131 1.07656
17 132 1.13484
17 133 1.15753
17 134 1.16534
17 135 1.16924
17 136 1.07461
17 137 1.07461
17 138 1.07461
17 139 1.07461
17 140 1.07461
17 141 1.11889
17 142 1.13692
17 143 1.14971
17 144 1.15543
18 1 1.07857
18 2 1.07857
18 3 1.07857
18 4 1.07857
18 5 1.07857
18 6 1.18503
18 7 1.23769
18 8 1.3105
18 9 1.36298
18 10 1.08222
18 11 1.08222
18 12 1.08222
18 13 1.08222
18 14 1.08222
18 15 1.21285
18 16 1.26493
18 17 1.47253
18 18 2.09124
18 19 1.08146
18 20 1.08146
18 21 1.08146
18 22 1.08146
18 23 1.08146
18 24 1.19999
18 25 1.24703
18 26 1.35044
18 27 1.41584
18 28 1.07744
18 29 1.07744
18 30 1.07744
18 31 1.07744
18 32 1.07744
18 33 1.16836
18 34 1.20738
18 35 1.25313
18 36 1.27858
18 37 1.07772
18 38 1.07772
18 39 1.07772
18 40 1.07772
18 41 1.07772
18 42 1.16859
18 43 1.21279
18 44 1.26126
18 45 1.29105
18 46 1.08031
18 47 1.08031
18 48 1.08031
18 49 1.08031
18 50 1.08031
18 51 1.20036
18 52 1.23283
18 53 1.29965
18 54 1.35653
18 55 1.07969
18 56 1.07969
18 57 1.07969
18 58 1.07969
18 59 1.07969
18 60 1.19181
18 61 1.22443
18 62 1.27389
18 63 1.31044
18 64 1.0766
18 65 1.0766
18 66 1.0766
18 67 1.0766
18 68 1.0766
18 69 1.15508
18 70 1.18999
18 71 1.22548
18 72 1.24513
18 73 1.07509
18 74 1.07509
18 75 1.07509
18 76 1.07509
18 77 1.07509
18 78 1.14567
18 79 1.17969
18 80 1.21023
18 81 1.22761
18 82 1.07667
18 83 1.07667
18 84 1.07667
18 85 1.07667
18 86 1.07667
18 87 1.16801
18 88 1.19984
18 89 1.22916
18 90 1.25096
18 91 1.07607
18 92 1.07607
18 93 1.07607
18 94 1.07607
18 95 1.07607
18 96 1.16054
18 97 1.19192
18 98 1.21735
18 99 1.23581
18 100 1.07397
18 101 1.07397
18 102 1.07397
18 103 1.07397
18 104 1.07397
18 105 1.1358
18 106 1.1644
18 107 1.19055
18 108 1.20431
18 109 1.07148
18 110 1.07148
18 111 1.07148
18 112 1.07148
18 113 1.07148
18 114 1.12277
18 115 1.14765
18 116 1.16954
18 117 1.18094
18 118 1.07246
18 119 1.07246
18 120 1.07246
18 121 1.07246
18 122 1.07246
18 123 1.13372
18 124 1.16101
18 125 1.17989
18 126 1.19194
18 127 1.07195
18 128 1.07195
18 129 1.07195
18 130 1.07195
18 131 1.07195
18 132 1.12928
18 133 1.15534
18 134 1.17386
18 135 1.185
18 136 1.07042
18 137 1.07042
18 138 1.07042
18 139 1.07042
18 140 1.07042
18 141 1.11662
18 142 1.13866
18 143 1.15835
18 144 1.16834
19 1 1.11698
19 2 1.11698
19 3 1.11698
19 4 1.11698
19 5 1.11698
19 6 1.10034
19 7 1.09259
19 8 1.08245
19 9 1.07682
19 10 1.15914
19 11 1.15914
19 12 1.15914
19 13 1.15914
19 14 1.15914
19 15 1.11342
19 16 1.10382
19 17 1.09075
19 18 1.08146
19 19 1.30093
19 20 1.30093
19 21 1.30093
19 22 1.30093
19 23 1.30093
19 24 1.11908
19 25 1.10596
19 26 1.09104
19 27 1.0818
19 28 1.1602
19 29 1.1602
19 30 1.1602
19 31 1.1602
19 32 1.1602
19 33 1.11341
19 34 1.09902
19 35 1.0859
19 36 1.07926
19 37 1.11063
19 38 1.11063
19 39 1.11063
19 40 1.11063
19 41 1.11063
19 42 1.09603
19 43 1.08941
19 44 1.08103
19 45 1.07625
19 46 1.13354
19 47 1.13354
19 48 1.13354
19 49 1.13354
19 50 1.13354
19 51 1.10708
19 52 1.09949
19 53 1.08866
19 54 1.08025
19 55 1.14529
19 56 1.14529
19 57 1.14529
19 58 1.14529
19 59 1.14529
19 60 1.11029
19 61 1.10121
19 62 1.08881
19 63 1.08037
19 64 1.13415
19 65 1.13415
19 66 1.13415
19 67 1.13415
19 68 1.13415
19 69 1.1058
19 70 1.09464
19 71 1.08398
19 72 1.07842
19 73 1.10096
19 74 1.10096
19 75 1.10096
19 76 1.10096
19 77 1.10096
19 78 1.08939
19 79 1.08406
19 80 1.07745
19 81 1.07377
19 82 1.11332
19 83 1.11332
19 84 1.11332
19 85 1.11332
19 86 1.11332
19 87 1.09721
19 88 1.09156
19 89 1.08299
19 90 1.07677
19 91 1.11759
19 92 1.11759
19 93 1.11759
19 94 1.11759
19 95 1.11759
19 96 1.09899
19 97 1.09202
19 98 1.08285
19 99 1.07701
19 100 1.1137
19 101 1.1137
19 102 1.1137
19 103 1.1137
19 104 1.1137
19 105 1.09602
19 106 1.08788
19 107 1.0799
19 108 1.07571
19 109 1.09102
19 110 1.09102
19 111 1.09102
19 112 1.09102
19 113 1.09102
19 114 1.0821
19 115 1.07768
19 116 1.07283
19 117 1.07024
19 118 1.09815
19 119 1.09815
19 120 1.09815
19 121 1.09815
19 122 1.09815
19 123 1.08713
19 124 1.0827
19 125 1.07626
19 126 1.07245
19 127 1.10027
19 128 1.10027
19 129 1.10027
19 130 1.10027
19 131 1.10027
19 132 1.0882
19 133 1.083
19 134 1.07646
19 135 1.07277
19 136 1.09846
19 137 1.09846
19 138 1.09846
19 139 1.09846
19 140 1.09846
19 141 1.08658
19 142 1.08073
19 143 1.07497
19 144 1.07198
20 1 1.11698
20 2 1.11698
20 3 1.11698
20 4 1.11698
20 5 1.11698
20 6 1.10034
20 7 1.09259
20 8 1.08245
20 9 1.07682
20 10 1.15914
20 11 1.15914
20 12 1.15914
20 13 1.15914
20 14 1.15914
20 15 1.11342
20 16 1.10382
20 17 1.09075
20 18 1.08146
20 19 1.30093
20 20 1.30093
20 21 1.30093
20 22 1.30093
20 23 1.30093
20 24 1.11908
20 25 1.10596
20 26 1.09104
20 27 1.0818
20 28 1.1602
20 29 1.1602
20 30 1.1602
20 31 1.1602
20 32 1.1602
20 33 1.11341
20 34 1.09902
20 35 1.0859
20 36 1.07926
20 37 1.11063
20 38 1.11063
20 39 1.11063
20 40 1.11063
20 41 1.11063
20 42 1.09603
20 43 1.08941
20 44 1.08103
20 45 1.07625
20 46 1.13354
20 47 1.13354
20 48 1.13354
20 49 1.13354
20 50 1.13354
20 51 1.10708
20 52 1.09949
20 53 1.08866
20 54 1.08025
20 55 1.14529
20 56 1.14529
20 57 1.14529
20 58 1.14529
20 59 1.14529
20 60 1.11029
20 61 1.10121
20 62 1.08881
20 63 1.08037
20 64 1.13415
20 65 1.13415
20 66 1.13415
20 67 1.13415
20 68 1.13415
20 69 1.1058
20 70 1.09464
20 71 1.08398
20 72 1.07842
20 73 1.10096
20 74 1.10096
20 75 1.10096
20 76 1.10096
20 77 1.10096
20 78 1.08939
20 79 1.08406
20 80 1.07745
20 81 1.07377
20 82 1.11332
20 83 1.11332
20 84 1.11332
20 85 1.11332
20 86 1.11332
20 87 1.09721
20 88 1.09156
20 89 1.08299
20 90 1.07677
20 91 1.11759
20 92 1.11759
20 93 1.11759
20 94 1.11759
20 95 1.11759
20 96 1.09899
20 97 1.09202
20 98 1.08285
20 99 1.07701
20 100 1.1137
20 101 1.1137
20 102 1.1137
20 103 1.1137
20 104 1.1137
20 105 1.09602
20 106 1.08788
20 107 1.0799
20 108 1.07571
20 109 1.09102
20 110 1.09102
20 111 1.09102
20 112 1.09102
20 113 1.09102
20 114 1.0821
20 115 1.07768
20 116 1.07283
20 117 1.07024
20 118 1.09815
20 119 1.09815
20 120 1.09815
20 121 1.09815
20 122 1.09815
20 123 1.08713
20 124 1.0827
20 125 1.07626
20 126 1.07245
20 127 1.10027
20 128 1.10027
20 129 1.10027
20 130 1.10027
20 131 1.10027
20 132 1.0882
20 133 1.083
20 134 1.07646
20 135 1.07277
20 136 1.09846
20 137 1.09846
20 138 1.09846
20 139 1.09846
20 140 1.09846
20 141 1.08658
20 142 1.08073
20 143 1.07497
20 144 1.07198
21 1 1.11698
21 2 1.11698
21 3 1.11698
21 4 1.11698
21 5 1.11698
21 6 1.10034
21 7 1.09259
21 8 1.08245
21 9 1.07682
21 10 1.15914
21 11 1.15914
21 12 1.15914
21 13 1.15914
21 14 1.15914
21 15 1.11342
21 16 1.10382
21 17 1.09075
21 18 1.08146
21 19 1.30093
21 20 1.30093
21 21 1.30093
21 22 1.30093
21 23 1.30093
21 24 1.11908
21 25 1.10596
21 26 1.09104
21 27 1.0818
21 28 1.1602
21 29 1.1602
21 30 1.1602
21 31 1.1602
21 32 1.1602
21 33 1.11341
21 34 1.09902
21 35 1.0859
21 36 1.07926
21 37 1.11063
21 38 1.11063
21 39 1.11063
21 40 1.11063
21 41 1.11063
21 42 1.09603
