injected_el measured_el potential
1 1 1.30455
1 2 1.30455
1 3 1.30455
1 4 1.30455
1 5 1.30455
1 6 1.11661
1 7 1.09762
1 8 1.08418
1 9 1.07766
1 10 1.14586
1 11 1.14586
1 12 1.14586
1 13 1.14586
1 14 1.14586
1 15 1.1014
1 16 1.09507
1 17 1.08509
1 18 1.07748
1 19 1.11722
1 20 1.11722
1 21 1.11722
1 22 1.11722
1 23 1.11722
1 24 1.09774
1 25 1.09312
1 26 1.08313
1 27 1.07553
1 28 1.10009
1 29 1.10009
1 30 1.10009
1 31 1.10009
1 32 1.10009
1 33 1.08914
1 34 1.08302
1 35 1.07566
1 36 1.0716
1 37 1.14762
1 38 1.14762
1 39 1.14762
1 40 1.14762
1 41 1.14762
1 42 1.1074
1 43 1.09352
1 44 1.08231
1 45 1.07681
1 46 1.12876
1 47 1.12876
1 48 1.12876
1 49 1.12876
1 50 1.12876
1 51 1.09944
1 52 1.09151
1 53 1.08233
1 54 1.07612
1 55 1.11104
1 56 1.11104
1 57 1.11104
1 58 1.11104
1 59 1.11104
1 60 1.09451
1 61 1.08895
1 62 1.07977
1 63 1.07407
1 64 1.09716
1 65 1.09716
1 66 1.09716
1 67 1.09716
1 68 1.09716
1 69 1.08601
1 70 1.08041
1 71 1.07421
1 72 1.07087
1 73 1.11931
1 74 1.11931
1 75 1.11931
1 76 1.11931
1 77 1.11931
1 78 1.09698
1 79 1.08727
1 80 1.0787
1 81 1.07444
1 82 1.11154
1 83 1.11154
1 84 1.11154
1 85 1.11154
1 86 1.11154
1 87 1.09299
1 88 1.08549
1 89 1.07776
1 90 1.07345
1 91 1.10133
1 92 1.10133
1 93 1.10133
1 94 1.10133
1 95 1.10133
1 96 1.08789
1 97 1.08213
1 98 1.07531
1 99 1.07157
1 100 1.0914
1 101 1.0914
1 102 1.0914
1 103 1.0914
1 104 1.0914
1 105 1.08151
1 106 1.07655
1 107 1.07152
1 108 1.06889
1 109 1.1017
1 110 1.1017
1 111 1.1017
1 112 1.1017
1 113 1.1017
1 114 1.08738
1 115 1.08054
1 116 1.07426
1 117 1.07111
1 118 1.09748
1 119 1.09748
1 120 1.09748
1 121 1.09748
1 122 1.09748
1 123 1.08481
1 124 1.07879
1 125 1.073
1 126 1.07003
1 127 1.0913
1 128 1.0913
1 129 1.0913
1 130 1.0913
1 131 1.0913
1 132 1.08096
1 133 1.07594
1 134 1.07094
1 135 1.06836
1 136 1.08444
1 137 1.08444
1 138 1.08444
1 139 1.08444
1 140 1.08444
1 141 1.07627
1 142 1.07215
1 143 1.06816
1 144 1.06611
2 1 1.30455
2 2 1.30455
2 3 1.30455
2 4 1.30455
2 5 1.30455
2 6 1.11661
2 7 1.09762
2 8 1.08418
2 9 1.07766
2 10 1.14586
2 11 1.14586
2 12 1.14586
2 13 1.14586
2 14 1.14586
2 15 1.1014
2 16 1.09507
2 17 1.08509
2 18 1.07748
2 19 1.11722
2 20 1.11722
2 21 1.11722
2 22 1.11722
2 23 1.11722
2 24 1.09774
2 25 1.09312
2 26 1.08313
2 27 1.07553
2 28 1.10009
2 29 1.10009
2 30 1.10009
2 31 1.10009
2 32 1.10009
2 33 1.08914
2 34 1.08302
2 35 1.07566
2 36 1.0716
2 37 1.14762
2 38 1.14762
2 39 1.14762
2 40 1.14762
2 41 1.14762
2 42 1.1074
2 43 1.09352
2 44 1.08231
2 45 1.07681
2 46 1.12876
2 47 1.12876
2 48 1.12876
2 49 1.12876
2 50 1.12876
2 51 1.09944
2 52 1.09151
2 53 1.08233
2 54 1.07612
2 55 1.11104
2 56 1.11104
2 57 1.11104
2 58 1.11104
2 59 1.11104
2 60 1.09451
2 61 1.08895
2 62 1.07977
2 63 1.07407
2 64 1.09716
2 65 1.09716
2 66 1.09716
2 67 1.09716
2 68 1.09716
2 69 1.08601
2 70 1.08041
2 71 1.07421
2 72 1.07087
2 73 1.11931
2 74 1.11931
2 75 1.11931
2 76 1.11931
2 77 1.11931
2 78 1.09698
2 79 1.08727
2 80 1.0787
2 81 1.07444
2 82 1.11154
2 83 1.11154
2 84 1.11154
2 85 1.11154
2 86 1.11154
2 87 1.09299
2 88 1.08549
2 89 1.07776
2 90 1.07345
2 91 1.10133
2 92 1.10133
2 93 1.10133
2 94 1.10133
2 95 1.10133
2 96 1.08789
2 97 1.08213
2 98 1.07531
2 99 1.07157
2 100 1.0914
2 101 1.0914
2 102 1.0914
2 103 1.0914
2 104 1.0914
2 105 1.08151
2 106 1.07655
2 107 1.07152
2 108 1.06889
2 109 1.1017
2 110 1.1017
2 111 1.1017
2 112 1.1017
2 113 1.1017
2 114 1.08738
2 115 1.08054
2 116 1.07426
2 117 1.07111
2 118 1.09748
2 119 1.09748
2 120 1.09748
2 121 1.09748
2 122 1.09748
2 123 1.08481
2 124 1.07879
2 125 1.073
2 126 1.07003
2 127 1.0913
2 128 1.0913
2 129 1.0913
2 130 1.0913
2 131 1.0913
2 132 1.08096
2 133 1.07594
2 134 1.07094
2 135 1.06836
2 136 1.08444
2 137 1.08444
2 138 1.08444
2 139 1.08444
2 140 1.08444
2 141 1.07627
2 142 1.07215
2 143 1.06816
2 144 1.06611
3 1 1.30455
3 2 1.30455
3 3 1.30455
3 4 1.30455
3 5 1.30455
3 6 1.11661
3 7 1.09762
3 8 1.08418
3 9 1.07766
3 10 1.14586
3 11 1.14586
3 12 1.14586
3 13 1.14586
3 14 1.14586
3 15 1.1014
3 16 1.09507
3 17 1.08509
3 18 1.07748
3 19 1.11722
3 20 1.11722
3 21 1.11722
3 22 1.11722
3 23 1.11722
3 24 1.09774
3 25 1.09312
3 26 1.08313
3 27 1.07553
3 28 1.10009
3 29 1.10009
3 30 1.10009
3 31 1.10009
3 32 1.10009
3 33 1.08914
3 34 1.08302
3 35 1.07566
3 36 1.0716
3 37 1.14762
3 38 1.14762
3 39 1.14762
3 40 1.14762
3 41 1.14762
3 42 1.1074
3 43 1.09352
3 44 1.08231
3 45 1.07681
3 46 1.12876
3 47 1.12876
3 48 1.12876
3 49 1.12876
3 50 1.12876
3 51 1.09944
3 52 1.09151
3 53 1.08233
3 54 1.07612
3 55 1.11104
3 56 1.11104
3 57 1.11104
3 58 1.11104
3 59 1.11104
3 60 1.09451
3 61 1.08895
3 62 1.07977
3 63 1.07407
3 64 1.09716
3 65 1.09716
3 66 1.09716
3 67 1.09716
3 68 1.09716
3 69 1.08601
3 70 1.08041
3 71 1.07421
3 72 1.07087
3 73 1.11931
3 74 1.11931
3 75 1.11931
3 76 1.11931
3 77 1.11931
3 78 1.09698
3 79 1.08727
3 80 1.0787
3 81 1.07444
3 82 1.11154
3 83 1.11154
3 84 1.11154
3 85 1.11154
3 86 1.11154
3 87 1.09299
3 88 1.08549
3 89 1.07776
3 90 1.07345
3 91 1.10133
3 92 1.10133
3 93 1.10133
3 94 1.10133
3 95 1.10133
3 96 1.08789
3 97 1.08213
3 98 1.07531
3 99 1.07157
3 100 1.0914
3 101 1.0914
3 102 1.0914
3 103 1.0914
3 104 1.0914
3 105 1.08151
3 106 1.07655
3 107 1.07152
3 108 1.06889
3 109 1.1017
3 110 1.1017
3 111 1.1017
3 112 1.1017
3 113 1.1017
3 114 1.08738
3 115 1.08054
3 116 1.07426
3 117 1.07111
3 118 1.09748
3 119 1.09748
3 120 1.09748
3 121 1.09748
3 122 1.09748
3 123 1.08481
3 124 1.07879
3 125 1.073
3 126 1.07003
3 127 1.0913
3 128 1.0913
3 129 1.0913
3 130 1.0913
3 131 1.0913
3 132 1.08096
3 133 1.07594
3 134 1.07094
3 135 1.06836
3 136 1.08444
3 137 1.08444
3 138 1.08444
3 139 1.08444
3 140 1.08444
3 141 1.07627
3 142 1.07215
3 143 1.06816
3 144 1.06611
4 1 1.30455
4 2 1.30455
4 3 1.30455
4 4 1.30455
4 5 1.30455
4 6 1.11661
4 7 1.09762
4 8 1.08418
4 9 1.07766
4 10 1.14586
4 11 1.14586
4 12 1.14586
4 13 1.14586
4 14 1.14586
4 15 1.1014
4 16 1.09507
4 17 1.08509
4 18 1.07748
4 19 1.11722
4 20 1.11722
4 21 1.11722
4 22 1.11722
4 23 1.11722
4 24 1.09774
4 25 1.09312
4 26 1.08313
4 27 1.07553
4 28 1.10009
4 29 1.10009
4 30 1.10009
4 31 1.10009
4 32 1.10009
4 33 1.08914
4 34 1.08302
4 35 1.07566
4 36 1.0716
4 37 1.14762
4 38 1.14762
4 39 1.14762
4 40 1.14762
4 41 1.14762
4 42 1.1074
4 43 1.09352
4 44 1.08231
4 45 1.07681
4 46 1.12876
4 47 1.12876
4 48 1.12876
4 49 1.12876
4 50 1.12876
4 51 1.09944
4 52 1.09151
4 53 1.08233
4 54 1.07612
4 55 1.11104
4 56 1.11104
4 57 1.11104
4 58 1.11104
4 59 1.11104
4 60 1.09451
4 61 1.08895
4 62 1.07977
4 63 1.07407
4 64 1.09716
4 65 1.09716
4 66 1.09716
4 67 1.09716
4 68 1.09716
4 69 1.08601
4 70 1.08041
4 71 1.07421
4 72 1.07087
4 73 1.11931
4 74 1.11931
4 75 1.11931
4 76 1.11931
4 77 1.11931
4 78 1.09698
4 79 1.08727
4 80 1.0787
4 81 1.07444
4 82 1.11154
4 83 1.11154
4 84 1.11154
4 85 1.11154
4 86 1.11154
4 87 1.09299
4 88 1.08549
4 89 1.07776
4 90 1.07345
4 91 1.10133
4 92 1.10133
4 93 1.10133
4 94 1.10133
4 95 1.10133
4 96 1.08789
4 97 1.08213
4 98 1.07531
4 99 1.07157
4 100 1.0914
4 101 1.0914
4 102 1.0914
4 103 1.0914
4 104 1.0914
4 105 1.08151
4 106 1.07655
4 107 1.07152
4 108 1.06889
4 109 1.1017
4 110 1.1017
4 111 1.1017
4 112 1.1017
4 113 1.1017
4 114 1.08738
4 115 1.08054
4 116 1.07426
4 117 1.07111
4 118 1.09748
4 119 1.09748
4 120 1.09748
4 121 1.09748
4 122 1.09748
4 123 1.08481
4 124 1.07879
4 125 1.073
4 126 1.07003
4 127 1.0913
4 128 1.0913
4 129 1.0913
4 130 1.0913
4 131 1.0913
4 132 1.08096
4 133 1.07594
4 134 1.07094
4 135 1.06836
4 136 1.08444
4 137 1.08444
4 138 1.08444
4 139 1.08444
4 140 1.08444
4 141 1.07627
4 142 1.07215
4 143 1.06816
4 144 1.06611
5 1 1.30455
5 2 1.30455
5 3 1.30455
5 4 1.30455
5 5 1.30455
5 6 1.11661
5 7 1.09762
5 8 1.08418
5 9 1.07766
5 10 1.14586
5 11 1.14586
5 12 1.14586
5 13 1.14586
5 14 1.14586
5 15 1.1014
5 16 1.09507
5 17 1.08509
5 18 1.07748
5 19 1.11722
5 20 1.11722
5 21 1.11722
5 22 1.11722
5 23 1.11722
5 24 1.09774
5 25 1.09312
5 26 1.08313
5 27 1.07553
5 28 1.10009
5 29 1.10009
5 30 1.10009
5 31 1.10009
5 32 1.10009
5 33 1.08914
5 34 1.08302
5 35 1.07566
5 36 1.0716
5 37 1.14762
5 38 1.14762
5 39 1.14762
5 40 1.14762
5 41 1.14762
5 42 1.1074
5 43 1.09352
5 44 1.08231
5 45 1.07681
5 46 1.12876
5 47 1.12876
5 48 1.12876
5 49 1.12876
5 50 1.12876
5 51 1.09944
5 52 1.09151
5 53 1.08233
5 54 1.07612
5 55 1.11104
5 56 1.11104
5 57 1.11104
5 58 1.11104
5 59 1.11104
5 60 1.09451
5 61 1.08895
5 62 1.07977
5 63 1.07407
5 64 1.09716
5 65 1.09716
5 66 1.09716
5 67 1.09716
5 68 1.09716
5 69 1.08601
5 70 1.08041
5 71 1.07421
5 72 1.07087
5 73 1.11931
5 74 1.11931
5 75 1.11931
5 76 1.11931
5 77 1.11931
5 78 1.09698
5 79 1.08727
5 80 1.0787
5 81 1.07444
5 82 1.11154
5 83 1.11154
5 84 1.11154
5 85 1.11154
5 86 1.11154
5 87 1.09299
5 88 1.08549
5 89 1.07776
5 90 1.07345
5 91 1.10133
5 92 1.10133
5 93 1.10133
5 94 1.10133
5 95 1.10133
5 96 1.08789
5 97 1.08213
5 98 1.07531
5 99 1.07157
5 100 1.0914
5 101 1.0914
5 102 1.0914
5 103 1.0914
5 104 1.0914
5 105 1.08151
5 106 1.07655
5 107 1.07152
5 108 1.06889
5 109 1.1017
5 110 1.1017
5 111 1.1017
5 112 1.1017
5 113 1.1017
5 114 1.08738
5 115 1.08054
5 116 1.07426
5 117 1.07111
5 118 1.09748
5 119 1.09748
5 120 1.09748
5 121 1.09748
5 122 1.09748
5 123 1.08481
5 124 1.07879
5 125 1.073
5 126 1.07003
5 127 1.0913
5 128 1.0913
5 129 1.0913
5 130 1.0913
5 131 1.0913
5 132 1.08096
5 133 1.07594
5 134 1.07094
5 135 1.06836
5 136 1.08444
5 137 1.08444
5 138 1.08444
5 139 1.08444
5 140 1.08444
5 141 1.07627
5 142 1.07215
5 143 1.06816
5 144 1.06611
6 1 1.11661
6 2 1.11661
6 3 1.11661
6 4 1.11661
6 5 1.11661
6 6 6.65669
6 7 2.03668
6 8 1.36364
6 9 1.19749
6 10 1.10833
6 11 1.10833
6 12 1.10833
6 13 1.10833
6 14 1.10833
6 15 1.31417
6 16 1.28869
6 17 1.23077
6 18 1.18086
6 19 1.09922
6 20 1.09922
6 21 1.09922
6 22 1.09922
6 23 1.09922
6 24 1.22243
6 25 1.22604
6 26 1.19004
6 27 1.15901
6 28 1.08878
6 29 1.08878
6 30 1.08878
6 31 1.08878
6 32 1.08878
6 33 1.15237
6 34 1.15558
6 35 1.14275
6 36 1.13368
6 37 1.10643
6 38 1.10643
6 39 1.10643
6 40 1.10643
6 41 1.10643
6 42 1.40857
6 43 1.33499
6 44 1.22973
6 45 1.17526
6 46 1.10149
6 47 1.10149
6 48 1.10149
6 49 1.10149
6 50 1.10149
6 51 1.23853
6 52 1.2335
6 53 1.19519
6 54 1.16458
6 55 1.09435
6 56 1.09435
6 57 1.09435
6 58 1.09435
6 59 1.09435
6 60 1.18589
6 61 1.19413
6 62 1.16545
6 63 1.14697
6 64 1.0864
6 65 1.0864
6 66 1.0864
6 67 1.0864
6 68 1.0864
6 69 1.13039
6 70 1.13736
6 71 1.13196
6 72 1.12719
6 73 1.09588
6 74 1.09588
6 75 1.09588
6 76 1.09588
6 77 1.09588
6 78 1.1849
6 79 1.18513
6 80 1.16357
6 81 1.14893
6 82 1.0929
6 83 1.0929
6 84 1.0929
6 85 1.0929
6 86 1.0929
6 87 1.15977
6 88 1.16772
6 89 1.15337
6 90 1.14274
6 91 1.08792
6 92 1.08792
6 93 1.08792
6 94 1.08792
6 95 1.08792
6 96 1.13527
6 97 1.14496
6 98 1.13673
6 99 1.13078
6 100 1.08204
6 101 1.08204
6 102 1.08204
6 103 1.08204
6 104 1.08204
6 105 1.11013
6 106 1.11704
6 107 1.11746
6 108 1.1165
6 109 1.08647
6 110 1.08647
6 111 1.08647
6 112 1.08647
6 113 1.08647
6 114 1.12278
6 115 1.12924
6 116 1.12794
6 117 1.12577
6 118 1.08449
6 119 1.08449
6 120 1.08449
6 121 1.08449
6 122 1.08449
6 123 1.11635
6 124 1.12358
6 125 1.12338
6 126 1.12198
6 127 1.08105
6 128 1.08105
6 129 1.08105
6 130 1.08105
6 131 1.08105
6 132 1.10598
6 133 1.11297
6 134 1.11439
6 135 1.11423
6 136 1.07677
6 137 1.07677
6 138 1.07677
6 139 1.07677
6 140 1.07677
6 141 1.09445
6 142 1.10029
6 143 1.10339
6 144 1.10443
7 1 1.09762
7 2 1.09762
7 3 1.09762
7 4 1.09762
7 5 1.09762
7 6 2.03668
7 7 6.63586
7 8 1.93418
7 9 1.29418
7 10 1.09579
7 11 1.09579
7 12 1.09579
7 13 1.09579
7 14 1.09579
7 15 1.29294
7 16 1.33813
7 17 1.29726
7 18 1.23884
7 19 1.09085
7 20 1.09085
7 21 1.09085
7 22 1.09085
7 23 1.09085
7 24 1.22905
7 25 1.2462
7 26 1.22169
7 27 1.19602
7 28 1.08295
7 29 1.08295
7 30 1.08295
7 31 1.08295
7 32 1.08295
7 33 1.1593
7 34 1.17019
7 35 1.16459
7 36 1.15915
7 37 1.09325
7 38 1.09325
7 39 1.09325
7 40 1.09325
7 41 1.09325
7 42 1.33516
7 43 1.42583
7 44 1.31695
7 45 1.23684
7 46 1.09127
7 47 1.09127
7 48 1.09127
7 49 1.09127
7 50 1.09127
7 51 1.23823
7 52 1.26512
7 53 1.23999
7 54 1.21101
7 55 1.08694
7 56 1.08694
7 57 1.08694
7 58 1.08694
7 59 1.08694
7 60 1.19457
7 61 1.21434
7 62 1.19375
7 63 1.17991
7 64 1.08106
7 65 1.08106
7 66 1.08106
7 67 1.08106
7 68 1.08106
7 69 1.13736
7 70 1.15132
7 71 1.15227
7 72 1.15072
7 73 1.08688
7 74 1.08688
7 75 1.08688
7 76 1.08688
7 77 1.08688
7 78 1.18446
7 79 1.20927
7 80 1.20068
7 81 1.18898
7 82 1.08526
7 83 1.08526
7 84 1.08526
7 85 1.08526
7 86 1.08526
7 87 1.16607
7 88 1.18783
7 89 1.18311
7 90 1.17666
7 91 1.0819
7 92 1.0819
7 93 1.0819
7 94 1.0819
7 95 1.0819
7 96 1.14293
7 97 1.16102
7 98 1.15962
7 99 1.15735
7 100 1.07747
7 101 1.07747
7 102 1.07747
7 103 1.07747
7 104 1.07747
7 105 1.11631
7 106 1.12903
7 107 1.13485
7 108 1.13664
7 109 1.08022
7 110 1.08022
7 111 1.08022
7 112 1.08022
7 113 1.08022
7 114 1.1286
7 115 1.14429
7 116 1.15129
7 117 1.15296
7 118 1.0789
7 119 1.0789
7 120 1.0789
7 121 1.0789
7 122 1.0789
7 123 1.12275
7 124 1.13759
7 125 1.14436
7 126 1.14639
7 127 1.07639
7 128 1.07639
7 129 1.07639
7 130 1.07639
7 131 1.07639
7 132 1.11208
7 133 1.12503
7 134 1.13201
7 135 1.13467
7 136 1.07304
7 137 1.07304
7 138 1.07304
7 139 1.07304
7 140 1.07304
7 141 1.09956
7 142 1.11003
7 143 1.11752
7 144 1.1208
8 1 1.08418
8 2 1.08418
8 3 1.08418
8 4 1.08418
8 5 1.08418
8 6 1.36364
8 7 1.93418
8 8 6.24338
8 9 1.52918
8 10 1.08392
8 11 1.08392
8 12 1.08392
8 13 1.08392
8 14 1.08392
8 15 1.21991
8 16 1.26007
8 17 1.3354
8 18 1.31702
8 19 1.08115
8 20 1.08115
8 21 1.08115
8 22 1.08115
8 23 1.08115
8 24 1.19181
8 25 1.21291
8 26 1.2286
8 27 1.23284
8 28 1.07569
8 29 1.07569
8 30 1.07569
8 31 1.07569
8 32 1.07569
8 33 1.14537
8 34 1.1642
8 35 1.17637
8 36 1.18193
8 37 1.0823
8 38 1.0823
8 39 1.0823
8 40 1.0823
8 41 1.0823
8 42 1.23173
8 43 1.32118
8 44 1.38326
8 45 1.32431
8 46 1.08131
8 47 1.08131
8 48 1.08131
8 49 1.08131
8 50 1.08131
8 51 1.19592
8 52 1.23152
8 53 1.26237
8 54 1.26663
8 55 1.07861
8 56 1.07861
8 57 1.07861
8 58 1.07861
8 59 1.07861
8 60 1.17134
8 61 1.19663
8 62 1.20642
8 63 1.21311
8 64 1.07451
8 65 1.07451
8 66 1.07451
8 67 1.07451
8 68 1.07451
8 69 1.13068
8 70 1.15128
8 71 1.16549
8 72 1.17214
8 73 1.07866
8 74 1.07866
8 75 1.07866
8 76 1.07866
8 77 1.07866
8 78 1.16449
8 79 1.20363
8 80 1.23069
8 81 1.23725
8 82 1.0775
8 83 1.0775
8 84 1.0775
8 85 1.0775
8 86 1.0775
8 87 1.15376
8 88 1.18494
8 89 1.20502
8 90 1.21399
8 91 1.07517
8 92 1.07517
8 93 1.07517
8 94 1.07517
8 95 1.07517
8 96 1.13679
8 97 1.16165
8 98 1.17605
8 99 1.18382
8 100 1.07194
8 101 1.07194
8 102 1.07194
8 103 1.07194
8 104 1.07194
8 105 1.11521
8 106 1.13369
8 107 1.14828
8 108 1.15526
8 109 1.07423
8 110 1.07423
8 111 1.07423
8 112 1.07423
8 113 1.07423
8 114 1.12814
8 115 1.15304
8 116 1.17389
8 117 1.1835
8 118 1.0731
8 119 1.0731
8 120 1.0731
8 121 1.0731
8 122 1.0731
8 123 1.12268
8 124 1.14514
8 125 1.16339
8 126 1.17218
8 127 1.07117
8 128 1.07117
8 129 1.07117
8 130 1.07117
8 131 1.07117
8 132 1.11298
8 133 1.13196
8 134 1.14738
8 135 1.15496
8 136 1.06857
8 137 1.06857
8 138 1.06857
8 139 1.06857
8 140 1.06857
8 141 1.10125
8 142 1.11642
8 143 1.12967
8 144 1.13617
9 1 1.07766
9 2 1.07766
9 3 1.07766
9 4 1.07766
9 5 1.07766
9 6 1.19749
9 7 1.29418
9 8 1.52918
9 9 2.13606
9 10 1.07777
9 11 1.07777
9 12 1.07777
9 13 1.07777
9 14 1.07777
9 15 1.17813
9 16 1.20721
9 17 1.29084
9 18 1.37061
9 19 1.07592
9 20 1.07592
9 21 1.07592
9 22 1.07592
9 23 1.07592
9 24 1.1673
9 25 1.18868
9 26 1.22702
9 27 1.25444
9 28 1.07174
9 29 1.07174
9 30 1.07174
9 31 1.07174
9 32 1.07174
9 33 1.13573
9 34 1.15878
9 35 1.18192
9 36 1.19479
9 37 1.07676
9 38 1.07676
9 39 1.07676
9 40 1.07676
9 41 1.07676
9 42 1.17656
9 43 1.24075
9 44 1.32621
9 45 1.38132
9 46 1.07608
9 47 1.07608
9 48 1.07608
9 49 1.07608
9 50 1.07608
9 51 1.16839
9 52 1.20309
9 53 1.25911
9 54 1.30037
9 55 1.07413
9 56 1.07413
9 57 1.07413
9 58 1.07413
9 59 1.07413
9 60 1.15508
9 61 1.18203
9 62 1.21063
9 63 1.2323
9 64 1.07094
9 65 1.07094
9 66 1.07094
9 67 1.07094
9 68 1.07094
9 69 1.12562
9 70 1.14976
9 71 1.17218
9 72 1.18421
9 73 1.07436
9 74 1.07436
9 75 1.07436
9 76 1.07436
9 77 1.07436
9 78 1.15017
9 79 1.19313
9 80 1.23942
9 81 1.26477
9 82 1.07338
9 83 1.07338
9 84 1.07338
9 85 1.07338
9 86 1.07338
9 87 1.14423
9 88 1.17897
9 89 1.2141
9 90 1.23527
9 91 1.07154
9 92 1.07154
9 93 1.07154
9 94 1.07154
9 95 1.07154
9 96 1.13165
9 97 1.15978
9 98 1.18411
9 99 1.19873
9 100 1.06893
9 101 1.06893
9 102 1.06893
9 103 1.06893
9 104 1.06893
9 105 1.11383
9 106 1.13545
9 107 1.15538
9 108 1.16565
9 109 1.07104
9 110 1.07104
9 111 1.07104
9 112 1.07104
9 113 1.07104
9 114 1.12643
9 115 1.15591
9 116 1.18516
9 117 1.20034
9 118 1.06998
9 119 1.06998
9 120 1.06998
9 121 1.06998
9 122 1.06998
9 123 1.12152
9 124 1.14794
9 125 1.17321
9 126 1.18649
9 127 1.06835
9 128 1.06835
9 129 1.06835
9 130 1.06835
9 131 1.06835
9 132 1.11277
9 133 1.135
9 134 1.15552
9 135 1.16621
9 136 1.06614
9 137 1.06614
9 138 1.06614
9 139 1.06614
9 140 1.06614
9 141 1.10182
9 142 1.1196
9 143 1.13623
9 144 1.14467
10 1 1.14586
10 2 1.14586
10 3 1.14586
10 4 1.14586
10 5 1.14586
10 6 1.10833
10 7 1.09579
10 8 1.08392
10 9 1.07777
10 10 1.30199
10 11 1.30199
10 12 1.30199
10 13 1.30199
10 14 1.30199
10 15 1.11547
10 16 1.10573
10 17 1.09146
10 18 1.0808
10 19 1.15964
10 20 1.15964
10 21 1.15964
10 22 1.15964
10 23 1.15964
10 24 1.1134
10 25 1.10531
10 26 1.09096
10 27 1.08032
10 28 1.12473
10 29 1.12473
10 30 1.12473
10 31 1.12473
10 32 1.12473
10 33 1.10331
10 34 1.09348
10 35 1.08266
10 36 1.07681
10 37 1.12857
10 38 1.12857
10 39 1.12857
10 40 1.12857
10 41 1.12857
10 42 1.10229
10 43 1.09171
10 44 1.08184
10 45 1.07676
10 46 1.14594
10 47 1.14594
10 48 1.14594
10 49 1.14594
10 50 1.14594
10 51 1.10859
10 52 1.09904
10 53 1.08685
10 54 1.0788
10 55 1.13405
10 56 1.13405
10 57 1.13405
10 58 1.13405
10 59 1.13405
10 60 1.10686
10 61 1.09846
10 62 1.08591
10 63 1.07816
10 64 1.11619
10 65 1.11619
10 66 1.11619
10 67 1.11619
10 68 1.11619
10 69 1.09778
10 70 1.08925
10 71 1.08037
10 72 1.07565
10 73 1.11133
10 74 1.11133
10 75 1.11133
10 76 1.11133
10 77 1.11133
10 78 1.09375
10 79 1.08566
10 80 1.07806
10 81 1.07418
10 82 1.11794
10 83 1.11794
10 84 1.11794
10 85 1.11794
10 86 1.11794
10 87 1.09765
10 88 1.08958
10 89 1.08053
10 90 1.07549
10 91 1.11363
10 92 1.11363
10 93 1.11363
10 94 1.11363
10 95 1.11363
10 96 1.09588
10 97 1.08839
10 98 1.07969
10 99 1.07491
10 100 1.10446
10 101 1.10446
10 102 1.10446
10 103 1.10446
10 104 1.10446
10 105 1.09033
10 106 1.08344
10 107 1.07661
10 108 1.07306
10 109 1.0973
10 110 1.0973
10 111 1.0973
10 112 1.0973
10 113 1.0973
10 114 1.08512
10 115 1.07916
10 116 1.07354
10 117 1.0707
10 118 1.10048
10 119 1.10048
10 120 1.10048
10 121 1.10048
10 122 1.10048
10 123 1.08727
10 124 1.08096
10 125 1.07473
10 126 1.07151
10 127 1.09833
10 128 1.09833
10 129 1.09833
10 130 1.09833
10 131 1.09833
10 132 1.08602
10 133 1.08005
10 134 1.07409
10 135 1.07102
10 136 1.0932
10 137 1.0932
10 138 1.0932
10 139 1.0932
10 140 1.0932
10 141 1.08262
10 142 1.07732
10 143 1.07223
10 144 1.06962
11 1 1.14586
11 2 1.14586
11 3 1.14586
11 4 1.14586
11 5 1.14586
11 6 1.10833
11 7 1.09579
11 8 1.08392
11 9 1.07777
11 10 1.30199
11 11 1.30199
11 12 1.30199
11 13 1.30199
11 14 1.30199
11 15 1.11547
11 16 1.10573
11 17 1.09146
11 18 1.0808
11 19 1.15964
11 20 1.15964
11 21 1.15964
11 22 1.15964
11 23 1.15964
11 24 1.1134
11 25 1.10531
11 26 1.09096
11 27 1.08032
11 28 1.12473
11 29 1.12473
11 30 1.12473
11 31 1.12473
11 32 1.12473
11 33 1.10331
11 34 1.09348
11 35 1.08266
11 36 1.07681
11 37 1.12857
11 38 1.12857
11 39 1.12857
11 40 1.12857
11 41 1.12857
11 42 1.10229
11 43 1.09171
11 44 1.08184
11 45 1.07676
11 46 1.14594
11 47 1.14594
11 48 1.14594
11 49 1.14594
11 50 1.14594
11 51 1.10859
11 52 1.09904
11 53 1.08685
11 54 1.0788
11 55 1.13405
11 56 1.13405
11 57 1.13405
11 58 1.13405
11 59 1.13405
11 60 1.10686
11 61 1.09846
11 62 1.08591
11 63 1.07816
11 64 1.11619
11 65 1.11619
11 66 1.11619
11 67 1.11619
11 68 1.11619
11 69 1.09778
11 70 1.08925
11 71 1.08037
11 72 1.07565
11 73 1.11133
11 74 1.11133
11 75 1.11133
11 76 1.11133
11 77 1.11133
11 78 1.09375
11 79 1.08566
11 80 1.07806
11 81 1.07418
11 82 1.11794
11 83 1.11794
11 84 1.11794
11 85 1.11794
11 86 1.11794
11 87 1.09765
11 88 1.08958
11 89 1.08053
11 90 1.07549
11 91 1.11363
11 92 1.11363
11 93 1.11363
11 94 1.11363
11 95 1.11363
11 96 1.09588
11 97 1.08839
11 98 1.07969
11 99 1.07491
11 100 1.10446
11 101 1.10446
11 102 1.10446
11 103 1.10446
11 104 1.10446
11 105 1.09033
11 106 1.08344
11 107 1.07661
11 108 1.07306
11 109 1.0973
11 110 1.0973
11 111 1.0973
11 112 1.0973
11 113 1.0973
11 114 1.08512
11 115 1.07916
11 116 1.07354
11 117 1.0707
11 118 1.10048
11 119 1.10048
11 120 1.10048
11 121 1.10048
11 122 1.10048
11 123 1.08727
11 124 1.08096
11 125 1.07473
11 126 1.07151
11 127 1.09833
11 128 1.09833
11 129 1.09833
11 130 1.09833
11 131 1.09833
11 132 1.08602
11 133 1.08005
11 134 1.07409
11 135 1.07102
11 136 1.0932
11 137 1.0932
11 138 1.0932
11 139 1.0932
11 140 1.0932
11 141 1.08262
11 142 1.07732
11 143 1.07223
11 144 1.06962
12 1 1.14586
12 2 1.14586
12 3 1.14586
12 4 1.14586
12 5 1.14586
12 6 1.10833
12 7 1.09579
12 8 1.08392
12 9 1.07777
12 10 1.30199
12 11 1.30199
12 12 1.30199
12 13 1.30199
12 14 1.30199
12 15 1.11547
12 16 1.10573
12 17 1.09146
12 18 1.0808
12 19 1.15964
12 20 1.15964
12 21 1.15964
12 22 1.15964
12 23 1.15964
12 24 1.1134
12 25 1.10531
12 26 1.09096
12 27 1.08032
12 28 1.12473
12 29 1.12473
12 30 1.12473
12 31 1.12473
12 32 1.12473
12 33 1.10331
12 34 1.09348
12 35 1.08266
12 36 1.07681
12 37 1.12857
12 38 1.12857
12 39 1.12857
12 40 1.12857
12 41 1.12857
12 42 1.10229
12 43 1.09171
12 44 1.08184
12 45 1.07676
12 46 1.14594
12 47 1.14594
12 48 1.14594
12 49 1.14594
12 50 1.14594
12 51 1.10859
12 52 1.09904
12 53 1.08685
12 54 1.0788
12 55 1.13405
12 56 1.13405
12 57 1.13405
12 58 1.13405
12 59 1.13405
12 60 1.10686
12 61 1.09846
12 62 1.08591
12 63 1.07816
12 64 1.11619
12 65 1.11619
12 66 1.11619
12 67 1.11619
12 68 1.11619
12 69 1.09778
12 70 1.08925
12 71 1.08037
12 72 1.07565
12 73 1.11133
12 74 1.11133
12 75 1.11133
12 76 1.11133
12 77 1.11133
12 78 1.09375
12 79 1.08566
12 80 1.07806
12 81 1.07418
12 82 1.11794
12 83 1.11794
12 84 1.11794
12 85 1.11794
12 86 1.11794
12 87 1.09765
12 88 1.08958
12 89 1.08053
12 90 1.07549
12 91 1.11363
12 92 1.11363
12 93 1.11363
12 94 1.11363
12 95 1.11363
12 96 1.09588
12 97 1.08839
12 98 1.07969
12 99 1.07491
12 100 1.10446
12 101 1.10446
12 102 1.10446
12 103 1.10446
12 104 1.10446
12 105 1.09033
12 106 1.08344
12 107 1.07661
12 108 1.07306
12 109 1.0973
12 110 1.0973
12 111 1.0973
12 112 1.0973
12 113 1.0973
12 114 1.08512
12 115 1.07916
12 116 1.07354
12 117 1.0707
12 118 1.10048
12 119 1.10048
12 120 1.10048
12 121 1.10048
12 122 1.10048
12 123 1.08727
12 124 1.08096
12 125 1.07473
12 126 1.07151
12 127 1.09833
12 128 1.09833
12 129 1.09833
12 130 1.09833
12 131 1.09833
12 132 1.08602
12 133 1.08005
12 134 1.07409
12 135 1.07102
12 136 1.0932
12 137 1.0932
12 138 1.0932
12 139 1.0932
12 140 1.0932
12 141 1.08262
12 142 1.07732
12 143 1.07223
12 144 1.06962
13 1 1.14586
13 2 1.14586
13 3 1.14586
13 4 1.14586
13 5 1.14586
13 6 1.10833
13 7 1.09579
13 8 1.08392
13 9 1.07777
13 10 1.30199
13 11 1.30199
13 12 1.30199
13 13 1.30199
13 14 1.30199
13 15 1.11547
13 16 1.10573
13 17 1.09146
13 18 1.0808
13 19 1.15964
13 20 1.15964
13 21 1.15964
13 22 1.15964
13 23 1.15964
13 24 1.1134
13 25 1.10531
13 26 1.09096
13 27 1.08032
13 28 1.12473
13 29 1.12473
13 30 1.12473
13 31 1.12473
13 32 1.12473
13 33 1.10331
13 34 1.09348
13 35 1.08266
13 36 1.07681
13 37 1.12857
13 38 1.12857
13 39 1.12857
13 40 1.12857
13 41 1.12857
13 42 1.10229
13 43 1.09171
13 44 1.08184
13 45 1.07676
13 46 1.14594
13 47 1.14594
13 48 1.14594
13 49 1.14594
13 50 1.14594
13 51 1.10859
13 52 1.09904
13 53 1.08685
13 54 1.0788
13 55 1.13405
13 56 1.13405
13 57 1.13405
13 58 1.13405
13 59 1.13405
13 60 1.10686
13 61 1.09846
13 62 1.08591
13 63 1.07816
13 64 1.11619
13 65 1.11619
13 66 1.11619
13 67 1.11619
13 68 1.11619
13 69 1.09778
13 70 1.08925
13 71 1.08037
13 72 1.07565
13 73 1.11133
13 74 1.11133
13 75 1.11133
13 76 1.11133
13 77 1.11133
13 78 1.09375
13 79 1.08566
13 80 1.07806
13 81 1.07418
13 82 1.11794
13 83 1.11794
13 84 1.11794
13 85 1.11794
13 86 1.11794
13 87 1.09765
13 88 1.08958
13 89 1.08053
13 90 1.07549
13 91 1.11363
13 92 1.11363
13 93 1.11363
13 94 1.11363
13 95 1.11363
13 96 1.09588
13 97 1.08839
13 98 1.07969
13 99 1.07491
13 100 1.10446
13 101 1.10446
13 102 1.10446
13 103 1.10446
13 104 1.10446
13 105 1.09033
13 106 1.08344
13 107 1.07661
13 108 1.07306
13 109 1.0973
13 110 1.0973
13 111 1.0973
13 112 1.0973
13 113 1.0973
13 114 1.08512
13 115 1.07916
13 116 1.07354
13 117 1.0707
13 118 1.10048
13 119 1.10048
13 120 1.10048
13 121 1.10048
13 122 1.10048
13 123 1.08727
13 124 1.08096
13 125 1.07473
13 126 1.07151
13 127 1.09833
13 128 1.09833
13 129 1.09833
13 130 1.09833
13 131 1.09833
13 132 1.08602
13 133 1.08005
13 134 1.07409
13 135 1.07102
13 136 1.0932
13 137 1.0932
13 138 1.0932
13 139 1.0932
13 140 1.0932
13 141 1.08262
13 142 1.07732
13 143 1.07223
13 144 1.06962
14 1 1.14586
14 2 1.14586
14 3 1.14586
14 4 1.14586
14 5 1.14586
14 6 1.10833
14 7 1.09579
14 8 1.08392
14 9 1.07777
14 10 1.30199
14 11 1.30199
14 12 1.30199
14 13 1.30199
14 14 1.30199
14 15 1.11547
14 16 1.10573
14 17 1.09146
14 18 1.0808
14 19 1.15964
14 20 1.15964
14 21 1.15964
14 22 1.15964
14 23 1.15964
14 24 1.1134
14 25 1.10531
14 26 1.09096
14 27 1.08032
14 28 1.12473
14 29 1.12473
14 30 1.12473
14 31 1.12473
14 32 1.12473
14 33 1.10331
14 34 1.09348
14 35 1.08266
14 36 1.07681
14 37 1.12857
14 38 1.12857
14 39 1.12857
14 40 1.12857
14 41 1.12857
14 42 1.10229
14 43 1.09171
14 44 1.08184
14 45 1.07676
14 46 1.14594
14 47 1.14594
14 48 1.14594
14 49 1.14594
14 50 1.14594
14 51 1.10859
14 52 1.09904
14 53 1.08685
14 54 1.0788
14 55 1.13405
14 56 1.13405
14 57 1.13405
14 58 1.13405
14 59 1.13405
14 60 1.10686
14 61 1.09846
14 62 1.08591
14 63 1.07816
14 64 1.11619
14 65 1.11619
14 66 1.11619
14 67 1.11619
14 68 1.11619
14 69 1.09778
14 70 1.08925
14 71 1.08037
14 72 1.07565
14 73 1.11133
14 74 1.11133
14 75 1.11133
14 76 1.11133
14 77 1.11133
14 78 1.09375
14 79 1.08566
14 80 1.07806
14 81 1.07418
14 82 1.11794
14 83 1.11794
14 84 1.11794
14 85 1.11794
14 86 1.11794
14 87 1.09765
14 88 1.08958
14 89 1.08053
14 90 1.07549
14 91 1.11363
14 92 1.11363
14 93 1.11363
14 94 1.11363
14 95 1.11363
14 96 1.09588
14 97 1.08839
14 98 1.07969
14 99 1.07491
14 100 1.10446
14 101 1.10446
14 102 1.10446
14 103 1.10446
14 104 1.10446
14 105 1.09033
14 106 1.08344
14 107 1.07661
14 108 1.07306
14 109 1.0973
14 110 1.0973
14 111 1.0973
14 112 1.0973
14 113 1.0973
14 114 1.08512
14 115 1.07916
14 116 1.07354
14 117 1.0707
14 118 1.10048
14 119 1.10048
14 120 1.10048
14 121 1.10048
14 122 1.10048
14 123 1.08727
14 124 1.08096
14 125 1.07473
14 126 1.07151
14 127 1.09833
14 128 1.09833
14 129 1.09833
14 130 1.09833
14 131 1.09833
14 132 1.08602
14 133 1.08005
14 134 1.07409
14 135 1.07102
14 136 1.0932
14 137 1.0932
14 138 1.0932
14 139 1.0932
14 140 1.0932
14 141 1.08262
14 142 1.07732
14 143 1.07223
14 144 1.06962
15 1 1.1014
15 2 1.1014
15 3 1.1014
15 4 1.1014
15 5 1.1014
15 6 1.31417
15 7 1.29294
15 8 1.21991
15 9 1.17813
15 10 1.11547
15 11 1.11547
15 12 1.11547
15 13 1.11547
15 14 1.11547
15 15 2.52618
15 16 1.59332
15 17 1.34905
15 18 1.21669
15 19 1.11384
15 20 1.11384
15 21 1.11384
15 22 1.11384
15 23 1.11384
15 24 1.49769
15 25 1.45625
15 26 1.31625
15 27 1.21218
15 28 1.10136
15 29 1.10136
15 30 1.10136
15 31 1.10136
15 32 1.10136
15 33 1.27224
15 34 1.26467
15 35 1.21149
15 36 1.17749
15 37 1.09653
15 38 1.09653
15 39 1.09653
15 40 1.09653
15 41 1.09653
15 42 1.20989
15 43 1.21507
15 44 1.18473
15 45 1.16369
15 46 1.10438
15 47 1.10438
15 48 1.10438
15 49 1.10438
15 50 1.10438
15 51 1.36176
15 52 1.34868
15 53 1.25256
15 54 1.18852
15 55 1.10333
15 56 1.10333
15 57 1.10333
15 58 1.10333
15 59 1.10333
15 60 1.32821
15 61 1.3296
15 62 1.24009
15 63 1.18436
15 64 1.09636
15 65 1.09636
15 66 1.09636
15 67 1.09636
15 68 1.09636
15 69 1.19999
15 70 1.20702
15 71 1.18126
15 72 1.1627
15 73 1.08951
15 74 1.08951
15 75 1.08951
15 76 1.08951
15 77 1.08951
15 78 1.14716
15 79 1.15645
15 80 1.14968
15 81 1.14324
15 82 1.09404
15 83 1.09404
15 84 1.09404
15 85 1.09404
15 86 1.09404
15 87 1.19134
15 88 1.20575
15 89 1.17728
15 90 1.1578
15 91 1.09336
15 92 1.09336
15 93 1.09336
15 94 1.09336
15 95 1.09336
15 96 1.18438
15 97 1.19787
15 98 1.17256
15 99 1.15542
15 100 1.0893
15 101 1.0893
15 102 1.0893
15 103 1.0893
15 104 1.0893
15 105 1.14526
15 106 1.15468
15 107 1.14854
15 108 1.1425
15 109 1.08215
15 110 1.08215
15 111 1.08215
15 112 1.08215
15 113 1.08215
15 114 1.11263
15 115 1.12082
15 116 1.12308
15 117 1.12304
15 118 1.08485
15 119 1.08485
15 120 1.08485
15 121 1.08485
15 122 1.08485
15 123 1.12624
15 124 1.13583
15 125 1.13411
15 126 1.1313
15 127 1.08441
15 128 1.08441
15 129 1.08441
15 130 1.08441
15 131 1.08441
15 132 1.12408
15 133 1.1335
15 134 1.13233
15 135 1.12996
15 136 1.08192
15 137 1.08192
15 138 1.08192
15 139 1.08192
15 140 1.08192
15 141 1.11203
15 142 1.12021
15 143 1.12251
15 144 1.1225
16 1 1.09507
16 2 1.09507
16 3 1.09507
16 4 1.09507
16 5 1.09507
16 6 1.28869
16 7 1.33813
16 8 1.26007
16 9 1.20721
16 10 1.10573
16 11 1.10573
16 12 1.10573
16 13 1.10573
16 14 1.10573
16 15 1.59332
16 16 2.44949
16 17 1.52879
16 18 1.261
16 19 1.10548
16 20 1.10548
16 21 1.10548
16 22 1.10548
16 23 1.10548
16 24 1.44865
16 25 1.52335
16 26 1.37402
16 27 1.2476
16 28 1.09576
16 29 1.09576
16 30 1.09576
16 31 1.09576
16 32 1.09576
16 33 1.26659
16 34 1.28113
16 35 1.23467
16 36 1.20067
16 37 1.09159
16 38 1.09159
16 39 1.09159
16 40 1.09159
16 41 1.09159
16 42 1.21142
16 43 1.23759
16 44 1.21062
16 45 1.18756
16 46 1.09807
16 47 1.09807
16 48 1.09807
16 49 1.09807
16 50 1.09807
16 51 1.34976
16 52 1.40677
16 53 1.29782
16 54 1.21907
16 55 1.0975
16 56 1.0975
16 57 1.0975
16 58 1.0975
16 59 1.0975
16 60 1.32597
16 61 1.36559
16 62 1.27285
16 63 1.21123
16 64 1.09186
16 65 1.09186
16 66 1.09186
16 67 1.09186
16 68 1.09186
16 69 1.20313
16 70 1.22138
16 71 1.20033
16 72 1.18265
16 73 1.08591
16 74 1.08591
16 75 1.08591
16 76 1.08591
16 77 1.08591
16 78 1.15252
16 79 1.16915
16 80 1.16635
16 81 1.16102
16 82 1.08983
16 83 1.08983
16 84 1.08983
16 85 1.08983
16 86 1.08983
16 87 1.19817
16 88 1.22543
16 89 1.1987
16 90 1.17858
16 91 1.08934
16 92 1.08934
16 93 1.08934
16 94 1.08934
16 95 1.08934
16 96 1.19073
16 97 1.21434
16 98 1.19151
16 99 1.17467
16 100 1.08591
16 101 1.08591
16 102 1.08591
16 103 1.08591
16 104 1.08591
16 105 1.15006
16 106 1.16512
16 107 1.16274
16 108 1.15816
16 109 1.07957
16 110 1.07957
16 111 1.07957
16 112 1.07957
16 113 1.07957
16 114 1.11708
16 115 1.12917
16 116 1.1346
16 117 1.13599
16 118 1.08198
16 119 1.08198
16 120 1.08198
16 121 1.08198
16 122 1.08198
16 123 1.13147
16 124 1.14577
16 125 1.1472
16 126 1.14568
16 127 1.08162
16 128 1.08162
16 129 1.08162
16 130 1.08162
16 131 1.08162
16 132 1.12899
16 133 1.14276
16 134 1.14468
16 135 1.14363
16 136 1.07945
16 137 1.07945
16 138 1.07945
16 139 1.07945
16 140 1.07945
16 141 1.11603
16 142 1.12769
16 143 1.13293
16 144 1.13431
17 1 1.08509
17 2 1.08509
17 3 1.08509
17 4 1.08509
17 5 1.08509
17 6 1.23077
17 7 1.29726
17 8 1.3354
17 9 1.29084
17 10 1.09146
17 11 1.09146
17 12 1.09146
17 13 1.09146
17 14 1.09146
17 15 1.34905
17 16 1.52879
17 17 4.99965
17 18 1.47325
17 19 1.09127
17 20 1.09127
17 21 1.09127
17 22 1.09127
17 23 1.09127
17 24 1.31325
17 25 1.37478
17 26 1.45484
17 27 1.34156
17 28 1.08502
17 29 1.08502
17 30 1.08502
17 31 1.08502
17 32 1.08502
17 33 1.21449
17 34 1.24639
17 35 1.25512
17 36 1.24785
17 37 1.083
17 38 1.083
17 39 1.083
17 40 1.083
17 41 1.083
17 42 1.18717
17 43 1.22929
17 44 1.24894
17 45 1.24555
17 46 1.08691
17 47 1.08691
17 48 1.08691
17 49 1.08691
17 50 1.08691
17 51 1.26288
17 52 1.31962
17 53 1.34075
17 54 1.29496
17 55 1.08641
17 56 1.08641
17 57 1.08641
17 58 1.08641
17 59 1.08641
17 60 1.24978
17 61 1.29349
17 62 1.28793
17 63 1.26851
17 64 1.08263
17 65 1.08263
17 66 1.08263
17 67 1.08263
17 68 1.08263
17 69 1.17642
17 70 1.20646
17 71 1.21847
17 72 1.21995
17 73 1.07911
17 74 1.07911
17 75 1.07911
17 76 1.07911
17 77 1.07911
17 78 1.14731
17 79 1.17503
17 80 1.19273
17 81 1.199
17 82 1.08152
17 83 1.08152
17 84 1.08152
17 85 1.08152
17 86 1.08152
17 87 1.17599
17 88 1.2116
17 89 1.22021
17 90 1.22038
17 91 1.08103
17 92 1.08103
17 93 1.08103
17 94 1.08103
17 95 1.08103
17 96 1.16966
17 97 1.20136
17 98 1.20892
17 99 1.21047
17 100 1.07857
17 101 1.07857
17 102 1.07857
17 103 1.07857
17 104 1.07857
17 105 1.14145
17 106 1.16518
17 107 1.17983
17 108 1.18554
17 109 1.07441
17 110 1.07441
17 111 1.07441
17 112 1.07441
17 113 1.07441
17 114 1.1191
17 115 1.13871
17 116 1.15443
17 117 1.16167
17 118 1.07592
17 119 1.07592
17 120 1.07592
17 121 1.07592
17 122 1.07592
17 123 1.12921
17 124 1.15126
17 125 1.16598
17 126 1.17238
17 127 1.07551
17 128 1.07551
17 129 1.07551
17 130 1.07551
17 131 1.07551
17 132 1.12639
17 133 1.14734
17 134 1.16146
17 135 1.16772
17 136 1.07383
17 137 1.07383
17 138 1.07383
17 139 1.07383
17 140 1.07383
17 141 1.11564
17 142 1.13357
17 143 1.14776
17 144 1.15432
18 1 1.07748
18 2 1.07748
18 3 1.07748
18 4 1.07748
18 5 1.07748
18 6 1.18086
18 7 1.23884
18 8 1.31702
18 9 1.37061
18 10 1.0808
18 11 1.0808
18 12 1.0808
18 13 1.0808
18 14 1.0808
18 15 1.21669
18 16 1.261
18 17 1.47325
18 18 2.10933
18 19 1.08053
18 20 1.08053
18 21 1.08053
18 22 1.08053
18 23 1.08053
18 24 1.21066
18 25 1.24719
18 26 1.34206
18 27 1.42385
18 28 1.07674
18 29 1.07674
18 30 1.07674
18 31 1.07674
18 32 1.07674
18 33 1.17058
18 34 1.20972
18 35 1.25575
18 36 1.28297
18 37 1.07644
18 38 1.07644
18 39 1.07644
18 40 1.07644
18 41 1.07644
18 42 1.16386
18 43 1.212
18 44 1.26624
18 45 1.29801
18 46 1.07845
18 47 1.07845
18 48 1.07845
18 49 1.07845
18 50 1.07845
18 51 1.19448
18 52 1.23886
18 53 1.30938
18 54 1.36812
18 55 1.07796
18 56 1.07796
18 57 1.07796
18 58 1.07796
18 59 1.07796
18 60 1.18863
18 61 1.22806
18 62 1.27876
18 63 1.3187
18 64 1.07552
18 65 1.07552
18 66 1.07552
18 67 1.07552
18 68 1.07552
18 69 1.15352
18 70 1.19064
18 71 1.22865
18 72 1.24987
18 73 1.07391
18 74 1.07391
18 75 1.07391
18 76 1.07391
18 77 1.07391
18 78 1.14153
18 79 1.17729
18 80 1.21319
18 81 1.23238
18 82 1.07516
18 83 1.07516
18 84 1.07516
18 85 1.07516
18 86 1.07516
18 87 1.15636
18 88 1.1962
18 89 1.23378
18 90 1.25729
18 91 1.07465
18 92 1.07465
18 93 1.07465
18 94 1.07465
18 95 1.07465
18 96 1.15143
18 97 1.18802
18 98 1.22089
18 99 1.24108
18 100 1.0729
18 101 1.0729
18 102 1.0729
18 103 1.0729
18 104 1.0729
18 105 1.1337
18 106 1.1639
18 107 1.1928
18 108 1.20795
18 109 1.07049
18 110 1.07049
18 111 1.07049
18 112 1.07049
18 113 1.07049
18 114 1.12048
18 115 1.14628
18 116 1.17117
18 117 1.18396
18 118 1.07129
18 119 1.07129
18 120 1.07129
18 121 1.07129
18 122 1.07129
18 123 1.12692
18 124 1.15514
18 125 1.18153
18 126 1.19541
18 127 1.07083
18 128 1.07083
18 129 1.07083
18 130 1.07083
18 131 1.07083
18 132 1.12392
18 133 1.15059
18 134 1.17523
18 135 1.18813
18 136 1.0695
18 137 1.0695
18 138 1.0695
18 139 1.0695
18 140 1.0695
18 141 1.11509
18 142 1.13805
18 143 1.15976
18 144 1.17083
19 1 1.11722
19 2 1.11722
19 3 1.11722
19 4 1.11722
19 5 1.11722
19 6 1.09922
19 7 1.09085
19 8 1.08115
19 9 1.07592
19 10 1.15964
19 11 1.15964
19 12 1.15964
19 13 1.15964
19 14 1.15964
19 15 1.11384
19 16 1.10548
19 17 1.09127
19 18 1.08053
19 19 1.30147
19 20 1.30147
19 21 1.30147
19 22 1.30147
19 23 1.30147
19 24 1.11747
19 25 1.10738
19 26 1.09229
19 27 1.08128
19 28 1.16051
19 29 1.16051
19 30 1.16051
19 31 1.16051
19 32 1.16051
19 33 1.11275
19 34 1.09872
19 35 1.08564
19 36 1.07885
19 37 1.11086
19 38 1.11086
19 39 1.11086
19 40 1.11086
19 41 1.11086
19 42 1.09483
19 43 1.08728
19 44 1.07925
19 45 1.07496
19 46 1.13399
19 47 1.13399
19 48 1.13399
19 49 1.13399
19 50 1.13399
19 51 1.10685
19 52 1.09851
19 53 1.08645
19 54 1.0785
19 55 1.14579
19 56 1.14579
19 57 1.14579
19 58 1.14579
19 59 1.14579
19 60 1.10995
19 61 1.10016
19 62 1.08711
19 63 1.07902
19 64 1.13446
19 65 1.13446
19 66 1.13446
19 67 1.13446
19 68 1.13446
19 69 1.10524
19 70 1.09379
19 71 1.08309
19 72 1.07758
19 73 1.10113
19 74 1.10113
19 75 1.10113
19 76 1.10113
19 77 1.10113
19 78 1.08836
19 79 1.08208
19 80 1.07579
19 81 1.07251
19 82 1.11358
19 83 1.11358
19 84 1.11358
19 85 1.11358
19 86 1.11358
19 87 1.09605
19 88 1.08877
19 89 1.08005
19 90 1.07516
19 91 1.11787
19 92 1.11787
19 93 1.11787
19 94 1.11787
19 95 1.11787
19 96 1.09803
19 97 1.08979
19 98 1.08067
19 99 1.07566
19 100 1.11393
19 101 1.11393
19 102 1.11393
19 103 1.11393
19 104 1.11393
19 105 1.09543
19 106 1.08693
19 107 1.0789
19 108 1.07479
19 109 1.09113
19 110 1.09113
19 111 1.09113
19 112 1.09113
19 113 1.09113
19 114 1.08133
19 115 1.07639
19 116 1.07163
19 117 1.06919
19 118 1.0983
19 119 1.0983
19 120 1.0983
19 121 1.0983
19 122 1.0983
19 123 1.08613
19 124 1.08022
19 125 1.07428
19 126 1.07119
19 127 1.10043
19 128 1.10043
19 129 1.10043
19 130 1.10043
19 131 1.10043
19 132 1.08738
19 133 1.08108
19 134 1.07486
19 135 1.07165
19 136 1.09861
19 137 1.09861
19 138 1.09861
19 139 1.09861
19 140 1.09861
19 141 1.08607
19 142 1.07991
19 143 1.07409
19 144 1.07114
20 1 1.11722
20 2 1.11722
20 3 1.11722
20 4 1.11722
20 5 1.11722
20 6 1.09922
20 7 1.09085
20 8 1.08115
20 9 1.07592
20 10 1.15964
20 11 1.15964
20 12 1.15964
20 13 1.15964
20 14 1.15964
20 15 1.11384
20 16 1.10548
20 17 1.09127
20 18 1.08053
20 19 1.30147
20 20 1.30147
20 21 1.30147
20 22 1.30147
20 23 1.30147
20 24 1.11747
20 25 1.10738
20 26 1.09229
20 27 1.08128
20 28 1.16051
20 29 1.16051
20 30 1.16051
20 31 1.16051
20 32 1.16051
20 33 1.11275
20 34 1.09872
20 35 1.08564
20 36 1.07885
20 37 1.11086
20 38 1.11086
20 39 1.11086
20 40 1.11086
20 41 1.11086
20 42 1.09483
20 43 1.08728
20 44 1.07925
20 45 1.07496
20 46 1.13399
20 47 1.13399
20 48 1.13399
20 49 1.13399
20 50 1.13399
20 51 1.10685
20 52 1.09851
20 53 1.08645
20 54 1.0785
20 55 1.14579
20 56 1.14579
20 57 1.14579
20 58 1.14579
20 59 1.14579
20 60 1.10995
20 61 1.10016
20 62 1.08711
20 63 1.07902
20 64 1.13446
20 65 1.13446
20 66 1.13446
20 67 1.13446
20 68 1.13446
20 69 1.10524
20 70 1.09379
20 71 1.08309
20 72 1.07758
20 73 1.10113
20 74 1.10113
20 75 1.10113
20 76 1.10113
20 77 1.10113
20 78 1.08836
20 79 1.08208
20 80 1.07579
20 81 1.07251
20 82 1.11358
20 83 1.11358
20 84 1.11358
20 85 1.11358
20 86 1.11358
20 87 1.09605
20 88 1.08877
20 89 1.08005
20 90 1.07516
20 91 1.11787
20 92 1.11787
20 93 1.11787
20 94 1.11787
20 95 1.11787
20 96 1.09803
20 97 1.08979
20 98 1.08067
20 99 1.07566
20 100 1.11393
20 101 1.11393
20 102 1.11393
20 103 1.11393
20 104 1.11393
20 105 1.09543
20 106 1.08693
20 107 1.0789
20 108 1.07479
20 109 1.09113
20 110 1.09113
20 111 1.09113
20 112 1.09113
20 113 1.09113
20 114 1.08133
20 115 1.07639
20 116 1.07163
20 117 1.06919
20 118 1.0983
20 119 1.0983
20 120 1.0983
20 121 1.0983
20 122 1.0983
20 123 1.08613
20 124 1.08022
20 125 1.07428
20 126 1.07119
20 127 1.10043
20 128 1.10043
20 129 1.10043
20 130 1.10043
20 131 1.10043
20 132 1.08738
20 133 1.08108
20 134 1.07486
20 135 1.07165
20 136 1.09861
20 137 1.09861
20 138 1.09861
20 139 1.09861
20 140 1.09861
20 141 1.08607
20 142 1.07991
20 143 1.07409
20 144 1.07114
21 1 1.11722
21 2 1.11722
21 3 1.11722
21 4 1.11722
21 5 1.11722
21 6 1.09922
21 7 1.09085
21 8 1.08115
21 9 1.07592
21 10 1.15964
21 11 1.15964
21 12 1.15964
21 13 1.15964
21 14 1.15964
21 15 1.11384
21 16 1.10548
21 17 1.09127
21 18 1.08053
21 19 1.30147
21 20 1.30147
21 21 1.30147
21 22 1.30147
21 23 1.30147
21 24 1.11747
21 25 1.10738
21 26 1.09229
21 27 1.08128
21 28 1.16051
21 29 1.16051
21 30 1.16051
21 31 1.16051
21 32 1.16051
21 33 1.11275
21 34 1.09872
21 35 1.08564
21 36 1.07885
21 37 1.11086
21 38 1.11086
