injected_el measured_el potential
1 1 1.30515
1 2 1.30515
1 3 1.30515
1 4 1.30515
1 5 1.30515
1 6 1.11845
1 7 1.09721
1 8 1.08239
1 9 1.07564
1 10 1.14692
1 11 1.14692
1 12 1.14692
1 13 1.14692
1 14 1.14692
1 15 1.10664
1 16 1.09171
1 17 1.07962
1 18 1.07386
1 19 1.11814
1 20 1.11814
1 21 1.11814
1 22 1.11814
1 23 1.11814
1 24 1.09528
1 25 1.085
1 26 1.07596
1 27 1.07152
1 28 1.10056
1 29 1.10056
1 30 1.10056
1 31 1.10056
1 32 1.10056
1 33 1.08572
1 34 1.07855
1 35 1.07198
1 36 1.0687
1 37 1.14803
1 38 1.14803
1 39 1.14803
1 40 1.14803
1 41 1.14803
1 42 1.10766
1 43 1.09277
1 44 1.08079
1 45 1.07515
1 46 1.12936
1 47 1.12936
1 48 1.12936
1 49 1.12936
1 50 1.12936
1 51 1.10084
1 52 1.08874
1 53 1.07843
1 54 1.07343
1 55 1.11157
1 56 1.11157
1 57 1.11157
1 58 1.11157
1 59 1.11157
1 60 1.09224
1 61 1.08325
1 62 1.07519
1 63 1.0712
1 64 1.09751
1 65 1.09751
1 66 1.09751
1 67 1.09751
1 68 1.09751
1 69 1.08411
1 70 1.07757
1 71 1.07153
1 72 1.06852
1 73 1.11953
1 74 1.11953
1 75 1.11953
1 76 1.11953
1 77 1.11953
1 78 1.09658
1 79 1.08642
1 80 1.07748
1 81 1.0732
1 82 1.11185
1 83 1.11185
1 84 1.11185
1 85 1.11185
1 86 1.11185
1 87 1.09254
1 88 1.08356
1 89 1.07555
1 90 1.0716
1 91 1.10163
1 92 1.10163
1 93 1.10163
1 94 1.10163
1 95 1.10163
1 96 1.08668
1 97 1.07947
1 98 1.07287
1 99 1.06959
1 100 1.09163
1 101 1.09163
1 102 1.09163
1 103 1.09163
1 104 1.09163
1 105 1.08042
1 106 1.07488
1 107 1.06972
1 108 1.06713
1 109 1.10176
1 110 1.10176
1 111 1.10176
1 112 1.10176
1 113 1.10176
1 114 1.08695
1 115 1.07984
1 116 1.07333
1 117 1.07031
1 118 1.0976
1 119 1.0976
1 120 1.0976
1 121 1.0976
1 122 1.0976
1 123 1.08425
1 124 1.07773
1 125 1.07178
1 126 1.06884
1 127 1.09144
1 128 1.09144
1 129 1.09144
1 130 1.09144
1 131 1.09144
1 132 1.08025
1 133 1.07473
1 134 1.06962
1 135 1.06706
1 136 1.08456
1 137 1.08456
1 138 1.08456
1 139 1.08456
1 140 1.08456
1 141 1.07562
1 142 1.07116
1 143 1.06699
1 144 1.06489
2 1 1.30515
2 2 1.30515
2 3 1.30515
2 4 1.30515
2 5 1.30515
2 6 1.11845
2 7 1.09721
2 8 1.08239
2 9 1.07564
2 10 1.14692
2 11 1.14692
2 12 1.14692
2 13 1.14692
2 14 1.14692
2 15 1.10664
2 16 1.09171
2 17 1.07962
2 18 1.07386
2 19 1.11814
2 20 1.11814
2 21 1.11814
2 22 1.11814
2 23 1.11814
2 24 1.09528
2 25 1.085
2 26 1.07596
2 27 1.07152
2 28 1.10056
2 29 1.10056
2 30 1.10056
2 31 1.10056
2 32 1.10056
2 33 1.08572
2 34 1.07855
2 35 1.07198
2 36 1.0687
2 37 1.14803
2 38 1.14803
2 39 1.14803
2 40 1.14803
2 41 1.14803
2 42 1.10766
2 43 1.09277
2 44 1.08079
2 45 1.07515
2 46 1.12936
2 47 1.12936
2 48 1.12936
2 49 1.12936
2 50 1.12936
2 51 1.10084
2 52 1.08874
2 53 1.07843
2 54 1.07343
2 55 1.11157
2 56 1.11157
2 57 1.11157
2 58 1.11157
2 59 1.11157
2 60 1.09224
2 61 1.08325
2 62 1.07519
2 63 1.0712
2 64 1.09751
2 65 1.09751
2 66 1.09751
2 67 1.09751
2 68 1.09751
2 69 1.08411
2 70 1.07757
2 71 1.07153
2 72 1.06852
2 73 1.11953
2 74 1.11953
2 75 1.11953
2 76 1.11953
2 77 1.11953
2 78 1.09658
2 79 1.08642
2 80 1.07748
2 81 1.0732
2 82 1.11185
2 83 1.11185
2 84 1.11185
2 85 1.11185
2 86 1.11185
2 87 1.09254
2 88 1.08356
2 89 1.07555
2 90 1.0716
2 91 1.10163
2 92 1.10163
2 93 1.10163
2 94 1.10163
2 95 1.10163
2 96 1.08668
2 97 1.07947
2 98 1.07287
2 99 1.06959
2 100 1.09163
2 101 1.09163
2 102 1.09163
2 103 1.09163
2 104 1.09163
2 105 1.08042
2 106 1.07488
2 107 1.06972
2 108 1.06713
2 109 1.10176
2 110 1.10176
2 111 1.10176
2 112 1.10176
2 113 1.10176
2 114 1.08695
2 115 1.07984
2 116 1.07333
2 117 1.07031
2 118 1.0976
2 119 1.0976
2 120 1.0976
2 121 1.0976
2 122 1.0976
2 123 1.08425
2 124 1.07773
2 125 1.07178
2 126 1.06884
2 127 1.09144
2 128 1.09144
2 129 1.09144
2 130 1.09144
2 131 1.09144
2 132 1.08025
2 133 1.07473
2 134 1.06962
2 135 1.06706
2 136 1.08456
2 137 1.08456
2 138 1.08456
2 139 1.08456
2 140 1.08456
2 141 1.07562
2 142 1.07116
2 143 1.06699
2 144 1.06489
3 1 1.30515
3 2 1.30515
3 3 1.30515
3 4 1.30515
3 5 1.30515
3 6 1.11845
3 7 1.09721
3 8 1.08239
3 9 1.07564
3 10 1.14692
3 11 1.14692
3 12 1.14692
3 13 1.14692
3 14 1.14692
3 15 1.10664
3 16 1.09171
3 17 1.07962
3 18 1.07386
3 19 1.11814
3 20 1.11814
3 21 1.11814
3 22 1.11814
3 23 1.11814
3 24 1.09528
3 25 1.085
3 26 1.07596
3 27 1.07152
3 28 1.10056
3 29 1.10056
3 30 1.10056
3 31 1.10056
3 32 1.10056
3 33 1.08572
3 34 1.07855
3 35 1.07198
3 36 1.0687
3 37 1.14803
3 38 1.14803
3 39 1.14803
3 40 1.14803
3 41 1.14803
3 42 1.10766
3 43 1.09277
3 44 1.08079
3 45 1.07515
3 46 1.12936
3 47 1.12936
3 48 1.12936
3 49 1.12936
3 50 1.12936
3 51 1.10084
3 52 1.08874
3 53 1.07843
3 54 1.07343
3 55 1.11157
3 56 1.11157
3 57 1.11157
3 58 1.11157
3 59 1.11157
3 60 1.09224
3 61 1.08325
3 62 1.07519
3 63 1.0712
3 64 1.09751
3 65 1.09751
3 66 1.09751
3 67 1.09751
3 68 1.09751
3 69 1.08411
3 70 1.07757
3 71 1.07153
3 72 1.06852
3 73 1.11953
3 74 1.11953
3 75 1.11953
3 76 1.11953
3 77 1.11953
3 78 1.09658
3 79 1.08642
3 80 1.07748
3 81 1.0732
3 82 1.11185
3 83 1.11185
3 84 1.11185
3 85 1.11185
3 86 1.11185
3 87 1.09254
3 88 1.08356
3 89 1.07555
3 90 1.0716
3 91 1.10163
3 92 1.10163
3 93 1.10163
3 94 1.10163
3 95 1.10163
3 96 1.08668
3 97 1.07947
3 98 1.07287
3 99 1.06959
3 100 1.09163
3 101 1.09163
3 102 1.09163
3 103 1.09163
3 104 1.09163
3 105 1.08042
3 106 1.07488
3 107 1.06972
3 108 1.06713
3 109 1.10176
3 110 1.10176
3 111 1.10176
3 112 1.10176
3 113 1.10176
3 114 1.08695
3 115 1.07984
3 116 1.07333
3 117 1.07031
3 118 1.0976
3 119 1.0976
3 120 1.0976
3 121 1.0976
3 122 1.0976
3 123 1.08425
3 124 1.07773
3 125 1.07178
3 126 1.06884
3 127 1.09144
3 128 1.09144
3 129 1.09144
3 130 1.09144
3 131 1.09144
3 132 1.08025
3 133 1.07473
3 134 1.06962
3 135 1.06706
3 136 1.08456
3 137 1.08456
3 138 1.08456
3 139 1.08456
3 140 1.08456
3 141 1.07562
3 142 1.07116
3 143 1.06699
3 144 1.06489
4 1 1.30515
4 2 1.30515
4 3 1.30515
4 4 1.30515
4 5 1.30515
4 6 1.11845
4 7 1.09721
4 8 1.08239
4 9 1.07564
4 10 1.14692
4 11 1.14692
4 12 1.14692
4 13 1.14692
4 14 1.14692
4 15 1.10664
4 16 1.09171
4 17 1.07962
4 18 1.07386
4 19 1.11814
4 20 1.11814
4 21 1.11814
4 22 1.11814
4 23 1.11814
4 24 1.09528
4 25 1.085
4 26 1.07596
4 27 1.07152
4 28 1.10056
4 29 1.10056
4 30 1.10056
4 31 1.10056
4 32 1.10056
4 33 1.08572
4 34 1.07855
4 35 1.07198
4 36 1.0687
4 37 1.14803
4 38 1.14803
4 39 1.14803
4 40 1.14803
4 41 1.14803
4 42 1.10766
4 43 1.09277
4 44 1.08079
4 45 1.07515
4 46 1.12936
4 47 1.12936
4 48 1.12936
4 49 1.12936
4 50 1.12936
4 51 1.10084
4 52 1.08874
4 53 1.07843
4 54 1.07343
4 55 1.11157
4 56 1.11157
4 57 1.11157
4 58 1.11157
4 59 1.11157
4 60 1.09224
4 61 1.08325
4 62 1.07519
4 63 1.0712
4 64 1.09751
4 65 1.09751
4 66 1.09751
4 67 1.09751
4 68 1.09751
4 69 1.08411
4 70 1.07757
4 71 1.07153
4 72 1.06852
4 73 1.11953
4 74 1.11953
4 75 1.11953
4 76 1.11953
4 77 1.11953
4 78 1.09658
4 79 1.08642
4 80 1.07748
4 81 1.0732
4 82 1.11185
4 83 1.11185
4 84 1.11185
4 85 1.11185
4 86 1.11185
4 87 1.09254
4 88 1.08356
4 89 1.07555
4 90 1.0716
4 91 1.10163
4 92 1.10163
4 93 1.10163
4 94 1.10163
4 95 1.10163
4 96 1.08668
4 97 1.07947
4 98 1.07287
4 99 1.06959
4 100 1.09163
4 101 1.09163
4 102 1.09163
4 103 1.09163
4 104 1.09163
4 105 1.08042
4 106 1.07488
4 107 1.06972
4 108 1.06713
4 109 1.10176
4 110 1.10176
4 111 1.10176
4 112 1.10176
4 113 1.10176
4 114 1.08695
4 115 1.07984
4 116 1.07333
4 117 1.07031
4 118 1.0976
4 119 1.0976
4 120 1.0976
4 121 1.0976
4 122 1.0976
4 123 1.08425
4 124 1.07773
4 125 1.07178
4 126 1.06884
4 127 1.09144
4 128 1.09144
4 129 1.09144
4 130 1.09144
4 131 1.09144
4 132 1.08025
4 133 1.07473
4 134 1.06962
4 135 1.06706
4 136 1.08456
4 137 1.08456
4 138 1.08456
4 139 1.08456
4 140 1.08456
4 141 1.07562
4 142 1.07116
4 143 1.06699
4 144 1.06489
5 1 1.30515
5 2 1.30515
5 3 1.30515
5 4 1.30515
5 5 1.30515
5 6 1.11845
5 7 1.09721
5 8 1.08239
5 9 1.07564
5 10 1.14692
5 11 1.14692
5 12 1.14692
5 13 1.14692
5 14 1.14692
5 15 1.10664
5 16 1.09171
5 17 1.07962
5 18 1.07386
5 19 1.11814
5 20 1.11814
5 21 1.11814
5 22 1.11814
5 23 1.11814
5 24 1.09528
5 25 1.085
5 26 1.07596
5 27 1.07152
5 28 1.10056
5 29 1.10056
5 30 1.10056
5 31 1.10056
5 32 1.10056
5 33 1.08572
5 34 1.07855
5 35 1.07198
5 36 1.0687
5 37 1.14803
5 38 1.14803
5 39 1.14803
5 40 1.14803
5 41 1.14803
5 42 1.10766
5 43 1.09277
5 44 1.08079
5 45 1.07515
5 46 1.12936
5 47 1.12936
5 48 1.12936
5 49 1.12936
5 50 1.12936
5 51 1.10084
5 52 1.08874
5 53 1.07843
5 54 1.07343
5 55 1.11157
5 56 1.11157
5 57 1.11157
5 58 1.11157
5 59 1.11157
5 60 1.09224
5 61 1.08325
5 62 1.07519
5 63 1.0712
5 64 1.09751
5 65 1.09751
5 66 1.09751
5 67 1.09751
5 68 1.09751
5 69 1.08411
5 70 1.07757
5 71 1.07153
5 72 1.06852
5 73 1.11953
5 74 1.11953
5 75 1.11953
5 76 1.11953
5 77 1.11953
5 78 1.09658
5 79 1.08642
5 80 1.07748
5 81 1.0732
5 82 1.11185
5 83 1.11185
5 84 1.11185
5 85 1.11185
5 86 1.11185
5 87 1.09254
5 88 1.08356
5 89 1.07555
5 90 1.0716
5 91 1.10163
5 92 1.10163
5 93 1.10163
5 94 1.10163
5 95 1.10163
5 96 1.08668
5 97 1.07947
5 98 1.07287
5 99 1.06959
5 100 1.09163
5 101 1.09163
5 102 1.09163
5 103 1.09163
5 104 1.09163
5 105 1.08042
5 106 1.07488
5 107 1.06972
5 108 1.06713
5 109 1.10176
5 110 1.10176
5 111 1.10176
5 112 1.10176
5 113 1.10176
5 114 1.08695
5 115 1.07984
5 116 1.07333
5 117 1.07031
5 118 1.0976
5 119 1.0976
5 120 1.0976
5 121 1.0976
5 122 1.0976
5 123 1.08425
5 124 1.07773
5 125 1.07178
5 126 1.06884
5 127 1.09144
5 128 1.09144
5 129 1.09144
5 130 1.09144
5 131 1.09144
5 132 1.08025
5 133 1.07473
5 134 1.06962
5 135 1.06706
5 136 1.08456
5 137 1.08456
5 138 1.08456
5 139 1.08456
5 140 1.08456
5 141 1.07562
5 142 1.07116
5 143 1.06699
5 144 1.06489
6 1 1.11845
6 2 1.11845
6 3 1.11845
6 4 1.11845
6 5 1.11845
6 6 6.92059
6 7 2.14561
6 8 1.39483
6 9 1.2057
6 10 1.10661
6 11 1.10661
6 12 1.10661
6 13 1.10661
6 14 1.10661
6 15 1.44647
6 16 1.36751
6 17 1.24372
6 18 1.17993
6 19 1.09524
6 20 1.09524
6 21 1.09524
6 22 1.09524
6 23 1.09524
6 24 1.19395
6 25 1.19345
6 26 1.16795
6 27 1.15091
6 28 1.08568
6 29 1.08568
6 30 1.08568
6 31 1.08568
6 32 1.08568
6 33 1.1246
6 34 1.13106
6 35 1.12905
6 36 1.12639
6 37 1.10782
6 38 1.10782
6 39 1.10782
6 40 1.10782
6 41 1.10782
6 42 1.44451
6 43 1.36606
6 44 1.2435
6 45 1.181
6 46 1.10086
6 47 1.10086
6 48 1.10086
6 49 1.10086
6 50 1.10086
6 51 1.25915
6 52 1.24611
6 53 1.19511
6 54 1.1641
6 55 1.09223
6 56 1.09223
6 57 1.09223
6 58 1.09223
6 59 1.09223
6 60 1.15981
6 61 1.16413
6 62 1.15149
6 63 1.14198
6 64 1.08409
6 65 1.08409
6 66 1.08409
6 67 1.08409
6 68 1.08409
6 69 1.11565
6 70 1.12224
6 71 1.12255
6 72 1.12147
6 73 1.09685
6 74 1.09685
6 75 1.09685
6 76 1.09685
6 77 1.09685
6 78 1.19234
6 79 1.1925
6 80 1.16803
6 81 1.15203
6 82 1.0926
6 83 1.0926
6 84 1.0926
6 85 1.0926
6 86 1.0926
6 87 1.15941
6 88 1.1638
6 89 1.15141
6 90 1.14211
6 91 1.0867
6 92 1.0867
6 93 1.0867
6 94 1.0867
6 95 1.0867
6 96 1.12563
6 97 1.13216
6 98 1.13018
6 99 1.12751
6 100 1.08041
6 101 1.08041
6 102 1.08041
6 103 1.08041
6 104 1.08041
6 105 1.10287
6 106 1.10914
6 107 1.11176
6 108 1.11237
6 109 1.08721
6 110 1.08721
6 111 1.08721
6 112 1.08721
6 113 1.08721
6 114 1.12321
6 115 1.1302
6 116 1.12887
6 117 1.12714
6 118 1.08436
6 119 1.08436
6 120 1.08436
6 121 1.08436
6 122 1.08436
6 123 1.11482
6 124 1.12152
6 125 1.12211
6 126 1.12125
6 127 1.08031
6 128 1.08031
6 129 1.08031
6 130 1.08031
6 131 1.08031
6 132 1.1024
6 133 1.10867
6 134 1.11136
6 135 1.11204
6 136 1.07565
6 137 1.07565
6 138 1.07565
6 139 1.07565
6 140 1.07565
6 141 1.09093
6 142 1.09639
6 143 1.10004
6 144 1.10155
7 1 1.09721
7 2 1.09721
7 3 1.09721
7 4 1.09721
7 5 1.09721
7 6 2.14561
7 7 6.92398
7 8 1.99704
7 9 1.31399
7 10 1.09166
7 11 1.09166
7 12 1.09166
7 13 1.09166
7 14 1.09166
7 15 1.36738
7 16 1.46899
7 17 1.34156
7 18 1.24979
7 19 1.08495
7 20 1.08495
7 21 1.08495
7 22 1.08495
7 23 1.08495
7 24 1.19339
7 25 1.22076
7 26 1.21016
7 27 1.19655
7 28 1.0785
7 29 1.0785
7 30 1.0785
7 31 1.0785
7 32 1.0785
7 33 1.13104
7 34 1.14804
7 35 1.15559
7 36 1.15736
7 37 1.09292
7 38 1.09292
7 39 1.09292
7 40 1.09292
7 41 1.09292
7 42 1.36578
7 43 1.46699
7 44 1.3409
7 45 1.25078
7 46 1.08875
7 47 1.08875
7 48 1.08875
7 49 1.08875
7 50 1.08875
7 51 1.246
7 52 1.2855
7 53 1.25111
7 54 1.21883
7 55 1.08323
7 56 1.08323
7 57 1.08323
7 58 1.08323
7 59 1.08323
7 60 1.16408
7 61 1.1859
7 62 1.18616
7 63 1.18142
7 64 1.07754
7 65 1.07754
7 66 1.07754
7 67 1.07754
7 68 1.07754
7 69 1.12223
7 70 1.13778
7 71 1.14656
7 72 1.14959
7 73 1.08664
7 74 1.08664
7 75 1.08664
7 76 1.08664
7 77 1.08664
7 78 1.1917
7 79 1.21945
7 80 1.20986
7 81 1.19735
7 82 1.08363
7 83 1.08363
7 84 1.08363
7 85 1.08363
7 86 1.08363
7 87 1.1636
7 88 1.18547
7 89 1.18596
7 90 1.1814
7 91 1.07948
7 92 1.07948
7 93 1.07948
7 94 1.07948
7 95 1.07948
7 96 1.1321
7 97 1.14915
7 98 1.1568
7 99 1.15864
7 100 1.07487
7 101 1.07487
7 102 1.07487
7 103 1.07487
7 104 1.07487
7 105 1.10913
7 106 1.12247
7 107 1.13197
7 108 1.13604
7 109 1.08015
7 110 1.08015
7 111 1.08015
7 112 1.08015
7 113 1.08015
7 114 1.12915
7 115 1.14669
7 116 1.15489
7 117 1.15761
7 118 1.07788
7 119 1.07788
7 120 1.07788
7 121 1.07788
7 122 1.07788
7 123 1.12117
7 124 1.13683
7 125 1.14587
7 126 1.14909
7 127 1.0748
7 128 1.0748
7 129 1.0748
7 130 1.0748
7 131 1.0748
7 132 1.10857
7 133 1.12189
7 134 1.13145
7 135 1.13558
7 136 1.07118
7 137 1.07118
7 138 1.07118
7 139 1.07118
7 140 1.07118
7 141 1.09637
7 142 1.10729
7 143 1.11627
7 144 1.1205
8 1 1.08239
8 2 1.08239
8 3 1.08239
8 4 1.08239
8 5 1.08239
8 6 1.39483
8 7 1.99704
8 8 6.24843
8 9 1.54655
8 10 1.07959
8 11 1.07959
8 12 1.07959
8 13 1.07959
8 14 1.07959
8 15 1.24352
8 16 1.34124
8 17 1.39967
8 18 1.33614
8 19 1.07593
8 20 1.07593
8 21 1.07593
8 22 1.07593
8 23 1.07593
8 24 1.16787
8 25 1.21005
8 26 1.23813
8 27 1.24454
8 28 1.07195
8 29 1.07195
8 30 1.07195
8 31 1.07195
8 32 1.07195
8 33 1.12903
8 34 1.15554
8 35 1.17774
8 36 1.18794
8 37 1.08089
8 38 1.08089
8 39 1.08089
8 40 1.08089
8 41 1.08089
8 42 1.24348
8 43 1.34138
8 44 1.39983
8 45 1.33701
8 46 1.07844
8 47 1.07844
8 48 1.07844
8 49 1.07844
8 50 1.07844
8 51 1.19499
8 52 1.25102
8 53 1.28281
8 54 1.27936
8 55 1.07519
8 56 1.07519
8 57 1.07519
8 58 1.07519
8 59 1.07519
8 60 1.15143
8 61 1.18609
8 62 1.21192
8 63 1.22165
8 64 1.07152
8 65 1.07152
8 66 1.07152
8 67 1.07152
8 68 1.07152
8 69 1.12253
8 70 1.14653
8 71 1.16726
8 72 1.17711
8 73 1.07767
8 74 1.07767
8 75 1.07767
8 76 1.07767
8 77 1.07767
8 78 1.16716
8 79 1.20964
8 80 1.23807
8 81 1.24499
8 82 1.07562
8 83 1.07562
8 84 1.07562
8 85 1.07562
8 86 1.07562
8 87 1.15112
8 88 1.18582
8 89 1.21172
8 90 1.22149
8 91 1.0729
8 92 1.0729
8 93 1.0729
8 94 1.0729
8 95 1.0729
8 96 1.13008
8 97 1.15672
8 98 1.17908
8 99 1.18939
8 100 1.06973
8 101 1.06973
8 102 1.06973
8 103 1.06973
8 104 1.06973
8 105 1.11173
8 106 1.13193
8 107 1.15005
8 108 1.15894
8 109 1.07368
8 110 1.07368
8 111 1.07368
8 112 1.07368
8 113 1.07368
8 114 1.12733
8 115 1.15437
8 116 1.17687
8 117 1.18764
8 118 1.07192
8 119 1.07192
8 120 1.07192
8 121 1.07192
8 122 1.07192
8 123 1.12148
8 124 1.14557
8 125 1.16641
8 126 1.17632
8 127 1.06969
8 128 1.06969
8 129 1.06969
8 130 1.06969
8 131 1.06969
8 132 1.11115
8 133 1.1313
8 134 1.14944
8 135 1.15834
8 136 1.06702
8 137 1.06702
8 138 1.06702
8 139 1.06702
8 140 1.06702
8 141 1.09998
8 142 1.11621
8 143 1.13118
8 144 1.13866
9 1 1.07564
9 2 1.07564
9 3 1.07564
9 4 1.07564
9 5 1.07564
9 6 1.2057
9 7 1.31399
9 8 1.54655
9 9 2.14811
9 10 1.07386
9 11 1.07386
9 12 1.07386
9 13 1.07386
9 14 1.07386
9 15 1.17996
9 16 1.24974
9 17 1.3362
9 18 1.39005
9 19 1.07151
9 20 1.07151
9 21 1.07151
9 22 1.07151
9 23 1.07151
9 24 1.15092
9 25 1.19649
9 26 1.24454
9 27 1.27032
9 28 1.06869
9 29 1.06869
9 30 1.06869
9 31 1.06869
9 32 1.06869
9 33 1.1264
9 34 1.15732
9 35 1.18793
9 36 1.20374
9 37 1.07517
9 38 1.07517
9 39 1.07517
9 40 1.07517
9 41 1.07517
9 42 1.18048
9 43 1.25048
9 44 1.33666
9 45 1.39014
9 46 1.07345
9 47 1.07345
9 48 1.07345
9 49 1.07345
9 50 1.07345
9 51 1.16398
9 52 1.21867
9 53 1.27922
9 54 1.31279
9 55 1.07122
9 56 1.07122
9 57 1.07122
9 58 1.07122
9 59 1.07122
9 60 1.14194
9 61 1.18131
9 62 1.22156
9 63 1.24272
9 64 1.06852
9 65 1.06852
9 66 1.06852
9 67 1.06852
9 68 1.06852
9 69 1.12145
9 70 1.14952
9 71 1.17706
9 72 1.19122
9 73 1.07328
9 74 1.07328
9 75 1.07328
9 76 1.07328
9 77 1.07328
9 78 1.15066
9 79 1.19642
9 80 1.24437
9 81 1.27015
9 82 1.07166
9 83 1.07166
9 84 1.07166
9 85 1.07166
9 86 1.07166
9 87 1.14168
9 88 1.18106
9 89 1.22127
9 90 1.24236
9 91 1.06962
9 92 1.06962
9 93 1.06962
9 94 1.06962
9 95 1.06962
9 96 1.12736
9 97 1.15844
9 98 1.18924
9 99 1.20515
9 100 1.06715
9 101 1.06715
9 102 1.06715
9 103 1.06715
9 104 1.06715
9 105 1.11232
9 106 1.13594
9 107 1.15886
9 108 1.17058
9 109 1.07045
9 110 1.07045
9 111 1.07045
9 112 1.07045
9 113 1.07045
9 114 1.1248
9 115 1.15619
9 116 1.1868
9 117 1.20288
9 118 1.06893
9 119 1.06893
9 120 1.06893
9 121 1.06893
9 122 1.06893
9 123 1.12038
9 124 1.14851
9 125 1.17603
9 126 1.19015
9 127 1.06712
9 128 1.06712
9 129 1.06712
9 130 1.06712
9 131 1.06712
9 132 1.1117
9 133 1.13526
9 134 1.15815
9 135 1.16986
9 136 1.06492
9 137 1.06492
9 138 1.06492
9 139 1.06492
9 140 1.06492
9 141 1.10144
9 142 1.12035
9 143 1.13855
9 144 1.14782
10 1 1.14692
10 2 1.14692
10 3 1.14692
10 4 1.14692
10 5 1.14692
10 6 1.10661
10 7 1.09166
10 8 1.07959
10 9 1.07386
10 10 1.30425
10 11 1.30425
10 12 1.30425
10 13 1.30425
10 14 1.30425
10 15 1.11753
10 16 1.09627
10 17 1.0814
10 18 1.07461
10 19 1.16168
10 20 1.16168
10 21 1.16168
10 22 1.16168
10 23 1.16168
10 24 1.11002
10 25 1.09318
10 26 1.08005
10 27 1.07387
10 28 1.12583
10 29 1.12583
10 30 1.12583
10 31 1.12583
10 32 1.12583
10 33 1.09877
10 34 1.08712
10 35 1.07708
10 36 1.07219
10 37 1.12935
10 38 1.12935
10 39 1.12935
10 40 1.12935
10 41 1.12935
10 42 1.1007
10 43 1.08862
10 44 1.07835
10 45 1.07344
10 46 1.14713
10 47 1.14713
10 48 1.14713
10 49 1.14713
10 50 1.14713
10 51 1.10681
10 52 1.09188
10 53 1.07981
10 54 1.07407
10 55 1.1352
10 56 1.1352
10 57 1.1352
10 58 1.1352
10 59 1.1352
10 60 1.1029
10 61 1.08974
10 62 1.0787
10 63 1.07338
10 64 1.11701
10 65 1.11701
10 66 1.11701
10 67 1.11701
10 68 1.11701
10 69 1.09501
10 70 1.08501
10 71 1.07617
10 72 1.07182
10 73 1.11183
10 74 1.11183
10 75 1.11183
10 76 1.11183
10 77 1.11183
10 78 1.0923
10 79 1.08342
10 80 1.07545
10 81 1.07162
10 82 1.11862
10 83 1.11862
10 84 1.11862
10 85 1.11862
10 86 1.11862
10 87 1.09572
10 88 1.08547
10 89 1.07649
10 90 1.07211
10 91 1.1143
10 92 1.1143
10 93 1.1143
10 94 1.1143
10 95 1.1143
10 96 1.09359
10 97 1.08409
10 98 1.07564
10 99 1.07149
10 100 1.10502
10 101 1.10502
10 102 1.10502
10 103 1.10502
10 104 1.10502
10 105 1.08861
10 106 1.08078
10 107 1.07365
10 108 1.07011
10 109 1.09757
10 110 1.09757
10 111 1.09757
10 112 1.09757
10 113 1.09757
10 114 1.08401
10 115 1.07758
10 116 1.07163
10 117 1.06888
10 118 1.10085
10 119 1.10085
10 120 1.10085
10 121 1.10085
10 122 1.10085
10 123 1.08598
10 124 1.07884
10 125 1.07237
10 126 1.0692
10 127 1.09872
10 128 1.09872
10 129 1.09872
10 130 1.09872
10 131 1.09872
10 132 1.0847
10 133 1.07793
10 134 1.07173
10 135 1.06865
10 136 1.09356
10 137 1.09356
10 138 1.09356
10 139 1.09356
10 140 1.09356
10 141 1.08155
10 142 1.07567
10 143 1.07021
10 144 1.06747
11 1 1.14692
11 2 1.14692
11 3 1.14692
11 4 1.14692
11 5 1.14692
11 6 1.10661
11 7 1.09166
11 8 1.07959
11 9 1.07386
11 10 1.30425
11 11 1.30425
11 12 1.30425
11 13 1.30425
11 14 1.30425
11 15 1.11753
11 16 1.09627
11 17 1.0814
11 18 1.07461
11 19 1.16168
11 20 1.16168
11 21 1.16168
11 22 1.16168
11 23 1.16168
11 24 1.11002
11 25 1.09318
11 26 1.08005
11 27 1.07387
11 28 1.12583
11 29 1.12583
11 30 1.12583
11 31 1.12583
11 32 1.12583
11 33 1.09877
11 34 1.08712
11 35 1.07708
11 36 1.07219
11 37 1.12935
11 38 1.12935
11 39 1.12935
11 40 1.12935
11 41 1.12935
11 42 1.1007
11 43 1.08862
11 44 1.07835
11 45 1.07344
11 46 1.14713
11 47 1.14713
11 48 1.14713
11 49 1.14713
11 50 1.14713
11 51 1.10681
11 52 1.09188
11 53 1.07981
11 54 1.07407
11 55 1.1352
11 56 1.1352
11 57 1.1352
11 58 1.1352
11 59 1.1352
11 60 1.1029
11 61 1.08974
11 62 1.0787
11 63 1.07338
11 64 1.11701
11 65 1.11701
11 66 1.11701
11 67 1.11701
11 68 1.11701
11 69 1.09501
11 70 1.08501
11 71 1.07617
11 72 1.07182
11 73 1.11183
11 74 1.11183
11 75 1.11183
11 76 1.11183
11 77 1.11183
11 78 1.0923
11 79 1.08342
11 80 1.07545
11 81 1.07162
11 82 1.11862
11 83 1.11862
11 84 1.11862
11 85 1.11862
11 86 1.11862
11 87 1.09572
11 88 1.08547
11 89 1.07649
11 90 1.07211
11 91 1.1143
11 92 1.1143
11 93 1.1143
11 94 1.1143
11 95 1.1143
11 96 1.09359
11 97 1.08409
11 98 1.07564
11 99 1.07149
11 100 1.10502
11 101 1.10502
11 102 1.10502
11 103 1.10502
11 104 1.10502
11 105 1.08861
11 106 1.08078
11 107 1.07365
11 108 1.07011
11 109 1.09757
11 110 1.09757
11 111 1.09757
11 112 1.09757
11 113 1.09757
11 114 1.08401
11 115 1.07758
11 116 1.07163
11 117 1.06888
11 118 1.10085
11 119 1.10085
11 120 1.10085
11 121 1.10085
11 122 1.10085
11 123 1.08598
11 124 1.07884
11 125 1.07237
11 126 1.0692
11 127 1.09872
11 128 1.09872
11 129 1.09872
11 130 1.09872
11 131 1.09872
11 132 1.0847
11 133 1.07793
11 134 1.07173
11 135 1.06865
11 136 1.09356
11 137 1.09356
11 138 1.09356
11 139 1.09356
11 140 1.09356
11 141 1.08155
11 142 1.07567
11 143 1.07021
11 144 1.06747
12 1 1.14692
12 2 1.14692
12 3 1.14692
12 4 1.14692
12 5 1.14692
12 6 1.10661
12 7 1.09166
12 8 1.07959
12 9 1.07386
12 10 1.30425
12 11 1.30425
12 12 1.30425
12 13 1.30425
12 14 1.30425
12 15 1.11753
12 16 1.09627
12 17 1.0814
12 18 1.07461
12 19 1.16168
12 20 1.16168
12 21 1.16168
12 22 1.16168
12 23 1.16168
12 24 1.11002
12 25 1.09318
12 26 1.08005
12 27 1.07387
12 28 1.12583
12 29 1.12583
12 30 1.12583
12 31 1.12583
12 32 1.12583
12 33 1.09877
12 34 1.08712
12 35 1.07708
12 36 1.07219
12 37 1.12935
12 38 1.12935
12 39 1.12935
12 40 1.12935
12 41 1.12935
12 42 1.1007
12 43 1.08862
12 44 1.07835
12 45 1.07344
12 46 1.14713
12 47 1.14713
12 48 1.14713
12 49 1.14713
12 50 1.14713
12 51 1.10681
12 52 1.09188
12 53 1.07981
12 54 1.07407
12 55 1.1352
12 56 1.1352
12 57 1.1352
12 58 1.1352
12 59 1.1352
12 60 1.1029
12 61 1.08974
12 62 1.0787
12 63 1.07338
12 64 1.11701
12 65 1.11701
12 66 1.11701
12 67 1.11701
12 68 1.11701
12 69 1.09501
12 70 1.08501
12 71 1.07617
12 72 1.07182
12 73 1.11183
12 74 1.11183
12 75 1.11183
12 76 1.11183
12 77 1.11183
12 78 1.0923
12 79 1.08342
12 80 1.07545
12 81 1.07162
12 82 1.11862
12 83 1.11862
12 84 1.11862
12 85 1.11862
12 86 1.11862
12 87 1.09572
12 88 1.08547
12 89 1.07649
12 90 1.07211
12 91 1.1143
12 92 1.1143
12 93 1.1143
12 94 1.1143
12 95 1.1143
12 96 1.09359
12 97 1.08409
12 98 1.07564
12 99 1.07149
12 100 1.10502
12 101 1.10502
12 102 1.10502
12 103 1.10502
12 104 1.10502
12 105 1.08861
12 106 1.08078
12 107 1.07365
12 108 1.07011
12 109 1.09757
12 110 1.09757
12 111 1.09757
12 112 1.09757
12 113 1.09757
12 114 1.08401
12 115 1.07758
12 116 1.07163
12 117 1.06888
12 118 1.10085
12 119 1.10085
12 120 1.10085
12 121 1.10085
12 122 1.10085
12 123 1.08598
12 124 1.07884
12 125 1.07237
12 126 1.0692
12 127 1.09872
12 128 1.09872
12 129 1.09872
12 130 1.09872
12 131 1.09872
12 132 1.0847
12 133 1.07793
12 134 1.07173
12 135 1.06865
12 136 1.09356
12 137 1.09356
12 138 1.09356
12 139 1.09356
12 140 1.09356
12 141 1.08155
12 142 1.07567
12 143 1.07021
12 144 1.06747
13 1 1.14692
13 2 1.14692
13 3 1.14692
13 4 1.14692
13 5 1.14692
13 6 1.10661
13 7 1.09166
13 8 1.07959
13 9 1.07386
13 10 1.30425
13 11 1.30425
13 12 1.30425
13 13 1.30425
13 14 1.30425
13 15 1.11753
13 16 1.09627
13 17 1.0814
13 18 1.07461
13 19 1.16168
13 20 1.16168
13 21 1.16168
13 22 1.16168
13 23 1.16168
13 24 1.11002
13 25 1.09318
13 26 1.08005
13 27 1.07387
13 28 1.12583
13 29 1.12583
13 30 1.12583
13 31 1.12583
13 32 1.12583
13 33 1.09877
13 34 1.08712
13 35 1.07708
13 36 1.07219
13 37 1.12935
13 38 1.12935
13 39 1.12935
13 40 1.12935
13 41 1.12935
13 42 1.1007
13 43 1.08862
13 44 1.07835
13 45 1.07344
13 46 1.14713
13 47 1.14713
13 48 1.14713
13 49 1.14713
13 50 1.14713
13 51 1.10681
13 52 1.09188
13 53 1.07981
13 54 1.07407
13 55 1.1352
13 56 1.1352
13 57 1.1352
13 58 1.1352
13 59 1.1352
13 60 1.1029
13 61 1.08974
13 62 1.0787
13 63 1.07338
13 64 1.11701
13 65 1.11701
13 66 1.11701
13 67 1.11701
13 68 1.11701
13 69 1.09501
13 70 1.08501
13 71 1.07617
13 72 1.07182
13 73 1.11183
13 74 1.11183
13 75 1.11183
13 76 1.11183
13 77 1.11183
13 78 1.0923
13 79 1.08342
13 80 1.07545
13 81 1.07162
13 82 1.11862
13 83 1.11862
13 84 1.11862
13 85 1.11862
13 86 1.11862
13 87 1.09572
13 88 1.08547
13 89 1.07649
13 90 1.07211
13 91 1.1143
13 92 1.1143
13 93 1.1143
13 94 1.1143
13 95 1.1143
13 96 1.09359
13 97 1.08409
13 98 1.07564
13 99 1.07149
13 100 1.10502
13 101 1.10502
13 102 1.10502
13 103 1.10502
13 104 1.10502
13 105 1.08861
13 106 1.08078
13 107 1.07365
13 108 1.07011
13 109 1.09757
13 110 1.09757
13 111 1.09757
13 112 1.09757
13 113 1.09757
13 114 1.08401
13 115 1.07758
13 116 1.07163
13 117 1.06888
13 118 1.10085
13 119 1.10085
13 120 1.10085
13 121 1.10085
13 122 1.10085
13 123 1.08598
13 124 1.07884
13 125 1.07237
13 126 1.0692
13 127 1.09872
13 128 1.09872
13 129 1.09872
13 130 1.09872
13 131 1.09872
13 132 1.0847
13 133 1.07793
13 134 1.07173
13 135 1.06865
13 136 1.09356
13 137 1.09356
13 138 1.09356
13 139 1.09356
13 140 1.09356
13 141 1.08155
13 142 1.07567
13 143 1.07021
13 144 1.06747
14 1 1.14692
14 2 1.14692
14 3 1.14692
14 4 1.14692
14 5 1.14692
14 6 1.10661
14 7 1.09166
14 8 1.07959
14 9 1.07386
14 10 1.30425
14 11 1.30425
14 12 1.30425
14 13 1.30425
14 14 1.30425
14 15 1.11753
14 16 1.09627
14 17 1.0814
14 18 1.07461
14 19 1.16168
14 20 1.16168
14 21 1.16168
14 22 1.16168
14 23 1.16168
14 24 1.11002
14 25 1.09318
14 26 1.08005
14 27 1.07387
14 28 1.12583
14 29 1.12583
14 30 1.12583
14 31 1.12583
14 32 1.12583
14 33 1.09877
14 34 1.08712
14 35 1.07708
14 36 1.07219
14 37 1.12935
14 38 1.12935
14 39 1.12935
14 40 1.12935
14 41 1.12935
14 42 1.1007
14 43 1.08862
14 44 1.07835
14 45 1.07344
14 46 1.14713
14 47 1.14713
14 48 1.14713
14 49 1.14713
14 50 1.14713
14 51 1.10681
14 52 1.09188
14 53 1.07981
14 54 1.07407
14 55 1.1352
14 56 1.1352
14 57 1.1352
14 58 1.1352
14 59 1.1352
14 60 1.1029
14 61 1.08974
14 62 1.0787
14 63 1.07338
14 64 1.11701
14 65 1.11701
14 66 1.11701
14 67 1.11701
14 68 1.11701
14 69 1.09501
14 70 1.08501
14 71 1.07617
14 72 1.07182
14 73 1.11183
14 74 1.11183
14 75 1.11183
14 76 1.11183
14 77 1.11183
14 78 1.0923
14 79 1.08342
14 80 1.07545
14 81 1.07162
14 82 1.11862
14 83 1.11862
14 84 1.11862
14 85 1.11862
14 86 1.11862
14 87 1.09572
14 88 1.08547
14 89 1.07649
14 90 1.07211
14 91 1.1143
14 92 1.1143
14 93 1.1143
14 94 1.1143
14 95 1.1143
14 96 1.09359
14 97 1.08409
14 98 1.07564
14 99 1.07149
14 100 1.10502
14 101 1.10502
14 102 1.10502
14 103 1.10502
14 104 1.10502
14 105 1.08861
14 106 1.08078
14 107 1.07365
14 108 1.07011
14 109 1.09757
14 110 1.09757
14 111 1.09757
14 112 1.09757
14 113 1.09757
14 114 1.08401
14 115 1.07758
14 116 1.07163
14 117 1.06888
14 118 1.10085
14 119 1.10085
14 120 1.10085
14 121 1.10085
14 122 1.10085
14 123 1.08598
14 124 1.07884
14 125 1.07237
14 126 1.0692
14 127 1.09872
14 128 1.09872
14 129 1.09872
14 130 1.09872
14 131 1.09872
14 132 1.0847
14 133 1.07793
14 134 1.07173
14 135 1.06865
14 136 1.09356
14 137 1.09356
14 138 1.09356
14 139 1.09356
14 140 1.09356
14 141 1.08155
14 142 1.07567
14 143 1.07021
14 144 1.06747
15 1 1.10664
15 2 1.10664
15 3 1.10664
15 4 1.10664
15 5 1.10664
15 6 1.44647
15 7 1.36738
15 8 1.24352
15 9 1.17996
15 10 1.11753
15 11 1.11753
15 12 1.11753
15 13 1.11753
15 14 1.11753
15 15 6.92083
15 16 2.14634
15 17 1.39491
15 18 1.20482
15 19 1.11
15 20 1.11
15 21 1.11
15 22 1.11
15 23 1.11
15 24 1.68191
15 25 1.48544
15 26 1.28187
15 27 1.18891
15 28 1.09875
15 29 1.09875
15 30 1.09875
15 31 1.09875
15 32 1.09875
15 33 1.24212
15 34 1.23212
15 35 1.18767
15 36 1.16026
15 37 1.10089
15 38 1.10089
15 39 1.10089
15 40 1.10089
15 41 1.10089
15 42 1.2582
15 43 1.24533
15 44 1.19448
15 45 1.16407
15 46 1.10686
15 47 1.10686
15 48 1.10686
15 49 1.10686
15 50 1.10686
15 51 1.44652
15 52 1.36756
15 53 1.24373
15 54 1.18003
15 55 1.10291
15 56 1.10291
15 57 1.10291
15 58 1.10291
15 59 1.10291
15 60 1.31135
15 61 1.28424
15 62 1.21188
15 63 1.17019
15 64 1.095
15 65 1.095
15 66 1.095
15 67 1.095
15 68 1.095
15 69 1.1848
15 70 1.18615
15 71 1.16439
15 72 1.1494
15 73 1.09263
15 74 1.09263
15 75 1.09263
15 76 1.09263
15 77 1.09263
15 78 1.15787
15 79 1.1628
15 80 1.15074
15 81 1.14199
15 82 1.09583
15 83 1.09583
15 84 1.09583
15 85 1.09583
15 86 1.09583
15 87 1.19366
15 88 1.19323
15 89 1.16791
15 90 1.15112
15 91 1.09363
15 92 1.09363
15 93 1.09363
15 94 1.09363
15 95 1.09363
15 96 1.17213
15 97 1.175
15 98 1.15785
15 99 1.14564
15 100 1.08862
15 101 1.08862
15 102 1.08862
15 103 1.08862
15 104 1.08862
15 105 1.13603
15 106 1.14217
15 107 1.13725
15 108 1.13263
15 109 1.08439
15 110 1.08439
15 111 1.08439
15 112 1.08439
15 113 1.08439
15 114 1.11323
15 115 1.12046
15 116 1.12132
15 117 1.12106
15 118 1.08615
15 119 1.08615
15 120 1.08615
15 121 1.08615
15 122 1.08615
15 123 1.12379
15 124 1.13037
15 125 1.12862
15 126 1.12625
15 127 1.0848
15 128 1.0848
15 129 1.0848
15 130 1.0848
15 131 1.0848
15 132 1.11872
15 133 1.12528
15 134 1.1248
15 135 1.12321
15 136 1.08159
15 137 1.08159
15 138 1.08159
15 139 1.08159
15 140 1.08159
15 141 1.10688
15 142 1.11331
15 143 1.11527
15 144 1.11539
16 1 1.09171
16 2 1.09171
16 3 1.09171
16 4 1.09171
16 5 1.09171
16 6 1.36751
16 7 1.46899
16 8 1.34124
16 9 1.24974
16 10 1.09627
16 11 1.09627
16 12 1.09627
16 13 1.09627
16 14 1.09627
16 15 2.14634
16 16 6.92755
16 17 1.99908
16 18 1.31303
16 19 1.09316
16 20 1.09316
16 21 1.09316
16 22 1.09316
16 23 1.09316
16 24 1.48541
16 25 1.70069
16 26 1.43113
16 27 1.2695
16 28 1.08709
16 29 1.08709
16 30 1.08709
16 31 1.08709
16 32 1.08709
16 33 1.23211
16 34 1.26885
16 35 1.24023
16 36 1.21268
16 37 1.0888
16 38 1.0888
16 39 1.0888
16 40 1.0888
16 41 1.0888
16 42 1.2452
16 43 1.28474
16 44 1.25028
16 45 1.21867
16 46 1.09193
16 47 1.09193
16 48 1.09193
16 49 1.09193
16 50 1.09193
16 51 1.36754
16 52 1.46916
16 53 1.34147
16 54 1.24975
16 55 1.08975
16 56 1.08975
16 57 1.08975
16 58 1.08975
16 59 1.08975
16 60 1.28421
16 61 1.33685
16 62 1.27936
16 63 1.23035
16 64 1.085
16 65 1.085
16 66 1.085
16 67 1.085
16 68 1.085
16 69 1.18614
16 70 1.21162
16 71 1.20447
16 72 1.19358
16 73 1.08368
16 74 1.08368
16 75 1.08368
16 76 1.08368
16 77 1.08368
16 78 1.16204
16 79 1.18434
16 80 1.18509
16 81 1.18112
16 82 1.08559
16 83 1.08559
16 84 1.08559
16 85 1.08559
16 86 1.08559
16 87 1.19304
16 88 1.22043
16 89 1.2099
16 90 1.19651
16 91 1.08414
16 92 1.08414
16 93 1.08414
16 94 1.08414
16 95 1.08414
16 96 1.17494
16 97 1.19857
16 98 1.19517
16 99 1.18741
16 100 1.08079
16 101 1.08079
16 102 1.08079
16 103 1.08079
16 104 1.08079
16 105 1.14216
16 106 1.16065
16 107 1.16645
16 108 1.16656
16 109 1.07795
16 110 1.07795
16 111 1.07795
16 112 1.07795
16 113 1.07795
16 114 1.11932
16 115 1.13554
16 116 1.14484
16 117 1.14871
16 118 1.07905
16 119 1.07905
16 120 1.07905
16 121 1.07905
16 122 1.07905
16 123 1.12999
16 124 1.14709
16 125 1.15482
16 126 1.15686
16 127 1.07804
16 128 1.07804
16 129 1.07804
16 130 1.07804
16 131 1.07804
16 132 1.12516
16 133 1.14124
16 134 1.14964
16 135 1.15228
16 136 1.07571
16 137 1.07571
16 138 1.07571
16 139 1.07571
16 140 1.07571
16 141 1.11328
16 142 1.12736
16 143 1.13675
16 144 1.14056
17 1 1.07962
17 2 1.07962
17 3 1.07962
17 4 1.07962
17 5 1.07962
17 6 1.24372
17 7 1.34156
17 8 1.39967
17 9 1.3362
17 10 1.0814
17 11 1.0814
17 12 1.0814
17 13 1.0814
17 14 1.0814
17 15 1.39491
17 16 1.99908
17 17 6.28116
17 18 1.54598
17 19 1.08004
17 20 1.08004
17 21 1.08004
17 22 1.08004
17 23 1.08004
17 24 1.28182
17 25 1.43105
17 26 1.55595
17 27 1.37945
17 28 1.07706
17 29 1.07706
17 30 1.07706
17 31 1.07706
17 32 1.07706
17 33 1.18765
17 34 1.2402
17 35 1.27129
17 36 1.2701
17 37 1.07848
17 38 1.07848
17 39 1.07848
17 40 1.07848
17 41 1.07848
17 42 1.19446
17 43 1.25059
17 44 1.2821
17 45 1.27911
17 46 1.07985
17 47 1.07985
17 48 1.07985
17 49 1.07985
17 50 1.07985
17 51 1.24369
17 52 1.3415
17 53 1.39981
17 54 1.33618
17 55 1.07871
17 56 1.07871
17 57 1.07871
17 58 1.07871
17 59 1.07871
17 60 1.21183
17 61 1.2793
17 62 1.31518
17 63 1.29941
17 64 1.07616
17 65 1.07616
17 66 1.07616
17 67 1.07616
17 68 1.07616
17 69 1.16437
17 70 1.20445
17 71 1.23187
17 72 1.23973
17 73 1.07566
17 74 1.07566
17 75 1.07566
17 76 1.07566
17 77 1.07566
17 78 1.14981
17 79 1.18482
17 80 1.21083
17 81 1.22107
17 82 1.07658
17 83 1.07658
17 84 1.07658
17 85 1.07658
17 86 1.07658
17 87 1.16762
17 88 1.2098
17 89 1.23785
17 90 1.24437
17 91 1.07569
17 92 1.07569
17 93 1.07569
17 94 1.07569
17 95 1.07569
17 96 1.15772
17 97 1.19509
17 98 1.22175
17 99 1.2306
17 100 1.07367
17 101 1.07367
17 102 1.07367
17 103 1.07367
17 104 1.07367
17 105 1.13721
17 106 1.16641
17 107 1.19004
17 108 1.20047
17 109 1.072
17 110 1.072
17 111 1.072
17 112 1.072
17 113 1.072
17 114 1.11964
17 115 1.14427
17 116 1.16528
17 117 1.17577
17 118 1.07254
17 119 1.07254
17 120 1.07254
17 121 1.07254
17 122 1.07254
17 123 1.12794
17 124 1.15453
17 125 1.17678
17 126 1.18714
17 127 1.07182
17 128 1.07182
17 129 1.07182
17 130 1.07182
17 131 1.07182
17 132 1.12454
17 133 1.14947
17 134 1.17083
17 135 1.1809
17 136 1.07024
17 137 1.07024
17 138 1.07024
17 139 1.07024
17 140 1.07024
17 141 1.11519
17 142 1.13668
17 143 1.15576
17 144 1.16504
18 1 1.07386
18 2 1.07386
18 3 1.07386
18 4 1.07386
18 5 1.07386
18 6 1.17993
18 7 1.24979
18 8 1.33614
18 9 1.39005
18 10 1.07461
18 11 1.07461
18 12 1.07461
18 13 1.07461
18 14 1.07461
18 15 1.20482
18 16 1.31303
18 17 1.54598
18 18 2.14796
18 19 1.07387
18 20 1.07387
18 21 1.07387
18 22 1.07387
18 23 1.07387
18 24 1.18891
18 25 1.2695
18 26 1.37948
18 27 1.45764
18 28 1.07218
18 29 1.07218
18 30 1.07218
18 31 1.07218
18 32 1.07218
18 33 1.16027
18 34 1.21269
18 35 1.27012
18 36 1.30183
18 37 1.07347
18 38 1.07347
18 39 1.07347
18 40 1.07347
18 41 1.07347
18 42 1.16359
18 43 1.21846
18 44 1.27883
18 45 1.3126
18 46 1.0741
18 47 1.0741
18 48 1.0741
18 49 1.0741
18 50 1.0741
18 51 1.17989
18 52 1.24965
18 53 1.3361
18 54 1.39007
18 55 1.0734
18 56 1.0734
18 57 1.0734
18 58 1.0734
18 59 1.0734
18 60 1.17014
18 61 1.2303
18 62 1.2994
18 63 1.33899
18 64 1.07182
18 65 1.07182
18 66 1.07182
18 67 1.07182
18 68 1.07182
18 69 1.1494
18 70 1.19357
18 71 1.23973
18 72 1.26435
18 73 1.0717
18 74 1.0717
18 75 1.0717
18 76 1.0717
18 77 1.0717
18 78 1.14061
18 79 1.18027
18 80 1.22056
18 81 1.24202
18 82 1.07216
18 83 1.07216
18 84 1.07216
18 85 1.07216
18 86 1.07216
18 87 1.15066
18 88 1.19621
18 89 1.2442
18 90 1.27004
18 91 1.07152
18 92 1.07152
18 93 1.07152
18 94 1.07152
18 95 1.07152
18 96 1.14547
18 97 1.18727
18 98 1.23054
18 99 1.25347
18 100 1.07012
18 101 1.07012
18 102 1.07012
18 103 1.07012
18 104 1.07012
18 105 1.13259
18 106 1.16651
18 107 1.20045
18 108 1.21809
18 109 1.06901
18 110 1.06901
18 111 1.06901
18 112 1.06901
18 113 1.06901
18 114 1.11866
18 115 1.14733
18 116 1.175
18 117 1.18964
18 118 1.0693
18 119 1.0693
18 120 1.0693
18 121 1.0693
18 122 1.0693
18 123 1.1253
18 124 1.15628
18 125 1.18686
18 126 1.20276
18 127 1.06871
18 128 1.06871
18 129 1.06871
18 130 1.06871
18 131 1.06871
18 132 1.12284
18 133 1.15198
18 134 1.18077
18 135 1.19563
18 136 1.06751
18 137 1.06751
18 138 1.06751
18 139 1.06751
18 140 1.06751
18 141 1.11528
18 142 1.14045
18 143 1.165
18 144 1.17758
19 1 1.11814
19 2 1.11814
19 3 1.11814
19 4 1.11814
19 5 1.11814
19 6 1.09524
19 7 1.08495
19 8 1.07593
19 9 1.07151
19 10 1.16168
19 11 1.16168
19 12 1.16168
19 13 1.16168
19 14 1.16168
19 15 1.11
19 16 1.09316
19 17 1.08004
19 18 1.07387
19 19 1.30426
19 20 1.30426
19 21 1.30426
19 22 1.30426
19 23 1.30426
19 24 1.11754
19 25 1.09628
19 26 1.08139
19 27 1.07458
19 28 1.16199
19 29 1.16199
19 30 1.16199
19 31 1.16199
19 32 1.16199
19 33 1.11033
19 34 1.09348
19 35 1.08034
19 36 1.07417
19 37 1.11156
19 38 1.11156
19 39 1.11156
19 40 1.11156
19 41 1.11156
19 42 1.0921
19 43 1.08311
19 44 1.0751
19 45 1.07121
19 46 1.1352
19 47 1.1352
19 48 1.1352
19 49 1.1352
19 50 1.1352
19 51 1.10286
19 52 1.08969
19 53 1.07867
19 54 1.07338
19 55 1.14715
19 56 1.14715
19 57 1.14715
19 58 1.14715
19 59 1.14715
19 60 1.10684
19 61 1.09189
19 62 1.07979
19 63 1.07403
19 64 1.13553
19 65 1.13553
19 66 1.13553
19 67 1.13553
19 68 1.13553
19 69 1.10322
19 70 1.09005
19 71 1.07899
19 72 1.07366
19 73 1.10159
19 74 1.10159
19 75 1.10159
19 76 1.10159
19 77 1.10159
19 78 1.0864
19 79 1.07928
19 80 1.07276
19 81 1.0696
19 82 1.11429
19 83 1.11429
19 84 1.11429
19 85 1.11429
19 86 1.11429
19 87 1.09352
19 88 1.08402
19 89 1.0756
19 90 1.07148
19 91 1.11865
19 92 1.11865
19 93 1.11865
19 94 1.11865
19 95 1.11865
19 96 1.09576
19 97 1.08549
19 98 1.07647
19 99 1.07204
19 100 1.11463
19 101 1.11463
19 102 1.11463
19 103 1.11463
19 104 1.11463
19 105 1.09391
19 106 1.0844
19 107 1.07592
19 108 1.07175
19 109 1.09139
19 110 1.09139
19 111 1.09139
19 112 1.09139
19 113 1.09139
19 114 1.07993
19 115 1.07451
19 116 1.06943
19 117 1.0671
19 118 1.0987
19 119 1.0987
19 120 1.0987
19 121 1.0987
19 122 1.0987
19 123 1.0846
19 124 1.07783
19 125 1.07167
19 126 1.06865
19 127 1.10089
19 128 1.10089
19 129 1.10089
19 130 1.10089
19 131 1.10089
19 132 1.08599
19 133 1.07886
19 134 1.07234
19 135 1.06911
19 136 1.09906
19 137 1.09906
19 138 1.09906
19 139 1.09906
19 140 1.09906
19 141 1.08503
19 142 1.07824
19 143 1.072
19 144 1.06889
20 1 1.11814
20 2 1.11814
20 3 1.11814
20 4 1.11814
20 5 1.11814
20 6 1.09524
20 7 1.08495
20 8 1.07593
20 9 1.07151
20 10 1.16168
20 11 1.16168
20 12 1.16168
20 13 1.16168
20 14 1.16168
20 15 1.11
20 16 1.09316
20 17 1.08004
20 18 1.07387
20 19 1.30426
20 20 1.30426
20 21 1.30426
20 22 1.30426
20 23 1.30426
20 24 1.11754
20 25 1.09628
20 26 1.08139
20 27 1.07458
20 28 1.16199
20 29 1.16199
20 30 1.16199
20 31 1.16199
20 32 1.16199
20 33 1.11033
20 34 1.09348
20 35 1.08034
20 36 1.07417
20 37 1.11156
20 38 1.11156
20 39 1.11156
20 40 1.11156
20 41 1.11156
20 42 1.0921
20 43 1.08311
20 44 1.0751
20 45 1.07121
20 46 1.1352
20 47 1.1352
20 48 1.1352
20 49 1.1352
20 50 1.1352
20 51 1.10286
20 52 1.08969
20 53 1.07867
20 54 1.07338
20 55 1.14715
20 56 1.14715
20 57 1.14715
20 58 1.14715
20 59 1.14715
20 60 1.10684
20 61 1.09189
20 62 1.07979
20 63 1.07403
20 64 1.13553
20 65 1.13553
20 66 1.13553
20 67 1.13553
20 68 1.13553
20 69 1.10322
20 70 1.09005
20 71 1.07899
20 72 1.07366
20 73 1.10159
20 74 1.10159
20 75 1.10159
20 76 1.10159
20 77 1.10159
20 78 1.0864
20 79 1.07928
20 80 1.07276
20 81 1.0696
20 82 1.11429
20 83 1.11429
20 84 1.11429
20 85 1.11429
20 86 1.11429
20 87 1.09352
20 88 1.08402
20 89 1.0756
20 90 1.07148
20 91 1.11865
20 92 1.11865
20 93 1.11865
20 94 1.11865
20 95 1.11865
20 96 1.09576
20 97 1.08549
20 98 1.07647
20 99 1.07204
20 100 1.11463
20 101 1.11463
20 102 1.11463
20 103 1.11463
20 104 1.11463
20 105 1.09391
20 106 1.0844
20 107 1.07592
20 108 1.07175
20 109 1.09139
20 110 1.09139
20 111 1.09139
20 112 1.09139
20 113 1.09139
20 114 1.07993
20 115 1.07451
20 116 1.06943
20 117 1.0671
20 118 1.0987
20 119 1.0987
20 120 1.0987
20 121 1.0987
20 122 1.0987
20 123 1.0846
20 124 1.07783
20 125 1.07167
20 126 1.06865
20 127 1.10089
20 128 1.10089
20 129 1.10089
20 130 1.10089
20 131 1.10089
20 132 1.08599
20 133 1.07886
20 134 1.07234
20 135 1.06911
20 136 1.09906
20 137 1.09906
20 138 1.09906
20 139 1.09906
20 140 1.09906
20 141 1.08503
20 142 1.07824
20 143 1.072
20 144 1.06889
21 1 1.11814
21 2 1.11814
21 3 1.11814
21 4 1.11814
21 5 1.11814
21 6 1.09524
21 7 1.08495
21 8 1.07593
21 9 1.07151
21 10 1.16168
21 11 1.16168
21 12 1.16168
21 13 1.16168
21 14 1.16168
21 15 1.11
21 16 1.09316
21 17 1.08004
21 18 1.07387
21 19 1.30426
21 20 1.30426
21 21 1.30426
21 22 1.30426
21 23 1.30426
21 24 1.11754
21 25 1.09628
21 26 1.08139
21 27 1.07458
21 28 1.16199
21 29 1.16199
21 30 1.16199
21 31 1.16199
21 32 1.16199
21 33 1.11033
21 34 1.09348
21 35 1.08034
21 36 1.07417
21 37 1.11156
21 38 1.11156
21 39 1.11156
21 40 1.11156
21 41 1.11156
