injected_el measured_el potential
1 1 1.30505
1 2 1.30505
1 3 1.30505
1 4 1.30505
1 5 1.30505
1 6 1.11836
1 7 1.09717
1 8 1.08247
1 9 1.07582
1 10 1.14684
1 11 1.14684
1 12 1.14684
1 13 1.14684
1 14 1.14684
1 15 1.10661
1 16 1.09172
1 17 1.07972
1 18 1.07402
1 19 1.11807
1 20 1.11807
1 21 1.11807
1 22 1.11807
1 23 1.11807
1 24 1.09528
1 25 1.08505
1 26 1.07606
1 27 1.07165
1 28 1.1005
1 29 1.1005
1 30 1.1005
1 31 1.1005
1 32 1.1005
1 33 1.08573
1 34 1.0786
1 35 1.07206
1 36 1.0688
1 37 1.14788
1 38 1.14788
1 39 1.14788
1 40 1.14788
1 41 1.14788
1 42 1.10743
1 43 1.09272
1 44 1.08089
1 45 1.07545
1 46 1.12925
1 47 1.12925
1 48 1.12925
1 49 1.12925
1 50 1.12925
1 51 1.10082
1 52 1.08876
1 53 1.07857
1 54 1.07367
1 55 1.11148
1 56 1.11148
1 57 1.11148
1 58 1.11148
1 59 1.11148
1 60 1.09226
1 61 1.08333
1 62 1.07534
1 63 1.07139
1 64 1.09744
1 65 1.09744
1 66 1.09744
1 67 1.09744
1 68 1.09744
1 69 1.08413
1 70 1.07764
1 71 1.07166
1 72 1.06866
1 73 1.11935
1 74 1.11935
1 75 1.11935
1 76 1.11935
1 77 1.11935
1 78 1.09654
1 79 1.08652
1 80 1.07765
1 81 1.07361
1 82 1.11172
1 83 1.11172
1 84 1.11172
1 85 1.11172
1 86 1.11172
1 87 1.09262
1 88 1.08364
1 89 1.07574
1 90 1.07192
1 91 1.10153
1 92 1.10153
1 93 1.10153
1 94 1.10153
1 95 1.10153
1 96 1.08674
1 97 1.07959
1 98 1.07307
1 99 1.06983
1 100 1.09156
1 101 1.09156
1 102 1.09156
1 103 1.09156
1 104 1.09156
1 105 1.08047
1 106 1.07498
1 107 1.06988
1 108 1.06732
1 109 1.10159
1 110 1.10159
1 111 1.10159
1 112 1.10159
1 113 1.10159
1 114 1.08717
1 115 1.08014
1 116 1.07359
1 117 1.07079
1 118 1.09747
1 119 1.09747
1 120 1.09747
1 121 1.09747
1 122 1.09747
1 123 1.08451
1 124 1.0779
1 125 1.07202
1 126 1.06922
1 127 1.09135
1 128 1.09135
1 129 1.09135
1 130 1.09135
1 131 1.09135
1 132 1.08038
1 133 1.0749
1 134 1.06985
1 135 1.06735
1 136 1.0845
1 137 1.0845
1 138 1.0845
1 139 1.0845
1 140 1.0845
1 141 1.07571
1 142 1.0713
1 143 1.06718
1 144 1.0651
2 1 1.30505
2 2 1.30505
2 3 1.30505
2 4 1.30505
2 5 1.30505
2 6 1.11836
2 7 1.09717
2 8 1.08247
2 9 1.07582
2 10 1.14684
2 11 1.14684
2 12 1.14684
2 13 1.14684
2 14 1.14684
2 15 1.10661
2 16 1.09172
2 17 1.07972
2 18 1.07402
2 19 1.11807
2 20 1.11807
2 21 1.11807
2 22 1.11807
2 23 1.11807
2 24 1.09528
2 25 1.08505
2 26 1.07606
2 27 1.07165
2 28 1.1005
2 29 1.1005
2 30 1.1005
2 31 1.1005
2 32 1.1005
2 33 1.08573
2 34 1.0786
2 35 1.07206
2 36 1.0688
2 37 1.14788
2 38 1.14788
2 39 1.14788
2 40 1.14788
2 41 1.14788
2 42 1.10743
2 43 1.09272
2 44 1.08089
2 45 1.07545
2 46 1.12925
2 47 1.12925
2 48 1.12925
2 49 1.12925
2 50 1.12925
2 51 1.10082
2 52 1.08876
2 53 1.07857
2 54 1.07367
2 55 1.11148
2 56 1.11148
2 57 1.11148
2 58 1.11148
2 59 1.11148
2 60 1.09226
2 61 1.08333
2 62 1.07534
2 63 1.07139
2 64 1.09744
2 65 1.09744
2 66 1.09744
2 67 1.09744
2 68 1.09744
2 69 1.08413
2 70 1.07764
2 71 1.07166
2 72 1.06866
2 73 1.11935
2 74 1.11935
2 75 1.11935
2 76 1.11935
2 77 1.11935
2 78 1.09654
2 79 1.08652
2 80 1.07765
2 81 1.07361
2 82 1.11172
2 83 1.11172
2 84 1.11172
2 85 1.11172
2 86 1.11172
2 87 1.09262
2 88 1.08364
2 89 1.07574
2 90 1.07192
2 91 1.10153
2 92 1.10153
2 93 1.10153
2 94 1.10153
2 95 1.10153
2 96 1.08674
2 97 1.07959
2 98 1.07307
2 99 1.06983
2 100 1.09156
2 101 1.09156
2 102 1.09156
2 103 1.09156
2 104 1.09156
2 105 1.08047
2 106 1.07498
2 107 1.06988
2 108 1.06732
2 109 1.10159
2 110 1.10159
2 111 1.10159
2 112 1.10159
2 113 1.10159
2 114 1.08717
2 115 1.08014
2 116 1.07359
2 117 1.07079
2 118 1.09747
2 119 1.09747
2 120 1.09747
2 121 1.09747
2 122 1.09747
2 123 1.08451
2 124 1.0779
2 125 1.07202
2 126 1.06922
2 127 1.09135
2 128 1.09135
2 129 1.09135
2 130 1.09135
2 131 1.09135
2 132 1.08038
2 133 1.0749
2 134 1.06985
2 135 1.06735
2 136 1.0845
2 137 1.0845
2 138 1.0845
2 139 1.0845
2 140 1.0845
2 141 1.07571
2 142 1.0713
2 143 1.06718
2 144 1.0651
3 1 1.30505
3 2 1.30505
3 3 1.30505
3 4 1.30505
3 5 1.30505
3 6 1.11836
3 7 1.09717
3 8 1.08247
3 9 1.07582
3 10 1.14684
3 11 1.14684
3 12 1.14684
3 13 1.14684
3 14 1.14684
3 15 1.10661
3 16 1.09172
3 17 1.07972
3 18 1.07402
3 19 1.11807
3 20 1.11807
3 21 1.11807
3 22 1.11807
3 23 1.11807
3 24 1.09528
3 25 1.08505
3 26 1.07606
3 27 1.07165
3 28 1.1005
3 29 1.1005
3 30 1.1005
3 31 1.1005
3 32 1.1005
3 33 1.08573
3 34 1.0786
3 35 1.07206
3 36 1.0688
3 37 1.14788
3 38 1.14788
3 39 1.14788
3 40 1.14788
3 41 1.14788
3 42 1.10743
3 43 1.09272
3 44 1.08089
3 45 1.07545
3 46 1.12925
3 47 1.12925
3 48 1.12925
3 49 1.12925
3 50 1.12925
3 51 1.10082
3 52 1.08876
3 53 1.07857
3 54 1.07367
3 55 1.11148
3 56 1.11148
3 57 1.11148
3 58 1.11148
3 59 1.11148
3 60 1.09226
3 61 1.08333
3 62 1.07534
3 63 1.07139
3 64 1.09744
3 65 1.09744
3 66 1.09744
3 67 1.09744
3 68 1.09744
3 69 1.08413
3 70 1.07764
3 71 1.07166
3 72 1.06866
3 73 1.11935
3 74 1.11935
3 75 1.11935
3 76 1.11935
3 77 1.11935
3 78 1.09654
3 79 1.08652
3 80 1.07765
3 81 1.07361
3 82 1.11172
3 83 1.11172
3 84 1.11172
3 85 1.11172
3 86 1.11172
3 87 1.09262
3 88 1.08364
3 89 1.07574
3 90 1.07192
3 91 1.10153
3 92 1.10153
3 93 1.10153
3 94 1.10153
3 95 1.10153
3 96 1.08674
3 97 1.07959
3 98 1.07307
3 99 1.06983
3 100 1.09156
3 101 1.09156
3 102 1.09156
3 103 1.09156
3 104 1.09156
3 105 1.08047
3 106 1.07498
3 107 1.06988
3 108 1.06732
3 109 1.10159
3 110 1.10159
3 111 1.10159
3 112 1.10159
3 113 1.10159
3 114 1.08717
3 115 1.08014
3 116 1.07359
3 117 1.07079
3 118 1.09747
3 119 1.09747
3 120 1.09747
3 121 1.09747
3 122 1.09747
3 123 1.08451
3 124 1.0779
3 125 1.07202
3 126 1.06922
3 127 1.09135
3 128 1.09135
3 129 1.09135
3 130 1.09135
3 131 1.09135
3 132 1.08038
3 133 1.0749
3 134 1.06985
3 135 1.06735
3 136 1.0845
3 137 1.0845
3 138 1.0845
3 139 1.0845
3 140 1.0845
3 141 1.07571
3 142 1.0713
3 143 1.06718
3 144 1.0651
4 1 1.30505
4 2 1.30505
4 3 1.30505
4 4 1.30505
4 5 1.30505
4 6 1.11836
4 7 1.09717
4 8 1.08247
4 9 1.07582
4 10 1.14684
4 11 1.14684
4 12 1.14684
4 13 1.14684
4 14 1.14684
4 15 1.10661
4 16 1.09172
4 17 1.07972
4 18 1.07402
4 19 1.11807
4 20 1.11807
4 21 1.11807
4 22 1.11807
4 23 1.11807
4 24 1.09528
4 25 1.08505
4 26 1.07606
4 27 1.07165
4 28 1.1005
4 29 1.1005
4 30 1.1005
4 31 1.1005
4 32 1.1005
4 33 1.08573
4 34 1.0786
4 35 1.07206
4 36 1.0688
4 37 1.14788
4 38 1.14788
4 39 1.14788
4 40 1.14788
4 41 1.14788
4 42 1.10743
4 43 1.09272
4 44 1.08089
4 45 1.07545
4 46 1.12925
4 47 1.12925
4 48 1.12925
4 49 1.12925
4 50 1.12925
4 51 1.10082
4 52 1.08876
4 53 1.07857
4 54 1.07367
4 55 1.11148
4 56 1.11148
4 57 1.11148
4 58 1.11148
4 59 1.11148
4 60 1.09226
4 61 1.08333
4 62 1.07534
4 63 1.07139
4 64 1.09744
4 65 1.09744
4 66 1.09744
4 67 1.09744
4 68 1.09744
4 69 1.08413
4 70 1.07764
4 71 1.07166
4 72 1.06866
4 73 1.11935
4 74 1.11935
4 75 1.11935
4 76 1.11935
4 77 1.11935
4 78 1.09654
4 79 1.08652
4 80 1.07765
4 81 1.07361
4 82 1.11172
4 83 1.11172
4 84 1.11172
4 85 1.11172
4 86 1.11172
4 87 1.09262
4 88 1.08364
4 89 1.07574
4 90 1.07192
4 91 1.10153
4 92 1.10153
4 93 1.10153
4 94 1.10153
4 95 1.10153
4 96 1.08674
4 97 1.07959
4 98 1.07307
4 99 1.06983
4 100 1.09156
4 101 1.09156
4 102 1.09156
4 103 1.09156
4 104 1.09156
4 105 1.08047
4 106 1.07498
4 107 1.06988
4 108 1.06732
4 109 1.10159
4 110 1.10159
4 111 1.10159
4 112 1.10159
4 113 1.10159
4 114 1.08717
4 115 1.08014
4 116 1.07359
4 117 1.07079
4 118 1.09747
4 119 1.09747
4 120 1.09747
4 121 1.09747
4 122 1.09747
4 123 1.08451
4 124 1.0779
4 125 1.07202
4 126 1.06922
4 127 1.09135
4 128 1.09135
4 129 1.09135
4 130 1.09135
4 131 1.09135
4 132 1.08038
4 133 1.0749
4 134 1.06985
4 135 1.06735
4 136 1.0845
4 137 1.0845
4 138 1.0845
4 139 1.0845
4 140 1.0845
4 141 1.07571
4 142 1.0713
4 143 1.06718
4 144 1.0651
5 1 1.30505
5 2 1.30505
5 3 1.30505
5 4 1.30505
5 5 1.30505
5 6 1.11836
5 7 1.09717
5 8 1.08247
5 9 1.07582
5 10 1.14684
5 11 1.14684
5 12 1.14684
5 13 1.14684
5 14 1.14684
5 15 1.10661
5 16 1.09172
5 17 1.07972
5 18 1.07402
5 19 1.11807
5 20 1.11807
5 21 1.11807
5 22 1.11807
5 23 1.11807
5 24 1.09528
5 25 1.08505
5 26 1.07606
5 27 1.07165
5 28 1.1005
5 29 1.1005
5 30 1.1005
5 31 1.1005
5 32 1.1005
5 33 1.08573
5 34 1.0786
5 35 1.07206
5 36 1.0688
5 37 1.14788
5 38 1.14788
5 39 1.14788
5 40 1.14788
5 41 1.14788
5 42 1.10743
5 43 1.09272
5 44 1.08089
5 45 1.07545
5 46 1.12925
5 47 1.12925
5 48 1.12925
5 49 1.12925
5 50 1.12925
5 51 1.10082
5 52 1.08876
5 53 1.07857
5 54 1.07367
5 55 1.11148
5 56 1.11148
5 57 1.11148
5 58 1.11148
5 59 1.11148
5 60 1.09226
5 61 1.08333
5 62 1.07534
5 63 1.07139
5 64 1.09744
5 65 1.09744
5 66 1.09744
5 67 1.09744
5 68 1.09744
5 69 1.08413
5 70 1.07764
5 71 1.07166
5 72 1.06866
5 73 1.11935
5 74 1.11935
5 75 1.11935
5 76 1.11935
5 77 1.11935
5 78 1.09654
5 79 1.08652
5 80 1.07765
5 81 1.07361
5 82 1.11172
5 83 1.11172
5 84 1.11172
5 85 1.11172
5 86 1.11172
5 87 1.09262
5 88 1.08364
5 89 1.07574
5 90 1.07192
5 91 1.10153
5 92 1.10153
5 93 1.10153
5 94 1.10153
5 95 1.10153
5 96 1.08674
5 97 1.07959
5 98 1.07307
5 99 1.06983
5 100 1.09156
5 101 1.09156
5 102 1.09156
5 103 1.09156
5 104 1.09156
5 105 1.08047
5 106 1.07498
5 107 1.06988
5 108 1.06732
5 109 1.10159
5 110 1.10159
5 111 1.10159
5 112 1.10159
5 113 1.10159
5 114 1.08717
5 115 1.08014
5 116 1.07359
5 117 1.07079
5 118 1.09747
5 119 1.09747
5 120 1.09747
5 121 1.09747
5 122 1.09747
5 123 1.08451
5 124 1.0779
5 125 1.07202
5 126 1.06922
5 127 1.09135
5 128 1.09135
5 129 1.09135
5 130 1.09135
5 131 1.09135
5 132 1.08038
5 133 1.0749
5 134 1.06985
5 135 1.06735
5 136 1.0845
5 137 1.0845
5 138 1.0845
5 139 1.0845
5 140 1.0845
5 141 1.07571
5 142 1.0713
5 143 1.06718
5 144 1.0651
6 1 1.11836
6 2 1.11836
6 3 1.11836
6 4 1.11836
6 5 1.11836
6 6 6.91452
6 7 2.14009
6 8 1.39192
6 9 1.20522
6 10 1.10653
6 11 1.10653
6 12 1.10653
6 13 1.10653
6 14 1.10653
6 15 1.44457
6 16 1.36554
6 17 1.24262
6 18 1.17943
6 19 1.09519
6 20 1.09519
6 21 1.09519
6 22 1.09519
6 23 1.09519
6 24 1.19318
6 25 1.19262
6 26 1.16735
6 27 1.15046
6 28 1.08564
6 29 1.08564
6 30 1.08564
6 31 1.08564
6 32 1.08564
6 33 1.12424
6 34 1.13064
6 35 1.12866
6 36 1.12603
6 37 1.10791
6 38 1.10791
6 39 1.10791
6 40 1.10791
6 41 1.10791
6 42 1.43365
6 43 1.35867
6 44 1.23999
6 45 1.18063
6 46 1.10088
6 47 1.10088
6 48 1.10088
6 49 1.10088
6 50 1.10088
6 51 1.25652
6 52 1.24357
6 53 1.19376
6 54 1.1636
6 55 1.09223
6 56 1.09223
6 57 1.09223
6 58 1.09223
6 59 1.09223
6 60 1.15882
6 61 1.16314
6 62 1.15082
6 63 1.14152
6 64 1.08408
6 65 1.08408
6 66 1.08408
6 67 1.08408
6 68 1.08408
6 69 1.11525
6 70 1.12179
6 71 1.12214
6 72 1.12111
6 73 1.09709
6 74 1.09709
6 75 1.09709
6 76 1.09709
6 77 1.09709
6 78 1.18704
6 79 1.18843
6 80 1.16579
6 81 1.15164
6 82 1.09273
6 83 1.09273
6 84 1.09273
6 85 1.09273
6 86 1.09273
6 87 1.15692
6 88 1.16174
6 89 1.15027
6 90 1.14162
6 91 1.08676
6 92 1.08676
6 93 1.08676
6 94 1.08676
6 95 1.08676
6 96 1.12472
6 97 1.13126
6 98 1.12956
6 99 1.12708
6 100 1.08045
6 101 1.08045
6 102 1.08045
6 103 1.08045
6 104 1.08045
6 105 1.10252
6 106 1.10873
6 107 1.11139
6 108 1.11203
6 109 1.08752
6 110 1.08752
6 111 1.08752
6 112 1.08752
6 113 1.08752
6 114 1.12115
6 115 1.12829
6 116 1.12782
6 117 1.12678
6 118 1.08457
6 119 1.08457
6 120 1.08457
6 121 1.08457
6 122 1.08457
6 123 1.11316
6 124 1.12018
6 125 1.12134
6 126 1.12082
6 127 1.08044
6 128 1.08044
6 129 1.08044
6 130 1.08044
6 131 1.08044
6 132 1.10171
6 133 1.10799
6 134 1.11088
6 135 1.11167
6 136 1.07573
6 137 1.07573
6 138 1.07573
6 139 1.07573
6 140 1.07573
6 141 1.09067
6 142 1.09607
6 143 1.09973
6 144 1.10127
7 1 1.09717
7 2 1.09717
7 3 1.09717
7 4 1.09717
7 5 1.09717
7 6 2.14009
7 7 6.90904
7 8 1.98965
7 9 1.31354
7 10 1.09162
7 11 1.09162
7 12 1.09162
7 13 1.09162
7 14 1.09162
7 15 1.36525
7 16 1.4664
7 17 1.34017
7 18 1.2492
7 19 1.08492
7 20 1.08492
7 21 1.08492
7 22 1.08492
7 23 1.08492
7 24 1.19251
7 25 1.21977
7 26 1.20942
7 27 1.19598
7 28 1.07848
7 29 1.07848
7 30 1.07848
7 31 1.07848
7 32 1.07848
7 33 1.13063
7 34 1.14754
7 35 1.1551
7 36 1.1569
7 37 1.09306
7 38 1.09306
7 39 1.09306
7 40 1.09306
7 41 1.09306
7 42 1.3567
7 43 1.45721
7 44 1.33593
7 45 1.25023
7 46 1.08882
7 47 1.08882
7 48 1.08882
7 49 1.08882
7 50 1.08882
7 51 1.24327
7 52 1.28261
7 53 1.24952
7 54 1.21814
7 55 1.08327
7 56 1.08327
7 57 1.08327
7 58 1.08327
7 59 1.08327
7 60 1.163
7 61 1.18474
7 62 1.18532
7 63 1.18078
7 64 1.07757
7 65 1.07757
7 66 1.07757
7 67 1.07757
7 68 1.07757
7 69 1.12177
7 70 1.13722
7 71 1.14602
7 72 1.14908
7 73 1.08696
7 74 1.08696
7 75 1.08696
7 76 1.08696
7 77 1.08696
7 78 1.18617
7 79 1.21451
7 80 1.20694
7 81 1.19651
7 82 1.08383
7 83 1.08383
7 84 1.08383
7 85 1.08383
7 86 1.08383
7 87 1.16088
7 88 1.18316
7 89 1.18455
7 90 1.18059
7 91 1.07961
7 92 1.07961
7 93 1.07961
7 94 1.07961
7 95 1.07961
7 96 1.13105
7 97 1.14807
7 98 1.15598
7 99 1.15796
7 100 1.07495
7 101 1.07495
7 102 1.07495
7 103 1.07495
7 104 1.07495
7 105 1.10871
7 106 1.12194
7 107 1.13144
7 108 1.13553
7 109 1.08056
7 110 1.08056
7 111 1.08056
7 112 1.08056
7 113 1.08056
7 114 1.12656
7 115 1.14419
7 116 1.15341
7 117 1.15669
7 118 1.07818
7 119 1.07818
7 120 1.07818
7 121 1.07818
7 122 1.07818
7 123 1.11907
7 124 1.13519
7 125 1.1448
7 126 1.14825
7 127 1.07499
7 128 1.07499
7 129 1.07499
7 130 1.07499
7 131 1.07499
7 132 1.10769
7 133 1.12098
7 134 1.13072
7 135 1.13492
7 136 1.07131
7 137 1.07131
7 138 1.07131
7 139 1.07131
7 140 1.07131
7 141 1.09602
7 142 1.10683
7 143 1.11579
7 144 1.12002
8 1 1.08247
8 2 1.08247
8 3 1.08247
8 4 1.08247
8 5 1.08247
8 6 1.39192
8 7 1.98965
8 8 6.17697
8 9 1.54526
8 10 1.07966
8 11 1.07966
8 12 1.07966
8 13 1.07966
8 14 1.07966
8 15 1.24227
8 16 1.33958
8 17 1.39816
8 18 1.33512
8 19 1.07599
8 20 1.07599
8 21 1.07599
8 22 1.07599
8 23 1.07599
8 24 1.16726
8 25 1.20924
8 26 1.23729
8 27 1.24371
8 28 1.072
8 29 1.072
8 30 1.072
8 31 1.072
8 32 1.072
8 33 1.12867
8 34 1.15504
8 35 1.17714
8 36 1.18729
8 37 1.08115
8 38 1.08115
8 39 1.08115
8 40 1.08115
8 41 1.08115
8 42 1.23919
8 43 1.33671
8 44 1.39559
8 45 1.33581
8 46 1.07863
8 47 1.07863
8 48 1.07863
8 49 1.07863
8 50 1.07863
8 51 1.19348
8 52 1.24947
8 53 1.28162
8 54 1.27826
8 55 1.07533
8 56 1.07533
8 57 1.07533
8 58 1.07533
8 59 1.07533
8 60 1.15071
8 61 1.18521
8 62 1.21104
8 63 1.22074
8 64 1.07163
8 65 1.07163
8 66 1.07163
8 67 1.07163
8 68 1.07163
8 69 1.12215
8 70 1.14598
8 71 1.1666
8 72 1.17641
8 73 1.0781
8 74 1.0781
8 75 1.0781
8 76 1.0781
8 77 1.0781
8 78 1.16345
8 79 1.20636
8 80 1.23547
8 81 1.24333
8 82 1.07592
8 83 1.07592
8 84 1.07592
8 85 1.07592
8 86 1.07592
8 87 1.14915
8 88 1.18426
8 89 1.21043
8 90 1.22019
8 91 1.07312
8 92 1.07312
8 93 1.07312
8 94 1.07312
8 95 1.07312
8 96 1.12925
8 97 1.15577
8 98 1.17813
8 99 1.1884
8 100 1.06989
8 101 1.06989
8 102 1.06989
8 103 1.06989
8 104 1.06989
8 105 1.11135
8 106 1.13137
8 107 1.14937
8 108 1.15821
8 109 1.07421
8 110 1.07421
8 111 1.07421
8 112 1.07421
8 113 1.07421
8 114 1.12493
8 115 1.15208
8 116 1.17519
8 117 1.18591
8 118 1.07233
8 119 1.07233
8 120 1.07233
8 121 1.07233
8 122 1.07233
8 123 1.11948
8 124 1.14412
8 125 1.1652
8 126 1.17494
8 127 1.06997
8 128 1.06997
8 129 1.06997
8 130 1.06997
8 131 1.06997
8 132 1.11028
8 133 1.13035
8 134 1.14849
8 135 1.15733
8 136 1.06722
8 137 1.06722
8 138 1.06722
8 139 1.06722
8 140 1.06722
8 141 1.09962
8 142 1.11566
8 143 1.13052
8 144 1.13793
9 1 1.07582
9 2 1.07582
9 3 1.07582
9 4 1.07582
9 5 1.07582
9 6 1.20522
9 7 1.31354
9 8 1.54526
9 9 2.14603
9 10 1.07402
9 11 1.07402
9 12 1.07402
9 13 1.07402
9 14 1.07402
9 15 1.17957
9 16 1.24919
9 17 1.33528
9 18 1.38859
9 19 1.07164
9 20 1.07164
9 21 1.07164
9 22 1.07164
9 23 1.07164
9 24 1.15056
9 25 1.19589
9 26 1.24365
9 27 1.26923
9 28 1.06879
9 29 1.06879
9 30 1.06879
9 31 1.06879
9 32 1.06879
9 33 1.1261
9 34 1.15681
9 35 1.18721
9 36 1.20291
9 37 1.07551
9 38 1.07551
9 39 1.07551
9 40 1.07551
9 41 1.07551
9 42 1.17874
9 43 1.2488
9 44 1.33439
9 45 1.38748
9 46 1.07371
9 47 1.07371
9 48 1.07371
9 49 1.07371
9 50 1.07371
9 51 1.16317
9 52 1.21781
9 53 1.27797
9 54 1.31091
9 55 1.07142
9 56 1.07142
9 57 1.07142
9 58 1.07142
9 59 1.07142
9 60 1.14139
9 61 1.1805
9 62 1.22046
9 63 1.24137
9 64 1.06867
9 65 1.06867
9 66 1.06867
9 67 1.06867
9 68 1.06867
9 69 1.12108
9 70 1.14891
9 71 1.1762
9 72 1.19024
9 73 1.07375
9 74 1.07375
9 75 1.07375
9 76 1.07375
9 77 1.07375
9 78 1.14803
9 79 1.19408
9 80 1.24177
9 81 1.26736
9 82 1.07202
9 83 1.07202
9 84 1.07202
9 85 1.07202
9 86 1.07202
9 87 1.14011
9 88 1.17978
9 89 1.21972
9 90 1.24032
9 91 1.06989
9 92 1.06989
9 93 1.06989
9 94 1.06989
9 95 1.06989
9 96 1.12659
9 97 1.15744
9 98 1.188
9 99 1.2037
9 100 1.06735
9 101 1.06735
9 102 1.06735
9 103 1.06735
9 104 1.06735
9 105 1.11189
9 106 1.13526
9 107 1.15794
9 108 1.16954
9 109 1.07102
9 110 1.07102
9 111 1.07102
9 112 1.07102
9 113 1.07102
9 114 1.12249
9 115 1.15393
9 116 1.18475
9 117 1.2003
9 118 1.06939
9 119 1.06939
9 120 1.06939
9 121 1.06939
9 122 1.06939
9 123 1.11839
9 124 1.14703
9 125 1.17448
9 126 1.18813
9 127 1.06744
9 128 1.06744
9 129 1.06744
9 130 1.06744
9 131 1.06744
9 132 1.11077
9 133 1.13415
9 134 1.15688
9 135 1.16841
9 136 1.06515
9 137 1.06515
9 138 1.06515
9 139 1.06515
9 140 1.06515
9 141 1.101
9 142 1.11965
9 143 1.13764
9 144 1.14679
10 1 1.14684
10 2 1.14684
10 3 1.14684
10 4 1.14684
10 5 1.14684
10 6 1.10653
10 7 1.09162
10 8 1.07966
10 9 1.07402
10 10 1.30416
10 11 1.30416
10 12 1.30416
10 13 1.30416
10 14 1.30416
10 15 1.11748
10 16 1.09626
10 17 1.08147
10 18 1.07474
10 19 1.16161
10 20 1.16161
10 21 1.16161
10 22 1.16161
10 23 1.16161
10 24 1.11
10 25 1.0932
10 26 1.08012
10 27 1.07398
10 28 1.12577
10 29 1.12577
10 30 1.12577
10 31 1.12577
10 32 1.12577
10 33 1.09877
10 34 1.08715
10 35 1.07715
10 36 1.07228
10 37 1.12922
10 38 1.12922
10 39 1.12922
10 40 1.12922
10 41 1.12922
10 42 1.10044
10 43 1.08852
10 44 1.07842
10 45 1.07371
10 46 1.14701
10 47 1.14701
10 48 1.14701
10 49 1.14701
10 50 1.14701
10 51 1.10671
10 52 1.09183
10 53 1.07989
10 54 1.07428
10 55 1.13511
10 56 1.13511
10 57 1.13511
10 58 1.13511
10 59 1.13511
10 60 1.10287
10 61 1.08977
10 62 1.07881
10 63 1.07354
10 64 1.11694
10 65 1.11694
10 66 1.11694
10 67 1.11694
10 68 1.11694
10 69 1.09501
10 70 1.08506
10 71 1.07626
10 72 1.07194
10 73 1.11167
10 74 1.11167
10 75 1.11167
10 76 1.11167
10 77 1.11167
10 78 1.09212
10 79 1.08342
10 80 1.07557
10 81 1.07198
10 82 1.11848
10 83 1.11848
10 84 1.11848
10 85 1.11848
10 86 1.11848
10 87 1.09568
10 88 1.08545
10 89 1.07659
10 90 1.07237
10 91 1.1142
10 92 1.1142
10 93 1.1142
10 94 1.1142
10 95 1.1142
10 96 1.09358
10 97 1.08415
10 98 1.07578
10 99 1.07168
10 100 1.10494
10 101 1.10494
10 102 1.10494
10 103 1.10494
10 104 1.10494
10 105 1.08862
10 106 1.08084
10 107 1.07377
10 108 1.07026
10 109 1.09741
10 110 1.09741
10 111 1.09741
10 112 1.09741
10 113 1.09741
10 114 1.08415
10 115 1.07779
10 116 1.07184
10 117 1.06932
10 118 1.10071
10 119 1.10071
10 120 1.10071
10 121 1.10071
10 122 1.10071
10 123 1.08609
10 124 1.0789
10 125 1.07251
10 126 1.06953
10 127 1.09862
10 128 1.09862
10 129 1.09862
10 130 1.09862
10 131 1.09862
10 132 1.08474
10 133 1.07803
10 134 1.0719
10 135 1.06889
10 136 1.09348
10 137 1.09348
10 138 1.09348
10 139 1.09348
10 140 1.09348
10 141 1.08159
10 142 1.07576
10 143 1.07036
10 144 1.06765
11 1 1.14684
11 2 1.14684
11 3 1.14684
11 4 1.14684
11 5 1.14684
11 6 1.10653
11 7 1.09162
11 8 1.07966
11 9 1.07402
11 10 1.30416
11 11 1.30416
11 12 1.30416
11 13 1.30416
11 14 1.30416
11 15 1.11748
11 16 1.09626
11 17 1.08147
11 18 1.07474
11 19 1.16161
11 20 1.16161
11 21 1.16161
11 22 1.16161
11 23 1.16161
11 24 1.11
11 25 1.0932
11 26 1.08012
11 27 1.07398
11 28 1.12577
11 29 1.12577
11 30 1.12577
11 31 1.12577
11 32 1.12577
11 33 1.09877
11 34 1.08715
11 35 1.07715
11 36 1.07228
11 37 1.12922
11 38 1.12922
11 39 1.12922
11 40 1.12922
11 41 1.12922
11 42 1.10044
11 43 1.08852
11 44 1.07842
11 45 1.07371
11 46 1.14701
11 47 1.14701
11 48 1.14701
11 49 1.14701
11 50 1.14701
11 51 1.10671
11 52 1.09183
11 53 1.07989
11 54 1.07428
11 55 1.13511
11 56 1.13511
11 57 1.13511
11 58 1.13511
11 59 1.13511
11 60 1.10287
11 61 1.08977
11 62 1.07881
11 63 1.07354
11 64 1.11694
11 65 1.11694
11 66 1.11694
11 67 1.11694
11 68 1.11694
11 69 1.09501
11 70 1.08506
11 71 1.07626
11 72 1.07194
11 73 1.11167
11 74 1.11167
11 75 1.11167
11 76 1.11167
11 77 1.11167
11 78 1.09212
11 79 1.08342
11 80 1.07557
11 81 1.07198
11 82 1.11848
11 83 1.11848
11 84 1.11848
11 85 1.11848
11 86 1.11848
11 87 1.09568
11 88 1.08545
11 89 1.07659
11 90 1.07237
11 91 1.1142
11 92 1.1142
11 93 1.1142
11 94 1.1142
11 95 1.1142
11 96 1.09358
11 97 1.08415
11 98 1.07578
11 99 1.07168
11 100 1.10494
11 101 1.10494
11 102 1.10494
11 103 1.10494
11 104 1.10494
11 105 1.08862
11 106 1.08084
11 107 1.07377
11 108 1.07026
11 109 1.09741
11 110 1.09741
11 111 1.09741
11 112 1.09741
11 113 1.09741
11 114 1.08415
11 115 1.07779
11 116 1.07184
11 117 1.06932
11 118 1.10071
11 119 1.10071
11 120 1.10071
11 121 1.10071
11 122 1.10071
11 123 1.08609
11 124 1.0789
11 125 1.07251
11 126 1.06953
11 127 1.09862
11 128 1.09862
11 129 1.09862
11 130 1.09862
11 131 1.09862
11 132 1.08474
11 133 1.07803
11 134 1.0719
11 135 1.06889
11 136 1.09348
11 137 1.09348
11 138 1.09348
11 139 1.09348
11 140 1.09348
11 141 1.08159
11 142 1.07576
11 143 1.07036
11 144 1.06765
12 1 1.14684
12 2 1.14684
12 3 1.14684
12 4 1.14684
12 5 1.14684
12 6 1.10653
12 7 1.09162
12 8 1.07966
12 9 1.07402
12 10 1.30416
12 11 1.30416
12 12 1.30416
12 13 1.30416
12 14 1.30416
12 15 1.11748
12 16 1.09626
12 17 1.08147
12 18 1.07474
12 19 1.16161
12 20 1.16161
12 21 1.16161
12 22 1.16161
12 23 1.16161
12 24 1.11
12 25 1.0932
12 26 1.08012
12 27 1.07398
12 28 1.12577
12 29 1.12577
12 30 1.12577
12 31 1.12577
12 32 1.12577
12 33 1.09877
12 34 1.08715
12 35 1.07715
12 36 1.07228
12 37 1.12922
12 38 1.12922
12 39 1.12922
12 40 1.12922
12 41 1.12922
12 42 1.10044
12 43 1.08852
12 44 1.07842
12 45 1.07371
12 46 1.14701
12 47 1.14701
12 48 1.14701
12 49 1.14701
12 50 1.14701
12 51 1.10671
12 52 1.09183
12 53 1.07989
12 54 1.07428
12 55 1.13511
12 56 1.13511
12 57 1.13511
12 58 1.13511
12 59 1.13511
12 60 1.10287
12 61 1.08977
12 62 1.07881
12 63 1.07354
12 64 1.11694
12 65 1.11694
12 66 1.11694
12 67 1.11694
12 68 1.11694
12 69 1.09501
12 70 1.08506
12 71 1.07626
12 72 1.07194
12 73 1.11167
12 74 1.11167
12 75 1.11167
12 76 1.11167
12 77 1.11167
12 78 1.09212
12 79 1.08342
12 80 1.07557
12 81 1.07198
12 82 1.11848
12 83 1.11848
12 84 1.11848
12 85 1.11848
12 86 1.11848
12 87 1.09568
12 88 1.08545
12 89 1.07659
12 90 1.07237
12 91 1.1142
12 92 1.1142
12 93 1.1142
12 94 1.1142
12 95 1.1142
12 96 1.09358
12 97 1.08415
12 98 1.07578
12 99 1.07168
12 100 1.10494
12 101 1.10494
12 102 1.10494
12 103 1.10494
12 104 1.10494
12 105 1.08862
12 106 1.08084
12 107 1.07377
12 108 1.07026
12 109 1.09741
12 110 1.09741
12 111 1.09741
12 112 1.09741
12 113 1.09741
12 114 1.08415
12 115 1.07779
12 116 1.07184
12 117 1.06932
12 118 1.10071
12 119 1.10071
12 120 1.10071
12 121 1.10071
12 122 1.10071
12 123 1.08609
12 124 1.0789
12 125 1.07251
12 126 1.06953
12 127 1.09862
12 128 1.09862
12 129 1.09862
12 130 1.09862
12 131 1.09862
12 132 1.08474
12 133 1.07803
12 134 1.0719
12 135 1.06889
12 136 1.09348
12 137 1.09348
12 138 1.09348
12 139 1.09348
12 140 1.09348
12 141 1.08159
12 142 1.07576
12 143 1.07036
12 144 1.06765
13 1 1.14684
13 2 1.14684
13 3 1.14684
13 4 1.14684
13 5 1.14684
13 6 1.10653
13 7 1.09162
13 8 1.07966
13 9 1.07402
13 10 1.30416
13 11 1.30416
13 12 1.30416
13 13 1.30416
13 14 1.30416
13 15 1.11748
13 16 1.09626
13 17 1.08147
13 18 1.07474
13 19 1.16161
13 20 1.16161
13 21 1.16161
13 22 1.16161
13 23 1.16161
13 24 1.11
13 25 1.0932
13 26 1.08012
13 27 1.07398
13 28 1.12577
13 29 1.12577
13 30 1.12577
13 31 1.12577
13 32 1.12577
13 33 1.09877
13 34 1.08715
13 35 1.07715
13 36 1.07228
13 37 1.12922
13 38 1.12922
13 39 1.12922
13 40 1.12922
13 41 1.12922
13 42 1.10044
13 43 1.08852
13 44 1.07842
13 45 1.07371
13 46 1.14701
13 47 1.14701
13 48 1.14701
13 49 1.14701
13 50 1.14701
13 51 1.10671
13 52 1.09183
13 53 1.07989
13 54 1.07428
13 55 1.13511
13 56 1.13511
13 57 1.13511
13 58 1.13511
13 59 1.13511
13 60 1.10287
13 61 1.08977
13 62 1.07881
13 63 1.07354
13 64 1.11694
13 65 1.11694
13 66 1.11694
13 67 1.11694
13 68 1.11694
13 69 1.09501
13 70 1.08506
13 71 1.07626
13 72 1.07194
13 73 1.11167
13 74 1.11167
13 75 1.11167
13 76 1.11167
13 77 1.11167
13 78 1.09212
13 79 1.08342
13 80 1.07557
13 81 1.07198
13 82 1.11848
13 83 1.11848
13 84 1.11848
13 85 1.11848
13 86 1.11848
13 87 1.09568
13 88 1.08545
13 89 1.07659
13 90 1.07237
13 91 1.1142
13 92 1.1142
13 93 1.1142
13 94 1.1142
13 95 1.1142
13 96 1.09358
13 97 1.08415
13 98 1.07578
13 99 1.07168
13 100 1.10494
13 101 1.10494
13 102 1.10494
13 103 1.10494
13 104 1.10494
13 105 1.08862
13 106 1.08084
13 107 1.07377
13 108 1.07026
13 109 1.09741
13 110 1.09741
13 111 1.09741
13 112 1.09741
13 113 1.09741
13 114 1.08415
13 115 1.07779
13 116 1.07184
13 117 1.06932
13 118 1.10071
13 119 1.10071
13 120 1.10071
13 121 1.10071
13 122 1.10071
13 123 1.08609
13 124 1.0789
13 125 1.07251
13 126 1.06953
13 127 1.09862
13 128 1.09862
13 129 1.09862
13 130 1.09862
13 131 1.09862
13 132 1.08474
13 133 1.07803
13 134 1.0719
13 135 1.06889
13 136 1.09348
13 137 1.09348
13 138 1.09348
13 139 1.09348
13 140 1.09348
13 141 1.08159
13 142 1.07576
13 143 1.07036
13 144 1.06765
14 1 1.14684
14 2 1.14684
14 3 1.14684
14 4 1.14684
14 5 1.14684
14 6 1.10653
14 7 1.09162
14 8 1.07966
14 9 1.07402
14 10 1.30416
14 11 1.30416
14 12 1.30416
14 13 1.30416
14 14 1.30416
14 15 1.11748
14 16 1.09626
14 17 1.08147
14 18 1.07474
14 19 1.16161
14 20 1.16161
14 21 1.16161
14 22 1.16161
14 23 1.16161
14 24 1.11
14 25 1.0932
14 26 1.08012
14 27 1.07398
14 28 1.12577
14 29 1.12577
14 30 1.12577
14 31 1.12577
14 32 1.12577
14 33 1.09877
14 34 1.08715
14 35 1.07715
14 36 1.07228
14 37 1.12922
14 38 1.12922
14 39 1.12922
14 40 1.12922
14 41 1.12922
14 42 1.10044
14 43 1.08852
14 44 1.07842
14 45 1.07371
14 46 1.14701
14 47 1.14701
14 48 1.14701
14 49 1.14701
14 50 1.14701
14 51 1.10671
14 52 1.09183
14 53 1.07989
14 54 1.07428
14 55 1.13511
14 56 1.13511
14 57 1.13511
14 58 1.13511
14 59 1.13511
14 60 1.10287
14 61 1.08977
14 62 1.07881
14 63 1.07354
14 64 1.11694
14 65 1.11694
14 66 1.11694
14 67 1.11694
14 68 1.11694
14 69 1.09501
14 70 1.08506
14 71 1.07626
14 72 1.07194
14 73 1.11167
14 74 1.11167
14 75 1.11167
14 76 1.11167
14 77 1.11167
14 78 1.09212
14 79 1.08342
14 80 1.07557
14 81 1.07198
14 82 1.11848
14 83 1.11848
14 84 1.11848
14 85 1.11848
14 86 1.11848
14 87 1.09568
14 88 1.08545
14 89 1.07659
14 90 1.07237
14 91 1.1142
14 92 1.1142
14 93 1.1142
14 94 1.1142
14 95 1.1142
14 96 1.09358
14 97 1.08415
14 98 1.07578
14 99 1.07168
14 100 1.10494
14 101 1.10494
14 102 1.10494
14 103 1.10494
14 104 1.10494
14 105 1.08862
14 106 1.08084
14 107 1.07377
14 108 1.07026
14 109 1.09741
14 110 1.09741
14 111 1.09741
14 112 1.09741
14 113 1.09741
14 114 1.08415
14 115 1.07779
14 116 1.07184
14 117 1.06932
14 118 1.10071
14 119 1.10071
14 120 1.10071
14 121 1.10071
14 122 1.10071
14 123 1.08609
14 124 1.0789
14 125 1.07251
14 126 1.06953
14 127 1.09862
14 128 1.09862
14 129 1.09862
14 130 1.09862
14 131 1.09862
14 132 1.08474
14 133 1.07803
14 134 1.0719
14 135 1.06889
14 136 1.09348
14 137 1.09348
14 138 1.09348
14 139 1.09348
14 140 1.09348
14 141 1.08159
14 142 1.07576
14 143 1.07036
14 144 1.06765
15 1 1.10661
15 2 1.10661
15 3 1.10661
15 4 1.10661
15 5 1.10661
15 6 1.44457
15 7 1.36525
15 8 1.24227
15 9 1.17957
15 10 1.11748
15 11 1.11748
15 12 1.11748
15 13 1.11748
15 14 1.11748
15 15 6.91934
15 16 2.14447
15 17 1.39358
15 18 1.20437
15 19 1.10996
15 20 1.10996
15 21 1.10996
15 22 1.10996
15 23 1.10996
15 24 1.68115
15 25 1.4846
15 26 1.28125
15 27 1.18847
15 28 1.09871
15 29 1.09871
15 30 1.09871
15 31 1.09871
15 32 1.09871
15 33 1.24176
15 34 1.2317
15 35 1.18727
15 36 1.15989
15 37 1.10096
15 38 1.10096
15 39 1.10096
15 40 1.10096
15 41 1.10096
15 42 1.25255
15 43 1.24092
15 44 1.19219
15 45 1.16359
15 46 1.10686
15 47 1.10686
15 48 1.10686
15 49 1.10686
15 50 1.10686
15 51 1.4438
15 52 1.36488
15 53 1.24199
15 54 1.17947
15 55 1.10289
15 56 1.10289
15 57 1.10289
15 58 1.10289
15 59 1.10289
15 60 1.31017
15 61 1.28307
15 62 1.21108
15 63 1.16966
15 64 1.09498
15 65 1.09498
15 66 1.09498
15 67 1.09498
15 68 1.09498
15 69 1.18432
15 70 1.18561
15 71 1.16391
15 72 1.14898
15 73 1.0928
15 74 1.0928
15 75 1.0928
15 76 1.0928
15 77 1.0928
15 78 1.15315
15 79 1.15921
15 80 1.14875
15 81 1.14142
15 82 1.09591
15 83 1.09591
15 84 1.09591
15 85 1.09591
15 86 1.09591
15 87 1.19053
15 88 1.19075
15 89 1.16629
15 90 1.15048
15 91 1.09366
15 92 1.09366
15 93 1.09366
15 94 1.09366
15 95 1.09366
15 96 1.17086
15 97 1.17382
15 98 1.15701
15 99 1.14508
15 100 1.08863
15 101 1.08863
15 102 1.08863
15 103 1.08863
15 104 1.08863
15 105 1.13554
15 106 1.14162
15 107 1.13676
15 108 1.13219
15 109 1.08462
15 110 1.08462
15 111 1.08462
15 112 1.08462
15 113 1.08462
15 114 1.11092
15 115 1.11837
15 116 1.12016
15 117 1.12051
15 118 1.0863
15 119 1.0863
15 120 1.0863
15 121 1.0863
15 122 1.0863
15 123 1.12146
15 124 1.12855
15 125 1.12739
15 126 1.12563
15 127 1.08488
15 128 1.08488
15 129 1.08488
15 130 1.08488
15 131 1.08488
15 132 1.11765
15 133 1.12426
15 134 1.12404
15 135 1.12267
15 136 1.08163
15 137 1.08163
15 138 1.08163
15 139 1.08163
15 140 1.08163
15 141 1.10645
15 142 1.11281
15 143 1.11482
15 144 1.11498
16 1 1.09172
16 2 1.09172
16 3 1.09172
16 4 1.09172
16 5 1.09172
16 6 1.36554
16 7 1.4664
16 8 1.33958
16 9 1.24919
16 10 1.09626
16 11 1.09626
16 12 1.09626
16 13 1.09626
16 14 1.09626
16 15 2.14447
16 16 6.92392
16 17 1.99611
16 18 1.31242
16 19 1.09314
16 20 1.09314
16 21 1.09314
16 22 1.09314
16 23 1.09314
16 24 1.48446
16 25 1.69947
16 26 1.4302
16 27 1.26887
16 28 1.08707
16 29 1.08707
16 30 1.08707
16 31 1.08707
16 32 1.08707
16 33 1.23165
16 34 1.26827
16 35 1.23966
16 36 1.21215
16 37 1.08894
16 38 1.08894
16 39 1.08894
16 40 1.08894
16 41 1.08894
16 42 1.23989
16 43 1.27969
16 44 1.24737
16 45 1.21786
16 46 1.09199
16 47 1.09199
16 48 1.09199
16 49 1.09199
16 50 1.09199
16 51 1.36475
16 52 1.46598
16 53 1.33911
16 54 1.24893
16 55 1.08978
16 56 1.08978
16 57 1.08978
16 58 1.08978
16 59 1.08978
16 60 1.2829
16 61 1.33541
16 62 1.27827
16 63 1.22957
16 64 1.08502
16 65 1.08502
16 66 1.08502
16 67 1.08502
16 68 1.08502
16 69 1.18556
16 70 1.21091
16 71 1.2038
16 72 1.19296
16 73 1.08395
16 74 1.08395
16 75 1.08395
16 76 1.08395
16 77 1.08395
16 78 1.15712
16 79 1.18023
16 80 1.18256
16 81 1.18006
16 82 1.08575
16 83 1.08575
16 84 1.08575
16 85 1.08575
16 86 1.08575
16 87 1.18975
16 88 1.21767
16 89 1.20785
16 90 1.19548
16 91 1.08423
16 92 1.08423
16 93 1.08423
16 94 1.08423
16 95 1.08423
16 96 1.17353
16 97 1.19715
16 98 1.19405
16 99 1.18655
16 100 1.08084
16 101 1.08084
16 102 1.08084
16 103 1.08084
16 104 1.08084
16 105 1.14157
16 106 1.15993
16 107 1.16574
16 108 1.1659
16 109 1.0783
16 110 1.0783
16 111 1.0783
16 112 1.0783
16 113 1.0783
16 114 1.11655
16 115 1.13294
16 116 1.14327
16 117 1.1476
16 118 1.0793
16 119 1.0793
16 120 1.0793
16 121 1.0793
16 122 1.0793
16 123 1.12723
16 124 1.14494
16 125 1.1532
16 126 1.15577
16 127 1.07819
16 128 1.07819
16 129 1.07819
16 130 1.07819
16 131 1.07819
16 132 1.12388
16 133 1.13995
16 134 1.14856
16 135 1.15141
16 136 1.0758
16 137 1.0758
16 138 1.0758
16 139 1.0758
16 140 1.0758
16 141 1.11274
16 142 1.12669
16 143 1.13607
16 144 1.13991
17 1 1.07972
17 2 1.07972
17 3 1.07972
17 4 1.07972
17 5 1.07972
17 6 1.24262
17 7 1.34017
17 8 1.39816
17 9 1.33528
17 10 1.08147
17 11 1.08147
17 12 1.08147
17 13 1.08147
17 14 1.08147
17 15 1.39358
17 16 1.99611
17 17 6.26085
17 18 1.54482
17 19 1.08008
17 20 1.08008
17 21 1.08008
17 22 1.08008
17 23 1.08008
17 24 1.28097
17 25 1.42973
17 26 1.55432
17 27 1.37841
17 28 1.07709
17 29 1.07709
17 30 1.07709
17 31 1.07709
17 32 1.07709
17 33 1.18716
17 34 1.23951
17 35 1.27049
17 36 1.26929
17 37 1.07871
17 38 1.07871
17 39 1.07871
17 40 1.07871
17 41 1.07871
17 42 1.19135
17 43 1.24752
17 44 1.27962
17 45 1.2777
17 46 1.08001
17 47 1.08001
17 48 1.08001
17 49 1.08001
17 50 1.08001
17 51 1.24192
17 52 1.3395
17 53 1.39742
17 54 1.33485
17 55 1.07882
17 56 1.07882
17 57 1.07882
17 58 1.07882
17 59 1.07882
17 60 1.21082
17 61 1.27803
17 62 1.31389
17 63 1.29826
17 64 1.07624
17 65 1.07624
17 66 1.07624
17 67 1.07624
17 68 1.07624
17 69 1.16382
17 70 1.20368
17 71 1.23099
17 72 1.23882
17 73 1.07603
17 74 1.07603
17 75 1.07603
17 76 1.07603
17 77 1.07603
17 78 1.14614
17 79 1.18166
17 80 1.20836
17 81 1.2193
17 82 1.07684
17 83 1.07684
17 84 1.07684
17 85 1.07684
17 86 1.07684
17 87 1.16515
17 88 1.20774
17 89 1.23582
17 90 1.2428
17 91 1.07586
17 92 1.07586
17 93 1.07586
17 94 1.07586
17 95 1.07586
17 96 1.15655
17 97 1.19376
17 98 1.22043
17 99 1.22936
17 100 1.07378
17 101 1.07378
17 102 1.07378
17 103 1.07378
17 104 1.07378
17 105 1.13664
17 106 1.16561
17 107 1.18914
17 108 1.19953
17 109 1.07246
17 110 1.07246
17 111 1.07246
17 112 1.07246
17 113 1.07246
17 114 1.11703
17 115 1.14177
17 116 1.1635
17 117 1.17396
17 118 1.0729
17 119 1.0729
17 120 1.0729
17 121 1.0729
17 122 1.0729
17 123 1.12535
17 124 1.15257
17 125 1.17498
17 126 1.18549
17 127 1.07205
17 128 1.07205
17 129 1.07205
17 130 1.07205
17 131 1.07205
17 132 1.12329
17 133 1.14813
17 134 1.1695
17 135 1.17963
17 136 1.0704
17 137 1.0704
17 138 1.0704
17 139 1.0704
17 140 1.0704
17 141 1.11462
17 142 1.13589
17 143 1.15487
17 144 1.16411
18 1 1.07402
18 2 1.07402
18 3 1.07402
18 4 1.07402
18 5 1.07402
18 6 1.17943
18 7 1.2492
18 8 1.33512
18 9 1.38859
18 10 1.07474
18 11 1.07474
18 12 1.07474
18 13 1.07474
18 14 1.07474
18 15 1.20437
18 16 1.31242
18 17 1.54482
18 18 2.14654
18 19 1.07397
18 20 1.07397
18 21 1.07397
18 22 1.07397
18 23 1.07397
18 24 1.18851
18 25 1.26886
18 26 1.37858
18 27 1.45656
18 28 1.07226
18 29 1.07226
18 30 1.07226
18 31 1.07226
18 32 1.07226
18 33 1.15994
18 34 1.21215
18 35 1.26939
18 36 1.301
18 37 1.07376
18 38 1.07376
18 39 1.07376
18 40 1.07376
18 41 1.07376
18 42 1.16177
18 43 1.21666
18 44 1.27676
18 45 1.31045
18 46 1.07432
18 47 1.07432
18 48 1.07432
18 49 1.07432
18 50 1.07432
18 51 1.17889
18 52 1.24861
18 53 1.33451
18 54 1.38822
18 55 1.07356
18 56 1.07356
18 57 1.07356
18 58 1.07356
18 59 1.07356
18 60 1.16948
18 61 1.22938
18 62 1.29821
18 63 1.33762
18 64 1.07194
18 65 1.07194
18 66 1.07194
18 67 1.07194
18 68 1.07194
18 69 1.14896
18 70 1.19288
18 71 1.23883
18 72 1.26333
18 73 1.07212
18 74 1.07212
18 75 1.07212
18 76 1.07212
18 77 1.07212
18 78 1.13777
18 79 1.17776
18 80 1.21809
18 81 1.23958
18 82 1.07248
18 83 1.07248
18 84 1.07248
18 85 1.07248
18 86 1.07248
18 87 1.14875
18 88 1.19464
18 89 1.24224
18 90 1.26799
18 91 1.07175
18 92 1.07175
18 93 1.07175
18 94 1.07175
18 95 1.07175
18 96 1.1445
18 97 1.18607
18 98 1.22914
18 99 1.25197
18 100 1.07028
18 101 1.07028
18 102 1.07028
18 103 1.07028
18 104 1.07028
18 105 1.13206
18 106 1.16572
18 107 1.19946
18 108 1.21699
18 109 1.06952
18 110 1.06952
18 111 1.06952
18 112 1.06952
18 113 1.06952
18 114 1.11619
18 115 1.14494
18 116 1.17303
18 117 1.18728
18 118 1.0697
18 119 1.0697
18 120 1.0697
18 121 1.0697
18 122 1.0697
18 123 1.12288
18 124 1.15446
18 125 1.18492
18 126 1.2007
18 127 1.06899
18 128 1.06899
18 129 1.06899
18 130 1.06899
18 131 1.06899
18 132 1.12164
18 133 1.15064
18 134 1.17928
18 135 1.19409
18 136 1.0677
18 137 1.0677
18 138 1.0677
18 139 1.0677
18 140 1.0677
18 141 1.11471
18 142 1.13962
18 143 1.16398
18 144 1.17648
19 1 1.11807
19 2 1.11807
19 3 1.11807
19 4 1.11807
19 5 1.11807
19 6 1.09519
19 7 1.08492
19 8 1.07599
19 9 1.07164
19 10 1.16161
19 11 1.16161
19 12 1.16161
19 13 1.16161
19 14 1.16161
19 15 1.10996
19 16 1.09314
19 17 1.08008
19 18 1.07397
19 19 1.3042
19 20 1.3042
19 21 1.3042
19 22 1.3042
19 23 1.3042
19 24 1.11752
19 25 1.09629
19 26 1.08144
19 27 1.07466
19 28 1.16194
19 29 1.16194
19 30 1.16194
19 31 1.16194
19 32 1.16194
19 33 1.11032
19 34 1.0935
19 35 1.08039
19 36 1.07423
19 37 1.11145
19 38 1.11145
19 39 1.11145
19 40 1.11145
19 41 1.11145
19 42 1.09187
19 43 1.08301
19 44 1.07515
19 45 1.07143
19 46 1.1351
19 47 1.1351
19 48 1.1351
19 49 1.1351
19 50 1.1351
19 51 1.10274
19 52 1.08963
19 53 1.07872
19 54 1.07354
19 55 1.14707
19 56 1.14707
19 57 1.14707
19 58 1.14707
19 59 1.14707
19 60 1.10679
19 61 1.0919
19 62 1.07986
19 63 1.07415
19 64 1.13546
19 65 1.13546
19 66 1.13546
19 67 1.13546
19 68 1.13546
19 69 1.1032
19 70 1.09007
19 71 1.07906
19 72 1.07375
19 73 1.10146
19 74 1.10146
19 75 1.10146
19 76 1.10146
19 77 1.10146
19 78 1.0862
19 79 1.07924
19 80 1.07283
19 81 1.0699
19 82 1.11416
19 83 1.11416
19 84 1.11416
19 85 1.11416
19 86 1.11416
19 87 1.09341
19 88 1.08395
19 89 1.07564
19 90 1.07169
19 91 1.11856
19 92 1.11856
19 93 1.11856
19 94 1.11856
19 95 1.11856
19 96 1.09571
19 97 1.08551
19 98 1.07656
19 99 1.0722
19 100 1.11456
19 101 1.11456
19 102 1.11456
19 103 1.11456
19 104 1.11456
19 105 1.0939
19 106 1.08443
19 107 1.07601
19 108 1.07186
19 109 1.09126
19 110 1.09126
19 111 1.09126
19 112 1.09126
19 113 1.09126
19 114 1.08002
19 115 1.07465
19 116 1.0696
19 117 1.06747
19 118 1.09856
19 119 1.09856
19 120 1.09856
19 121 1.09856
19 122 1.09856
19 123 1.08461
19 124 1.07782
19 125 1.07174
19 126 1.06892
19 127 1.10079
19 128 1.10079
19 129 1.10079
19 130 1.10079
19 131 1.10079
19 132 1.08596
19 133 1.07889
19 134 1.07246
19 135 1.06931
19 136 1.09899
19 137 1.09899
19 138 1.09899
19 139 1.09899
19 140 1.09899
19 141 1.08503
19 142 1.07829
19 143 1.07211
19 144 1.06903
20 1 1.11807
20 2 1.11807
20 3 1.11807
20 4 1.11807
20 5 1.11807
20 6 1.09519
20 7 1.08492
20 8 1.07599
20 9 1.07164
20 10 1.16161
20 11 1.16161
20 12 1.16161
20 13 1.16161
20 14 1.16161
20 15 1.10996
20 16 1.09314
20 17 1.08008
20 18 1.07397
20 19 1.3042
20 20 1.3042
20 21 1.3042
20 22 1.3042
20 23 1.3042
20 24 1.11752
20 25 1.09629
20 26 1.08144
20 27 1.07466
20 28 1.16194
20 29 1.16194
20 30 1.16194
20 31 1.16194
20 32 1.16194
20 33 1.11032
20 34 1.0935
20 35 1.08039
20 36 1.07423
20 37 1.11145
20 38 1.11145
20 39 1.11145
20 40 1.11145
20 41 1.11145
20 42 1.09187
20 43 1.08301
20 44 1.07515
20 45 1.07143
20 46 1.1351
20 47 1.1351
20 48 1.1351
20 49 1.1351
20 50 1.1351
20 51 1.10274
20 52 1.08963
20 53 1.07872
20 54 1.07354
20 55 1.14707
20 56 1.14707
20 57 1.14707
20 58 1.14707
20 59 1.14707
20 60 1.10679
20 61 1.0919
20 62 1.07986
20 63 1.07415
20 64 1.13546
20 65 1.13546
20 66 1.13546
20 67 1.13546
20 68 1.13546
20 69 1.1032
20 70 1.09007
20 71 1.07906
20 72 1.07375
20 73 1.10146
20 74 1.10146
20 75 1.10146
20 76 1.10146
20 77 1.10146
20 78 1.0862
20 79 1.07924
20 80 1.07283
20 81 1.0699
20 82 1.11416
20 83 1.11416
20 84 1.11416
20 85 1.11416
20 86 1.11416
20 87 1.09341
20 88 1.08395
20 89 1.07564
20 90 1.07169
20 91 1.11856
20 92 1.11856
20 93 1.11856
20 94 1.11856
20 95 1.11856
20 96 1.09571
20 97 1.08551
20 98 1.07656
20 99 1.0722
20 100 1.11456
20 101 1.11456
20 102 1.11456
20 103 1.11456
20 104 1.11456
20 105 1.0939
20 106 1.08443
20 107 1.07601
20 108 1.07186
20 109 1.09126
20 110 1.09126
20 111 1.09126
20 112 1.09126
20 113 1.09126
20 114 1.08002
20 115 1.07465
20 116 1.0696
20 117 1.06747
20 118 1.09856
20 119 1.09856
20 120 1.09856
20 121 1.09856
20 122 1.09856
20 123 1.08461
20 124 1.07782
20 125 1.07174
20 126 1.06892
20 127 1.10079
20 128 1.10079
20 129 1.10079
20 130 1.10079
20 131 1.10079
20 132 1.08596
20 133 1.07889
20 134 1.07246
20 135 1.06931
20 136 1.09899
20 137 1.09899
20 138 1.09899
20 139 1.09899
20 140 1.09899
20 141 1.08503
20 142 1.07829
20 143 1.07211
20 144 1.06903
21 1 1.11807
21 2 1.11807
21 3 1.11807
21 4 1.11807
21 5 1.11807
21 6 1.09519
21 7 1.08492
21 8 1.07599
21 9 1.07164
21 10 1.16161
21 11 1.16161
21 12 1.16161
21 13 1.16161
21 14 1.16161
21 15 1.10996
21 16 1.09314
21 17 1.08008
21 18 1.07397
21 19 1.3042
21 20 1.3042
21 21 1.3042
21 22 1.3042
21 23 1.3042
21 24 1.11752
21 25 1.09629
21 26 1.08144
21 27 1.07466
21 28 1.16194
21 29 1.16194
21 30 1.16194
21 31 1.16194
21 32 1.16194
21 33 1.11032
21 34 1.0935
21 35 1.08039
21 36 1.07423
