injected_el measured_el potential
1 1 1.304
1 2 1.304
1 3 1.304
1 4 1.304
1 5 1.304
1 6 1.11609
1 7 1.09905
1 8 1.08558
1 9 1.07851
1 10 1.14565
1 11 1.14565
1 12 1.14565
1 13 1.14565
1 14 1.14565
1 15 1.10818
1 16 1.09409
1 17 1.08247
1 18 1.07761
1 19 1.11728
1 20 1.11728
1 21 1.11728
1 22 1.11728
1 23 1.11728
1 24 1.09683
1 25 1.08746
1 26 1.07919
1 27 1.07479
1 28 1.10002
1 29 1.10002
1 30 1.10002
1 31 1.10002
1 32 1.10002
1 33 1.08775
1 34 1.08104
1 35 1.07451
1 36 1.07119
1 37 1.14705
1 38 1.14705
1 39 1.14705
1 40 1.14705
1 41 1.14705
1 42 1.10499
1 43 1.09369
1 44 1.08418
1 45 1.07855
1 46 1.1281
1 47 1.1281
1 48 1.1281
1 49 1.1281
1 50 1.1281
1 51 1.10052
1 52 1.09181
1 53 1.08292
1 54 1.07793
1 55 1.11069
1 56 1.11069
1 57 1.11069
1 58 1.11069
1 59 1.11069
1 60 1.0951
1 61 1.08784
1 62 1.07975
1 63 1.07505
1 64 1.097
1 65 1.097
1 66 1.097
1 67 1.097
1 68 1.097
1 69 1.08665
1 70 1.08072
1 71 1.07457
1 72 1.07137
1 73 1.11886
1 74 1.11886
1 75 1.11886
1 76 1.11886
1 77 1.11886
1 78 1.09527
1 79 1.08769
1 80 1.08106
1 81 1.0764
1 82 1.11104
1 83 1.11104
1 84 1.11104
1 85 1.11104
1 86 1.11104
1 87 1.09262
1 88 1.08676
1 89 1.08049
1 90 1.07581
1 91 1.101
1 92 1.101
1 93 1.101
1 94 1.101
1 95 1.101
1 96 1.08975
1 97 1.08417
1 98 1.07749
1 99 1.07326
1 100 1.09123
1 101 1.09123
1 102 1.09123
1 103 1.09123
1 104 1.09123
1 105 1.08258
1 106 1.07778
1 107 1.07264
1 108 1.06991
1 109 1.10139
1 110 1.10139
1 111 1.10139
1 112 1.10139
1 113 1.10139
1 114 1.08698
1 115 1.08213
1 116 1.07668
1 117 1.07298
1 118 1.09716
1 119 1.09716
1 120 1.09716
1 121 1.09716
1 122 1.09716
1 123 1.08484
1 124 1.08138
1 125 1.07629
1 126 1.0723
1 127 1.09107
1 128 1.09107
1 129 1.09107
1 130 1.09107
1 131 1.09107
1 132 1.08251
1 133 1.07899
1 134 1.07369
1 135 1.0702
1 136 1.0843
1 137 1.0843
1 138 1.0843
1 139 1.0843
1 140 1.0843
1 141 1.07731
1 142 1.07362
1 143 1.06955
1 144 1.06735
2 1 1.304
2 2 1.304
2 3 1.304
2 4 1.304
2 5 1.304
2 6 1.11609
2 7 1.09905
2 8 1.08558
2 9 1.07851
2 10 1.14565
2 11 1.14565
2 12 1.14565
2 13 1.14565
2 14 1.14565
2 15 1.10818
2 16 1.09409
2 17 1.08247
2 18 1.07761
2 19 1.11728
2 20 1.11728
2 21 1.11728
2 22 1.11728
2 23 1.11728
2 24 1.09683
2 25 1.08746
2 26 1.07919
2 27 1.07479
2 28 1.10002
2 29 1.10002
2 30 1.10002
2 31 1.10002
2 32 1.10002
2 33 1.08775
2 34 1.08104
2 35 1.07451
2 36 1.07119
2 37 1.14705
2 38 1.14705
2 39 1.14705
2 40 1.14705
2 41 1.14705
2 42 1.10499
2 43 1.09369
2 44 1.08418
2 45 1.07855
2 46 1.1281
2 47 1.1281
2 48 1.1281
2 49 1.1281
2 50 1.1281
2 51 1.10052
2 52 1.09181
2 53 1.08292
2 54 1.07793
2 55 1.11069
2 56 1.11069
2 57 1.11069
2 58 1.11069
2 59 1.11069
2 60 1.0951
2 61 1.08784
2 62 1.07975
2 63 1.07505
2 64 1.097
2 65 1.097
2 66 1.097
2 67 1.097
2 68 1.097
2 69 1.08665
2 70 1.08072
2 71 1.07457
2 72 1.07137
2 73 1.11886
2 74 1.11886
2 75 1.11886
2 76 1.11886
2 77 1.11886
2 78 1.09527
2 79 1.08769
2 80 1.08106
2 81 1.0764
2 82 1.11104
2 83 1.11104
2 84 1.11104
2 85 1.11104
2 86 1.11104
2 87 1.09262
2 88 1.08676
2 89 1.08049
2 90 1.07581
2 91 1.101
2 92 1.101
2 93 1.101
2 94 1.101
2 95 1.101
2 96 1.08975
2 97 1.08417
2 98 1.07749
2 99 1.07326
2 100 1.09123
2 101 1.09123
2 102 1.09123
2 103 1.09123
2 104 1.09123
2 105 1.08258
2 106 1.07778
2 107 1.07264
2 108 1.06991
2 109 1.10139
2 110 1.10139
2 111 1.10139
2 112 1.10139
2 113 1.10139
2 114 1.08698
2 115 1.08213
2 116 1.07668
2 117 1.07298
2 118 1.09716
2 119 1.09716
2 120 1.09716
2 121 1.09716
2 122 1.09716
2 123 1.08484
2 124 1.08138
2 125 1.07629
2 126 1.0723
2 127 1.09107
2 128 1.09107
2 129 1.09107
2 130 1.09107
2 131 1.09107
2 132 1.08251
2 133 1.07899
2 134 1.07369
2 135 1.0702
2 136 1.0843
2 137 1.0843
2 138 1.0843
2 139 1.0843
2 140 1.0843
2 141 1.07731
2 142 1.07362
2 143 1.06955
2 144 1.06735
3 1 1.304
3 2 1.304
3 3 1.304
3 4 1.304
3 5 1.304
3 6 1.11609
3 7 1.09905
3 8 1.08558
3 9 1.07851
3 10 1.14565
3 11 1.14565
3 12 1.14565
3 13 1.14565
3 14 1.14565
3 15 1.10818
3 16 1.09409
3 17 1.08247
3 18 1.07761
3 19 1.11728
3 20 1.11728
3 21 1.11728
3 22 1.11728
3 23 1.11728
3 24 1.09683
3 25 1.08746
3 26 1.07919
3 27 1.07479
3 28 1.10002
3 29 1.10002
3 30 1.10002
3 31 1.10002
3 32 1.10002
3 33 1.08775
3 34 1.08104
3 35 1.07451
3 36 1.07119
3 37 1.14705
3 38 1.14705
3 39 1.14705
3 40 1.14705
3 41 1.14705
3 42 1.10499
3 43 1.09369
3 44 1.08418
3 45 1.07855
3 46 1.1281
3 47 1.1281
3 48 1.1281
3 49 1.1281
3 50 1.1281
3 51 1.10052
3 52 1.09181
3 53 1.08292
3 54 1.07793
3 55 1.11069
3 56 1.11069
3 57 1.11069
3 58 1.11069
3 59 1.11069
3 60 1.0951
3 61 1.08784
3 62 1.07975
3 63 1.07505
3 64 1.097
3 65 1.097
3 66 1.097
3 67 1.097
3 68 1.097
3 69 1.08665
3 70 1.08072
3 71 1.07457
3 72 1.07137
3 73 1.11886
3 74 1.11886
3 75 1.11886
3 76 1.11886
3 77 1.11886
3 78 1.09527
3 79 1.08769
3 80 1.08106
3 81 1.0764
3 82 1.11104
3 83 1.11104
3 84 1.11104
3 85 1.11104
3 86 1.11104
3 87 1.09262
3 88 1.08676
3 89 1.08049
3 90 1.07581
3 91 1.101
3 92 1.101
3 93 1.101
3 94 1.101
3 95 1.101
3 96 1.08975
3 97 1.08417
3 98 1.07749
3 99 1.07326
3 100 1.09123
3 101 1.09123
3 102 1.09123
3 103 1.09123
3 104 1.09123
3 105 1.08258
3 106 1.07778
3 107 1.07264
3 108 1.06991
3 109 1.10139
3 110 1.10139
3 111 1.10139
3 112 1.10139
3 113 1.10139
3 114 1.08698
3 115 1.08213
3 116 1.07668
3 117 1.07298
3 118 1.09716
3 119 1.09716
3 120 1.09716
3 121 1.09716
3 122 1.09716
3 123 1.08484
3 124 1.08138
3 125 1.07629
3 126 1.0723
3 127 1.09107
3 128 1.09107
3 129 1.09107
3 130 1.09107
3 131 1.09107
3 132 1.08251
3 133 1.07899
3 134 1.07369
3 135 1.0702
3 136 1.0843
3 137 1.0843
3 138 1.0843
3 139 1.0843
3 140 1.0843
3 141 1.07731
3 142 1.07362
3 143 1.06955
3 144 1.06735
4 1 1.304
4 2 1.304
4 3 1.304
4 4 1.304
4 5 1.304
4 6 1.11609
4 7 1.09905
4 8 1.08558
4 9 1.07851
4 10 1.14565
4 11 1.14565
4 12 1.14565
4 13 1.14565
4 14 1.14565
4 15 1.10818
4 16 1.09409
4 17 1.08247
4 18 1.07761
4 19 1.11728
4 20 1.11728
4 21 1.11728
4 22 1.11728
4 23 1.11728
4 24 1.09683
4 25 1.08746
4 26 1.07919
4 27 1.07479
4 28 1.10002
4 29 1.10002
4 30 1.10002
4 31 1.10002
4 32 1.10002
4 33 1.08775
4 34 1.08104
4 35 1.07451
4 36 1.07119
4 37 1.14705
4 38 1.14705
4 39 1.14705
4 40 1.14705
4 41 1.14705
4 42 1.10499
4 43 1.09369
4 44 1.08418
4 45 1.07855
4 46 1.1281
4 47 1.1281
4 48 1.1281
4 49 1.1281
4 50 1.1281
4 51 1.10052
4 52 1.09181
4 53 1.08292
4 54 1.07793
4 55 1.11069
4 56 1.11069
4 57 1.11069
4 58 1.11069
4 59 1.11069
4 60 1.0951
4 61 1.08784
4 62 1.07975
4 63 1.07505
4 64 1.097
4 65 1.097
4 66 1.097
4 67 1.097
4 68 1.097
4 69 1.08665
4 70 1.08072
4 71 1.07457
4 72 1.07137
4 73 1.11886
4 74 1.11886
4 75 1.11886
4 76 1.11886
4 77 1.11886
4 78 1.09527
4 79 1.08769
4 80 1.08106
4 81 1.0764
4 82 1.11104
4 83 1.11104
4 84 1.11104
4 85 1.11104
4 86 1.11104
4 87 1.09262
4 88 1.08676
4 89 1.08049
4 90 1.07581
4 91 1.101
4 92 1.101
4 93 1.101
4 94 1.101
4 95 1.101
4 96 1.08975
4 97 1.08417
4 98 1.07749
4 99 1.07326
4 100 1.09123
4 101 1.09123
4 102 1.09123
4 103 1.09123
4 104 1.09123
4 105 1.08258
4 106 1.07778
4 107 1.07264
4 108 1.06991
4 109 1.10139
4 110 1.10139
4 111 1.10139
4 112 1.10139
4 113 1.10139
4 114 1.08698
4 115 1.08213
4 116 1.07668
4 117 1.07298
4 118 1.09716
4 119 1.09716
4 120 1.09716
4 121 1.09716
4 122 1.09716
4 123 1.08484
4 124 1.08138
4 125 1.07629
4 126 1.0723
4 127 1.09107
4 128 1.09107
4 129 1.09107
4 130 1.09107
4 131 1.09107
4 132 1.08251
4 133 1.07899
4 134 1.07369
4 135 1.0702
4 136 1.0843
4 137 1.0843
4 138 1.0843
4 139 1.0843
4 140 1.0843
4 141 1.07731
4 142 1.07362
4 143 1.06955
4 144 1.06735
5 1 1.304
5 2 1.304
5 3 1.304
5 4 1.304
5 5 1.304
5 6 1.11609
5 7 1.09905
5 8 1.08558
5 9 1.07851
5 10 1.14565
5 11 1.14565
5 12 1.14565
5 13 1.14565
5 14 1.14565
5 15 1.10818
5 16 1.09409
5 17 1.08247
5 18 1.07761
5 19 1.11728
5 20 1.11728
5 21 1.11728
5 22 1.11728
5 23 1.11728
5 24 1.09683
5 25 1.08746
5 26 1.07919
5 27 1.07479
5 28 1.10002
5 29 1.10002
5 30 1.10002
5 31 1.10002
5 32 1.10002
5 33 1.08775
5 34 1.08104
5 35 1.07451
5 36 1.07119
5 37 1.14705
5 38 1.14705
5 39 1.14705
5 40 1.14705
5 41 1.14705
5 42 1.10499
5 43 1.09369
5 44 1.08418
5 45 1.07855
5 46 1.1281
5 47 1.1281
5 48 1.1281
5 49 1.1281
5 50 1.1281
5 51 1.10052
5 52 1.09181
5 53 1.08292
5 54 1.07793
5 55 1.11069
5 56 1.11069
5 57 1.11069
5 58 1.11069
5 59 1.11069
5 60 1.0951
5 61 1.08784
5 62 1.07975
5 63 1.07505
5 64 1.097
5 65 1.097
5 66 1.097
5 67 1.097
5 68 1.097
5 69 1.08665
5 70 1.08072
5 71 1.07457
5 72 1.07137
5 73 1.11886
5 74 1.11886
5 75 1.11886
5 76 1.11886
5 77 1.11886
5 78 1.09527
5 79 1.08769
5 80 1.08106
5 81 1.0764
5 82 1.11104
5 83 1.11104
5 84 1.11104
5 85 1.11104
5 86 1.11104
5 87 1.09262
5 88 1.08676
5 89 1.08049
5 90 1.07581
5 91 1.101
5 92 1.101
5 93 1.101
5 94 1.101
5 95 1.101
5 96 1.08975
5 97 1.08417
5 98 1.07749
5 99 1.07326
5 100 1.09123
5 101 1.09123
5 102 1.09123
5 103 1.09123
5 104 1.09123
5 105 1.08258
5 106 1.07778
5 107 1.07264
5 108 1.06991
5 109 1.10139
5 110 1.10139
5 111 1.10139
5 112 1.10139
5 113 1.10139
5 114 1.08698
5 115 1.08213
5 116 1.07668
5 117 1.07298
5 118 1.09716
5 119 1.09716
5 120 1.09716
5 121 1.09716
5 122 1.09716
5 123 1.08484
5 124 1.08138
5 125 1.07629
5 126 1.0723
5 127 1.09107
5 128 1.09107
5 129 1.09107
5 130 1.09107
5 131 1.09107
5 132 1.08251
5 133 1.07899
5 134 1.07369
5 135 1.0702
5 136 1.0843
5 137 1.0843
5 138 1.0843
5 139 1.0843
5 140 1.0843
5 141 1.07731
5 142 1.07362
5 143 1.06955
5 144 1.06735
6 1 1.11609
6 2 1.11609
6 3 1.11609
6 4 1.11609
6 5 1.11609
6 6 4.92218
6 7 1.87341
6 8 1.35695
6 9 1.20063
6 10 1.10852
6 11 1.10852
6 12 1.10852
6 13 1.10852
6 14 1.10852
6 15 1.39105
6 16 1.33344
6 17 1.22805
6 18 1.18447
6 19 1.09746
6 20 1.09746
6 21 1.09746
6 22 1.09746
6 23 1.09746
6 24 1.18375
6 25 1.18685
6 26 1.17246
6 27 1.15613
6 28 1.08764
6 29 1.08764
6 30 1.08764
6 31 1.08764
6 32 1.08764
6 33 1.13027
6 34 1.13563
6 35 1.13351
6 36 1.13069
6 37 1.10738
6 38 1.10738
6 39 1.10738
6 40 1.10738
6 41 1.10738
6 42 1.36862
6 43 1.31641
6 44 1.23346
6 45 1.18281
6 46 1.10425
6 47 1.10425
6 48 1.10425
6 49 1.10425
6 50 1.10425
6 51 1.24013
6 52 1.23322
6 53 1.19822
6 54 1.1732
6 55 1.09581
6 56 1.09581
6 57 1.09581
6 58 1.09581
6 59 1.09581
6 60 1.17095
6 61 1.17372
6 62 1.16262
6 63 1.1504
6 64 1.08685
6 65 1.08685
6 66 1.08685
6 67 1.08685
6 68 1.08685
6 69 1.12718
6 70 1.13245
6 71 1.13044
6 72 1.128
6 73 1.09735
6 74 1.09735
6 75 1.09735
6 76 1.09735
6 77 1.09735
6 78 1.19006
6 79 1.19067
6 80 1.17295
6 81 1.15651
6 82 1.09542
6 83 1.09542
6 84 1.09542
6 85 1.09542
6 86 1.09542
6 87 1.17462
6 88 1.17404
6 89 1.16354
6 90 1.15141
6 91 1.08998
6 92 1.08998
6 93 1.08998
6 94 1.08998
6 95 1.08998
6 96 1.14766
6 97 1.15036
6 98 1.14339
6 99 1.13641
6 100 1.08323
6 101 1.08323
6 102 1.08323
6 103 1.08323
6 104 1.08323
6 105 1.11457
6 106 1.12054
6 107 1.12055
6 108 1.11953
6 109 1.08809
6 110 1.08809
6 111 1.08809
6 112 1.08809
6 113 1.08809
6 114 1.13383
6 115 1.14342
6 116 1.13774
6 117 1.13265
6 118 1.08667
6 119 1.08667
6 120 1.08667
6 121 1.08667
6 122 1.08667
6 123 1.13361
6 124 1.13928
6 125 1.13479
6 126 1.1297
6 127 1.08301
6 128 1.08301
6 129 1.08301
6 130 1.08301
6 131 1.08301
6 132 1.12115
6 133 1.1273
6 134 1.12361
6 135 1.12036
6 136 1.0782
6 137 1.0782
6 138 1.0782
6 139 1.0782
6 140 1.0782
6 141 1.10068
6 142 1.10676
6 143 1.10838
6 144 1.10851
7 1 1.09905
7 2 1.09905
7 3 1.09905
7 4 1.09905
7 5 1.09905
7 6 1.87341
7 7 4.99362
7 8 1.81425
7 9 1.28484
7 10 1.09619
7 11 1.09619
7 12 1.09619
7 13 1.09619
7 14 1.09619
7 15 1.33171
7 16 1.40732
7 17 1.29663
7 18 1.2394
7 19 1.08907
7 20 1.08907
7 21 1.08907
7 22 1.08907
7 23 1.08907
7 24 1.18337
7 25 1.20759
7 26 1.20709
7 27 1.19198
7 28 1.08184
7 29 1.08184
7 30 1.08184
7 31 1.08184
7 32 1.08184
7 33 1.13503
7 34 1.14865
7 35 1.1543
7 36 1.15493
7 37 1.09577
7 38 1.09577
7 39 1.09577
7 40 1.09577
7 41 1.09577
7 42 1.32868
7 43 1.39474
7 44 1.30614
7 45 1.23736
7 46 1.09466
7 47 1.09466
7 48 1.09466
7 49 1.09466
7 50 1.09466
7 51 1.23551
7 52 1.26036
7 53 1.23927
7 54 1.21554
7 55 1.08869
7 56 1.08869
7 57 1.08869
7 58 1.08869
7 59 1.08869
7 60 1.17443
7 61 1.18937
7 62 1.18971
7 63 1.18097
7 64 1.08167
7 65 1.08167
7 66 1.08167
7 67 1.08167
7 68 1.08167
7 69 1.13225
7 70 1.14441
7 71 1.14913
7 72 1.1499
7 73 1.08955
7 74 1.08955
7 75 1.08955
7 76 1.08955
7 77 1.08955
7 78 1.19692
7 79 1.21457
7 80 1.2055
7 81 1.19192
7 82 1.08857
7 83 1.08857
7 84 1.08857
7 85 1.08857
7 86 1.08857
7 87 1.18212
7 88 1.1914
7 89 1.18958
7 90 1.18152
7 91 1.08444
7 92 1.08444
7 93 1.08444
7 94 1.08444
7 95 1.08444
7 96 1.15428
7 97 1.16381
7 98 1.16389
7 99 1.1604
7 100 1.07893
7 101 1.07893
7 102 1.07893
7 103 1.07893
7 104 1.07893
7 105 1.11991
7 106 1.1312
7 107 1.13636
7 108 1.13795
7 109 1.08276
7 110 1.08276
7 111 1.08276
7 112 1.08276
7 113 1.08276
7 114 1.14244
7 115 1.15887
7 116 1.15851
7 117 1.15673
7 118 1.08181
7 119 1.08181
7 120 1.08181
7 121 1.08181
7 122 1.08181
7 123 1.14254
7 124 1.1528
7 125 1.15305
7 126 1.15125
7 127 1.07886
7 128 1.07886
7 129 1.07886
7 130 1.07886
7 131 1.07886
7 132 1.12842
7 133 1.13894
7 134 1.13934
7 135 1.13866
7 136 1.0748
7 137 1.0748
7 138 1.0748
7 139 1.0748
7 140 1.0748
7 141 1.10566
7 142 1.11585
7 143 1.12127
7 144 1.12336
8 1 1.08558
8 2 1.08558
8 3 1.08558
8 4 1.08558
8 5 1.08558
8 6 1.35695
8 7 1.81425
8 8 5.92989
8 9 1.51098
8 10 1.08427
8 11 1.08427
8 12 1.08427
8 13 1.08427
8 14 1.08427
8 15 1.23208
8 16 1.31305
8 17 1.34718
8 18 1.3154
8 19 1.08002
8 20 1.08002
8 21 1.08002
8 22 1.08002
8 23 1.08002
8 24 1.16329
8 25 1.20169
8 26 1.23355
8 27 1.23261
8 28 1.07516
8 29 1.07516
8 30 1.07516
8 31 1.07516
8 32 1.07516
8 33 1.13144
8 34 1.15378
8 35 1.17254
8 36 1.18045
8 37 1.0845
8 38 1.0845
8 39 1.0845
8 40 1.0845
8 41 1.0845
8 42 1.23547
8 43 1.30131
8 44 1.35091
8 45 1.31359
8 46 1.08408
8 47 1.08408
8 48 1.08408
8 49 1.08408
8 50 1.08408
8 51 1.19277
8 52 1.22987
8 53 1.25918
8 54 1.26197
8 55 1.08022
8 56 1.08022
8 57 1.08022
8 58 1.08022
8 59 1.08022
8 60 1.15823
8 61 1.18358
8 62 1.20703
8 63 1.21131
8 64 1.07526
8 65 1.07526
8 66 1.07526
8 67 1.07526
8 68 1.07526
8 69 1.12852
8 70 1.14804
8 71 1.16382
8 72 1.17089
8 73 1.08094
8 74 1.08094
8 75 1.08094
8 76 1.08094
8 77 1.08094
8 78 1.17476
8 79 1.20184
8 80 1.22333
8 81 1.23089
8 82 1.08032
8 83 1.08032
8 84 1.08032
8 85 1.08032
8 86 1.08032
8 87 1.16588
8 88 1.18354
8 89 1.2025
8 90 1.2099
8 91 1.07741
8 92 1.07741
8 93 1.07741
8 94 1.07741
8 95 1.07741
8 96 1.14573
8 97 1.16227
8 98 1.17636
8 99 1.182
8 100 1.07331
8 101 1.07331
8 102 1.07331
8 103 1.07331
8 104 1.07331
8 105 1.11833
8 106 1.13515
8 107 1.14823
8 108 1.1544
8 109 1.07635
8 110 1.07635
8 111 1.07635
8 112 1.07635
8 113 1.07635
8 114 1.13868
8 115 1.16008
8 116 1.17257
8 117 1.1803
8 118 1.07558
8 119 1.07558
8 120 1.07558
8 121 1.07558
8 122 1.07558
8 123 1.13905
8 124 1.15317
8 125 1.16357
8 126 1.17008
8 127 1.07331
8 128 1.07331
8 129 1.07331
8 130 1.07331
8 131 1.07331
8 132 1.12655
8 133 1.14108
8 134 1.14934
8 135 1.15414
8 136 1.07013
8 137 1.07013
8 138 1.07013
8 139 1.07013
8 140 1.07013
8 141 1.10591
8 142 1.12012
8 143 1.13081
8 144 1.13593
9 1 1.07851
9 2 1.07851
9 3 1.07851
9 4 1.07851
9 5 1.07851
9 6 1.20063
9 7 1.28484
9 8 1.51098
9 9 2.12572
9 10 1.07775
9 11 1.07775
9 12 1.07775
9 13 1.07775
9 14 1.07775
9 15 1.17637
9 16 1.24043
9 17 1.31371
9 18 1.36549
9 19 1.0749
9 20 1.0749
9 21 1.0749
9 22 1.0749
9 23 1.0749
9 24 1.1487
9 25 1.19137
9 26 1.23985
9 27 1.25506
9 28 1.0713
9 29 1.0713
9 30 1.0713
9 31 1.0713
9 32 1.0713
9 33 1.12758
9 34 1.15432
9 35 1.18104
9 36 1.19415
9 37 1.07833
9 38 1.07833
9 39 1.07833
9 40 1.07833
9 41 1.07833
9 42 1.18165
9 43 1.23118
9 44 1.30781
9 45 1.36787
9 46 1.07812
9 47 1.07812
9 48 1.07812
9 49 1.07812
9 50 1.07812
9 51 1.16493
9 52 1.20327
9 53 1.25657
9 54 1.28859
9 55 1.07535
9 56 1.07535
9 57 1.07535
9 58 1.07535
9 59 1.07535
9 60 1.14616
9 61 1.17586
9 62 1.2125
9 63 1.22733
9 64 1.07152
9 65 1.07152
9 66 1.07152
9 67 1.07152
9 68 1.07152
9 69 1.12475
9 70 1.14809
9 71 1.17055
9 72 1.1818
9 73 1.07609
9 74 1.07609
9 75 1.07609
9 76 1.07609
9 77 1.07609
9 78 1.15843
9 79 1.18848
9 80 1.22769
9 81 1.25465
9 82 1.07557
9 83 1.07557
9 84 1.07557
9 85 1.07557
9 86 1.07557
9 87 1.15342
9 88 1.17481
9 89 1.20621
9 90 1.22538
9 91 1.07331
9 92 1.07331
9 93 1.07331
9 94 1.07331
9 95 1.07331
9 96 1.13856
9 97 1.15866
9 98 1.18133
9 99 1.19324
9 100 1.06999
9 101 1.06999
9 102 1.06999
9 103 1.06999
9 104 1.06999
9 105 1.11619
9 106 1.13595
9 107 1.15378
9 108 1.16285
9 109 1.07267
9 110 1.07267
9 111 1.07267
9 112 1.07267
9 113 1.07267
9 114 1.13467
9 115 1.15841
9 116 1.1794
9 117 1.19395
9 118 1.07194
9 119 1.07194
9 120 1.07194
9 121 1.07194
9 122 1.07194
9 123 1.13515
9 124 1.15119
9 125 1.16808
9 126 1.18021
9 127 1.07003
9 128 1.07003
9 129 1.07003
9 130 1.07003
9 131 1.07003
9 132 1.12402
9 133 1.14063
9 134 1.15382
9 135 1.16216
9 136 1.06735
9 137 1.06735
9 138 1.06735
9 139 1.06735
9 140 1.06735
9 141 1.10522
9 142 1.12158
9 143 1.13539
9 144 1.14235
10 1 1.14565
10 2 1.14565
10 3 1.14565
10 4 1.14565
10 5 1.14565
10 6 1.10852
10 7 1.09619
10 8 1.08427
10 9 1.07775
10 10 1.302
10 11 1.302
10 12 1.302
10 13 1.302
10 14 1.302
10 15 1.12005
10 16 1.09939
10 17 1.08526
10 18 1.07939
10 19 1.16016
10 20 1.16016
10 21 1.16016
10 22 1.16016
10 23 1.16016
10 24 1.11185
10 25 1.09617
10 26 1.08379
10 27 1.07795
10 28 1.12487
10 29 1.12487
10 30 1.12487
10 31 1.12487
10 32 1.12487
10 33 1.10097
10 34 1.09002
10 35 1.08012
10 36 1.07525
10 37 1.12822
10 38 1.12822
10 39 1.12822
10 40 1.12822
10 41 1.12822
10 42 1.10216
10 43 1.09287
10 44 1.08367
10 45 1.07802
10 46 1.14532
10 47 1.14532
10 48 1.14532
10 49 1.14532
10 50 1.14532
10 51 1.10761
10 52 1.09618
10 53 1.08556
10 54 1.07974
10 55 1.13376
10 56 1.13376
10 57 1.13376
10 58 1.13376
10 59 1.13376
10 60 1.10559
10 61 1.09492
10 62 1.08404
10 63 1.07811
10 64 1.1161
10 65 1.1161
10 66 1.1161
10 67 1.1161
10 68 1.1161
10 69 1.09755
10 70 1.08849
10 71 1.07973
10 72 1.07527
10 73 1.11105
10 74 1.11105
10 75 1.11105
10 76 1.11105
10 77 1.11105
10 78 1.09376
10 79 1.08745
10 80 1.08071
10 81 1.07592
10 82 1.11753
10 83 1.11753
10 84 1.11753
10 85 1.11753
10 86 1.11753
10 87 1.09705
10 88 1.08987
10 89 1.08269
10 90 1.07737
10 91 1.11333
10 92 1.11333
10 93 1.11333
10 94 1.11333
10 95 1.11333
10 96 1.09663
10 97 1.08912
10 98 1.08099
10 99 1.07596
10 100 1.10433
10 101 1.10433
10 102 1.10433
10 103 1.10433
10 104 1.10433
10 105 1.09076
10 106 1.0839
10 107 1.07704
10 108 1.07345
10 109 1.09712
10 110 1.09712
10 111 1.09712
10 112 1.09712
10 113 1.09712
10 114 1.08573
10 115 1.08183
10 116 1.07626
10 117 1.07248
10 118 1.10025
10 119 1.10025
10 120 1.10025
10 121 1.10025
10 122 1.10025
10 123 1.08741
10 124 1.08351
10 125 1.07792
10 126 1.07354
10 127 1.09815
10 128 1.09815
10 129 1.09815
10 130 1.09815
10 131 1.09815
10 132 1.0869
10 133 1.08239
10 134 1.07641
10 135 1.07248
10 136 1.0931
10 137 1.0931
10 138 1.0931
10 139 1.0931
10 140 1.0931
10 141 1.08327
10 142 1.07831
10 143 1.07317
10 144 1.07044
11 1 1.14565
11 2 1.14565
11 3 1.14565
11 4 1.14565
11 5 1.14565
11 6 1.10852
11 7 1.09619
11 8 1.08427
11 9 1.07775
11 10 1.302
11 11 1.302
11 12 1.302
11 13 1.302
11 14 1.302
11 15 1.12005
11 16 1.09939
11 17 1.08526
11 18 1.07939
11 19 1.16016
11 20 1.16016
11 21 1.16016
11 22 1.16016
11 23 1.16016
11 24 1.11185
11 25 1.09617
11 26 1.08379
11 27 1.07795
11 28 1.12487
11 29 1.12487
11 30 1.12487
11 31 1.12487
11 32 1.12487
11 33 1.10097
11 34 1.09002
11 35 1.08012
11 36 1.07525
11 37 1.12822
11 38 1.12822
11 39 1.12822
11 40 1.12822
11 41 1.12822
11 42 1.10216
11 43 1.09287
11 44 1.08367
11 45 1.07802
11 46 1.14532
11 47 1.14532
11 48 1.14532
11 49 1.14532
11 50 1.14532
11 51 1.10761
11 52 1.09618
11 53 1.08556
11 54 1.07974
11 55 1.13376
11 56 1.13376
11 57 1.13376
11 58 1.13376
11 59 1.13376
11 60 1.10559
11 61 1.09492
11 62 1.08404
11 63 1.07811
11 64 1.1161
11 65 1.1161
11 66 1.1161
11 67 1.1161
11 68 1.1161
11 69 1.09755
11 70 1.08849
11 71 1.07973
11 72 1.07527
11 73 1.11105
11 74 1.11105
11 75 1.11105
11 76 1.11105
11 77 1.11105
11 78 1.09376
11 79 1.08745
11 80 1.08071
11 81 1.07592
11 82 1.11753
11 83 1.11753
11 84 1.11753
11 85 1.11753
11 86 1.11753
11 87 1.09705
11 88 1.08987
11 89 1.08269
11 90 1.07737
11 91 1.11333
11 92 1.11333
11 93 1.11333
11 94 1.11333
11 95 1.11333
11 96 1.09663
11 97 1.08912
11 98 1.08099
11 99 1.07596
11 100 1.10433
11 101 1.10433
11 102 1.10433
11 103 1.10433
11 104 1.10433
11 105 1.09076
11 106 1.0839
11 107 1.07704
11 108 1.07345
11 109 1.09712
11 110 1.09712
11 111 1.09712
11 112 1.09712
11 113 1.09712
11 114 1.08573
11 115 1.08183
11 116 1.07626
11 117 1.07248
11 118 1.10025
11 119 1.10025
11 120 1.10025
11 121 1.10025
11 122 1.10025
11 123 1.08741
11 124 1.08351
11 125 1.07792
11 126 1.07354
11 127 1.09815
11 128 1.09815
11 129 1.09815
11 130 1.09815
11 131 1.09815
11 132 1.0869
11 133 1.08239
11 134 1.07641
11 135 1.07248
11 136 1.0931
11 137 1.0931
11 138 1.0931
11 139 1.0931
11 140 1.0931
11 141 1.08327
11 142 1.07831
11 143 1.07317
11 144 1.07044
12 1 1.14565
12 2 1.14565
12 3 1.14565
12 4 1.14565
12 5 1.14565
12 6 1.10852
12 7 1.09619
12 8 1.08427
12 9 1.07775
12 10 1.302
12 11 1.302
12 12 1.302
12 13 1.302
12 14 1.302
12 15 1.12005
12 16 1.09939
12 17 1.08526
12 18 1.07939
12 19 1.16016
12 20 1.16016
12 21 1.16016
12 22 1.16016
12 23 1.16016
12 24 1.11185
12 25 1.09617
12 26 1.08379
12 27 1.07795
12 28 1.12487
12 29 1.12487
12 30 1.12487
12 31 1.12487
12 32 1.12487
12 33 1.10097
12 34 1.09002
12 35 1.08012
12 36 1.07525
12 37 1.12822
12 38 1.12822
12 39 1.12822
12 40 1.12822
12 41 1.12822
12 42 1.10216
12 43 1.09287
12 44 1.08367
12 45 1.07802
12 46 1.14532
12 47 1.14532
12 48 1.14532
12 49 1.14532
12 50 1.14532
12 51 1.10761
12 52 1.09618
12 53 1.08556
12 54 1.07974
12 55 1.13376
12 56 1.13376
12 57 1.13376
12 58 1.13376
12 59 1.13376
12 60 1.10559
12 61 1.09492
12 62 1.08404
12 63 1.07811
12 64 1.1161
12 65 1.1161
12 66 1.1161
12 67 1.1161
12 68 1.1161
12 69 1.09755
12 70 1.08849
12 71 1.07973
12 72 1.07527
12 73 1.11105
12 74 1.11105
12 75 1.11105
12 76 1.11105
12 77 1.11105
12 78 1.09376
12 79 1.08745
12 80 1.08071
12 81 1.07592
12 82 1.11753
12 83 1.11753
12 84 1.11753
12 85 1.11753
12 86 1.11753
12 87 1.09705
12 88 1.08987
12 89 1.08269
12 90 1.07737
12 91 1.11333
12 92 1.11333
12 93 1.11333
12 94 1.11333
12 95 1.11333
12 96 1.09663
12 97 1.08912
12 98 1.08099
12 99 1.07596
12 100 1.10433
12 101 1.10433
12 102 1.10433
12 103 1.10433
12 104 1.10433
12 105 1.09076
12 106 1.0839
12 107 1.07704
12 108 1.07345
12 109 1.09712
12 110 1.09712
12 111 1.09712
12 112 1.09712
12 113 1.09712
12 114 1.08573
12 115 1.08183
12 116 1.07626
12 117 1.07248
12 118 1.10025
12 119 1.10025
12 120 1.10025
12 121 1.10025
12 122 1.10025
12 123 1.08741
12 124 1.08351
12 125 1.07792
12 126 1.07354
12 127 1.09815
12 128 1.09815
12 129 1.09815
12 130 1.09815
12 131 1.09815
12 132 1.0869
12 133 1.08239
12 134 1.07641
12 135 1.07248
12 136 1.0931
12 137 1.0931
12 138 1.0931
12 139 1.0931
12 140 1.0931
12 141 1.08327
12 142 1.07831
12 143 1.07317
12 144 1.07044
13 1 1.14565
13 2 1.14565
13 3 1.14565
13 4 1.14565
13 5 1.14565
13 6 1.10852
13 7 1.09619
13 8 1.08427
13 9 1.07775
13 10 1.302
13 11 1.302
13 12 1.302
13 13 1.302
13 14 1.302
13 15 1.12005
13 16 1.09939
13 17 1.08526
13 18 1.07939
13 19 1.16016
13 20 1.16016
13 21 1.16016
13 22 1.16016
13 23 1.16016
13 24 1.11185
13 25 1.09617
13 26 1.08379
13 27 1.07795
13 28 1.12487
13 29 1.12487
13 30 1.12487
13 31 1.12487
13 32 1.12487
13 33 1.10097
13 34 1.09002
13 35 1.08012
13 36 1.07525
13 37 1.12822
13 38 1.12822
13 39 1.12822
13 40 1.12822
13 41 1.12822
13 42 1.10216
13 43 1.09287
13 44 1.08367
13 45 1.07802
13 46 1.14532
13 47 1.14532
13 48 1.14532
13 49 1.14532
13 50 1.14532
13 51 1.10761
13 52 1.09618
13 53 1.08556
13 54 1.07974
13 55 1.13376
13 56 1.13376
13 57 1.13376
13 58 1.13376
13 59 1.13376
13 60 1.10559
13 61 1.09492
13 62 1.08404
13 63 1.07811
13 64 1.1161
13 65 1.1161
13 66 1.1161
13 67 1.1161
13 68 1.1161
13 69 1.09755
13 70 1.08849
13 71 1.07973
13 72 1.07527
13 73 1.11105
13 74 1.11105
13 75 1.11105
13 76 1.11105
13 77 1.11105
13 78 1.09376
13 79 1.08745
13 80 1.08071
13 81 1.07592
13 82 1.11753
13 83 1.11753
13 84 1.11753
13 85 1.11753
13 86 1.11753
13 87 1.09705
13 88 1.08987
13 89 1.08269
13 90 1.07737
13 91 1.11333
13 92 1.11333
13 93 1.11333
13 94 1.11333
13 95 1.11333
13 96 1.09663
13 97 1.08912
13 98 1.08099
13 99 1.07596
13 100 1.10433
13 101 1.10433
13 102 1.10433
13 103 1.10433
13 104 1.10433
13 105 1.09076
13 106 1.0839
13 107 1.07704
13 108 1.07345
13 109 1.09712
13 110 1.09712
13 111 1.09712
13 112 1.09712
13 113 1.09712
13 114 1.08573
13 115 1.08183
13 116 1.07626
13 117 1.07248
13 118 1.10025
13 119 1.10025
13 120 1.10025
13 121 1.10025
13 122 1.10025
13 123 1.08741
13 124 1.08351
13 125 1.07792
13 126 1.07354
13 127 1.09815
13 128 1.09815
13 129 1.09815
13 130 1.09815
13 131 1.09815
13 132 1.0869
13 133 1.08239
13 134 1.07641
13 135 1.07248
13 136 1.0931
13 137 1.0931
13 138 1.0931
13 139 1.0931
13 140 1.0931
13 141 1.08327
13 142 1.07831
13 143 1.07317
13 144 1.07044
14 1 1.14565
14 2 1.14565
14 3 1.14565
14 4 1.14565
14 5 1.14565
14 6 1.10852
14 7 1.09619
14 8 1.08427
14 9 1.07775
14 10 1.302
14 11 1.302
14 12 1.302
14 13 1.302
14 14 1.302
14 15 1.12005
14 16 1.09939
14 17 1.08526
14 18 1.07939
14 19 1.16016
14 20 1.16016
14 21 1.16016
14 22 1.16016
14 23 1.16016
14 24 1.11185
14 25 1.09617
14 26 1.08379
14 27 1.07795
14 28 1.12487
14 29 1.12487
14 30 1.12487
14 31 1.12487
14 32 1.12487
14 33 1.10097
14 34 1.09002
14 35 1.08012
14 36 1.07525
14 37 1.12822
14 38 1.12822
14 39 1.12822
14 40 1.12822
14 41 1.12822
14 42 1.10216
14 43 1.09287
14 44 1.08367
14 45 1.07802
14 46 1.14532
14 47 1.14532
14 48 1.14532
14 49 1.14532
14 50 1.14532
14 51 1.10761
14 52 1.09618
14 53 1.08556
14 54 1.07974
14 55 1.13376
14 56 1.13376
14 57 1.13376
14 58 1.13376
14 59 1.13376
14 60 1.10559
14 61 1.09492
14 62 1.08404
14 63 1.07811
14 64 1.1161
14 65 1.1161
14 66 1.1161
14 67 1.1161
14 68 1.1161
14 69 1.09755
14 70 1.08849
14 71 1.07973
14 72 1.07527
14 73 1.11105
14 74 1.11105
14 75 1.11105
14 76 1.11105
14 77 1.11105
14 78 1.09376
14 79 1.08745
14 80 1.08071
14 81 1.07592
14 82 1.11753
14 83 1.11753
14 84 1.11753
14 85 1.11753
14 86 1.11753
14 87 1.09705
14 88 1.08987
14 89 1.08269
14 90 1.07737
14 91 1.11333
14 92 1.11333
14 93 1.11333
14 94 1.11333
14 95 1.11333
14 96 1.09663
14 97 1.08912
14 98 1.08099
14 99 1.07596
14 100 1.10433
14 101 1.10433
14 102 1.10433
14 103 1.10433
14 104 1.10433
14 105 1.09076
14 106 1.0839
14 107 1.07704
14 108 1.07345
14 109 1.09712
14 110 1.09712
14 111 1.09712
14 112 1.09712
14 113 1.09712
14 114 1.08573
14 115 1.08183
14 116 1.07626
14 117 1.07248
14 118 1.10025
14 119 1.10025
14 120 1.10025
14 121 1.10025
14 122 1.10025
14 123 1.08741
14 124 1.08351
14 125 1.07792
14 126 1.07354
14 127 1.09815
14 128 1.09815
14 129 1.09815
14 130 1.09815
14 131 1.09815
14 132 1.0869
14 133 1.08239
14 134 1.07641
14 135 1.07248
14 136 1.0931
14 137 1.0931
14 138 1.0931
14 139 1.0931
14 140 1.0931
14 141 1.08327
14 142 1.07831
14 143 1.07317
14 144 1.07044
15 1 1.10818
15 2 1.10818
15 3 1.10818
15 4 1.10818
15 5 1.10818
15 6 1.39105
15 7 1.33171
15 8 1.23208
15 9 1.17637
15 10 1.12005
15 11 1.12005
15 12 1.12005
15 13 1.12005
15 14 1.12005
15 15 4.68479
15 16 1.75946
15 17 1.29896
15 18 1.1997
15 19 1.11044
15 20 1.11044
15 21 1.11044
15 22 1.11044
15 23 1.11044
15 24 1.44196
15 25 1.33803
15 26 1.23302
15 27 1.17974
15 28 1.09844
15 29 1.09844
15 30 1.09844
15 31 1.09844
15 32 1.09844
15 33 1.20447
15 34 1.19666
15 35 1.16862
15 36 1.15137
15 37 1.10403
15 38 1.10403
15 39 1.10403
15 40 1.10403
15 41 1.10403
15 42 1.25683
15 43 1.24385
15 44 1.19877
15 45 1.16767
15 46 1.1121
15 47 1.1121
15 48 1.1121
15 49 1.1121
15 50 1.1121
15 51 1.3273
15 52 1.28258
15 53 1.22115
15 54 1.18293
15 55 1.10641
15 56 1.10641
15 57 1.10641
15 58 1.10641
15 59 1.10641
15 60 1.25224
15 61 1.2372
15 62 1.19729
15 63 1.16846
15 64 1.0965
15 65 1.0965
15 66 1.0965
15 67 1.0965
15 68 1.0965
15 69 1.17296
15 70 1.17278
15 71 1.15652
15 72 1.14563
15 73 1.09598
15 74 1.09598
15 75 1.09598
15 76 1.09598
15 77 1.09598
15 78 1.17488
15 79 1.17842
15 80 1.16244
15 81 1.14825
15 82 1.10021
15 83 1.10021
15 84 1.10021
15 85 1.10021
15 86 1.10021
15 87 1.20044
15 88 1.19143
15 89 1.17452
15 90 1.15723
15 91 1.09725
15 92 1.09725
15 93 1.09725
15 94 1.09725
15 95 1.09725
15 96 1.18033
15 97 1.17706
15 98 1.16118
15 99 1.14827
15 100 1.0908
15 101 1.0908
15 102 1.0908
15 103 1.0908
15 104 1.0908
15 105 1.13777
15 106 1.14251
15 107 1.13715
15 108 1.13265
15 109 1.08749
15 110 1.08749
15 111 1.08749
15 112 1.08749
15 113 1.08749
15 114 1.13097
15 115 1.14087
15 116 1.13381
15 117 1.12808
15 118 1.08974
15 119 1.08974
15 120 1.08974
15 121 1.08974
15 122 1.08974
15 123 1.14332
15 124 1.14763
15 125 1.14054
15 126 1.13322
15 127 1.08795
15 128 1.08795
15 129 1.08795
15 130 1.08795
15 131 1.08795
15 132 1.1344
15 133 1.13953
15 134 1.13324
15 135 1.12797
15 136 1.0839
15 137 1.0839
15 138 1.0839
15 139 1.0839
15 140 1.0839
15 141 1.1126
15 142 1.11874
15 143 1.11879
15 144 1.11777
16 1 1.09409
16 2 1.09409
16 3 1.09409
16 4 1.09409
16 5 1.09409
16 6 1.33344
16 7 1.40732
16 8 1.31305
16 9 1.24043
16 10 1.09939
16 11 1.09939
16 12 1.09939
16 13 1.09939
16 14 1.09939
16 15 1.75946
16 16 5.16201
16 17 1.68687
16 18 1.30741
16 19 1.09481
16 20 1.09481
16 21 1.09481
16 22 1.09481
16 23 1.09481
16 24 1.33958
16 25 1.49327
16 26 1.35944
16 27 1.25769
16 28 1.08783
16 29 1.08783
16 30 1.08783
16 31 1.08783
16 32 1.08783
16 33 1.2016
16 34 1.22922
16 35 1.21652
16 36 1.20084
16 37 1.09231
16 38 1.09231
16 39 1.09231
16 40 1.09231
16 41 1.09231
16 42 1.24574
16 43 1.27236
16 44 1.244
16 45 1.21602
16 46 1.09718
16 47 1.09718
16 48 1.09718
16 49 1.09718
16 50 1.09718
16 51 1.28095
16 52 1.32653
16 53 1.29009
16 54 1.24597
16 55 1.0936
16 56 1.0936
16 57 1.0936
16 58 1.0936
16 59 1.0936
16 60 1.23443
16 61 1.26696
16 62 1.2523
16 63 1.22338
16 64 1.08704
16 65 1.08704
16 66 1.08704
16 67 1.08704
16 68 1.08704
16 69 1.17383
16 70 1.19313
16 71 1.19163
16 72 1.18598
16 73 1.08721
16 74 1.08721
16 75 1.08721
16 76 1.08721
16 77 1.08721
16 78 1.17903
16 79 1.19528
16 80 1.19028
16 81 1.18205
16 82 1.09011
16 83 1.09011
16 84 1.09011
16 85 1.09011
16 86 1.09011
16 87 1.19909
16 88 1.20728
16 89 1.20626
16 90 1.19605
16 91 1.08797
16 92 1.08797
16 93 1.08797
16 94 1.08797
16 95 1.08797
16 96 1.18046
16 97 1.19193
16 98 1.19083
16 99 1.18471
16 100 1.08326
16 101 1.08326
16 102 1.08326
16 103 1.08326
16 104 1.08326
16 105 1.14205
16 106 1.15728
16 107 1.16229
16 108 1.16282
16 109 1.08109
16 110 1.08109
16 111 1.08109
16 112 1.08109
16 113 1.08109
16 114 1.13759
16 115 1.15405
16 116 1.15333
16 117 1.15184
16 118 1.08274
16 119 1.08274
16 120 1.08274
16 121 1.08274
16 122 1.08274
16 123 1.14999
16 124 1.1604
16 125 1.16094
16 126 1.15903
16 127 1.08131
16 128 1.08131
16 129 1.08131
16 130 1.08131
16 131 1.08131
16 132 1.14019
16 133 1.15192
16 134 1.15332
16 135 1.15287
16 136 1.07816
16 137 1.07816
16 138 1.07816
16 139 1.07816
16 140 1.07816
16 141 1.11774
16 142 1.13046
16 143 1.13726
16 144 1.13979
17 1 1.08247
17 2 1.08247
17 3 1.08247
17 4 1.08247
17 5 1.08247
17 6 1.22805
17 7 1.29663
17 8 1.34718
17 9 1.31371
17 10 1.08526
17 11 1.08526
17 12 1.08526
17 13 1.08526
17 14 1.08526
17 15 1.29896
17 16 1.68687
17 17 3.73321
17 18 1.52694
17 19 1.08312
17 20 1.08312
17 21 1.08312
17 22 1.08312
17 23 1.08312
17 24 1.23437
17 25 1.35657
17 26 1.49781
17 27 1.36727
17 28 1.07926
17 29 1.07926
17 30 1.07926
17 31 1.07926
17 32 1.07926
17 33 1.178
17 34 1.22336
17 35 1.25679
17 36 1.25969
17 37 1.08208
17 38 1.08208
17 39 1.08208
17 40 1.08208
17 41 1.08208
17 42 1.19861
17 43 1.23771
17 44 1.26308
17 45 1.26398
17 46 1.08516
17 47 1.08516
17 48 1.08516
17 49 1.08516
17 50 1.08516
17 51 1.21392
17 52 1.2716
17 53 1.34116
17 54 1.32082
17 55 1.08318
17 56 1.08318
17 57 1.08318
17 58 1.08318
17 59 1.08318
17 60 1.19566
17 61 1.24556
17 62 1.29626
17 63 1.2885
17 64 1.07915
17 65 1.07915
17 66 1.07915
17 67 1.07915
17 68 1.07915
17 69 1.16194
17 70 1.19611
17 71 1.22272
17 72 1.23143
17 73 1.07911
17 74 1.07911
17 75 1.07911
17 76 1.07911
17 77 1.07911
17 78 1.16454
17 79 1.18907
17 80 1.20535
17 81 1.21236
17 82 1.08117
17 83 1.08117
17 84 1.08117
17 85 1.08117
17 86 1.08117
17 87 1.17867
17 88 1.19896
17 89 1.22586
17 90 1.2341
17 91 1.07985
17 92 1.07985
17 93 1.07985
17 94 1.07985
17 95 1.07985
17 96 1.16647
17 97 1.1897
17 98 1.21341
17 99 1.22243
17 100 1.07671
17 101 1.07671
17 102 1.07671
17 103 1.07671
17 104 1.07671
17 105 1.13949
17 106 1.16461
17 107 1.1851
17 108 1.19447
17 109 1.07493
17 110 1.07493
17 111 1.07493
17 112 1.07493
17 113 1.07493
17 114 1.13529
17 115 1.15631
17 116 1.1659
17 117 1.17199
17 118 1.07621
17 119 1.07621
17 120 1.07621
17 121 1.07621
17 122 1.07621
17 123 1.14663
17 124 1.16193
17 125 1.17449
17 126 1.18218
17 127 1.07525
17 128 1.07525
17 129 1.07525
17 130 1.07525
17 131 1.07525
17 132 1.13838
17 133 1.15593
17 134 1.16894
17 135 1.17651
17 136 1.073
17 137 1.073
17 138 1.073
17 139 1.073
17 140 1.073
17 141 1.11934
17 142 1.13846
17 143 1.15396
17 144 1.16151
18 1 1.07761
18 2 1.07761
18 3 1.07761
18 4 1.07761
18 5 1.07761
18 6 1.18447
18 7 1.2394
18 8 1.3154
18 9 1.36549
18 10 1.07939
18 11 1.07939
18 12 1.07939
18 13 1.07939
18 14 1.07939
18 15 1.1997
18 16 1.30741
18 17 1.52694
18 18 2.09694
18 19 1.07795
18 20 1.07795
18 21 1.07795
18 22 1.07795
18 23 1.07795
18 24 1.18468
18 25 1.263
18 26 1.37486
18 27 1.42885
18 28 1.07523
18 29 1.07523
18 30 1.07523
18 31 1.07523
18 32 1.07523
18 33 1.15993
18 34 1.20627
18 35 1.25782
18 36 1.28479
18 37 1.07759
18 38 1.07759
18 39 1.07759
18 40 1.07759
18 41 1.07759
18 42 1.17435
18 43 1.214
18 44 1.26138
18 45 1.28974
18 46 1.07979
18 47 1.07979
18 48 1.07979
18 49 1.07979
18 50 1.07979
18 51 1.18002
18 52 1.22881
18 53 1.30772
18 54 1.35611
18 55 1.07833
18 56 1.07833
18 57 1.07833
18 58 1.07833
18 59 1.07833
18 60 1.17047
18 61 1.2168
18 62 1.28293
18 63 1.3139
18 64 1.0753
18 65 1.0753
18 66 1.0753
18 67 1.0753
18 68 1.0753
18 69 1.15042
18 70 1.18784
18 71 1.22752
18 72 1.2483
18 73 1.0754
18 74 1.0754
18 75 1.0754
18 76 1.0754
18 77 1.0754
18 78 1.15466
18 79 1.18161
18 80 1.20894
18 81 1.22602
18 82 1.07695
18 83 1.07695
18 84 1.07695
18 85 1.07695
18 86 1.07695
18 87 1.16418
18 88 1.18769
18 89 1.22603
18 90 1.24834
18 91 1.0759
18 92 1.0759
18 93 1.0759
18 94 1.0759
18 95 1.0759
18 96 1.15472
18 97 1.18112
18 98 1.21593
18 99 1.23564
18 100 1.07341
18 101 1.07341
18 102 1.07341
18 103 1.07341
18 104 1.07341
18 105 1.13447
18 106 1.16286
18 107 1.19079
18 108 1.20544
18 109 1.072
18 110 1.072
18 111 1.072
18 112 1.072
18 113 1.072
18 114 1.13207
18 115 1.15458
18 116 1.16978
18 117 1.18022
18 118 1.073
18 119 1.073
18 120 1.073
18 121 1.073
18 122 1.073
18 123 1.14174
18 124 1.1587
18 125 1.17725
18 126 1.19033
18 127 1.07218
18 128 1.07218
18 129 1.07218
18 130 1.07218
18 131 1.07218
18 132 1.13434
18 133 1.15389
18 134 1.17255
18 135 1.18443
18 136 1.07032
18 137 1.07032
18 138 1.07032
18 139 1.07032
18 140 1.07032
18 141 1.11773
18 142 1.1392
18 143 1.1587
18 144 1.16877
19 1 1.11728
19 2 1.11728
19 3 1.11728
19 4 1.11728
19 5 1.11728
19 6 1.09746
19 7 1.08907
19 8 1.08002
19 9 1.0749
19 10 1.16016
19 11 1.16016
19 12 1.16016
19 13 1.16016
19 14 1.16016
19 15 1.11044
19 16 1.09481
19 17 1.08312
19 18 1.07795
19 19 1.30278
19 20 1.30278
19 21 1.30278
19 22 1.30278
19 23 1.30278
19 24 1.11783
19 25 1.09816
19 26 1.08407
19 27 1.07798
19 28 1.16101
19 29 1.16101
19 30 1.16101
19 31 1.16101
19 32 1.16101
19 33 1.11126
19 34 1.09545
19 35 1.0827
19 36 1.07667
19 37 1.11076
19 38 1.11076
19 39 1.11076
19 40 1.11076
19 41 1.11076
19 42 1.09441
19 43 1.08755
19 44 1.08003
19 45 1.07527
19 46 1.13372
19 47 1.13372
19 48 1.13372
19 49 1.13372
19 50 1.13372
19 51 1.10301
19 52 1.09291
19 53 1.08348
19 54 1.07828
19 55 1.14574
19 56 1.14574
19 57 1.14574
19 58 1.14574
19 59 1.14574
19 60 1.107
19 61 1.09532
19 62 1.08397
19 63 1.07803
19 64 1.13459
19 65 1.13459
19 66 1.13459
19 67 1.13459
19 68 1.13459
19 69 1.10419
19 70 1.09229
19 71 1.08173
19 72 1.07651
19 73 1.10102
19 74 1.10102
19 75 1.10102
19 76 1.10102
19 77 1.10102
19 78 1.08851
19 79 1.08361
19 80 1.0777
19 81 1.07347
19 82 1.11335
19 83 1.11335
19 84 1.11335
19 85 1.11335
19 86 1.11335
19 87 1.0944
19 88 1.08761
19 89 1.081
19 90 1.0761
19 91 1.11771
19 92 1.11771
19 93 1.11771
19 94 1.11771
19 95 1.11771
19 96 1.0969
19 97 1.08889
19 98 1.08078
19 99 1.07586
19 100 1.11392
19 101 1.11392
19 102 1.11392
19 103 1.11392
19 104 1.11392
19 105 1.09497
19 106 1.08649
19 107 1.07858
19 108 1.07453
19 109 1.09107
19 110 1.09107
19 111 1.09107
19 112 1.09107
19 113 1.09107
19 114 1.08202
19 115 1.0789
19 116 1.07382
19 117 1.07037
19 118 1.09817
19 119 1.09817
19 120 1.09817
19 121 1.09817
19 122 1.09817
19 123 1.08572
19 124 1.08189
19 125 1.07662
19 126 1.07249
19 127 1.10034
19 128 1.10034
19 129 1.10034
19 130 1.10034
19 131 1.10034
19 132 1.08706
19 133 1.08209
19 134 1.07626
19 135 1.07242
19 136 1.09859
19 137 1.09859
19 138 1.09859
19 139 1.09859
19 140 1.09859
19 141 1.08608
19 142 1.08016
19 143 1.07439
19 144 1.07138
20 1 1.11728
20 2 1.11728
20 3 1.11728
20 4 1.11728
20 5 1.11728
20 6 1.09746
20 7 1.08907
20 8 1.08002
20 9 1.0749
20 10 1.16016
20 11 1.16016
20 12 1.16016
20 13 1.16016
20 14 1.16016
20 15 1.11044
20 16 1.09481
20 17 1.08312
20 18 1.07795
20 19 1.30278
20 20 1.30278
20 21 1.30278
20 22 1.30278
20 23 1.30278
20 24 1.11783
20 25 1.09816
20 26 1.08407
20 27 1.07798
20 28 1.16101
20 29 1.16101
20 30 1.16101
20 31 1.16101
20 32 1.16101
20 33 1.11126
20 34 1.09545
20 35 1.0827
20 36 1.07667
20 37 1.11076
20 38 1.11076
20 39 1.11076
20 40 1.11076
20 41 1.11076
20 42 1.09441
20 43 1.08755
20 44 1.08003
20 45 1.07527
20 46 1.13372
20 47 1.13372
20 48 1.13372
20 49 1.13372
20 50 1.13372
20 51 1.10301
20 52 1.09291
20 53 1.08348
20 54 1.07828
20 55 1.14574
20 56 1.14574
20 57 1.14574
20 58 1.14574
20 59 1.14574
20 60 1.107
20 61 1.09532
20 62 1.08397
20 63 1.07803
20 64 1.13459
20 65 1.13459
20 66 1.13459
20 67 1.13459
20 68 1.13459
20 69 1.10419
20 70 1.09229
20 71 1.08173
20 72 1.07651
20 73 1.10102
20 74 1.10102
20 75 1.10102
20 76 1.10102
20 77 1.10102
20 78 1.08851
20 79 1.08361
20 80 1.0777
20 81 1.07347
20 82 1.11335
20 83 1.11335
20 84 1.11335
20 85 1.11335
20 86 1.11335
20 87 1.0944
20 88 1.08761
20 89 1.081
20 90 1.0761
20 91 1.11771
20 92 1.11771
20 93 1.11771
20 94 1.11771
20 95 1.11771
20 96 1.0969
20 97 1.08889
20 98 1.08078
20 99 1.07586
20 100 1.11392
20 101 1.11392
20 102 1.11392
20 103 1.11392
20 104 1.11392
20 105 1.09497
20 106 1.08649
20 107 1.07858
20 108 1.07453
20 109 1.09107
20 110 1.09107
20 111 1.09107
20 112 1.09107
20 113 1.09107
20 114 1.08202
20 115 1.0789
20 116 1.07382
20 117 1.07037
20 118 1.09817
20 119 1.09817
20 120 1.09817
20 121 1.09817
20 122 1.09817
20 123 1.08572
20 124 1.08189
20 125 1.07662
20 126 1.07249
20 127 1.10034
20 128 1.10034
20 129 1.10034
20 130 1.10034
20 131 1.10034
20 132 1.08706
20 133 1.08209
20 134 1.07626
20 135 1.07242
20 136 1.09859
20 137 1.09859
20 138 1.09859
20 139 1.09859
20 140 1.09859
20 141 1.08608
20 142 1.08016
20 143 1.07439
20 144 1.07138
21 1 1.11728
21 2 1.11728
21 3 1.11728
21 4 1.11728
21 5 1.11728
21 6 1.09746
21 7 1.08907
21 8 1.08002
21 9 1.0749
21 10 1.16016
21 11 1.16016
21 12 1.16016
21 13 1.16016
21 14 1.16016
21 15 1.11044
21 16 1.09481
21 17 1.08312
21 18 1.07795
21 19 1.30278
21 20 1.30278
21 21 1.30278
21 22 1.30278
21 23 1.30278
21 24 1.11783
21 25 1.09816
21 26 1.08407
21 27 1.07798
21 28 1.16101
21 29 1.16101
21 30 1.16101
21 31 1.16101
21 32 1.16101
21 33 1.11126
21 34 1.09545
21 35 1.0827
21 36 1.07667
21 37 1.11076
21 38 1.11076
21 39 1.11076
21 40 1.11076
21 41 1.11076
21 42 1.09441
21 43 1.08755
21 44 1.08003
21 45 1.07527
21 46 1.13372
21 47 1.13372
21 48 1.13372
21 49 1.13372
21 50 1.13372
21 51 1.10301
21 52 1.09291
