injected_el measured_el potential
1 1 1.30512
1 2 1.30512
1 3 1.30512
1 4 1.30512
1 5 1.30512
1 6 1.11843
1 7 1.0972
1 8 1.08241
1 9 1.07568
1 10 1.1469
1 11 1.1469
1 12 1.1469
1 13 1.1469
1 14 1.1469
1 15 1.10663
1 16 1.09171
1 17 1.07964
1 18 1.0739
1 19 1.11812
1 20 1.11812
1 21 1.11812
1 22 1.11812
1 23 1.11812
1 24 1.09528
1 25 1.08501
1 26 1.07598
1 27 1.07155
1 28 1.10054
1 29 1.10054
1 30 1.10054
1 31 1.10054
1 32 1.10054
1 33 1.08572
1 34 1.07856
1 35 1.072
1 36 1.06872
1 37 1.14799
1 38 1.14799
1 39 1.14799
1 40 1.14799
1 41 1.14799
1 42 1.1076
1 43 1.09275
1 44 1.08081
1 45 1.07522
1 46 1.12933
1 47 1.12933
1 48 1.12933
1 49 1.12933
1 50 1.12933
1 51 1.10083
1 52 1.08875
1 53 1.07846
1 54 1.07349
1 55 1.11155
1 56 1.11155
1 57 1.11155
1 58 1.11155
1 59 1.11155
1 60 1.09225
1 61 1.08327
1 62 1.07522
1 63 1.07125
1 64 1.09749
1 65 1.09749
1 66 1.09749
1 67 1.09749
1 68 1.09749
1 69 1.08411
1 70 1.07758
1 71 1.07156
1 72 1.06855
1 73 1.11948
1 74 1.11948
1 75 1.11948
1 76 1.11948
1 77 1.11948
1 78 1.09655
1 79 1.08643
1 80 1.07752
1 81 1.0733
1 82 1.11182
1 83 1.11182
1 84 1.11182
1 85 1.11182
1 86 1.11182
1 87 1.09254
1 88 1.08357
1 89 1.07559
1 90 1.07168
1 91 1.1016
1 92 1.1016
1 93 1.1016
1 94 1.1016
1 95 1.1016
1 96 1.08669
1 97 1.0795
1 98 1.07292
1 99 1.06965
1 100 1.09161
1 101 1.09161
1 102 1.09161
1 103 1.09161
1 104 1.09161
1 105 1.08043
1 106 1.0749
1 107 1.06976
1 108 1.06718
1 109 1.1017
1 110 1.1017
1 111 1.1017
1 112 1.1017
1 113 1.1017
1 114 1.08699
1 115 1.0799
1 116 1.07338
1 117 1.07044
1 118 1.09756
1 119 1.09756
1 120 1.09756
1 121 1.09756
1 122 1.09756
1 123 1.08429
1 124 1.07776
1 125 1.07184
1 126 1.06894
1 127 1.09142
1 128 1.09142
1 129 1.09142
1 130 1.09142
1 131 1.09142
1 132 1.08027
1 133 1.07477
1 134 1.06968
1 135 1.06713
1 136 1.08454
1 137 1.08454
1 138 1.08454
1 139 1.08454
1 140 1.08454
1 141 1.07564
1 142 1.0712
1 143 1.06704
1 144 1.06494
2 1 1.30512
2 2 1.30512
2 3 1.30512
2 4 1.30512
2 5 1.30512
2 6 1.11843
2 7 1.0972
2 8 1.08241
2 9 1.07568
2 10 1.1469
2 11 1.1469
2 12 1.1469
2 13 1.1469
2 14 1.1469
2 15 1.10663
2 16 1.09171
2 17 1.07964
2 18 1.0739
2 19 1.11812
2 20 1.11812
2 21 1.11812
2 22 1.11812
2 23 1.11812
2 24 1.09528
2 25 1.08501
2 26 1.07598
2 27 1.07155
2 28 1.10054
2 29 1.10054
2 30 1.10054
2 31 1.10054
2 32 1.10054
2 33 1.08572
2 34 1.07856
2 35 1.072
2 36 1.06872
2 37 1.14799
2 38 1.14799
2 39 1.14799
2 40 1.14799
2 41 1.14799
2 42 1.1076
2 43 1.09275
2 44 1.08081
2 45 1.07522
2 46 1.12933
2 47 1.12933
2 48 1.12933
2 49 1.12933
2 50 1.12933
2 51 1.10083
2 52 1.08875
2 53 1.07846
2 54 1.07349
2 55 1.11155
2 56 1.11155
2 57 1.11155
2 58 1.11155
2 59 1.11155
2 60 1.09225
2 61 1.08327
2 62 1.07522
2 63 1.07125
2 64 1.09749
2 65 1.09749
2 66 1.09749
2 67 1.09749
2 68 1.09749
2 69 1.08411
2 70 1.07758
2 71 1.07156
2 72 1.06855
2 73 1.11948
2 74 1.11948
2 75 1.11948
2 76 1.11948
2 77 1.11948
2 78 1.09655
2 79 1.08643
2 80 1.07752
2 81 1.0733
2 82 1.11182
2 83 1.11182
2 84 1.11182
2 85 1.11182
2 86 1.11182
2 87 1.09254
2 88 1.08357
2 89 1.07559
2 90 1.07168
2 91 1.1016
2 92 1.1016
2 93 1.1016
2 94 1.1016
2 95 1.1016
2 96 1.08669
2 97 1.0795
2 98 1.07292
2 99 1.06965
2 100 1.09161
2 101 1.09161
2 102 1.09161
2 103 1.09161
2 104 1.09161
2 105 1.08043
2 106 1.0749
2 107 1.06976
2 108 1.06718
2 109 1.1017
2 110 1.1017
2 111 1.1017
2 112 1.1017
2 113 1.1017
2 114 1.08699
2 115 1.0799
2 116 1.07338
2 117 1.07044
2 118 1.09756
2 119 1.09756
2 120 1.09756
2 121 1.09756
2 122 1.09756
2 123 1.08429
2 124 1.07776
2 125 1.07184
2 126 1.06894
2 127 1.09142
2 128 1.09142
2 129 1.09142
2 130 1.09142
2 131 1.09142
2 132 1.08027
2 133 1.07477
2 134 1.06968
2 135 1.06713
2 136 1.08454
2 137 1.08454
2 138 1.08454
2 139 1.08454
2 140 1.08454
2 141 1.07564
2 142 1.0712
2 143 1.06704
2 144 1.06494
3 1 1.30512
3 2 1.30512
3 3 1.30512
3 4 1.30512
3 5 1.30512
3 6 1.11843
3 7 1.0972
3 8 1.08241
3 9 1.07568
3 10 1.1469
3 11 1.1469
3 12 1.1469
3 13 1.1469
3 14 1.1469
3 15 1.10663
3 16 1.09171
3 17 1.07964
3 18 1.0739
3 19 1.11812
3 20 1.11812
3 21 1.11812
3 22 1.11812
3 23 1.11812
3 24 1.09528
3 25 1.08501
3 26 1.07598
3 27 1.07155
3 28 1.10054
3 29 1.10054
3 30 1.10054
3 31 1.10054
3 32 1.10054
3 33 1.08572
3 34 1.07856
3 35 1.072
3 36 1.06872
3 37 1.14799
3 38 1.14799
3 39 1.14799
3 40 1.14799
3 41 1.14799
3 42 1.1076
3 43 1.09275
3 44 1.08081
3 45 1.07522
3 46 1.12933
3 47 1.12933
3 48 1.12933
3 49 1.12933
3 50 1.12933
3 51 1.10083
3 52 1.08875
3 53 1.07846
3 54 1.07349
3 55 1.11155
3 56 1.11155
3 57 1.11155
3 58 1.11155
3 59 1.11155
3 60 1.09225
3 61 1.08327
3 62 1.07522
3 63 1.07125
3 64 1.09749
3 65 1.09749
3 66 1.09749
3 67 1.09749
3 68 1.09749
3 69 1.08411
3 70 1.07758
3 71 1.07156
3 72 1.06855
3 73 1.11948
3 74 1.11948
3 75 1.11948
3 76 1.11948
3 77 1.11948
3 78 1.09655
3 79 1.08643
3 80 1.07752
3 81 1.0733
3 82 1.11182
3 83 1.11182
3 84 1.11182
3 85 1.11182
3 86 1.11182
3 87 1.09254
3 88 1.08357
3 89 1.07559
3 90 1.07168
3 91 1.1016
3 92 1.1016
3 93 1.1016
3 94 1.1016
3 95 1.1016
3 96 1.08669
3 97 1.0795
3 98 1.07292
3 99 1.06965
3 100 1.09161
3 101 1.09161
3 102 1.09161
3 103 1.09161
3 104 1.09161
3 105 1.08043
3 106 1.0749
3 107 1.06976
3 108 1.06718
3 109 1.1017
3 110 1.1017
3 111 1.1017
3 112 1.1017
3 113 1.1017
3 114 1.08699
3 115 1.0799
3 116 1.07338
3 117 1.07044
3 118 1.09756
3 119 1.09756
3 120 1.09756
3 121 1.09756
3 122 1.09756
3 123 1.08429
3 124 1.07776
3 125 1.07184
3 126 1.06894
3 127 1.09142
3 128 1.09142
3 129 1.09142
3 130 1.09142
3 131 1.09142
3 132 1.08027
3 133 1.07477
3 134 1.06968
3 135 1.06713
3 136 1.08454
3 137 1.08454
3 138 1.08454
3 139 1.08454
3 140 1.08454
3 141 1.07564
3 142 1.0712
3 143 1.06704
3 144 1.06494
4 1 1.30512
4 2 1.30512
4 3 1.30512
4 4 1.30512
4 5 1.30512
4 6 1.11843
4 7 1.0972
4 8 1.08241
4 9 1.07568
4 10 1.1469
4 11 1.1469
4 12 1.1469
4 13 1.1469
4 14 1.1469
4 15 1.10663
4 16 1.09171
4 17 1.07964
4 18 1.0739
4 19 1.11812
4 20 1.11812
4 21 1.11812
4 22 1.11812
4 23 1.11812
4 24 1.09528
4 25 1.08501
4 26 1.07598
4 27 1.07155
4 28 1.10054
4 29 1.10054
4 30 1.10054
4 31 1.10054
4 32 1.10054
4 33 1.08572
4 34 1.07856
4 35 1.072
4 36 1.06872
4 37 1.14799
4 38 1.14799
4 39 1.14799
4 40 1.14799
4 41 1.14799
4 42 1.1076
4 43 1.09275
4 44 1.08081
4 45 1.07522
4 46 1.12933
4 47 1.12933
4 48 1.12933
4 49 1.12933
4 50 1.12933
4 51 1.10083
4 52 1.08875
4 53 1.07846
4 54 1.07349
4 55 1.11155
4 56 1.11155
4 57 1.11155
4 58 1.11155
4 59 1.11155
4 60 1.09225
4 61 1.08327
4 62 1.07522
4 63 1.07125
4 64 1.09749
4 65 1.09749
4 66 1.09749
4 67 1.09749
4 68 1.09749
4 69 1.08411
4 70 1.07758
4 71 1.07156
4 72 1.06855
4 73 1.11948
4 74 1.11948
4 75 1.11948
4 76 1.11948
4 77 1.11948
4 78 1.09655
4 79 1.08643
4 80 1.07752
4 81 1.0733
4 82 1.11182
4 83 1.11182
4 84 1.11182
4 85 1.11182
4 86 1.11182
4 87 1.09254
4 88 1.08357
4 89 1.07559
4 90 1.07168
4 91 1.1016
4 92 1.1016
4 93 1.1016
4 94 1.1016
4 95 1.1016
4 96 1.08669
4 97 1.0795
4 98 1.07292
4 99 1.06965
4 100 1.09161
4 101 1.09161
4 102 1.09161
4 103 1.09161
4 104 1.09161
4 105 1.08043
4 106 1.0749
4 107 1.06976
4 108 1.06718
4 109 1.1017
4 110 1.1017
4 111 1.1017
4 112 1.1017
4 113 1.1017
4 114 1.08699
4 115 1.0799
4 116 1.07338
4 117 1.07044
4 118 1.09756
4 119 1.09756
4 120 1.09756
4 121 1.09756
4 122 1.09756
4 123 1.08429
4 124 1.07776
4 125 1.07184
4 126 1.06894
4 127 1.09142
4 128 1.09142
4 129 1.09142
4 130 1.09142
4 131 1.09142
4 132 1.08027
4 133 1.07477
4 134 1.06968
4 135 1.06713
4 136 1.08454
4 137 1.08454
4 138 1.08454
4 139 1.08454
4 140 1.08454
4 141 1.07564
4 142 1.0712
4 143 1.06704
4 144 1.06494
5 1 1.30512
5 2 1.30512
5 3 1.30512
5 4 1.30512
5 5 1.30512
5 6 1.11843
5 7 1.0972
5 8 1.08241
5 9 1.07568
5 10 1.1469
5 11 1.1469
5 12 1.1469
5 13 1.1469
5 14 1.1469
5 15 1.10663
5 16 1.09171
5 17 1.07964
5 18 1.0739
5 19 1.11812
5 20 1.11812
5 21 1.11812
5 22 1.11812
5 23 1.11812
5 24 1.09528
5 25 1.08501
5 26 1.07598
5 27 1.07155
5 28 1.10054
5 29 1.10054
5 30 1.10054
5 31 1.10054
5 32 1.10054
5 33 1.08572
5 34 1.07856
5 35 1.072
5 36 1.06872
5 37 1.14799
5 38 1.14799
5 39 1.14799
5 40 1.14799
5 41 1.14799
5 42 1.1076
5 43 1.09275
5 44 1.08081
5 45 1.07522
5 46 1.12933
5 47 1.12933
5 48 1.12933
5 49 1.12933
5 50 1.12933
5 51 1.10083
5 52 1.08875
5 53 1.07846
5 54 1.07349
5 55 1.11155
5 56 1.11155
5 57 1.11155
5 58 1.11155
5 59 1.11155
5 60 1.09225
5 61 1.08327
5 62 1.07522
5 63 1.07125
5 64 1.09749
5 65 1.09749
5 66 1.09749
5 67 1.09749
5 68 1.09749
5 69 1.08411
5 70 1.07758
5 71 1.07156
5 72 1.06855
5 73 1.11948
5 74 1.11948
5 75 1.11948
5 76 1.11948
5 77 1.11948
5 78 1.09655
5 79 1.08643
5 80 1.07752
5 81 1.0733
5 82 1.11182
5 83 1.11182
5 84 1.11182
5 85 1.11182
5 86 1.11182
5 87 1.09254
5 88 1.08357
5 89 1.07559
5 90 1.07168
5 91 1.1016
5 92 1.1016
5 93 1.1016
5 94 1.1016
5 95 1.1016
5 96 1.08669
5 97 1.0795
5 98 1.07292
5 99 1.06965
5 100 1.09161
5 101 1.09161
5 102 1.09161
5 103 1.09161
5 104 1.09161
5 105 1.08043
5 106 1.0749
5 107 1.06976
5 108 1.06718
5 109 1.1017
5 110 1.1017
5 111 1.1017
5 112 1.1017
5 113 1.1017
5 114 1.08699
5 115 1.0799
5 116 1.07338
5 117 1.07044
5 118 1.09756
5 119 1.09756
5 120 1.09756
5 121 1.09756
5 122 1.09756
5 123 1.08429
5 124 1.07776
5 125 1.07184
5 126 1.06894
5 127 1.09142
5 128 1.09142
5 129 1.09142
5 130 1.09142
5 131 1.09142
5 132 1.08027
5 133 1.07477
5 134 1.06968
5 135 1.06713
5 136 1.08454
5 137 1.08454
5 138 1.08454
5 139 1.08454
5 140 1.08454
5 141 1.07564
5 142 1.0712
5 143 1.06704
5 144 1.06494
6 1 1.11843
6 2 1.11843
6 3 1.11843
6 4 1.11843
6 5 1.11843
6 6 6.91959
6 7 2.14449
6 8 1.39418
6 9 1.20558
6 10 1.10659
6 11 1.10659
6 12 1.10659
6 13 1.10659
6 14 1.10659
6 15 1.4461
6 16 1.36712
6 17 1.24349
6 18 1.1798
6 19 1.09523
6 20 1.09523
6 21 1.09523
6 22 1.09523
6 23 1.09523
6 24 1.19379
6 25 1.19327
6 26 1.16781
6 27 1.1508
6 28 1.08567
6 29 1.08567
6 30 1.08567
6 31 1.08567
6 32 1.08567
6 33 1.12451
6 34 1.13096
6 35 1.12896
6 36 1.1263
6 37 1.10783
6 38 1.10783
6 39 1.10783
6 40 1.10783
6 41 1.10783
6 42 1.44225
6 43 1.36441
6 44 1.24267
6 45 1.18088
6 46 1.10086
6 47 1.10086
6 48 1.10086
6 49 1.10086
6 50 1.10086
6 51 1.25861
6 52 1.24557
6 53 1.1948
6 54 1.16395
6 55 1.09223
6 56 1.09223
6 57 1.09223
6 58 1.09223
6 59 1.09223
6 60 1.15959
6 61 1.1639
6 62 1.15132
6 63 1.14185
6 64 1.08408
6 65 1.08408
6 66 1.08408
6 67 1.08408
6 68 1.08408
6 69 1.11556
6 70 1.12213
6 71 1.12244
6 72 1.12137
6 73 1.0969
6 74 1.0969
6 75 1.0969
6 76 1.0969
6 77 1.0969
6 78 1.19091
6 79 1.19141
6 80 1.16741
6 81 1.15189
6 82 1.09262
6 83 1.09262
6 84 1.09262
6 85 1.09262
6 86 1.09262
6 87 1.15885
6 88 1.16332
6 89 1.15112
6 90 1.14195
6 91 1.08671
6 92 1.08671
6 93 1.08671
6 94 1.08671
6 95 1.08671
6 96 1.12542
6 97 1.13194
6 98 1.13001
6 99 1.12738
6 100 1.08042
6 101 1.08042
6 102 1.08042
6 103 1.08042
6 104 1.08042
6 105 1.10278
6 106 1.10903
6 107 1.11165
6 108 1.11227
6 109 1.08728
6 110 1.08728
6 111 1.08728
6 112 1.08728
6 113 1.08728
6 114 1.12244
6 115 1.12956
6 116 1.12847
6 117 1.127
6 118 1.0844
6 119 1.0844
6 120 1.0844
6 121 1.0844
6 122 1.0844
6 123 1.11437
6 124 1.12115
6 125 1.12187
6 126 1.12111
6 127 1.08034
6 128 1.08034
6 129 1.08034
6 130 1.08034
6 131 1.08034
6 132 1.10221
6 133 1.10848
6 134 1.11121
6 135 1.11191
6 136 1.07566
6 137 1.07566
6 138 1.07566
6 139 1.07566
6 140 1.07566
6 141 1.09085
6 142 1.09629
6 143 1.09994
6 144 1.10146
7 1 1.0972
7 2 1.0972
7 3 1.0972
7 4 1.0972
7 5 1.0972
7 6 2.14449
7 7 6.92113
7 8 1.99536
7 9 1.31388
7 10 1.09165
7 11 1.09165
7 12 1.09165
7 13 1.09165
7 14 1.09165
7 15 1.36693
7 16 1.46845
7 17 1.34125
7 18 1.24963
7 19 1.08494
7 20 1.08494
7 21 1.08494
7 22 1.08494
7 23 1.08494
7 24 1.1932
7 25 1.22054
7 26 1.20998
7 27 1.1964
7 28 1.0785
7 29 1.0785
7 30 1.0785
7 31 1.0785
7 32 1.0785
7 33 1.13094
7 34 1.14792
7 35 1.15547
7 36 1.15724
7 37 1.09295
7 38 1.09295
7 39 1.09295
7 40 1.09295
7 41 1.09295
7 42 1.36382
7 43 1.46487
7 44 1.33976
7 45 1.25062
7 46 1.08877
7 47 1.08877
7 48 1.08877
7 49 1.08877
7 50 1.08877
7 51 1.24541
7 52 1.28487
7 53 1.25073
7 54 1.21863
7 55 1.08324
7 56 1.08324
7 57 1.08324
7 58 1.08324
7 59 1.08324
7 60 1.16384
7 61 1.18563
7 62 1.18594
7 63 1.18124
7 64 1.07754
7 65 1.07754
7 66 1.07754
7 67 1.07754
7 68 1.07754
7 69 1.12212
7 70 1.13763
7 71 1.14642
7 72 1.14945
7 73 1.08671
7 74 1.08671
7 75 1.08671
7 76 1.08671
7 77 1.08671
7 78 1.19021
7 79 1.21816
7 80 1.20906
7 81 1.19709
7 82 1.08367
7 83 1.08367
7 84 1.08367
7 85 1.08367
7 86 1.08367
7 87 1.16299
7 88 1.18492
7 89 1.18559
7 90 1.18116
7 91 1.07951
7 92 1.07951
7 93 1.07951
7 94 1.07951
7 95 1.07951
7 96 1.13185
7 97 1.14888
7 98 1.15658
7 99 1.15844
7 100 1.07489
7 101 1.07489
7 102 1.07489
7 103 1.07489
7 104 1.07489
7 105 1.10902
7 106 1.12233
7 107 1.13182
7 108 1.13589
7 109 1.08025
7 110 1.08025
7 111 1.08025
7 112 1.08025
7 113 1.08025
7 114 1.12821
7 115 1.14589
7 116 1.15436
7 117 1.1573
7 118 1.07795
7 119 1.07795
7 120 1.07795
7 121 1.07795
7 122 1.07795
7 123 1.12062
7 124 1.13637
7 125 1.14554
7 126 1.14882
7 127 1.07484
7 128 1.07484
7 129 1.07484
7 130 1.07484
7 131 1.07484
7 132 1.10833
7 133 1.12163
7 134 1.13123
7 135 1.13537
7 136 1.07121
7 137 1.07121
7 138 1.07121
7 139 1.07121
7 140 1.07121
7 141 1.09626
7 142 1.10715
7 143 1.11612
7 144 1.12035
8 1 1.08241
8 2 1.08241
8 3 1.08241
8 4 1.08241
8 5 1.08241
8 6 1.39418
8 7 1.99536
8 8 6.23132
8 9 1.54623
8 10 1.0796
8 11 1.0796
8 12 1.0796
8 13 1.0796
8 14 1.0796
8 15 1.24322
8 16 1.34083
8 17 1.39927
8 18 1.33586
8 19 1.07594
8 20 1.07594
8 21 1.07594
8 22 1.07594
8 23 1.07594
8 24 1.16772
8 25 1.20984
8 26 1.2379
8 27 1.24432
8 28 1.07196
8 29 1.07196
8 30 1.07196
8 31 1.07196
8 32 1.07196
8 33 1.12893
8 34 1.15541
8 35 1.17758
8 36 1.18776
8 37 1.08095
8 38 1.08095
8 39 1.08095
8 40 1.08095
8 41 1.08095
8 42 1.24252
8 43 1.34038
8 44 1.39891
8 45 1.3367
8 46 1.07849
8 47 1.07849
8 48 1.07849
8 49 1.07849
8 50 1.07849
8 51 1.19464
8 52 1.25063
8 53 1.28248
8 54 1.27905
8 55 1.07522
8 56 1.07522
8 57 1.07522
8 58 1.07522
8 59 1.07522
8 60 1.15125
8 61 1.18586
8 62 1.21167
8 63 1.22139
8 64 1.07155
8 65 1.07155
8 66 1.07155
8 67 1.07155
8 68 1.07155
8 69 1.12243
8 70 1.14637
8 71 1.16707
8 72 1.17691
8 73 1.07778
8 74 1.07778
8 75 1.07778
8 76 1.07778
8 77 1.07778
8 78 1.16615
8 79 1.20876
8 80 1.23736
8 81 1.24452
8 82 1.07569
8 83 1.07569
8 84 1.07569
8 85 1.07569
8 86 1.07569
8 87 1.15066
8 88 1.1854
8 89 1.21135
8 90 1.22112
8 91 1.07295
8 92 1.07295
8 93 1.07295
8 94 1.07295
8 95 1.07295
8 96 1.12986
8 97 1.15646
8 98 1.1788
8 99 1.1891
8 100 1.06977
8 101 1.06977
8 102 1.06977
8 103 1.06977
8 104 1.06977
8 105 1.11162
8 106 1.13177
8 107 1.14986
8 108 1.15873
8 109 1.07382
8 110 1.07382
8 111 1.07382
8 112 1.07382
8 113 1.07382
8 114 1.12646
8 115 1.15363
8 116 1.17628
8 117 1.18711
8 118 1.07202
8 119 1.07202
8 120 1.07202
8 121 1.07202
8 122 1.07202
8 123 1.12095
8 124 1.14515
8 125 1.16603
8 126 1.17591
8 127 1.06976
8 128 1.06976
8 129 1.06976
8 130 1.06976
8 131 1.06976
8 132 1.1109
8 133 1.13102
8 134 1.14915
8 135 1.15804
8 136 1.06707
8 137 1.06707
8 138 1.06707
8 139 1.06707
8 140 1.06707
8 141 1.09986
8 142 1.11604
8 143 1.13098
8 144 1.13844
9 1 1.07568
9 2 1.07568
9 3 1.07568
9 4 1.07568
9 5 1.07568
9 6 1.20558
9 7 1.31388
9 8 1.54623
9 9 2.14759
9 10 1.0739
9 11 1.0739
9 12 1.0739
9 13 1.0739
9 14 1.0739
9 15 1.17985
9 16 1.24958
9 17 1.33594
9 18 1.38968
9 19 1.07154
9 20 1.07154
9 21 1.07154
9 22 1.07154
9 23 1.07154
9 24 1.15082
9 25 1.19633
9 26 1.2443
9 27 1.27004
9 28 1.06871
9 29 1.06871
9 30 1.06871
9 31 1.06871
9 32 1.06871
9 33 1.12632
9 34 1.15718
9 35 1.18774
9 36 1.20352
9 37 1.07525
9 38 1.07525
9 39 1.07525
9 40 1.07525
9 41 1.07525
9 42 1.18006
9 43 1.2501
9 44 1.33613
9 45 1.38946
9 46 1.07352
9 47 1.07352
9 48 1.07352
9 49 1.07352
9 50 1.07352
9 51 1.16377
9 52 1.21842
9 53 1.27887
9 54 1.31231
9 55 1.07127
9 56 1.07127
9 57 1.07127
9 58 1.07127
9 59 1.07127
9 60 1.14179
9 61 1.18109
9 62 1.22126
9 63 1.24236
9 64 1.06856
9 65 1.06856
9 66 1.06856
9 67 1.06856
9 68 1.06856
9 69 1.12135
9 70 1.14935
9 71 1.17683
9 72 1.19095
9 73 1.0734
9 74 1.0734
9 75 1.0734
9 76 1.0734
9 77 1.0734
9 78 1.14992
9 79 1.19576
9 80 1.24365
9 81 1.2694
9 82 1.07175
9 83 1.07175
9 84 1.07175
9 85 1.07175
9 86 1.07175
9 87 1.14131
9 88 1.1807
9 89 1.22082
9 90 1.24182
9 91 1.06969
9 92 1.06969
9 93 1.06969
9 94 1.06969
9 95 1.06969
9 96 1.12716
9 97 1.15817
9 98 1.1889
9 99 1.20476
9 100 1.0672
9 101 1.0672
9 102 1.0672
9 103 1.0672
9 104 1.0672
9 105 1.1122
9 106 1.13575
9 107 1.1586
9 108 1.17029
9 109 1.0706
9 110 1.0706
9 111 1.0706
9 112 1.0706
9 113 1.0706
9 114 1.12397
9 115 1.15547
9 116 1.18612
9 117 1.20214
9 118 1.06905
9 119 1.06905
9 120 1.06905
9 121 1.06905
9 122 1.06905
9 123 1.11986
9 124 1.14808
9 125 1.17556
9 126 1.18958
9 127 1.0672
9 128 1.0672
9 129 1.0672
9 130 1.0672
9 131 1.0672
9 132 1.11144
9 133 1.13494
9 134 1.15778
9 135 1.16945
9 136 1.06498
9 137 1.06498
9 138 1.06498
9 139 1.06498
9 140 1.06498
9 141 1.1013
9 142 1.12015
9 143 1.13829
9 144 1.14753
10 1 1.1469
10 2 1.1469
10 3 1.1469
10 4 1.1469
10 5 1.1469
10 6 1.10659
10 7 1.09165
10 8 1.0796
10 9 1.0739
10 10 1.30422
10 11 1.30422
10 12 1.30422
10 13 1.30422
10 14 1.30422
10 15 1.11752
10 16 1.09627
10 17 1.08142
10 18 1.07464
10 19 1.16166
10 20 1.16166
10 21 1.16166
10 22 1.16166
10 23 1.16166
10 24 1.11001
10 25 1.09318
10 26 1.08006
10 27 1.0739
10 28 1.12581
10 29 1.12581
10 30 1.12581
10 31 1.12581
10 32 1.12581
10 33 1.09877
10 34 1.08712
10 35 1.0771
10 36 1.07221
10 37 1.12932
10 38 1.12932
10 39 1.12932
10 40 1.12932
10 41 1.12932
10 42 1.10063
10 43 1.08859
10 44 1.07836
10 45 1.0735
10 46 1.1471
10 47 1.1471
10 48 1.1471
10 49 1.1471
10 50 1.1471
10 51 1.10678
10 52 1.09187
10 53 1.07983
10 54 1.07412
10 55 1.13518
10 56 1.13518
10 57 1.13518
10 58 1.13518
10 59 1.13518
10 60 1.10289
10 61 1.08975
10 62 1.07873
10 63 1.07342
10 64 1.11699
10 65 1.11699
10 66 1.11699
10 67 1.11699
10 68 1.11699
10 69 1.095
10 70 1.08502
10 71 1.07619
10 72 1.07185
10 73 1.11179
10 74 1.11179
10 75 1.11179
10 76 1.11179
10 77 1.11179
10 78 1.09222
10 79 1.0834
10 80 1.07547
10 81 1.07171
10 82 1.11858
10 83 1.11858
10 84 1.11858
10 85 1.11858
10 86 1.11858
10 87 1.0957
10 88 1.08546
10 89 1.07651
10 90 1.07217
10 91 1.11427
10 92 1.11427
10 93 1.11427
10 94 1.11427
10 95 1.11427
10 96 1.09358
10 97 1.0841
10 98 1.07568
10 99 1.07153
10 100 1.105
10 101 1.105
10 102 1.105
10 103 1.105
10 104 1.105
10 105 1.08861
10 106 1.08079
10 107 1.07368
10 108 1.07014
10 109 1.09752
10 110 1.09752
10 111 1.09752
10 112 1.09752
10 113 1.09752
10 114 1.08401
10 115 1.07761
10 116 1.07167
10 117 1.069
10 118 1.10081
10 119 1.10081
10 120 1.10081
10 121 1.10081
10 122 1.10081
10 123 1.08598
10 124 1.07885
10 125 1.07241
10 126 1.06928
10 127 1.09869
10 128 1.09869
10 129 1.09869
10 130 1.09869
10 131 1.09869
10 132 1.0847
10 133 1.07795
10 134 1.07177
10 135 1.06871
10 136 1.09353
10 137 1.09353
10 138 1.09353
10 139 1.09353
10 140 1.09353
10 141 1.08156
10 142 1.07568
10 143 1.07024
10 144 1.06752
11 1 1.1469
11 2 1.1469
11 3 1.1469
11 4 1.1469
11 5 1.1469
11 6 1.10659
11 7 1.09165
11 8 1.0796
11 9 1.0739
11 10 1.30422
11 11 1.30422
11 12 1.30422
11 13 1.30422
11 14 1.30422
11 15 1.11752
11 16 1.09627
11 17 1.08142
11 18 1.07464
11 19 1.16166
11 20 1.16166
11 21 1.16166
11 22 1.16166
11 23 1.16166
11 24 1.11001
11 25 1.09318
11 26 1.08006
11 27 1.0739
11 28 1.12581
11 29 1.12581
11 30 1.12581
11 31 1.12581
11 32 1.12581
11 33 1.09877
11 34 1.08712
11 35 1.0771
11 36 1.07221
11 37 1.12932
11 38 1.12932
11 39 1.12932
11 40 1.12932
11 41 1.12932
11 42 1.10063
11 43 1.08859
11 44 1.07836
11 45 1.0735
11 46 1.1471
11 47 1.1471
11 48 1.1471
11 49 1.1471
11 50 1.1471
11 51 1.10678
11 52 1.09187
11 53 1.07983
11 54 1.07412
11 55 1.13518
11 56 1.13518
11 57 1.13518
11 58 1.13518
11 59 1.13518
11 60 1.10289
11 61 1.08975
11 62 1.07873
11 63 1.07342
11 64 1.11699
11 65 1.11699
11 66 1.11699
11 67 1.11699
11 68 1.11699
11 69 1.095
11 70 1.08502
11 71 1.07619
11 72 1.07185
11 73 1.11179
11 74 1.11179
11 75 1.11179
11 76 1.11179
11 77 1.11179
11 78 1.09222
11 79 1.0834
11 80 1.07547
11 81 1.07171
11 82 1.11858
11 83 1.11858
11 84 1.11858
11 85 1.11858
11 86 1.11858
11 87 1.0957
11 88 1.08546
11 89 1.07651
11 90 1.07217
11 91 1.11427
11 92 1.11427
11 93 1.11427
11 94 1.11427
11 95 1.11427
11 96 1.09358
11 97 1.0841
11 98 1.07568
11 99 1.07153
11 100 1.105
11 101 1.105
11 102 1.105
11 103 1.105
11 104 1.105
11 105 1.08861
11 106 1.08079
11 107 1.07368
11 108 1.07014
11 109 1.09752
11 110 1.09752
11 111 1.09752
11 112 1.09752
11 113 1.09752
11 114 1.08401
11 115 1.07761
11 116 1.07167
11 117 1.069
11 118 1.10081
11 119 1.10081
11 120 1.10081
11 121 1.10081
11 122 1.10081
11 123 1.08598
11 124 1.07885
11 125 1.07241
11 126 1.06928
11 127 1.09869
11 128 1.09869
11 129 1.09869
11 130 1.09869
11 131 1.09869
11 132 1.0847
11 133 1.07795
11 134 1.07177
11 135 1.06871
11 136 1.09353
11 137 1.09353
11 138 1.09353
11 139 1.09353
11 140 1.09353
11 141 1.08156
11 142 1.07568
11 143 1.07024
11 144 1.06752
12 1 1.1469
12 2 1.1469
12 3 1.1469
12 4 1.1469
12 5 1.1469
12 6 1.10659
12 7 1.09165
12 8 1.0796
12 9 1.0739
12 10 1.30422
12 11 1.30422
12 12 1.30422
12 13 1.30422
12 14 1.30422
12 15 1.11752
12 16 1.09627
12 17 1.08142
12 18 1.07464
12 19 1.16166
12 20 1.16166
12 21 1.16166
12 22 1.16166
12 23 1.16166
12 24 1.11001
12 25 1.09318
12 26 1.08006
12 27 1.0739
12 28 1.12581
12 29 1.12581
12 30 1.12581
12 31 1.12581
12 32 1.12581
12 33 1.09877
12 34 1.08712
12 35 1.0771
12 36 1.07221
12 37 1.12932
12 38 1.12932
12 39 1.12932
12 40 1.12932
12 41 1.12932
12 42 1.10063
12 43 1.08859
12 44 1.07836
12 45 1.0735
12 46 1.1471
12 47 1.1471
12 48 1.1471
12 49 1.1471
12 50 1.1471
12 51 1.10678
12 52 1.09187
12 53 1.07983
12 54 1.07412
12 55 1.13518
12 56 1.13518
12 57 1.13518
12 58 1.13518
12 59 1.13518
12 60 1.10289
12 61 1.08975
12 62 1.07873
12 63 1.07342
12 64 1.11699
12 65 1.11699
12 66 1.11699
12 67 1.11699
12 68 1.11699
12 69 1.095
12 70 1.08502
12 71 1.07619
12 72 1.07185
12 73 1.11179
12 74 1.11179
12 75 1.11179
12 76 1.11179
12 77 1.11179
12 78 1.09222
12 79 1.0834
12 80 1.07547
12 81 1.07171
12 82 1.11858
12 83 1.11858
12 84 1.11858
12 85 1.11858
12 86 1.11858
12 87 1.0957
12 88 1.08546
12 89 1.07651
12 90 1.07217
12 91 1.11427
12 92 1.11427
12 93 1.11427
12 94 1.11427
12 95 1.11427
12 96 1.09358
12 97 1.0841
12 98 1.07568
12 99 1.07153
12 100 1.105
12 101 1.105
12 102 1.105
12 103 1.105
12 104 1.105
12 105 1.08861
12 106 1.08079
12 107 1.07368
12 108 1.07014
12 109 1.09752
12 110 1.09752
12 111 1.09752
12 112 1.09752
12 113 1.09752
12 114 1.08401
12 115 1.07761
12 116 1.07167
12 117 1.069
12 118 1.10081
12 119 1.10081
12 120 1.10081
12 121 1.10081
12 122 1.10081
12 123 1.08598
12 124 1.07885
12 125 1.07241
12 126 1.06928
12 127 1.09869
12 128 1.09869
12 129 1.09869
12 130 1.09869
12 131 1.09869
12 132 1.0847
12 133 1.07795
12 134 1.07177
12 135 1.06871
12 136 1.09353
12 137 1.09353
12 138 1.09353
12 139 1.09353
12 140 1.09353
12 141 1.08156
12 142 1.07568
12 143 1.07024
12 144 1.06752
13 1 1.1469
13 2 1.1469
13 3 1.1469
13 4 1.1469
13 5 1.1469
13 6 1.10659
13 7 1.09165
13 8 1.0796
13 9 1.0739
13 10 1.30422
13 11 1.30422
13 12 1.30422
13 13 1.30422
13 14 1.30422
13 15 1.11752
13 16 1.09627
13 17 1.08142
13 18 1.07464
13 19 1.16166
13 20 1.16166
13 21 1.16166
13 22 1.16166
13 23 1.16166
13 24 1.11001
13 25 1.09318
13 26 1.08006
13 27 1.0739
13 28 1.12581
13 29 1.12581
13 30 1.12581
13 31 1.12581
13 32 1.12581
13 33 1.09877
13 34 1.08712
13 35 1.0771
13 36 1.07221
13 37 1.12932
13 38 1.12932
13 39 1.12932
13 40 1.12932
13 41 1.12932
13 42 1.10063
13 43 1.08859
13 44 1.07836
13 45 1.0735
13 46 1.1471
13 47 1.1471
13 48 1.1471
13 49 1.1471
13 50 1.1471
13 51 1.10678
13 52 1.09187
13 53 1.07983
13 54 1.07412
13 55 1.13518
13 56 1.13518
13 57 1.13518
13 58 1.13518
13 59 1.13518
13 60 1.10289
13 61 1.08975
13 62 1.07873
13 63 1.07342
13 64 1.11699
13 65 1.11699
13 66 1.11699
13 67 1.11699
13 68 1.11699
13 69 1.095
13 70 1.08502
13 71 1.07619
13 72 1.07185
13 73 1.11179
13 74 1.11179
13 75 1.11179
13 76 1.11179
13 77 1.11179
13 78 1.09222
13 79 1.0834
13 80 1.07547
13 81 1.07171
13 82 1.11858
13 83 1.11858
13 84 1.11858
13 85 1.11858
13 86 1.11858
13 87 1.0957
13 88 1.08546
13 89 1.07651
13 90 1.07217
13 91 1.11427
13 92 1.11427
13 93 1.11427
13 94 1.11427
13 95 1.11427
13 96 1.09358
13 97 1.0841
13 98 1.07568
13 99 1.07153
13 100 1.105
13 101 1.105
13 102 1.105
13 103 1.105
13 104 1.105
13 105 1.08861
13 106 1.08079
13 107 1.07368
13 108 1.07014
13 109 1.09752
13 110 1.09752
13 111 1.09752
13 112 1.09752
13 113 1.09752
13 114 1.08401
13 115 1.07761
13 116 1.07167
13 117 1.069
13 118 1.10081
13 119 1.10081
13 120 1.10081
13 121 1.10081
13 122 1.10081
13 123 1.08598
13 124 1.07885
13 125 1.07241
13 126 1.06928
13 127 1.09869
13 128 1.09869
13 129 1.09869
13 130 1.09869
13 131 1.09869
13 132 1.0847
13 133 1.07795
13 134 1.07177
13 135 1.06871
13 136 1.09353
13 137 1.09353
13 138 1.09353
13 139 1.09353
13 140 1.09353
13 141 1.08156
13 142 1.07568
13 143 1.07024
13 144 1.06752
14 1 1.1469
14 2 1.1469
14 3 1.1469
14 4 1.1469
14 5 1.1469
14 6 1.10659
14 7 1.09165
14 8 1.0796
14 9 1.0739
14 10 1.30422
14 11 1.30422
14 12 1.30422
14 13 1.30422
14 14 1.30422
14 15 1.11752
14 16 1.09627
14 17 1.08142
14 18 1.07464
14 19 1.16166
14 20 1.16166
14 21 1.16166
14 22 1.16166
14 23 1.16166
14 24 1.11001
14 25 1.09318
14 26 1.08006
14 27 1.0739
14 28 1.12581
14 29 1.12581
14 30 1.12581
14 31 1.12581
14 32 1.12581
14 33 1.09877
14 34 1.08712
14 35 1.0771
14 36 1.07221
14 37 1.12932
14 38 1.12932
14 39 1.12932
14 40 1.12932
14 41 1.12932
14 42 1.10063
14 43 1.08859
14 44 1.07836
14 45 1.0735
14 46 1.1471
14 47 1.1471
14 48 1.1471
14 49 1.1471
14 50 1.1471
14 51 1.10678
14 52 1.09187
14 53 1.07983
14 54 1.07412
14 55 1.13518
14 56 1.13518
14 57 1.13518
14 58 1.13518
14 59 1.13518
14 60 1.10289
14 61 1.08975
14 62 1.07873
14 63 1.07342
14 64 1.11699
14 65 1.11699
14 66 1.11699
14 67 1.11699
14 68 1.11699
14 69 1.095
14 70 1.08502
14 71 1.07619
14 72 1.07185
14 73 1.11179
14 74 1.11179
14 75 1.11179
14 76 1.11179
14 77 1.11179
14 78 1.09222
14 79 1.0834
14 80 1.07547
14 81 1.07171
14 82 1.11858
14 83 1.11858
14 84 1.11858
14 85 1.11858
14 86 1.11858
14 87 1.0957
14 88 1.08546
14 89 1.07651
14 90 1.07217
14 91 1.11427
14 92 1.11427
14 93 1.11427
14 94 1.11427
14 95 1.11427
14 96 1.09358
14 97 1.0841
14 98 1.07568
14 99 1.07153
14 100 1.105
14 101 1.105
14 102 1.105
14 103 1.105
14 104 1.105
14 105 1.08861
14 106 1.08079
14 107 1.07368
14 108 1.07014
14 109 1.09752
14 110 1.09752
14 111 1.09752
14 112 1.09752
14 113 1.09752
14 114 1.08401
14 115 1.07761
14 116 1.07167
14 117 1.069
14 118 1.10081
14 119 1.10081
14 120 1.10081
14 121 1.10081
14 122 1.10081
14 123 1.08598
14 124 1.07885
14 125 1.07241
14 126 1.06928
14 127 1.09869
14 128 1.09869
14 129 1.09869
14 130 1.09869
14 131 1.09869
14 132 1.0847
14 133 1.07795
14 134 1.07177
14 135 1.06871
14 136 1.09353
14 137 1.09353
14 138 1.09353
14 139 1.09353
14 140 1.09353
14 141 1.08156
14 142 1.07568
14 143 1.07024
14 144 1.06752
15 1 1.10663
15 2 1.10663
15 3 1.10663
15 4 1.10663
15 5 1.10663
15 6 1.4461
15 7 1.36693
15 8 1.24322
15 9 1.17985
15 10 1.11752
15 11 1.11752
15 12 1.11752
15 13 1.11752
15 14 1.11752
15 15 6.92056
15 16 2.14599
15 17 1.39464
15 18 1.2047
15 19 1.10999
15 20 1.10999
15 21 1.10999
15 22 1.10999
15 23 1.10999
15 24 1.68176
15 25 1.48527
15 26 1.28173
15 27 1.18879
15 28 1.09874
15 29 1.09874
15 30 1.09874
15 31 1.09874
15 32 1.09874
15 33 1.24204
15 34 1.23203
15 35 1.18758
15 36 1.16016
15 37 1.1009
15 38 1.1009
15 39 1.1009
15 40 1.1009
15 41 1.1009
15 42 1.25703
15 43 1.24438
15 44 1.19393
15 45 1.16393
15 46 1.10686
15 47 1.10686
15 48 1.10686
15 49 1.10686
15 50 1.10686
15 51 1.44602
15 52 1.36705
15 53 1.24337
15 54 1.17987
15 55 1.10291
15 56 1.10291
15 57 1.10291
15 58 1.10291
15 59 1.10291
15 60 1.31112
15 61 1.284
15 62 1.2117
15 63 1.17005
15 64 1.09499
15 65 1.09499
15 66 1.09499
15 67 1.09499
15 68 1.09499
15 69 1.1847
15 70 1.18602
15 71 1.16427
15 72 1.14929
15 73 1.09266
15 74 1.09266
15 75 1.09266
15 76 1.09266
15 77 1.09266
15 78 1.15664
15 79 1.16189
15 80 1.1502
15 81 1.14181
15 82 1.09585
15 83 1.09585
15 84 1.09585
15 85 1.09585
15 86 1.09585
15 87 1.19303
15 88 1.19269
15 89 1.16754
15 90 1.15093
15 91 1.09364
15 92 1.09364
15 93 1.09364
15 94 1.09364
15 95 1.09364
15 96 1.17186
15 97 1.17474
15 98 1.15764
15 99 1.14548
15 100 1.08862
15 101 1.08862
15 102 1.08862
15 103 1.08862
15 104 1.08862
15 105 1.13592
15 106 1.14204
15 107 1.13712
15 108 1.13251
15 109 1.08445
15 110 1.08445
15 111 1.08445
15 112 1.08445
15 113 1.08445
15 114 1.11241
15 115 1.11981
15 116 1.12091
15 117 1.12087
15 118 1.08618
15 119 1.08618
15 120 1.08618
15 121 1.08618
15 122 1.08618
15 123 1.12322
15 124 1.12991
15 125 1.12829
15 126 1.12606
15 127 1.08482
15 128 1.08482
15 129 1.08482
15 130 1.08482
15 131 1.08482
15 132 1.11846
15 133 1.12502
15 134 1.1246
15 135 1.12305
15 136 1.0816
15 137 1.0816
15 138 1.0816
15 139 1.0816
15 140 1.0816
15 141 1.10677
15 142 1.11317
15 143 1.11514
15 144 1.11527
16 1 1.09171
16 2 1.09171
16 3 1.09171
16 4 1.09171
16 5 1.09171
16 6 1.36712
16 7 1.46845
16 8 1.34083
16 9 1.24958
16 10 1.09627
16 11 1.09627
16 12 1.09627
16 13 1.09627
16 14 1.09627
16 15 2.14599
16 16 6.92692
16 17 1.99852
16 18 1.31285
16 19 1.09316
16 20 1.09316
16 21 1.09316
16 22 1.09316
16 23 1.09316
16 24 1.48523
16 25 1.70045
16 26 1.43092
16 27 1.26933
16 28 1.08709
16 29 1.08709
16 30 1.08709
16 31 1.08709
16 32 1.08709
16 33 1.23201
16 34 1.26872
16 35 1.24009
16 36 1.21254
16 37 1.08883
16 38 1.08883
16 39 1.08883
16 40 1.08883
16 41 1.08883
16 42 1.24408
16 43 1.28366
16 44 1.24957
16 45 1.21843
16 46 1.09195
16 47 1.09195
16 48 1.09195
16 49 1.09195
16 50 1.09195
16 51 1.36701
16 52 1.46854
16 53 1.34097
16 54 1.24951
16 55 1.08976
16 56 1.08976
16 57 1.08976
16 58 1.08976
16 59 1.08976
16 60 1.28395
16 61 1.33655
16 62 1.2791
16 63 1.23013
16 64 1.08501
16 65 1.08501
16 66 1.08501
16 67 1.08501
16 68 1.08501
16 69 1.18601
16 70 1.21145
16 71 1.2043
16 72 1.19341
16 73 1.08375
16 74 1.08375
16 75 1.08375
16 76 1.08375
16 77 1.08375
16 78 1.16075
16 79 1.1833
16 80 1.18439
16 81 1.1808
16 82 1.08562
16 83 1.08562
16 84 1.08562
16 85 1.08562
16 86 1.08562
16 87 1.19236
16 88 1.21981
16 89 1.20941
16 90 1.19621
16 91 1.08416
16 92 1.08416
16 93 1.08416
16 94 1.08416
16 95 1.08416
16 96 1.17463
16 97 1.19824
16 98 1.19489
16 99 1.18717
16 100 1.0808
16 101 1.0808
16 102 1.0808
16 103 1.0808
16 104 1.0808
16 105 1.14202
16 106 1.16047
16 107 1.16626
16 108 1.16638
16 109 1.07804
16 110 1.07804
16 111 1.07804
16 112 1.07804
16 113 1.07804
16 114 1.11836
16 115 1.13474
16 116 1.14429
16 117 1.14835
16 118 1.07911
16 119 1.07911
16 120 1.07911
16 121 1.07911
16 122 1.07911
16 123 1.12931
16 124 1.14653
16 125 1.15437
16 126 1.15653
16 127 1.07807
16 128 1.07807
16 129 1.07807
16 130 1.07807
16 131 1.07807
16 132 1.12484
16 133 1.14091
16 134 1.14934
16 135 1.15203
16 136 1.07573
16 137 1.07573
16 138 1.07573
16 139 1.07573
16 140 1.07573
16 141 1.11313
16 142 1.12718
16 143 1.13656
16 144 1.14037
17 1 1.07964
17 2 1.07964
17 3 1.07964
17 4 1.07964
17 5 1.07964
17 6 1.24349
17 7 1.34125
17 8 1.39927
17 9 1.33594
17 10 1.08142
17 11 1.08142
17 12 1.08142
17 13 1.08142
17 14 1.08142
17 15 1.39464
17 16 1.99852
17 17 6.27798
17 18 1.54569
17 19 1.08005
17 20 1.08005
17 21 1.08005
17 22 1.08005
17 23 1.08005
17 24 1.28165
17 25 1.43077
17 26 1.55561
17 27 1.37919
17 28 1.07707
17 29 1.07707
17 30 1.07707
17 31 1.07707
17 32 1.07707
17 33 1.18754
17 34 1.24004
17 35 1.2711
17 36 1.26989
17 37 1.07853
17 38 1.07853
17 39 1.07853
17 40 1.07853
17 41 1.07853
17 42 1.19377
17 43 1.2499
17 44 1.28147
17 45 1.27871
17 46 1.07989
17 47 1.07989
17 48 1.07989
17 49 1.07989
17 50 1.07989
17 51 1.24331
17 52 1.34105
17 53 1.39927
17 54 1.33581
17 55 1.07874
17 56 1.07874
17 57 1.07874
17 58 1.07874
17 59 1.07874
17 60 1.2116
17 61 1.27901
17 62 1.31486
17 63 1.29911
17 64 1.07618
17 65 1.07618
17 66 1.07618
17 67 1.07618
17 68 1.07618
17 69 1.16424
17 70 1.20426
17 71 1.23165
17 72 1.23949
17 73 1.07575
17 74 1.07575
17 75 1.07575
17 76 1.07575
17 77 1.07575
17 78 1.14882
17 79 1.18397
17 80 1.21012
17 81 1.22057
17 82 1.07664
17 83 1.07664
17 84 1.07664
17 85 1.07664
17 86 1.07664
17 87 1.16707
17 88 1.20929
17 89 1.23732
17 90 1.24394
17 91 1.07573
17 92 1.07573
17 93 1.07573
17 94 1.07573
17 95 1.07573
17 96 1.15745
17 97 1.19476
17 98 1.2214
17 99 1.23026
17 100 1.07369
17 101 1.07369
17 102 1.07369
17 103 1.07369
17 104 1.07369
17 105 1.13707
17 106 1.1662
17 107 1.1898
17 108 1.20021
17 109 1.07212
17 110 1.07212
17 111 1.07212
17 112 1.07212
17 113 1.07212
17 114 1.11871
17 115 1.14348
17 116 1.16465
17 117 1.17522
17 118 1.07263
17 119 1.07263
17 120 1.07263
17 121 1.07263
17 122 1.07263
17 123 1.12729
17 124 1.15399
17 125 1.17626
17 126 1.18667
17 127 1.07188
17 128 1.07188
17 129 1.07188
17 130 1.07188
17 131 1.07188
17 132 1.12422
17 133 1.14911
17 134 1.17045
17 135 1.18054
17 136 1.07028
17 137 1.07028
17 138 1.07028
17 139 1.07028
17 140 1.07028
17 141 1.11503
17 142 1.13646
17 143 1.15551
17 144 1.16478
18 1 1.0739
18 2 1.0739
18 3 1.0739
18 4 1.0739
18 5 1.0739
18 6 1.1798
18 7 1.24963
18 8 1.33586
18 9 1.38968
18 10 1.07464
18 11 1.07464
18 12 1.07464
18 13 1.07464
18 14 1.07464
18 15 1.2047
18 16 1.31285
18 17 1.54569
18 18 2.14762
18 19 1.07389
18 20 1.07389
18 21 1.07389
18 22 1.07389
18 23 1.07389
18 24 1.18881
18 25 1.26933
18 26 1.37925
18 27 1.45737
18 28 1.0722
18 29 1.0722
18 30 1.0722
18 31 1.0722
18 32 1.0722
18 33 1.16018
18 34 1.21255
18 35 1.26993
18 36 1.30161
18 37 1.07354
18 38 1.07354
18 39 1.07354
18 40 1.07354
18 41 1.07354
18 42 1.16315
18 43 1.21803
18 44 1.2783
18 45 1.31205
18 46 1.07415
18 47 1.07415
18 48 1.07415
18 49 1.07415
18 50 1.07415
18 51 1.17964
18 52 1.24936
18 53 1.33568
18 54 1.38961
18 55 1.07344
18 56 1.07344
18 57 1.07344
18 58 1.07344
18 59 1.07344
18 60 1.16997
18 61 1.23006
18 62 1.29909
18 63 1.33864
18 64 1.07185
18 65 1.07185
18 66 1.07185
18 67 1.07185
18 68 1.07185
18 69 1.14928
18 70 1.19339
18 71 1.2395
18 72 1.26408
18 73 1.0718
18 74 1.0718
18 75 1.0718
18 76 1.0718
18 77 1.0718
18 78 1.13982
18 79 1.17958
18 80 1.21986
18 81 1.24136
18 82 1.07224
18 83 1.07224
18 84 1.07224
18 85 1.07224
18 86 1.07224
18 87 1.15021
18 88 1.19579
18 89 1.24368
18 90 1.26951
18 91 1.07158
18 92 1.07158
18 93 1.07158
18 94 1.07158
18 95 1.07158
18 96 1.14523
18 97 1.18696
18 98 1.23017
18 99 1.25308
18 100 1.07016
18 101 1.07016
18 102 1.07016
18 103 1.07016
18 104 1.07016
18 105 1.13245
18 106 1.1663
18 107 1.20019
18 108 1.21779
18 109 1.06915
18 110 1.06915
18 111 1.06915
18 112 1.06915
18 113 1.06915
18 114 1.11777
18 115 1.14658
18 116 1.17433
18 117 1.18895
18 118 1.0694
18 119 1.0694
18 120 1.0694
18 121 1.0694
18 122 1.0694
18 123 1.12468
18 124 1.15576
18 125 1.1863
18 126 1.2022
18 127 1.06878
18 128 1.06878
18 129 1.06878
18 130 1.06878
18 131 1.06878
18 132 1.12252
18 133 1.15162
18 134 1.18035
18 135 1.19521
18 136 1.06756
18 137 1.06756
18 138 1.06756
18 139 1.06756
18 140 1.06756
18 141 1.11511
18 142 1.14022
18 143 1.16471
18 144 1.17728
19 1 1.11812
19 2 1.11812
19 3 1.11812
19 4 1.11812
19 5 1.11812
19 6 1.09523
19 7 1.08494
19 8 1.07594
19 9 1.07154
19 10 1.16166
19 11 1.16166
19 12 1.16166
19 13 1.16166
19 14 1.16166
19 15 1.10999
19 16 1.09316
19 17 1.08005
19 18 1.07389
19 19 1.30424
19 20 1.30424
19 21 1.30424
19 22 1.30424
19 23 1.30424
19 24 1.11754
19 25 1.09628
19 26 1.0814
19 27 1.0746
19 28 1.16198
19 29 1.16198
19 30 1.16198
19 31 1.16198
19 32 1.16198
19 33 1.11033
19 34 1.09348
19 35 1.08036
19 36 1.07418
19 37 1.11153
19 38 1.11153
19 39 1.11153
19 40 1.11153
19 41 1.11153
19 42 1.09204
19 43 1.08308
19 44 1.07511
19 45 1.07126
19 46 1.13517
19 47 1.13517
19 48 1.13517
19 49 1.13517
19 50 1.13517
19 51 1.10283
19 52 1.08968
19 53 1.07869
19 54 1.07342
19 55 1.14713
19 56 1.14713
19 57 1.14713
19 58 1.14713
19 59 1.14713
19 60 1.10683
19 61 1.0919
19 62 1.07981
19 63 1.07406
19 64 1.13551
19 65 1.13551
19 66 1.13551
19 67 1.13551
19 68 1.13551
19 69 1.10321
19 70 1.09005
19 71 1.07901
19 72 1.07368
19 73 1.10156
19 74 1.10156
19 75 1.10156
19 76 1.10156
19 77 1.10156
19 78 1.08632
19 79 1.07926
19 80 1.07277
19 81 1.06968
19 82 1.11425
19 83 1.11425
19 84 1.11425
19 85 1.11425
19 86 1.11425
19 87 1.09348
19 88 1.084
19 89 1.07561
19 90 1.07153
19 91 1.11863
19 92 1.11863
19 93 1.11863
19 94 1.11863
19 95 1.11863
19 96 1.09574
19 97 1.08549
19 98 1.07649
19 99 1.07208
19 100 1.11461
19 101 1.11461
19 102 1.11461
19 103 1.11461
19 104 1.11461
19 105 1.09391
19 106 1.0844
19 107 1.07595
19 108 1.07178
19 109 1.09135
19 110 1.09135
19 111 1.09135
19 112 1.09135
19 113 1.09135
19 114 1.07992
19 115 1.07452
19 116 1.06946
19 117 1.06719
19 118 1.09866
19 119 1.09866
19 120 1.09866
19 121 1.09866
19 122 1.09866
19 123 1.08458
19 124 1.07782
19 125 1.07168
19 126 1.06871
19 127 1.10086
19 128 1.10086
19 129 1.10086
19 130 1.10086
19 131 1.10086
19 132 1.08598
19 133 1.07886
19 134 1.07237
19 135 1.06916
19 136 1.09904
19 137 1.09904
19 138 1.09904
19 139 1.09904
19 140 1.09904
19 141 1.08503
19 142 1.07825
19 143 1.07203
19 144 1.06892
20 1 1.11812
20 2 1.11812
20 3 1.11812
20 4 1.11812
20 5 1.11812
20 6 1.09523
20 7 1.08494
20 8 1.07594
20 9 1.07154
20 10 1.16166
20 11 1.16166
20 12 1.16166
20 13 1.16166
20 14 1.16166
20 15 1.10999
20 16 1.09316
20 17 1.08005
20 18 1.07389
20 19 1.30424
20 20 1.30424
20 21 1.30424
20 22 1.30424
20 23 1.30424
20 24 1.11754
20 25 1.09628
20 26 1.0814
20 27 1.0746
20 28 1.16198
20 29 1.16198
20 30 1.16198
20 31 1.16198
20 32 1.16198
20 33 1.11033
20 34 1.09348
20 35 1.08036
20 36 1.07418
20 37 1.11153
20 38 1.11153
20 39 1.11153
20 40 1.11153
20 41 1.11153
20 42 1.09204
20 43 1.08308
20 44 1.07511
20 45 1.07126
20 46 1.13517
20 47 1.13517
20 48 1.13517
20 49 1.13517
20 50 1.13517
20 51 1.10283
20 52 1.08968
20 53 1.07869
20 54 1.07342
20 55 1.14713
20 56 1.14713
20 57 1.14713
20 58 1.14713
20 59 1.14713
20 60 1.10683
20 61 1.0919
20 62 1.07981
20 63 1.07406
20 64 1.13551
20 65 1.13551
20 66 1.13551
20 67 1.13551
20 68 1.13551
20 69 1.10321
20 70 1.09005
20 71 1.07901
20 72 1.07368
20 73 1.10156
20 74 1.10156
20 75 1.10156
20 76 1.10156
20 77 1.10156
20 78 1.08632
20 79 1.07926
20 80 1.07277
20 81 1.06968
20 82 1.11425
20 83 1.11425
20 84 1.11425
20 85 1.11425
20 86 1.11425
20 87 1.09348
20 88 1.084
20 89 1.07561
20 90 1.07153
20 91 1.11863
20 92 1.11863
20 93 1.11863
20 94 1.11863
20 95 1.11863
20 96 1.09574
20 97 1.08549
20 98 1.07649
20 99 1.07208
20 100 1.11461
20 101 1.11461
20 102 1.11461
20 103 1.11461
20 104 1.11461
20 105 1.09391
20 106 1.0844
20 107 1.07595
20 108 1.07178
20 109 1.09135
20 110 1.09135
20 111 1.09135
20 112 1.09135
20 113 1.09135
20 114 1.07992
20 115 1.07452
20 116 1.06946
20 117 1.06719
20 118 1.09866
20 119 1.09866
20 120 1.09866
20 121 1.09866
20 122 1.09866
20 123 1.08458
20 124 1.07782
20 125 1.07168
20 126 1.06871
20 127 1.10086
20 128 1.10086
20 129 1.10086
20 130 1.10086
20 131 1.10086
20 132 1.08598
20 133 1.07886
20 134 1.07237
20 135 1.06916
20 136 1.09904
20 137 1.09904
20 138 1.09904
20 139 1.09904
20 140 1.09904
20 141 1.08503
20 142 1.07825
20 143 1.07203
20 144 1.06892
21 1 1.11812
21 2 1.11812
21 3 1.11812
21 4 1.11812
21 5 1.11812
21 6 1.09523
21 7 1.08494
21 8 1.07594
21 9 1.07154
21 10 1.16166
21 11 1.16166
21 12 1.16166
21 13 1.16166
21 14 1.16166
21 15 1.10999
21 16 1.09316
21 17 1.08005
21 18 1.07389
21 19 1.30424
21 20 1.30424
21 21 1.30424
21 22 1.30424
21 23 1.30424
21 24 1.11754
21 25 1.09628
21 26 1.0814
21 27 1.0746
21 28 1.16198
21 29 1.16198
21 30 1.16198
21 31 1.16198
21 32 1.16198
21 33 1.11033
21 34 1.09348
21 35 1.08036
21 36 1.07418
21 37 1.11153
21 38 1.11153
21 39 1.11153
21 40 1.11153
21 41 1.11153
21 42 1.09204
21 43 1.08308
21 44 1.07511
21 45 1.07126
21 46 1.13517
21 47 1.13517
