injected_el measured_el potential
1 1 1.30438
1 2 1.30438
1 3 1.30438
1 4 1.30438
1 5 1.30438
1 6 1.11812
1 7 1.09803
1 8 1.08392
1 9 1.07736
1 10 1.14628
1 11 1.14628
1 12 1.14628
1 13 1.14628
1 14 1.14628
1 15 1.10722
1 16 1.09209
1 17 1.08069
1 18 1.07565
1 19 1.11768
1 20 1.11768
1 21 1.11768
1 22 1.11768
1 23 1.11768
1 24 1.09568
1 25 1.08573
1 26 1.07719
1 27 1.07298
1 28 1.10023
1 29 1.10023
1 30 1.10023
1 31 1.10023
1 32 1.10023
1 33 1.08619
1 34 1.07932
1 35 1.073
1 36 1.06985
1 37 1.14716
1 38 1.14716
1 39 1.14716
1 40 1.14716
1 41 1.14716
1 42 1.10647
1 43 1.09381
1 44 1.08296
1 45 1.07762
1 46 1.12854
1 47 1.12854
1 48 1.12854
1 49 1.12854
1 50 1.12854
1 51 1.1019
1 52 1.08975
1 53 1.07996
1 54 1.07589
1 55 1.11103
1 56 1.11103
1 57 1.11103
1 58 1.11103
1 59 1.11103
1 60 1.09307
1 61 1.08469
1 62 1.07699
1 63 1.07315
1 64 1.09716
1 65 1.09716
1 66 1.09716
1 67 1.09716
1 68 1.09716
1 69 1.08501
1 70 1.07878
1 71 1.07292
1 72 1.06998
1 73 1.11884
1 74 1.11884
1 75 1.11884
1 76 1.11884
1 77 1.11884
1 78 1.09591
1 79 1.08764
1 80 1.07993
1 81 1.07588
1 82 1.11111
1 83 1.11111
1 84 1.11111
1 85 1.11111
1 86 1.11111
1 87 1.09378
1 88 1.08556
1 89 1.07767
1 90 1.0743
1 91 1.10113
1 92 1.10113
1 93 1.10113
1 94 1.10113
1 95 1.10113
1 96 1.08854
1 97 1.08171
1 98 1.07505
1 99 1.07174
1 100 1.09132
1 101 1.09132
1 102 1.09132
1 103 1.09132
1 104 1.09132
1 105 1.08162
1 106 1.07637
1 107 1.0713
1 108 1.06874
1 109 1.10132
1 110 1.10132
1 111 1.10132
1 112 1.10132
1 113 1.10132
1 114 1.08663
1 115 1.08113
1 116 1.07606
1 117 1.0728
1 118 1.0971
1 119 1.0971
1 120 1.0971
1 121 1.0971
1 122 1.0971
1 123 1.08572
1 124 1.07977
1 125 1.07421
1 126 1.0715
1 127 1.09108
1 128 1.09108
1 129 1.09108
1 130 1.09108
1 131 1.09108
1 132 1.08222
1 133 1.07698
1 134 1.07194
1 135 1.06925
1 136 1.08433
1 137 1.08433
1 138 1.08433
1 139 1.08433
1 140 1.08433
1 141 1.07683
1 142 1.07271
1 143 1.06863
1 144 1.06652
2 1 1.30438
2 2 1.30438
2 3 1.30438
2 4 1.30438
2 5 1.30438
2 6 1.11812
2 7 1.09803
2 8 1.08392
2 9 1.07736
2 10 1.14628
2 11 1.14628
2 12 1.14628
2 13 1.14628
2 14 1.14628
2 15 1.10722
2 16 1.09209
2 17 1.08069
2 18 1.07565
2 19 1.11768
2 20 1.11768
2 21 1.11768
2 22 1.11768
2 23 1.11768
2 24 1.09568
2 25 1.08573
2 26 1.07719
2 27 1.07298
2 28 1.10023
2 29 1.10023
2 30 1.10023
2 31 1.10023
2 32 1.10023
2 33 1.08619
2 34 1.07932
2 35 1.073
2 36 1.06985
2 37 1.14716
2 38 1.14716
2 39 1.14716
2 40 1.14716
2 41 1.14716
2 42 1.10647
2 43 1.09381
2 44 1.08296
2 45 1.07762
2 46 1.12854
2 47 1.12854
2 48 1.12854
2 49 1.12854
2 50 1.12854
2 51 1.1019
2 52 1.08975
2 53 1.07996
2 54 1.07589
2 55 1.11103
2 56 1.11103
2 57 1.11103
2 58 1.11103
2 59 1.11103
2 60 1.09307
2 61 1.08469
2 62 1.07699
2 63 1.07315
2 64 1.09716
2 65 1.09716
2 66 1.09716
2 67 1.09716
2 68 1.09716
2 69 1.08501
2 70 1.07878
2 71 1.07292
2 72 1.06998
2 73 1.11884
2 74 1.11884
2 75 1.11884
2 76 1.11884
2 77 1.11884
2 78 1.09591
2 79 1.08764
2 80 1.07993
2 81 1.07588
2 82 1.11111
2 83 1.11111
2 84 1.11111
2 85 1.11111
2 86 1.11111
2 87 1.09378
2 88 1.08556
2 89 1.07767
2 90 1.0743
2 91 1.10113
2 92 1.10113
2 93 1.10113
2 94 1.10113
2 95 1.10113
2 96 1.08854
2 97 1.08171
2 98 1.07505
2 99 1.07174
2 100 1.09132
2 101 1.09132
2 102 1.09132
2 103 1.09132
2 104 1.09132
2 105 1.08162
2 106 1.07637
2 107 1.0713
2 108 1.06874
2 109 1.10132
2 110 1.10132
2 111 1.10132
2 112 1.10132
2 113 1.10132
2 114 1.08663
2 115 1.08113
2 116 1.07606
2 117 1.0728
2 118 1.0971
2 119 1.0971
2 120 1.0971
2 121 1.0971
2 122 1.0971
2 123 1.08572
2 124 1.07977
2 125 1.07421
2 126 1.0715
2 127 1.09108
2 128 1.09108
2 129 1.09108
2 130 1.09108
2 131 1.09108
2 132 1.08222
2 133 1.07698
2 134 1.07194
2 135 1.06925
2 136 1.08433
2 137 1.08433
2 138 1.08433
2 139 1.08433
2 140 1.08433
2 141 1.07683
2 142 1.07271
2 143 1.06863
2 144 1.06652
3 1 1.30438
3 2 1.30438
3 3 1.30438
3 4 1.30438
3 5 1.30438
3 6 1.11812
3 7 1.09803
3 8 1.08392
3 9 1.07736
3 10 1.14628
3 11 1.14628
3 12 1.14628
3 13 1.14628
3 14 1.14628
3 15 1.10722
3 16 1.09209
3 17 1.08069
3 18 1.07565
3 19 1.11768
3 20 1.11768
3 21 1.11768
3 22 1.11768
3 23 1.11768
3 24 1.09568
3 25 1.08573
3 26 1.07719
3 27 1.07298
3 28 1.10023
3 29 1.10023
3 30 1.10023
3 31 1.10023
3 32 1.10023
3 33 1.08619
3 34 1.07932
3 35 1.073
3 36 1.06985
3 37 1.14716
3 38 1.14716
3 39 1.14716
3 40 1.14716
3 41 1.14716
3 42 1.10647
3 43 1.09381
3 44 1.08296
3 45 1.07762
3 46 1.12854
3 47 1.12854
3 48 1.12854
3 49 1.12854
3 50 1.12854
3 51 1.1019
3 52 1.08975
3 53 1.07996
3 54 1.07589
3 55 1.11103
3 56 1.11103
3 57 1.11103
3 58 1.11103
3 59 1.11103
3 60 1.09307
3 61 1.08469
3 62 1.07699
3 63 1.07315
3 64 1.09716
3 65 1.09716
3 66 1.09716
3 67 1.09716
3 68 1.09716
3 69 1.08501
3 70 1.07878
3 71 1.07292
3 72 1.06998
3 73 1.11884
3 74 1.11884
3 75 1.11884
3 76 1.11884
3 77 1.11884
3 78 1.09591
3 79 1.08764
3 80 1.07993
3 81 1.07588
3 82 1.11111
3 83 1.11111
3 84 1.11111
3 85 1.11111
3 86 1.11111
3 87 1.09378
3 88 1.08556
3 89 1.07767
3 90 1.0743
3 91 1.10113
3 92 1.10113
3 93 1.10113
3 94 1.10113
3 95 1.10113
3 96 1.08854
3 97 1.08171
3 98 1.07505
3 99 1.07174
3 100 1.09132
3 101 1.09132
3 102 1.09132
3 103 1.09132
3 104 1.09132
3 105 1.08162
3 106 1.07637
3 107 1.0713
3 108 1.06874
3 109 1.10132
3 110 1.10132
3 111 1.10132
3 112 1.10132
3 113 1.10132
3 114 1.08663
3 115 1.08113
3 116 1.07606
3 117 1.0728
3 118 1.0971
3 119 1.0971
3 120 1.0971
3 121 1.0971
3 122 1.0971
3 123 1.08572
3 124 1.07977
3 125 1.07421
3 126 1.0715
3 127 1.09108
3 128 1.09108
3 129 1.09108
3 130 1.09108
3 131 1.09108
3 132 1.08222
3 133 1.07698
3 134 1.07194
3 135 1.06925
3 136 1.08433
3 137 1.08433
3 138 1.08433
3 139 1.08433
3 140 1.08433
3 141 1.07683
3 142 1.07271
3 143 1.06863
3 144 1.06652
4 1 1.30438
4 2 1.30438
4 3 1.30438
4 4 1.30438
4 5 1.30438
4 6 1.11812
4 7 1.09803
4 8 1.08392
4 9 1.07736
4 10 1.14628
4 11 1.14628
4 12 1.14628
4 13 1.14628
4 14 1.14628
4 15 1.10722
4 16 1.09209
4 17 1.08069
4 18 1.07565
4 19 1.11768
4 20 1.11768
4 21 1.11768
4 22 1.11768
4 23 1.11768
4 24 1.09568
4 25 1.08573
4 26 1.07719
4 27 1.07298
4 28 1.10023
4 29 1.10023
4 30 1.10023
4 31 1.10023
4 32 1.10023
4 33 1.08619
4 34 1.07932
4 35 1.073
4 36 1.06985
4 37 1.14716
4 38 1.14716
4 39 1.14716
4 40 1.14716
4 41 1.14716
4 42 1.10647
4 43 1.09381
4 44 1.08296
4 45 1.07762
4 46 1.12854
4 47 1.12854
4 48 1.12854
4 49 1.12854
4 50 1.12854
4 51 1.1019
4 52 1.08975
4 53 1.07996
4 54 1.07589
4 55 1.11103
4 56 1.11103
4 57 1.11103
4 58 1.11103
4 59 1.11103
4 60 1.09307
4 61 1.08469
4 62 1.07699
4 63 1.07315
4 64 1.09716
4 65 1.09716
4 66 1.09716
4 67 1.09716
4 68 1.09716
4 69 1.08501
4 70 1.07878
4 71 1.07292
4 72 1.06998
4 73 1.11884
4 74 1.11884
4 75 1.11884
4 76 1.11884
4 77 1.11884
4 78 1.09591
4 79 1.08764
4 80 1.07993
4 81 1.07588
4 82 1.11111
4 83 1.11111
4 84 1.11111
4 85 1.11111
4 86 1.11111
4 87 1.09378
4 88 1.08556
4 89 1.07767
4 90 1.0743
4 91 1.10113
4 92 1.10113
4 93 1.10113
4 94 1.10113
4 95 1.10113
4 96 1.08854
4 97 1.08171
4 98 1.07505
4 99 1.07174
4 100 1.09132
4 101 1.09132
4 102 1.09132
4 103 1.09132
4 104 1.09132
4 105 1.08162
4 106 1.07637
4 107 1.0713
4 108 1.06874
4 109 1.10132
4 110 1.10132
4 111 1.10132
4 112 1.10132
4 113 1.10132
4 114 1.08663
4 115 1.08113
4 116 1.07606
4 117 1.0728
4 118 1.0971
4 119 1.0971
4 120 1.0971
4 121 1.0971
4 122 1.0971
4 123 1.08572
4 124 1.07977
4 125 1.07421
4 126 1.0715
4 127 1.09108
4 128 1.09108
4 129 1.09108
4 130 1.09108
4 131 1.09108
4 132 1.08222
4 133 1.07698
4 134 1.07194
4 135 1.06925
4 136 1.08433
4 137 1.08433
4 138 1.08433
4 139 1.08433
4 140 1.08433
4 141 1.07683
4 142 1.07271
4 143 1.06863
4 144 1.06652
5 1 1.30438
5 2 1.30438
5 3 1.30438
5 4 1.30438
5 5 1.30438
5 6 1.11812
5 7 1.09803
5 8 1.08392
5 9 1.07736
5 10 1.14628
5 11 1.14628
5 12 1.14628
5 13 1.14628
5 14 1.14628
5 15 1.10722
5 16 1.09209
5 17 1.08069
5 18 1.07565
5 19 1.11768
5 20 1.11768
5 21 1.11768
5 22 1.11768
5 23 1.11768
5 24 1.09568
5 25 1.08573
5 26 1.07719
5 27 1.07298
5 28 1.10023
5 29 1.10023
5 30 1.10023
5 31 1.10023
5 32 1.10023
5 33 1.08619
5 34 1.07932
5 35 1.073
5 36 1.06985
5 37 1.14716
5 38 1.14716
5 39 1.14716
5 40 1.14716
5 41 1.14716
5 42 1.10647
5 43 1.09381
5 44 1.08296
5 45 1.07762
5 46 1.12854
5 47 1.12854
5 48 1.12854
5 49 1.12854
5 50 1.12854
5 51 1.1019
5 52 1.08975
5 53 1.07996
5 54 1.07589
5 55 1.11103
5 56 1.11103
5 57 1.11103
5 58 1.11103
5 59 1.11103
5 60 1.09307
5 61 1.08469
5 62 1.07699
5 63 1.07315
5 64 1.09716
5 65 1.09716
5 66 1.09716
5 67 1.09716
5 68 1.09716
5 69 1.08501
5 70 1.07878
5 71 1.07292
5 72 1.06998
5 73 1.11884
5 74 1.11884
5 75 1.11884
5 76 1.11884
5 77 1.11884
5 78 1.09591
5 79 1.08764
5 80 1.07993
5 81 1.07588
5 82 1.11111
5 83 1.11111
5 84 1.11111
5 85 1.11111
5 86 1.11111
5 87 1.09378
5 88 1.08556
5 89 1.07767
5 90 1.0743
5 91 1.10113
5 92 1.10113
5 93 1.10113
5 94 1.10113
5 95 1.10113
5 96 1.08854
5 97 1.08171
5 98 1.07505
5 99 1.07174
5 100 1.09132
5 101 1.09132
5 102 1.09132
5 103 1.09132
5 104 1.09132
5 105 1.08162
5 106 1.07637
5 107 1.0713
5 108 1.06874
5 109 1.10132
5 110 1.10132
5 111 1.10132
5 112 1.10132
5 113 1.10132
5 114 1.08663
5 115 1.08113
5 116 1.07606
5 117 1.0728
5 118 1.0971
5 119 1.0971
5 120 1.0971
5 121 1.0971
5 122 1.0971
5 123 1.08572
5 124 1.07977
5 125 1.07421
5 126 1.0715
5 127 1.09108
5 128 1.09108
5 129 1.09108
5 130 1.09108
5 131 1.09108
5 132 1.08222
5 133 1.07698
5 134 1.07194
5 135 1.06925
5 136 1.08433
5 137 1.08433
5 138 1.08433
5 139 1.08433
5 140 1.08433
5 141 1.07683
5 142 1.07271
5 143 1.06863
5 144 1.06652
6 1 1.11812
6 2 1.11812
6 3 1.11812
6 4 1.11812
6 5 1.11812
6 6 6.19498
6 7 2.00865
6 8 1.36627
6 9 1.20161
6 10 1.10668
6 11 1.10668
6 12 1.10668
6 13 1.10668
6 14 1.10668
6 15 1.40253
6 16 1.33185
6 17 1.22769
6 18 1.17779
6 19 1.09536
6 20 1.09536
6 21 1.09536
6 22 1.09536
6 23 1.09536
6 24 1.18122
6 25 1.18198
6 26 1.16298
6 27 1.1489
6 28 1.08585
6 29 1.08585
6 30 1.08585
6 31 1.08585
6 32 1.08585
6 33 1.12124
6 34 1.12752
6 35 1.12671
6 36 1.12485
6 37 1.10951
6 38 1.10951
6 39 1.10951
6 40 1.10951
6 41 1.10951
6 42 1.38554
6 43 1.32608
6 44 1.23155
6 45 1.18205
6 46 1.1028
6 47 1.1028
6 48 1.1028
6 49 1.1028
6 50 1.1028
6 51 1.23047
6 52 1.22348
6 53 1.18625
6 54 1.16494
6 55 1.09345
6 56 1.09345
6 57 1.09345
6 58 1.09345
6 59 1.09345
6 60 1.15071
6 61 1.15637
6 62 1.14955
6 63 1.1419
6 64 1.08492
6 65 1.08492
6 66 1.08492
6 67 1.08492
6 68 1.08492
6 69 1.11453
6 70 1.12062
6 71 1.12169
6 72 1.12114
6 73 1.09886
6 74 1.09886
6 75 1.09886
6 76 1.09886
6 77 1.09886
6 78 1.18838
6 79 1.18706
6 80 1.16804
6 81 1.15455
6 82 1.09506
6 83 1.09506
6 84 1.09506
6 85 1.09506
6 86 1.09506
6 87 1.15106
6 88 1.15665
6 89 1.15017
6 90 1.14393
6 91 1.08849
6 92 1.08849
6 93 1.08849
6 94 1.08849
6 95 1.08849
6 96 1.12512
6 97 1.13036
6 98 1.13068
6 99 1.1285
6 100 1.08164
6 101 1.08164
6 102 1.08164
6 103 1.08164
6 104 1.08164
6 105 1.10406
6 106 1.10962
6 107 1.11223
6 108 1.11292
6 109 1.08908
6 110 1.08908
6 111 1.08908
6 112 1.08908
6 113 1.08908
6 114 1.13
6 115 1.13357
6 116 1.13286
6 117 1.12986
6 118 1.08664
6 119 1.08664
6 120 1.08664
6 121 1.08664
6 122 1.08664
6 123 1.1189
6 124 1.12249
6 125 1.12435
6 126 1.12352
6 127 1.08219
6 128 1.08219
6 129 1.08219
6 130 1.08219
6 131 1.08219
6 132 1.1068
6 133 1.11081
6 134 1.11363
6 135 1.11376
6 136 1.07704
6 137 1.07704
6 138 1.07704
6 139 1.07704
6 140 1.07704
6 141 1.09341
6 142 1.09836
6 143 1.10153
6 144 1.10278
7 1 1.09803
7 2 1.09803
7 3 1.09803
7 4 1.09803
7 5 1.09803
7 6 2.00865
7 7 6.12726
7 8 1.90239
7 9 1.30276
7 10 1.09255
7 11 1.09255
7 12 1.09255
7 13 1.09255
7 14 1.09255
7 15 1.33406
7 16 1.42522
7 17 1.3173
7 18 1.24391
7 19 1.08567
7 20 1.08567
7 21 1.08567
7 22 1.08567
7 23 1.08567
7 24 1.18172
7 25 1.20807
7 26 1.20333
7 27 1.19193
7 28 1.07911
7 29 1.07911
7 30 1.07911
7 31 1.07911
7 32 1.07911
7 33 1.12749
7 34 1.14361
7 35 1.15172
7 36 1.15394
7 37 1.09526
7 38 1.09526
7 39 1.09526
7 40 1.09526
7 41 1.09526
7 42 1.32635
7 43 1.40197
7 44 1.31227
7 45 1.24641
7 46 1.09122
7 47 1.09122
7 48 1.09122
7 49 1.09122
7 50 1.09122
7 51 1.21818
7 52 1.25713
7 53 1.23747
7 54 1.21572
7 55 1.08494
7 56 1.08494
7 57 1.08494
7 58 1.08494
7 59 1.08494
7 60 1.15441
7 61 1.17599
7 62 1.18224
7 63 1.17854
7 64 1.07876
7 65 1.07876
7 66 1.07876
7 67 1.07876
7 68 1.07876
7 69 1.1205
7 70 1.1349
7 71 1.14398
7 72 1.14726
7 73 1.08922
7 74 1.08922
7 75 1.08922
7 76 1.08922
7 77 1.08922
7 78 1.18902
7 79 1.20951
7 80 1.20439
7 81 1.19532
7 82 1.08662
7 83 1.08662
7 84 1.08662
7 85 1.08662
7 86 1.08662
7 87 1.15316
7 88 1.17419
7 89 1.18144
7 90 1.17933
7 91 1.08173
7 92 1.08173
7 93 1.08173
7 94 1.08173
7 95 1.08173
7 96 1.12998
7 97 1.14474
7 98 1.15496
7 99 1.15683
7 100 1.07644
7 101 1.07644
7 102 1.07644
7 103 1.07644
7 104 1.07644
7 105 1.10955
7 106 1.12159
7 107 1.1307
7 108 1.13462
7 109 1.08248
7 110 1.08248
7 111 1.08248
7 112 1.08248
7 113 1.08248
7 114 1.13683
7 115 1.14819
7 116 1.15568
7 117 1.15691
7 118 1.08065
7 119 1.08065
7 120 1.08065
7 121 1.08065
7 122 1.08065
7 123 1.12408
7 124 1.1352
7 125 1.14539
7 126 1.14806
7 127 1.07708
7 128 1.07708
7 129 1.07708
7 130 1.07708
7 131 1.07708
7 132 1.11205
7 133 1.1221
7 134 1.13159
7 135 1.13481
7 136 1.07288
7 137 1.07288
7 138 1.07288
7 139 1.07288
7 140 1.07288
7 141 1.09826
7 142 1.10814
7 143 1.11621
7 144 1.11995
8 1 1.08392
8 2 1.08392
8 3 1.08392
8 4 1.08392
8 5 1.08392
8 6 1.36627
8 7 1.90239
8 8 5.86377
8 9 1.52863
8 10 1.08116
8 11 1.08116
8 12 1.08116
8 13 1.08116
8 14 1.08116
8 15 1.23228
8 16 1.32733
8 17 1.3829
8 18 1.32789
8 19 1.07726
8 20 1.07726
8 21 1.07726
8 22 1.07726
8 23 1.07726
8 24 1.16336
8 25 1.20477
8 26 1.23414
8 27 1.23887
8 28 1.07304
8 29 1.07304
8 30 1.07304
8 31 1.07304
8 32 1.07304
8 33 1.12748
8 34 1.15282
8 35 1.17423
8 36 1.18388
8 37 1.08344
8 38 1.08344
8 39 1.08344
8 40 1.08344
8 41 1.08344
8 42 1.22921
8 43 1.30668
8 44 1.36146
8 45 1.32509
8 46 1.08117
8 47 1.08117
8 48 1.08117
8 49 1.08117
8 50 1.08117
8 51 1.18101
8 52 1.23853
8 53 1.27385
8 54 1.2715
8 55 1.07727
8 56 1.07727
8 57 1.07727
8 58 1.07727
8 59 1.07727
8 60 1.14657
8 61 1.18062
8 62 1.20902
8 63 1.21638
8 64 1.07308
8 65 1.07308
8 66 1.07308
8 67 1.07308
8 68 1.07308
8 69 1.12185
8 70 1.14435
8 71 1.1642
8 72 1.17342
8 73 1.08037
8 74 1.08037
8 75 1.08037
8 76 1.08037
8 77 1.08037
8 78 1.16777
8 79 1.2008
8 80 1.22739
8 81 1.23599
8 82 1.07876
8 83 1.07876
8 84 1.07876
8 85 1.07876
8 86 1.07876
8 87 1.14356
8 88 1.17695
8 89 1.20607
8 90 1.21426
8 91 1.07537
8 92 1.07537
8 93 1.07537
8 94 1.07537
8 95 1.07537
8 96 1.1284
8 97 1.15227
8 98 1.17581
8 99 1.18456
8 100 1.07152
8 101 1.07152
8 102 1.07152
8 103 1.07152
8 104 1.07152
8 105 1.1121
8 106 1.13057
8 107 1.14753
8 108 1.15572
8 109 1.07607
8 110 1.07607
8 111 1.07607
8 112 1.07607
8 113 1.07607
8 114 1.1348
8 115 1.15328
8 116 1.1728
8 117 1.18181
8 118 1.07481
8 119 1.07481
8 120 1.07481
8 121 1.07481
8 122 1.07481
8 123 1.12337
8 124 1.1421
8 125 1.16285
8 126 1.17081
8 127 1.0721
8 128 1.0721
8 129 1.0721
8 130 1.0721
8 131 1.0721
8 132 1.1137
8 133 1.12989
8 134 1.14726
8 135 1.15456
8 136 1.06884
8 137 1.06884
8 138 1.06884
8 139 1.06884
8 140 1.06884
8 141 1.10133
8 142 1.11603
8 143 1.12954
8 144 1.13619
9 1 1.07736
9 2 1.07736
9 3 1.07736
9 4 1.07736
9 5 1.07736
9 6 1.20161
9 7 1.30276
9 8 1.52863
9 9 2.13264
9 10 1.07559
9 11 1.07559
9 12 1.07559
9 13 1.07559
9 14 1.07559
9 15 1.17766
9 16 1.24902
9 17 1.33091
9 18 1.37717
9 19 1.07296
9 20 1.07296
9 21 1.07296
9 22 1.07296
9 23 1.07296
9 24 1.14921
9 25 1.19386
9 26 1.24025
9 27 1.26208
9 28 1.06985
9 29 1.06985
9 30 1.06985
9 31 1.06985
9 32 1.06985
9 33 1.12525
9 34 1.15462
9 35 1.18348
9 36 1.19811
9 37 1.07765
9 38 1.07765
9 39 1.07765
9 40 1.07765
9 41 1.07765
9 42 1.17772
9 43 1.23673
9 44 1.31562
9 45 1.37241
9 46 1.07608
9 47 1.07608
9 48 1.07608
9 49 1.07608
9 50 1.07608
9 51 1.15686
9 52 1.21417
9 53 1.27229
9 54 1.29821
9 55 1.07327
9 56 1.07327
9 57 1.07327
9 58 1.07327
9 59 1.07327
9 60 1.13886
9 61 1.17692
9 62 1.21683
9 63 1.23355
9 64 1.07004
9 65 1.07004
9 66 1.07004
9 67 1.07004
9 68 1.07004
9 69 1.12057
9 70 1.14664
9 71 1.1723
9 72 1.18519
9 73 1.07584
9 74 1.07584
9 75 1.07584
9 76 1.07584
9 77 1.07584
9 78 1.15278
9 79 1.18901
9 80 1.23152
9 81 1.25591
9 82 1.07463
9 83 1.07463
9 84 1.07463
9 85 1.07463
9 86 1.07463
9 87 1.13552
9 88 1.17317
9 89 1.21349
9 90 1.22983
9 91 1.07197
9 92 1.07197
9 93 1.07197
9 94 1.07197
9 95 1.07197
9 96 1.12525
9 97 1.15299
9 98 1.18352
9 99 1.1967
9 100 1.06883
9 101 1.06883
9 102 1.06883
9 103 1.06883
9 104 1.06883
9 105 1.11194
9 106 1.13336
9 107 1.15439
9 108 1.16496
9 109 1.07269
9 110 1.07269
9 111 1.07269
9 112 1.07269
9 113 1.07269
9 114 1.13156
9 115 1.15323
9 116 1.17932
9 117 1.19335
9 118 1.07165
9 119 1.07165
9 120 1.07165
9 121 1.07165
9 122 1.07165
9 123 1.12115
9 124 1.1434
9 125 1.16961
9 126 1.18073
9 127 1.06937
9 128 1.06937
9 129 1.06937
9 130 1.06937
9 131 1.06937
9 132 1.11308
9 133 1.13213
9 134 1.15351
9 135 1.16307
9 136 1.06659
9 137 1.06659
9 138 1.06659
9 139 1.06659
9 140 1.06659
9 141 1.10188
9 142 1.11881
9 143 1.13503
9 144 1.14318
10 1 1.14628
10 2 1.14628
10 3 1.14628
10 4 1.14628
10 5 1.14628
10 6 1.10668
10 7 1.09255
10 8 1.08116
10 9 1.07559
10 10 1.3035
10 11 1.3035
10 12 1.3035
10 13 1.3035
10 14 1.3035
10 15 1.11759
10 16 1.09615
10 17 1.08218
10 18 1.07636
10 19 1.16111
10 20 1.16111
10 21 1.16111
10 22 1.16111
10 23 1.16111
10 24 1.11004
10 25 1.09359
10 26 1.08106
10 27 1.07527
10 28 1.12541
10 29 1.12541
10 30 1.12541
10 31 1.12541
10 32 1.12541
10 33 1.09905
10 34 1.08773
10 35 1.07799
10 36 1.07327
10 37 1.12858
10 38 1.12858
10 39 1.12858
10 40 1.12858
10 41 1.12858
10 42 1.10072
10 43 1.08999
10 44 1.08067
10 45 1.07593
10 46 1.14618
10 47 1.14618
10 48 1.14618
10 49 1.14618
10 50 1.14618
10 51 1.10691
10 52 1.09223
10 53 1.08099
10 54 1.0765
10 55 1.13452
10 56 1.13452
10 57 1.13452
10 58 1.13452
10 59 1.13452
10 60 1.10292
10 61 1.09074
10 62 1.0802
10 63 1.07525
10 64 1.11655
10 65 1.11655
10 66 1.11655
10 67 1.11655
10 68 1.11655
10 69 1.09556
10 70 1.08597
10 71 1.0774
10 72 1.07319
10 73 1.1112
10 74 1.1112
10 75 1.1112
10 76 1.1112
10 77 1.1112
10 78 1.0929
10 79 1.08514
10 80 1.07815
10 81 1.07437
10 82 1.11778
10 83 1.11778
10 84 1.11778
10 85 1.11778
10 86 1.11778
10 87 1.09644
10 88 1.08713
10 89 1.07837
10 90 1.07479
10 91 1.11367
10 92 1.11367
10 93 1.11367
10 94 1.11367
10 95 1.11367
10 96 1.09466
10 97 1.08595
10 98 1.07756
10 99 1.07357
10 100 1.1046
10 101 1.1046
10 102 1.1046
10 103 1.1046
10 104 1.1046
10 105 1.08943
10 106 1.082
10 107 1.07508
10 108 1.07163
10 109 1.09716
10 110 1.09716
10 111 1.09716
10 112 1.09716
10 113 1.09716
10 114 1.08474
10 115 1.07941
10 116 1.07465
10 117 1.07148
10 118 1.10029
10 119 1.10029
10 120 1.10029
10 121 1.10029
10 122 1.10029
10 123 1.08726
10 124 1.08071
10 125 1.07471
10 126 1.07187
10 127 1.09827
10 128 1.09827
10 129 1.09827
10 130 1.09827
10 131 1.09827
10 132 1.08608
10 133 1.07983
10 134 1.07385
10 135 1.07079
10 136 1.09324
10 137 1.09324
10 138 1.09324
10 139 1.09324
10 140 1.09324
10 141 1.08244
10 142 1.07696
10 143 1.07171
10 144 1.06904
11 1 1.14628
11 2 1.14628
11 3 1.14628
11 4 1.14628
11 5 1.14628
11 6 1.10668
11 7 1.09255
11 8 1.08116
11 9 1.07559
11 10 1.3035
11 11 1.3035
11 12 1.3035
11 13 1.3035
11 14 1.3035
11 15 1.11759
11 16 1.09615
11 17 1.08218
11 18 1.07636
11 19 1.16111
11 20 1.16111
11 21 1.16111
11 22 1.16111
11 23 1.16111
11 24 1.11004
11 25 1.09359
11 26 1.08106
11 27 1.07527
11 28 1.12541
11 29 1.12541
11 30 1.12541
11 31 1.12541
11 32 1.12541
11 33 1.09905
11 34 1.08773
11 35 1.07799
11 36 1.07327
11 37 1.12858
11 38 1.12858
11 39 1.12858
11 40 1.12858
11 41 1.12858
11 42 1.10072
11 43 1.08999
11 44 1.08067
11 45 1.07593
11 46 1.14618
11 47 1.14618
11 48 1.14618
11 49 1.14618
11 50 1.14618
11 51 1.10691
11 52 1.09223
11 53 1.08099
11 54 1.0765
11 55 1.13452
11 56 1.13452
11 57 1.13452
11 58 1.13452
11 59 1.13452
11 60 1.10292
11 61 1.09074
11 62 1.0802
11 63 1.07525
11 64 1.11655
11 65 1.11655
11 66 1.11655
11 67 1.11655
11 68 1.11655
11 69 1.09556
11 70 1.08597
11 71 1.0774
11 72 1.07319
11 73 1.1112
11 74 1.1112
11 75 1.1112
11 76 1.1112
11 77 1.1112
11 78 1.0929
11 79 1.08514
11 80 1.07815
11 81 1.07437
11 82 1.11778
11 83 1.11778
11 84 1.11778
11 85 1.11778
11 86 1.11778
11 87 1.09644
11 88 1.08713
11 89 1.07837
11 90 1.07479
11 91 1.11367
11 92 1.11367
11 93 1.11367
11 94 1.11367
11 95 1.11367
11 96 1.09466
11 97 1.08595
11 98 1.07756
11 99 1.07357
11 100 1.1046
11 101 1.1046
11 102 1.1046
11 103 1.1046
11 104 1.1046
11 105 1.08943
11 106 1.082
11 107 1.07508
11 108 1.07163
11 109 1.09716
11 110 1.09716
11 111 1.09716
11 112 1.09716
11 113 1.09716
11 114 1.08474
11 115 1.07941
11 116 1.07465
11 117 1.07148
11 118 1.10029
11 119 1.10029
11 120 1.10029
11 121 1.10029
11 122 1.10029
11 123 1.08726
11 124 1.08071
11 125 1.07471
11 126 1.07187
11 127 1.09827
11 128 1.09827
11 129 1.09827
11 130 1.09827
11 131 1.09827
11 132 1.08608
11 133 1.07983
11 134 1.07385
11 135 1.07079
11 136 1.09324
11 137 1.09324
11 138 1.09324
11 139 1.09324
11 140 1.09324
11 141 1.08244
11 142 1.07696
11 143 1.07171
11 144 1.06904
12 1 1.14628
12 2 1.14628
12 3 1.14628
12 4 1.14628
12 5 1.14628
12 6 1.10668
12 7 1.09255
12 8 1.08116
12 9 1.07559
12 10 1.3035
12 11 1.3035
12 12 1.3035
12 13 1.3035
12 14 1.3035
12 15 1.11759
12 16 1.09615
12 17 1.08218
12 18 1.07636
12 19 1.16111
12 20 1.16111
12 21 1.16111
12 22 1.16111
12 23 1.16111
12 24 1.11004
12 25 1.09359
12 26 1.08106
12 27 1.07527
12 28 1.12541
12 29 1.12541
12 30 1.12541
12 31 1.12541
12 32 1.12541
12 33 1.09905
12 34 1.08773
12 35 1.07799
12 36 1.07327
12 37 1.12858
12 38 1.12858
12 39 1.12858
12 40 1.12858
12 41 1.12858
12 42 1.10072
12 43 1.08999
12 44 1.08067
12 45 1.07593
12 46 1.14618
12 47 1.14618
12 48 1.14618
12 49 1.14618
12 50 1.14618
12 51 1.10691
12 52 1.09223
12 53 1.08099
12 54 1.0765
12 55 1.13452
12 56 1.13452
12 57 1.13452
12 58 1.13452
12 59 1.13452
12 60 1.10292
12 61 1.09074
12 62 1.0802
12 63 1.07525
12 64 1.11655
12 65 1.11655
12 66 1.11655
12 67 1.11655
12 68 1.11655
12 69 1.09556
12 70 1.08597
12 71 1.0774
12 72 1.07319
12 73 1.1112
12 74 1.1112
12 75 1.1112
12 76 1.1112
12 77 1.1112
12 78 1.0929
12 79 1.08514
12 80 1.07815
12 81 1.07437
12 82 1.11778
12 83 1.11778
12 84 1.11778
12 85 1.11778
12 86 1.11778
12 87 1.09644
12 88 1.08713
12 89 1.07837
12 90 1.07479
12 91 1.11367
12 92 1.11367
12 93 1.11367
12 94 1.11367
12 95 1.11367
12 96 1.09466
12 97 1.08595
12 98 1.07756
12 99 1.07357
12 100 1.1046
12 101 1.1046
12 102 1.1046
12 103 1.1046
12 104 1.1046
12 105 1.08943
12 106 1.082
12 107 1.07508
12 108 1.07163
12 109 1.09716
12 110 1.09716
12 111 1.09716
12 112 1.09716
12 113 1.09716
12 114 1.08474
12 115 1.07941
12 116 1.07465
12 117 1.07148
12 118 1.10029
12 119 1.10029
12 120 1.10029
12 121 1.10029
12 122 1.10029
12 123 1.08726
12 124 1.08071
12 125 1.07471
12 126 1.07187
12 127 1.09827
12 128 1.09827
12 129 1.09827
12 130 1.09827
12 131 1.09827
12 132 1.08608
12 133 1.07983
12 134 1.07385
12 135 1.07079
12 136 1.09324
12 137 1.09324
12 138 1.09324
12 139 1.09324
12 140 1.09324
12 141 1.08244
12 142 1.07696
12 143 1.07171
12 144 1.06904
13 1 1.14628
13 2 1.14628
13 3 1.14628
13 4 1.14628
13 5 1.14628
13 6 1.10668
13 7 1.09255
13 8 1.08116
13 9 1.07559
13 10 1.3035
13 11 1.3035
13 12 1.3035
13 13 1.3035
13 14 1.3035
13 15 1.11759
13 16 1.09615
13 17 1.08218
13 18 1.07636
13 19 1.16111
13 20 1.16111
13 21 1.16111
13 22 1.16111
13 23 1.16111
13 24 1.11004
13 25 1.09359
13 26 1.08106
13 27 1.07527
13 28 1.12541
13 29 1.12541
13 30 1.12541
13 31 1.12541
13 32 1.12541
13 33 1.09905
13 34 1.08773
13 35 1.07799
13 36 1.07327
13 37 1.12858
13 38 1.12858
13 39 1.12858
13 40 1.12858
13 41 1.12858
13 42 1.10072
13 43 1.08999
13 44 1.08067
13 45 1.07593
13 46 1.14618
13 47 1.14618
13 48 1.14618
13 49 1.14618
13 50 1.14618
13 51 1.10691
13 52 1.09223
13 53 1.08099
13 54 1.0765
13 55 1.13452
13 56 1.13452
13 57 1.13452
13 58 1.13452
13 59 1.13452
13 60 1.10292
13 61 1.09074
13 62 1.0802
13 63 1.07525
13 64 1.11655
13 65 1.11655
13 66 1.11655
13 67 1.11655
13 68 1.11655
13 69 1.09556
13 70 1.08597
13 71 1.0774
13 72 1.07319
13 73 1.1112
13 74 1.1112
13 75 1.1112
13 76 1.1112
13 77 1.1112
13 78 1.0929
13 79 1.08514
13 80 1.07815
13 81 1.07437
13 82 1.11778
13 83 1.11778
13 84 1.11778
13 85 1.11778
13 86 1.11778
13 87 1.09644
13 88 1.08713
13 89 1.07837
13 90 1.07479
13 91 1.11367
13 92 1.11367
13 93 1.11367
13 94 1.11367
13 95 1.11367
13 96 1.09466
13 97 1.08595
13 98 1.07756
13 99 1.07357
13 100 1.1046
13 101 1.1046
13 102 1.1046
13 103 1.1046
13 104 1.1046
13 105 1.08943
13 106 1.082
13 107 1.07508
13 108 1.07163
13 109 1.09716
13 110 1.09716
13 111 1.09716
13 112 1.09716
13 113 1.09716
13 114 1.08474
13 115 1.07941
13 116 1.07465
13 117 1.07148
13 118 1.10029
13 119 1.10029
13 120 1.10029
13 121 1.10029
13 122 1.10029
13 123 1.08726
13 124 1.08071
13 125 1.07471
13 126 1.07187
13 127 1.09827
13 128 1.09827
13 129 1.09827
13 130 1.09827
13 131 1.09827
13 132 1.08608
13 133 1.07983
13 134 1.07385
13 135 1.07079
13 136 1.09324
13 137 1.09324
13 138 1.09324
13 139 1.09324
13 140 1.09324
13 141 1.08244
13 142 1.07696
13 143 1.07171
13 144 1.06904
14 1 1.14628
14 2 1.14628
14 3 1.14628
14 4 1.14628
14 5 1.14628
14 6 1.10668
14 7 1.09255
14 8 1.08116
14 9 1.07559
14 10 1.3035
14 11 1.3035
14 12 1.3035
14 13 1.3035
14 14 1.3035
14 15 1.11759
14 16 1.09615
14 17 1.08218
14 18 1.07636
14 19 1.16111
14 20 1.16111
14 21 1.16111
14 22 1.16111
14 23 1.16111
14 24 1.11004
14 25 1.09359
14 26 1.08106
14 27 1.07527
14 28 1.12541
14 29 1.12541
14 30 1.12541
14 31 1.12541
14 32 1.12541
14 33 1.09905
14 34 1.08773
14 35 1.07799
14 36 1.07327
14 37 1.12858
14 38 1.12858
14 39 1.12858
14 40 1.12858
14 41 1.12858
14 42 1.10072
14 43 1.08999
14 44 1.08067
14 45 1.07593
14 46 1.14618
14 47 1.14618
14 48 1.14618
14 49 1.14618
14 50 1.14618
14 51 1.10691
14 52 1.09223
14 53 1.08099
14 54 1.0765
14 55 1.13452
14 56 1.13452
14 57 1.13452
14 58 1.13452
14 59 1.13452
14 60 1.10292
14 61 1.09074
14 62 1.0802
14 63 1.07525
14 64 1.11655
14 65 1.11655
14 66 1.11655
14 67 1.11655
14 68 1.11655
14 69 1.09556
14 70 1.08597
14 71 1.0774
14 72 1.07319
14 73 1.1112
14 74 1.1112
14 75 1.1112
14 76 1.1112
14 77 1.1112
14 78 1.0929
14 79 1.08514
14 80 1.07815
14 81 1.07437
14 82 1.11778
14 83 1.11778
14 84 1.11778
14 85 1.11778
14 86 1.11778
14 87 1.09644
14 88 1.08713
14 89 1.07837
14 90 1.07479
14 91 1.11367
14 92 1.11367
14 93 1.11367
14 94 1.11367
14 95 1.11367
14 96 1.09466
14 97 1.08595
14 98 1.07756
14 99 1.07357
14 100 1.1046
14 101 1.1046
14 102 1.1046
14 103 1.1046
14 104 1.1046
14 105 1.08943
14 106 1.082
14 107 1.07508
14 108 1.07163
14 109 1.09716
14 110 1.09716
14 111 1.09716
14 112 1.09716
14 113 1.09716
14 114 1.08474
14 115 1.07941
14 116 1.07465
14 117 1.07148
14 118 1.10029
14 119 1.10029
14 120 1.10029
14 121 1.10029
14 122 1.10029
14 123 1.08726
14 124 1.08071
14 125 1.07471
14 126 1.07187
14 127 1.09827
14 128 1.09827
14 129 1.09827
14 130 1.09827
14 131 1.09827
14 132 1.08608
14 133 1.07983
14 134 1.07385
14 135 1.07079
14 136 1.09324
14 137 1.09324
14 138 1.09324
14 139 1.09324
14 140 1.09324
14 141 1.08244
14 142 1.07696
14 143 1.07171
14 144 1.06904
15 1 1.10722
15 2 1.10722
15 3 1.10722
15 4 1.10722
15 5 1.10722
15 6 1.40253
15 7 1.33406
15 8 1.23228
15 9 1.17766
15 10 1.11759
15 11 1.11759
15 12 1.11759
15 13 1.11759
15 14 1.11759
15 15 6.73615
15 16 2.05551
15 17 1.35554
15 18 1.20273
15 19 1.10959
15 20 1.10959
15 21 1.10959
15 22 1.10959
15 23 1.10959
15 24 1.63768
15 25 1.45026
15 26 1.2666
15 27 1.1848
15 28 1.09832
15 29 1.09832
15 30 1.09832
15 31 1.09832
15 32 1.09832
15 33 1.23135
15 34 1.22138
15 35 1.18097
15 36 1.15637
15 37 1.10272
15 38 1.10272
15 39 1.10272
15 40 1.10272
15 41 1.10272
15 42 1.23268
15 43 1.21908
15 44 1.18568
15 45 1.16373
15 46 1.10857
15 47 1.10857
15 48 1.10857
15 49 1.10857
15 50 1.10857
15 51 1.36341
15 52 1.30995
15 53 1.21995
15 54 1.17894
15 55 1.10352
15 56 1.10352
15 57 1.10352
15 58 1.10352
15 59 1.10352
15 60 1.27399
15 61 1.25585
15 62 1.20014
15 63 1.16721
15 64 1.09516
15 65 1.09516
15 66 1.09516
15 67 1.09516
15 68 1.09516
15 69 1.17651
15 70 1.17736
15 71 1.15889
15 72 1.14627
15 73 1.09464
15 74 1.09464
15 75 1.09464
15 76 1.09464
15 77 1.09464
15 78 1.15572
15 79 1.15576
15 80 1.14898
15 81 1.14242
15 82 1.09799
15 83 1.09799
15 84 1.09799
15 85 1.09799
15 86 1.09799
15 87 1.16704
15 88 1.17138
15 89 1.15886
15 90 1.15012
15 91 1.09491
15 92 1.09491
15 93 1.09491
15 94 1.09491
15 95 1.09491
15 96 1.15872
15 97 1.16234
15 98 1.1519
15 99 1.14363
15 100 1.08923
15 101 1.08923
15 102 1.08923
15 103 1.08923
15 104 1.08923
15 105 1.13224
15 106 1.13751
15 107 1.13397
15 108 1.13049
15 109 1.08622
15 110 1.08622
15 111 1.08622
15 112 1.08622
15 113 1.08622
15 114 1.11927
15 115 1.12194
15 116 1.12344
15 117 1.12204
15 118 1.08812
15 119 1.08812
15 120 1.08812
15 121 1.08812
15 122 1.08812
15 123 1.1224
15 124 1.12541
15 125 1.12687
15 126 1.12603
15 127 1.08622
15 128 1.08622
15 129 1.08622
15 130 1.08622
15 131 1.08622
15 132 1.11802
15 133 1.12205
15 134 1.12314
15 135 1.12234
15 136 1.08246
15 137 1.08246
15 138 1.08246
15 139 1.08246
15 140 1.08246
15 141 1.10632
15 142 1.11195
15 143 1.11397
15 144 1.1143
16 1 1.09209
16 2 1.09209
16 3 1.09209
16 4 1.09209
16 5 1.09209
16 6 1.33185
16 7 1.42522
16 8 1.32733
16 9 1.24902
16 10 1.09615
16 11 1.09615
16 12 1.09615
16 13 1.09615
16 14 1.09615
16 15 2.05551
16 16 6.64041
16 17 1.8856
16 18 1.31601
16 19 1.09272
16 20 1.09272
16 21 1.09272
16 22 1.09272
16 23 1.09272
16 24 1.4463
16 25 1.65063
16 26 1.41073
16 27 1.26702
16 28 1.08665
16 29 1.08665
16 30 1.08665
16 31 1.08665
16 32 1.08665
16 33 1.22087
16 34 1.25632
16 35 1.23293
16 36 1.20933
16 37 1.09037
16 38 1.09037
16 39 1.09037
16 40 1.09037
16 41 1.09037
16 42 1.22195
16 43 1.2508
16 44 1.23797
16 45 1.21861
16 46 1.09331
16 47 1.09331
16 48 1.09331
16 49 1.09331
16 50 1.09331
16 51 1.29754
16 52 1.39646
16 53 1.31163
16 54 1.25082
16 55 1.09027
16 56 1.09027
16 57 1.09027
16 58 1.09027
16 59 1.09027
16 60 1.24994
16 61 1.30281
16 62 1.26661
16 63 1.22846
16 64 1.08514
16 65 1.08514
16 66 1.08514
16 67 1.08514
16 68 1.08514
16 69 1.17727
16 70 1.20157
16 71 1.19859
16 72 1.19079
16 73 1.08559
16 74 1.08559
16 75 1.08559
16 76 1.08559
16 77 1.08559
16 78 1.16003
16 79 1.17489
16 80 1.18174
16 81 1.18071
16 82 1.08766
16 83 1.08766
16 84 1.08766
16 85 1.08766
16 86 1.08766
16 87 1.16602
16 88 1.19416
16 89 1.19948
16 90 1.19508
16 91 1.08539
16 92 1.08539
16 93 1.08539
16 94 1.08539
16 95 1.08539
16 96 1.16051
16 97 1.18303
16 98 1.18832
16 99 1.18526
16 100 1.08138
16 101 1.08138
16 102 1.08138
16 103 1.08138
16 104 1.08138
16 105 1.13778
16 106 1.15512
16 107 1.16276
16 108 1.16436
16 109 1.07975
16 110 1.07975
16 111 1.07975
16 112 1.07975
16 113 1.07975
16 114 1.1265
16 115 1.13628
16 116 1.14592
16 117 1.1487
16 118 1.08108
16 119 1.08108
16 120 1.08108
16 121 1.08108
16 122 1.08108
16 123 1.12765
16 124 1.14008
16 125 1.15195
16 126 1.15549
16 127 1.0795
16 128 1.0795
16 129 1.0795
16 130 1.0795
16 131 1.0795
16 132 1.12368
16 133 1.13648
16 134 1.14708
16 135 1.15074
16 136 1.07658
16 137 1.07658
16 138 1.07658
16 139 1.07658
16 140 1.07658
16 141 1.11237
16 142 1.12547
16 143 1.13501
16 144 1.13914
17 1 1.08069
17 2 1.08069
17 3 1.08069
17 4 1.08069
17 5 1.08069
17 6 1.22769
17 7 1.3173
17 8 1.3829
17 9 1.33091
17 10 1.08218
17 11 1.08218
17 12 1.08218
17 13 1.08218
17 14 1.08218
17 15 1.35554
17 16 1.8856
17 17 5.10124
17 18 1.53965
17 19 1.0805
17 20 1.0805
17 21 1.0805
17 22 1.0805
17 23 1.0805
17 24 1.26086
17 25 1.39793
17 26 1.51848
17 27 1.37054
17 28 1.07736
17 29 1.07736
17 30 1.07736
17 31 1.07736
17 32 1.07736
17 33 1.18003
17 34 1.22989
17 35 1.26196
17 36 1.26342
17 37 1.08059
17 38 1.08059
17 39 1.08059
17 40 1.08059
17 41 1.08059
17 42 1.18594
17 43 1.23214
17 44 1.27077
17 45 1.27472
17 46 1.0819
17 47 1.0819
17 48 1.0819
17 49 1.0819
17 50 1.0819
17 51 1.2123
17 52 1.31174
17 53 1.37919
17 54 1.33359
17 55 1.08005
17 56 1.08005
17 57 1.08005
17 58 1.08005
17 59 1.08005
17 60 1.19521
17 61 1.26149
17 62 1.30662
17 63 1.29469
17 64 1.077
17 65 1.077
17 66 1.077
17 67 1.077
17 68 1.077
17 69 1.15914
17 70 1.19733
17 71 1.22582
17 72 1.23483
17 73 1.07807
17 74 1.07807
17 75 1.07807
17 76 1.07807
17 77 1.07807
17 78 1.15238
17 79 1.17918
17 80 1.2063
17 81 1.21669
17 82 1.07925
17 83 1.07925
17 84 1.07925
17 85 1.07925
17 86 1.07925
17 87 1.15225
17 88 1.19435
17 89 1.23045
17 90 1.23937
17 91 1.07759
17 92 1.07759
17 93 1.07759
17 94 1.07759
17 95 1.07759
17 96 1.14935
17 97 1.1845
17 98 1.2158
17 99 1.22608
17 100 1.07486
17 101 1.07486
17 102 1.07486
17 103 1.07486
17 104 1.07486
17 105 1.13462
17 106 1.16209
17 107 1.18586
17 108 1.1966
17 109 1.07423
17 110 1.07423
17 111 1.07423
17 112 1.07423
17 113 1.07423
17 114 1.1284
17 115 1.1449
17 116 1.16419
17 117 1.17278
17 118 1.07511
17 119 1.07511
17 120 1.07511
17 121 1.07511
17 122 1.07511
17 123 1.12733
17 124 1.14858
17 125 1.17291
17 126 1.18272
17 127 1.07382
17 128 1.07382
17 129 1.07382
17 130 1.07382
17 131 1.07382
17 132 1.12417
17 133 1.1451
17 134 1.16725
17 135 1.17719
17 136 1.0716
17 137 1.0716
17 138 1.0716
17 139 1.0716
17 140 1.0716
17 141 1.11482
17 142 1.13479
17 143 1.15313
17 144 1.16216
18 1 1.07565
18 2 1.07565
18 3 1.07565
18 4 1.07565
18 5 1.07565
18 6 1.17779
18 7 1.24391
18 8 1.32789
18 9 1.37717
18 10 1.07636
18 11 1.07636
18 12 1.07636
18 13 1.07636
18 14 1.07636
18 15 1.20273
18 16 1.31601
18 17 1.53965
18 18 2.12726
18 19 1.0753
18 20 1.0753
18 21 1.0753
18 22 1.0753
18 23 1.0753
18 24 1.1868
18 25 1.26669
18 26 1.37396
18 27 1.44553
18 28 1.07328
18 29 1.07328
18 30 1.07328
18 31 1.07328
18 32 1.07328
18 33 1.15844
18 34 1.20886
18 35 1.26389
18 36 1.2939
18 37 1.07602
18 38 1.07602
18 39 1.07602
18 40 1.07602
18 41 1.07602
18 42 1.16282
18 43 1.2089
18 44 1.26565
18 45 1.29761
18 46 1.07676
18 47 1.07676
18 48 1.07676
18 49 1.07676
18 50 1.07676
18 51 1.16955
18 52 1.24405
18 53 1.32786
18 54 1.37218
18 55 1.07543
18 56 1.07543
18 57 1.07543
18 58 1.07543
18 59 1.07543
18 60 1.16467
18 61 1.22351
18 62 1.29201
18 63 1.32648
18 64 1.07328
18 65 1.07328
18 66 1.07328
18 67 1.07328
18 68 1.07328
18 69 1.14721
18 70 1.18891
18 71 1.23288
18 72 1.256
18 73 1.07436
18 74 1.07436
18 75 1.07436
18 76 1.07436
18 77 1.07436
18 78 1.14424
18 79 1.17461
18 80 1.21093
18 81 1.22938
18 82 1.07519
18 83 1.07519
18 84 1.07519
18 85 1.07519
18 86 1.07519
18 87 1.14129
18 88 1.18528
18 89 1.23385
18 90 1.25574
18 91 1.07387
18 92 1.07387
18 93 1.07387
18 94 1.07387
18 95 1.07387
18 96 1.1401
18 97 1.17828
18 98 1.22156
18 99 1.24263
18 100 1.07175
18 101 1.07175
18 102 1.07175
18 103 1.07175
18 104 1.07175
18 105 1.13065
18 106 1.16196
18 107 1.19397
18 108 1.21054
18 109 1.07138
18 110 1.07138
18 111 1.07138
18 112 1.07138
18 113 1.07138
18 114 1.12647
18 115 1.14553
18 116 1.16916
18 117 1.18088
18 118 1.07207
18 119 1.07207
18 120 1.07207
18 121 1.07207
18 122 1.07207
18 123 1.1244
18 124 1.14894
18 125 1.17883
18 126 1.19225
18 127 1.07096
18 128 1.07096
18 129 1.07096
18 130 1.07096
18 131 1.07096
18 132 1.122
18 133 1.1461
18 134 1.17368
18 135 1.18716
18 136 1.06912
18 137 1.06912
18 138 1.06912
18 139 1.06912
18 140 1.06912
18 141 1.11441
18 142 1.13723
18 143 1.15982
18 144 1.17144
19 1 1.11768
19 2 1.11768
19 3 1.11768
19 4 1.11768
19 5 1.11768
19 6 1.09536
19 7 1.08567
19 8 1.07726
19 9 1.07296
19 10 1.16111
19 11 1.16111
19 12 1.16111
19 13 1.16111
19 14 1.16111
19 15 1.10959
19 16 1.09272
19 17 1.0805
19 18 1.0753
19 19 1.30376
19 20 1.30376
19 21 1.30376
19 22 1.30376
19 23 1.30376
19 24 1.11726
19 25 1.09639
19 26 1.08206
19 27 1.07569
19 28 1.16161
19 29 1.16161
19 30 1.16161
19 31 1.16161
19 32 1.16161
19 33 1.11037
19 34 1.09385
19 35 1.08102
19 36 1.07501
19 37 1.11099
19 38 1.11099
19 39 1.11099
19 40 1.11099
19 41 1.11099
19 42 1.09243
19 43 1.08432
19 44 1.07711
19 45 1.07333
19 46 1.13441
19 47 1.13441
19 48 1.13441
19 49 1.13441
19 50 1.13441
19 51 1.10221
19 52 1.0895
19 53 1.07942
19 54 1.07539
19 55 1.14652
19 56 1.14652
19 57 1.14652
19 58 1.14652
19 59 1.14652
19 60 1.10611
19 61 1.09235
19 62 1.08079
19 63 1.07554
19 64 1.13509
19 65 1.13509
19 66 1.13509
19 67 1.13509
19 68 1.13509
19 69 1.10328
19 70 1.09061
19 71 1.0799
19 72 1.07475
19 73 1.1011
19 74 1.1011
19 75 1.1011
19 76 1.1011
19 77 1.1011
19 78 1.08736
19 79 1.08091
19 80 1.07517
19 81 1.07199
19 82 1.11355
19 83 1.11355
19 84 1.11355
19 85 1.11355
19 86 1.11355
19 87 1.09363
19 88 1.08508
19 89 1.07699
19 90 1.07375
19 91 1.11804
19 92 1.11804
19 93 1.11804
19 94 1.11804
19 95 1.11804
19 96 1.0958
19 97 1.08668
19 98 1.07785
19 99 1.07376
19 100 1.11422
19 101 1.11422
19 102 1.11422
19 103 1.11422
19 104 1.11422
19 105 1.09417
19 106 1.08515
19 107 1.077
19 108 1.07298
19 109 1.09107
19 110 1.09107
19 111 1.09107
19 112 1.09107
19 113 1.09107
19 114 1.081
19 115 1.07632
19 116 1.07221
19 117 1.06941
19 118 1.09819
19 119 1.09819
19 120 1.09819
19 121 1.09819
19 122 1.09819
19 123 1.0854
19 124 1.0792
19 125 1.07357
19 126 1.07095
19 127 1.10045
19 128 1.10045
19 129 1.10045
19 130 1.10045
19 131 1.10045
19 132 1.08654
19 133 1.08012
19 134 1.07397
19 135 1.07091
19 136 1.09874
19 137 1.09874
19 138 1.09874
19 139 1.09874
19 140 1.09874
19 141 1.08545
19 142 1.07909
19 143 1.07316
19 144 1.07018
20 1 1.11768
20 2 1.11768
20 3 1.11768
20 4 1.11768
20 5 1.11768
20 6 1.09536
20 7 1.08567
20 8 1.07726
20 9 1.07296
20 10 1.16111
20 11 1.16111
20 12 1.16111
20 13 1.16111
20 14 1.16111
20 15 1.10959
20 16 1.09272
20 17 1.0805
20 18 1.0753
20 19 1.30376
20 20 1.30376
20 21 1.30376
20 22 1.30376
20 23 1.30376
20 24 1.11726
20 25 1.09639
20 26 1.08206
20 27 1.07569
20 28 1.16161
20 29 1.16161
20 30 1.16161
20 31 1.16161
20 32 1.16161
20 33 1.11037
20 34 1.09385
20 35 1.08102
20 36 1.07501
20 37 1.11099
20 38 1.11099
20 39 1.11099
20 40 1.11099
20 41 1.11099
20 42 1.09243
20 43 1.08432
20 44 1.07711
20 45 1.07333
20 46 1.13441
20 47 1.13441
20 48 1.13441
20 49 1.13441
20 50 1.13441
20 51 1.10221
20 52 1.0895
20 53 1.07942
20 54 1.07539
20 55 1.14652
20 56 1.14652
20 57 1.14652
20 58 1.14652
20 59 1.14652
20 60 1.10611
20 61 1.09235
20 62 1.08079
20 63 1.07554
20 64 1.13509
20 65 1.13509
20 66 1.13509
20 67 1.13509
20 68 1.13509
20 69 1.10328
20 70 1.09061
20 71 1.0799
20 72 1.07475
20 73 1.1011
20 74 1.1011
20 75 1.1011
20 76 1.1011
20 77 1.1011
20 78 1.08736
20 79 1.08091
20 80 1.07517
20 81 1.07199
20 82 1.11355
20 83 1.11355
20 84 1.11355
20 85 1.11355
20 86 1.11355
20 87 1.09363
20 88 1.08508
20 89 1.07699
20 90 1.07375
20 91 1.11804
20 92 1.11804
20 93 1.11804
20 94 1.11804
20 95 1.11804
20 96 1.0958
20 97 1.08668
20 98 1.07785
20 99 1.07376
20 100 1.11422
20 101 1.11422
20 102 1.11422
20 103 1.11422
20 104 1.11422
20 105 1.09417
20 106 1.08515
20 107 1.077
20 108 1.07298
20 109 1.09107
20 110 1.09107
20 111 1.09107
20 112 1.09107
20 113 1.09107
20 114 1.081
20 115 1.07632
20 116 1.07221
20 117 1.06941
20 118 1.09819
20 119 1.09819
20 120 1.09819
20 121 1.09819
20 122 1.09819
20 123 1.0854
20 124 1.0792
20 125 1.07357
20 126 1.07095
20 127 1.10045
20 128 1.10045
20 129 1.10045
20 130 1.10045
20 131 1.10045
20 132 1.08654
20 133 1.08012
20 134 1.07397
20 135 1.07091
20 136 1.09874
20 137 1.09874
20 138 1.09874
20 139 1.09874
20 140 1.09874
20 141 1.08545
20 142 1.07909
20 143 1.07316
20 144 1.07018
21 1 1.11768
21 2 1.11768
21 3 1.11768
21 4 1.11768
21 5 1.11768
21 6 1.09536
21 7 1.08567
21 8 1.07726
21 9 1.07296
21 10 1.16111
21 11 1.16111
21 12 1.16111
21 13 1.16111
21 14 1.16111
21 15 1.10959
21 16 1.09272
21 17 1.0805
21 18 1.0753
21 19 1.30376
21 20 1.30376
21 21 1.30376
21 22 1.30376
21 23 1.30376
21 24 1.11726
21 25 1.09639
21 26 1.08206
21 27 1.07569
21 28 1.16161
21 29 1.16161
21 30 1.16161
21 31 1.16161
21 32 1.16161
21 33 1.11037
21 34 1.09385
21 35 1.08102
21 36 1.07501
21 37 1.11099
21 38 1.11099
