injected_el measured_el potential
1 1 1.30409
1 2 1.30409
1 3 1.30409
1 4 1.30409
1 5 1.30409
1 6 1.11503
1 7 1.09847
1 8 1.08551
1 9 1.07865
1 10 1.14538
1 11 1.14538
1 12 1.14538
1 13 1.14538
1 14 1.14538
1 15 1.10526
1 16 1.09582
1 17 1.08472
1 18 1.07852
1 19 1.11704
1 20 1.11704
1 21 1.11704
1 22 1.11704
1 23 1.11704
1 24 1.09773
1 25 1.09035
1 26 1.0815
1 27 1.07599
1 28 1.09994
1 29 1.09994
1 30 1.09994
1 31 1.09994
1 32 1.09994
1 33 1.0893
1 34 1.08277
1 35 1.07572
1 36 1.072
1 37 1.14721
1 38 1.14721
1 39 1.14721
1 40 1.14721
1 41 1.14721
1 42 1.10593
1 43 1.09377
1 44 1.08377
1 45 1.07822
1 46 1.12821
1 47 1.12821
1 48 1.12821
1 49 1.12821
1 50 1.12821
1 51 1.09899
1 52 1.09256
1 53 1.08446
1 54 1.07816
1 55 1.11067
1 56 1.11067
1 57 1.11067
1 58 1.11067
1 59 1.11067
1 60 1.09581
1 61 1.09033
1 62 1.08165
1 63 1.07563
1 64 1.09697
1 65 1.09697
1 66 1.09697
1 67 1.09697
1 68 1.09697
1 69 1.08715
1 70 1.08164
1 71 1.07531
1 72 1.07186
1 73 1.119
1 74 1.119
1 75 1.119
1 76 1.119
1 77 1.119
1 78 1.09645
1 79 1.08804
1 80 1.08031
1 81 1.07583
1 82 1.1112
1 83 1.1112
1 84 1.1112
1 85 1.1112
1 86 1.1112
1 87 1.09282
1 88 1.0875
1 89 1.08081
1 90 1.07539
1 91 1.10107
1 92 1.10107
1 93 1.10107
1 94 1.10107
1 95 1.10107
1 96 1.08955
1 97 1.08515
1 98 1.07798
1 99 1.07323
1 100 1.09124
1 101 1.09124
1 102 1.09124
1 103 1.09124
1 104 1.09124
1 105 1.08257
1 106 1.078
1 107 1.07285
1 108 1.07004
1 109 1.10149
1 110 1.10149
1 111 1.10149
1 112 1.10149
1 113 1.10149
1 114 1.08762
1 115 1.08165
1 116 1.0756
1 117 1.07232
1 118 1.09726
1 119 1.09726
1 120 1.09726
1 121 1.09726
1 122 1.09726
1 123 1.08533
1 124 1.08144
1 125 1.07555
1 126 1.0716
1 127 1.09114
1 128 1.09114
1 129 1.09114
1 130 1.09114
1 131 1.09114
1 132 1.0822
1 133 1.07884
1 134 1.07318
1 135 1.0698
1 136 1.08433
1 137 1.08433
1 138 1.08433
1 139 1.08433
1 140 1.08433
1 141 1.07711
1 142 1.0734
1 143 1.06936
1 144 1.06719
2 1 1.30409
2 2 1.30409
2 3 1.30409
2 4 1.30409
2 5 1.30409
2 6 1.11503
2 7 1.09847
2 8 1.08551
2 9 1.07865
2 10 1.14538
2 11 1.14538
2 12 1.14538
2 13 1.14538
2 14 1.14538
2 15 1.10526
2 16 1.09582
2 17 1.08472
2 18 1.07852
2 19 1.11704
2 20 1.11704
2 21 1.11704
2 22 1.11704
2 23 1.11704
2 24 1.09773
2 25 1.09035
2 26 1.0815
2 27 1.07599
2 28 1.09994
2 29 1.09994
2 30 1.09994
2 31 1.09994
2 32 1.09994
2 33 1.0893
2 34 1.08277
2 35 1.07572
2 36 1.072
2 37 1.14721
2 38 1.14721
2 39 1.14721
2 40 1.14721
2 41 1.14721
2 42 1.10593
2 43 1.09377
2 44 1.08377
2 45 1.07822
2 46 1.12821
2 47 1.12821
2 48 1.12821
2 49 1.12821
2 50 1.12821
2 51 1.09899
2 52 1.09256
2 53 1.08446
2 54 1.07816
2 55 1.11067
2 56 1.11067
2 57 1.11067
2 58 1.11067
2 59 1.11067
2 60 1.09581
2 61 1.09033
2 62 1.08165
2 63 1.07563
2 64 1.09697
2 65 1.09697
2 66 1.09697
2 67 1.09697
2 68 1.09697
2 69 1.08715
2 70 1.08164
2 71 1.07531
2 72 1.07186
2 73 1.119
2 74 1.119
2 75 1.119
2 76 1.119
2 77 1.119
2 78 1.09645
2 79 1.08804
2 80 1.08031
2 81 1.07583
2 82 1.1112
2 83 1.1112
2 84 1.1112
2 85 1.1112
2 86 1.1112
2 87 1.09282
2 88 1.0875
2 89 1.08081
2 90 1.07539
2 91 1.10107
2 92 1.10107
2 93 1.10107
2 94 1.10107
2 95 1.10107
2 96 1.08955
2 97 1.08515
2 98 1.07798
2 99 1.07323
2 100 1.09124
2 101 1.09124
2 102 1.09124
2 103 1.09124
2 104 1.09124
2 105 1.08257
2 106 1.078
2 107 1.07285
2 108 1.07004
2 109 1.10149
2 110 1.10149
2 111 1.10149
2 112 1.10149
2 113 1.10149
2 114 1.08762
2 115 1.08165
2 116 1.0756
2 117 1.07232
2 118 1.09726
2 119 1.09726
2 120 1.09726
2 121 1.09726
2 122 1.09726
2 123 1.08533
2 124 1.08144
2 125 1.07555
2 126 1.0716
2 127 1.09114
2 128 1.09114
2 129 1.09114
2 130 1.09114
2 131 1.09114
2 132 1.0822
2 133 1.07884
2 134 1.07318
2 135 1.0698
2 136 1.08433
2 137 1.08433
2 138 1.08433
2 139 1.08433
2 140 1.08433
2 141 1.07711
2 142 1.0734
2 143 1.06936
2 144 1.06719
3 1 1.30409
3 2 1.30409
3 3 1.30409
3 4 1.30409
3 5 1.30409
3 6 1.11503
3 7 1.09847
3 8 1.08551
3 9 1.07865
3 10 1.14538
3 11 1.14538
3 12 1.14538
3 13 1.14538
3 14 1.14538
3 15 1.10526
3 16 1.09582
3 17 1.08472
3 18 1.07852
3 19 1.11704
3 20 1.11704
3 21 1.11704
3 22 1.11704
3 23 1.11704
3 24 1.09773
3 25 1.09035
3 26 1.0815
3 27 1.07599
3 28 1.09994
3 29 1.09994
3 30 1.09994
3 31 1.09994
3 32 1.09994
3 33 1.0893
3 34 1.08277
3 35 1.07572
3 36 1.072
3 37 1.14721
3 38 1.14721
3 39 1.14721
3 40 1.14721
3 41 1.14721
3 42 1.10593
3 43 1.09377
3 44 1.08377
3 45 1.07822
3 46 1.12821
3 47 1.12821
3 48 1.12821
3 49 1.12821
3 50 1.12821
3 51 1.09899
3 52 1.09256
3 53 1.08446
3 54 1.07816
3 55 1.11067
3 56 1.11067
3 57 1.11067
3 58 1.11067
3 59 1.11067
3 60 1.09581
3 61 1.09033
3 62 1.08165
3 63 1.07563
3 64 1.09697
3 65 1.09697
3 66 1.09697
3 67 1.09697
3 68 1.09697
3 69 1.08715
3 70 1.08164
3 71 1.07531
3 72 1.07186
3 73 1.119
3 74 1.119
3 75 1.119
3 76 1.119
3 77 1.119
3 78 1.09645
3 79 1.08804
3 80 1.08031
3 81 1.07583
3 82 1.1112
3 83 1.1112
3 84 1.1112
3 85 1.1112
3 86 1.1112
3 87 1.09282
3 88 1.0875
3 89 1.08081
3 90 1.07539
3 91 1.10107
3 92 1.10107
3 93 1.10107
3 94 1.10107
3 95 1.10107
3 96 1.08955
3 97 1.08515
3 98 1.07798
3 99 1.07323
3 100 1.09124
3 101 1.09124
3 102 1.09124
3 103 1.09124
3 104 1.09124
3 105 1.08257
3 106 1.078
3 107 1.07285
3 108 1.07004
3 109 1.10149
3 110 1.10149
3 111 1.10149
3 112 1.10149
3 113 1.10149
3 114 1.08762
3 115 1.08165
3 116 1.0756
3 117 1.07232
3 118 1.09726
3 119 1.09726
3 120 1.09726
3 121 1.09726
3 122 1.09726
3 123 1.08533
3 124 1.08144
3 125 1.07555
3 126 1.0716
3 127 1.09114
3 128 1.09114
3 129 1.09114
3 130 1.09114
3 131 1.09114
3 132 1.0822
3 133 1.07884
3 134 1.07318
3 135 1.0698
3 136 1.08433
3 137 1.08433
3 138 1.08433
3 139 1.08433
3 140 1.08433
3 141 1.07711
3 142 1.0734
3 143 1.06936
3 144 1.06719
4 1 1.30409
4 2 1.30409
4 3 1.30409
4 4 1.30409
4 5 1.30409
4 6 1.11503
4 7 1.09847
4 8 1.08551
4 9 1.07865
4 10 1.14538
4 11 1.14538
4 12 1.14538
4 13 1.14538
4 14 1.14538
4 15 1.10526
4 16 1.09582
4 17 1.08472
4 18 1.07852
4 19 1.11704
4 20 1.11704
4 21 1.11704
4 22 1.11704
4 23 1.11704
4 24 1.09773
4 25 1.09035
4 26 1.0815
4 27 1.07599
4 28 1.09994
4 29 1.09994
4 30 1.09994
4 31 1.09994
4 32 1.09994
4 33 1.0893
4 34 1.08277
4 35 1.07572
4 36 1.072
4 37 1.14721
4 38 1.14721
4 39 1.14721
4 40 1.14721
4 41 1.14721
4 42 1.10593
4 43 1.09377
4 44 1.08377
4 45 1.07822
4 46 1.12821
4 47 1.12821
4 48 1.12821
4 49 1.12821
4 50 1.12821
4 51 1.09899
4 52 1.09256
4 53 1.08446
4 54 1.07816
4 55 1.11067
4 56 1.11067
4 57 1.11067
4 58 1.11067
4 59 1.11067
4 60 1.09581
4 61 1.09033
4 62 1.08165
4 63 1.07563
4 64 1.09697
4 65 1.09697
4 66 1.09697
4 67 1.09697
4 68 1.09697
4 69 1.08715
4 70 1.08164
4 71 1.07531
4 72 1.07186
4 73 1.119
4 74 1.119
4 75 1.119
4 76 1.119
4 77 1.119
4 78 1.09645
4 79 1.08804
4 80 1.08031
4 81 1.07583
4 82 1.1112
4 83 1.1112
4 84 1.1112
4 85 1.1112
4 86 1.1112
4 87 1.09282
4 88 1.0875
4 89 1.08081
4 90 1.07539
4 91 1.10107
4 92 1.10107
4 93 1.10107
4 94 1.10107
4 95 1.10107
4 96 1.08955
4 97 1.08515
4 98 1.07798
4 99 1.07323
4 100 1.09124
4 101 1.09124
4 102 1.09124
4 103 1.09124
4 104 1.09124
4 105 1.08257
4 106 1.078
4 107 1.07285
4 108 1.07004
4 109 1.10149
4 110 1.10149
4 111 1.10149
4 112 1.10149
4 113 1.10149
4 114 1.08762
4 115 1.08165
4 116 1.0756
4 117 1.07232
4 118 1.09726
4 119 1.09726
4 120 1.09726
4 121 1.09726
4 122 1.09726
4 123 1.08533
4 124 1.08144
4 125 1.07555
4 126 1.0716
4 127 1.09114
4 128 1.09114
4 129 1.09114
4 130 1.09114
4 131 1.09114
4 132 1.0822
4 133 1.07884
4 134 1.07318
4 135 1.0698
4 136 1.08433
4 137 1.08433
4 138 1.08433
4 139 1.08433
4 140 1.08433
4 141 1.07711
4 142 1.0734
4 143 1.06936
4 144 1.06719
5 1 1.30409
5 2 1.30409
5 3 1.30409
5 4 1.30409
5 5 1.30409
5 6 1.11503
5 7 1.09847
5 8 1.08551
5 9 1.07865
5 10 1.14538
5 11 1.14538
5 12 1.14538
5 13 1.14538
5 14 1.14538
5 15 1.10526
5 16 1.09582
5 17 1.08472
5 18 1.07852
5 19 1.11704
5 20 1.11704
5 21 1.11704
5 22 1.11704
5 23 1.11704
5 24 1.09773
5 25 1.09035
5 26 1.0815
5 27 1.07599
5 28 1.09994
5 29 1.09994
5 30 1.09994
5 31 1.09994
5 32 1.09994
5 33 1.0893
5 34 1.08277
5 35 1.07572
5 36 1.072
5 37 1.14721
5 38 1.14721
5 39 1.14721
5 40 1.14721
5 41 1.14721
5 42 1.10593
5 43 1.09377
5 44 1.08377
5 45 1.07822
5 46 1.12821
5 47 1.12821
5 48 1.12821
5 49 1.12821
5 50 1.12821
5 51 1.09899
5 52 1.09256
5 53 1.08446
5 54 1.07816
5 55 1.11067
5 56 1.11067
5 57 1.11067
5 58 1.11067
5 59 1.11067
5 60 1.09581
5 61 1.09033
5 62 1.08165
5 63 1.07563
5 64 1.09697
5 65 1.09697
5 66 1.09697
5 67 1.09697
5 68 1.09697
5 69 1.08715
5 70 1.08164
5 71 1.07531
5 72 1.07186
5 73 1.119
5 74 1.119
5 75 1.119
5 76 1.119
5 77 1.119
5 78 1.09645
5 79 1.08804
5 80 1.08031
5 81 1.07583
5 82 1.1112
5 83 1.1112
5 84 1.1112
5 85 1.1112
5 86 1.1112
5 87 1.09282
5 88 1.0875
5 89 1.08081
5 90 1.07539
5 91 1.10107
5 92 1.10107
5 93 1.10107
5 94 1.10107
5 95 1.10107
5 96 1.08955
5 97 1.08515
5 98 1.07798
5 99 1.07323
5 100 1.09124
5 101 1.09124
5 102 1.09124
5 103 1.09124
5 104 1.09124
5 105 1.08257
5 106 1.078
5 107 1.07285
5 108 1.07004
5 109 1.10149
5 110 1.10149
5 111 1.10149
5 112 1.10149
5 113 1.10149
5 114 1.08762
5 115 1.08165
5 116 1.0756
5 117 1.07232
5 118 1.09726
5 119 1.09726
5 120 1.09726
5 121 1.09726
5 122 1.09726
5 123 1.08533
5 124 1.08144
5 125 1.07555
5 126 1.0716
5 127 1.09114
5 128 1.09114
5 129 1.09114
5 130 1.09114
5 131 1.09114
5 132 1.0822
5 133 1.07884
5 134 1.07318
5 135 1.0698
5 136 1.08433
5 137 1.08433
5 138 1.08433
5 139 1.08433
5 140 1.08433
5 141 1.07711
5 142 1.0734
5 143 1.06936
5 144 1.06719
6 1 1.11503
6 2 1.11503
6 3 1.11503
6 4 1.11503
6 5 1.11503
6 6 5.40154
6 7 1.88231
6 8 1.34903
6 9 1.19755
6 10 1.10956
6 11 1.10956
6 12 1.10956
6 13 1.10956
6 14 1.10956
6 15 1.36583
6 16 1.32989
6 17 1.23646
6 18 1.18689
6 19 1.09967
6 20 1.09967
6 21 1.09967
6 22 1.09967
6 23 1.09967
6 24 1.19985
6 25 1.20564
6 26 1.18521
6 27 1.16206
6 28 1.08928
6 29 1.08928
6 30 1.08928
6 31 1.08928
6 32 1.08928
6 33 1.14585
6 34 1.14951
6 35 1.14182
6 36 1.13562
6 37 1.10585
6 38 1.10585
6 39 1.10585
6 40 1.10585
6 41 1.10585
6 42 1.36391
6 43 1.30873
6 44 1.22625
6 45 1.17807
6 46 1.10334
6 47 1.10334
6 48 1.10334
6 49 1.10334
6 50 1.10334
6 51 1.24578
6 52 1.23958
6 53 1.20507
6 54 1.17352
6 55 1.09647
6 56 1.09647
6 57 1.09647
6 58 1.09647
6 59 1.09647
6 60 1.19491
6 61 1.19976
6 62 1.17476
6 63 1.15416
6 64 1.08778
6 65 1.08778
6 66 1.08778
6 67 1.08778
6 68 1.08778
6 69 1.13737
6 70 1.14364
6 71 1.13722
6 72 1.13186
6 73 1.09596
6 74 1.09596
6 75 1.09596
6 76 1.09596
6 77 1.09596
6 78 1.18299
6 79 1.18744
6 80 1.16775
6 81 1.15281
6 82 1.09435
6 83 1.09435
6 84 1.09435
6 85 1.09435
6 86 1.09435
6 87 1.17841
6 88 1.18475
6 89 1.16746
6 90 1.15062
6 91 1.08971
6 92 1.08971
6 93 1.08971
6 94 1.08971
6 95 1.08971
6 96 1.15583
6 97 1.165
6 98 1.14945
6 99 1.13814
6 100 1.08354
6 101 1.08354
6 102 1.08354
6 103 1.08354
6 104 1.08354
6 105 1.11875
6 106 1.12615
6 107 1.12434
6 108 1.1219
6 109 1.08688
6 110 1.08688
6 111 1.08688
6 112 1.08688
6 113 1.08688
6 114 1.12736
6 115 1.13643
6 116 1.13312
6 117 1.12971
6 118 1.08569
6 119 1.08569
6 120 1.08569
6 121 1.08569
6 122 1.08569
6 123 1.13088
6 124 1.1422
6 125 1.13443
6 126 1.12837
6 127 1.08251
6 128 1.08251
6 129 1.08251
6 130 1.08251
6 131 1.08251
6 132 1.11992
6 133 1.13062
6 134 1.12462
6 135 1.12056
6 136 1.07814
6 137 1.07814
6 138 1.07814
6 139 1.07814
6 140 1.07814
6 141 1.10135
6 142 1.10815
6 143 1.10965
6 144 1.10953
7 1 1.09847
7 2 1.09847
7 3 1.09847
7 4 1.09847
7 5 1.09847
7 6 1.88231
7 7 5.39933
7 8 1.82889
7 9 1.28029
7 10 1.09805
7 11 1.09805
7 12 1.09805
7 13 1.09805
7 14 1.09805
7 15 1.32802
7 16 1.38983
7 17 1.29687
7 18 1.23856
7 19 1.09192
7 20 1.09192
7 21 1.09192
7 22 1.09192
7 23 1.09192
7 24 1.20287
7 25 1.22517
7 26 1.21741
7 27 1.19584
7 28 1.08394
7 29 1.08394
7 30 1.08394
7 31 1.08394
7 32 1.08394
7 33 1.15132
7 34 1.16252
7 35 1.16179
7 36 1.15871
7 37 1.09469
7 38 1.09469
7 39 1.09469
7 40 1.09469
7 41 1.09469
7 42 1.31653
7 43 1.38766
7 44 1.29998
7 45 1.23118
7 46 1.09455
7 47 1.09455
7 48 1.09455
7 49 1.09455
7 50 1.09455
7 51 1.25031
7 52 1.26843
7 53 1.24395
7 54 1.21418
7 55 1.09001
7 56 1.09001
7 57 1.09001
7 58 1.09001
7 59 1.09001
7 60 1.20302
7 61 1.21821
7 62 1.20076
7 63 1.1835
7 64 1.08308
7 65 1.08308
7 66 1.08308
7 67 1.08308
7 68 1.08308
7 69 1.14386
7 70 1.15649
7 71 1.15566
7 72 1.15302
7 73 1.08845
7 74 1.08845
7 75 1.08845
7 76 1.08845
7 77 1.08845
7 78 1.18784
7 79 1.21112
7 80 1.20029
7 81 1.18761
7 82 1.08795
7 83 1.08795
7 84 1.08795
7 85 1.08795
7 86 1.08795
7 87 1.18918
7 88 1.20503
7 89 1.1938
7 90 1.18033
7 91 1.08463
7 92 1.08463
7 93 1.08463
7 94 1.08463
7 95 1.08463
7 96 1.16535
7 97 1.18122
7 98 1.1702
7 99 1.16172
7 100 1.07963
7 101 1.07963
7 102 1.07963
7 103 1.07963
7 104 1.07963
7 105 1.12507
7 106 1.13758
7 107 1.14018
7 108 1.13996
7 109 1.08173
7 110 1.08173
7 111 1.08173
7 112 1.08173
7 113 1.08173
7 114 1.13458
7 115 1.15128
7 116 1.15399
7 117 1.15354
7 118 1.0811
7 119 1.0811
7 120 1.0811
7 121 1.0811
7 122 1.0811
7 123 1.13982
7 124 1.15696
7 125 1.15326
7 126 1.14992
7 127 1.07866
7 128 1.07866
7 129 1.07866
7 130 1.07866
7 131 1.07866
7 132 1.12755
7 133 1.1433
7 134 1.14068
7 135 1.13878
7 136 1.07504
7 137 1.07504
7 138 1.07504
7 139 1.07504
7 140 1.07504
7 141 1.10669
7 142 1.11754
7 143 1.12256
7 144 1.12422
8 1 1.08551
8 2 1.08551
8 3 1.08551
8 4 1.08551
8 5 1.08551
8 6 1.34903
8 7 1.82889
8 8 6.09732
8 9 1.5124
8 10 1.0857
8 11 1.0857
8 12 1.0857
8 13 1.0857
8 14 1.0857
8 15 1.23224
8 16 1.28867
8 17 1.32636
8 18 1.31021
8 19 1.08198
8 20 1.08198
8 21 1.08198
8 22 1.08198
8 23 1.08198
8 24 1.17342
8 25 1.20446
8 26 1.23198
8 27 1.23029
8 28 1.07648
8 29 1.07648
8 30 1.07648
8 31 1.07648
8 32 1.07648
8 33 1.14006
8 34 1.15946
8 35 1.17402
8 36 1.17992
8 37 1.08395
8 38 1.08395
8 39 1.08395
8 40 1.08395
8 41 1.08395
8 42 1.22895
8 43 1.30124
8 44 1.3602
8 45 1.31328
8 46 1.084
8 47 1.084
8 48 1.084
8 49 1.084
8 50 1.084
8 51 1.20324
8 52 1.22888
8 53 1.25402
8 54 1.25971
8 55 1.08102
8 56 1.08102
8 57 1.08102
8 58 1.08102
8 59 1.08102
8 60 1.17581
8 61 1.19682
8 62 1.2074
8 63 1.21011
8 64 1.07605
8 65 1.07605
8 66 1.07605
8 67 1.07605
8 68 1.07605
8 69 1.13443
8 70 1.15338
8 71 1.16541
8 72 1.17067
8 73 1.08024
8 74 1.08024
8 75 1.08024
8 76 1.08024
8 77 1.08024
8 78 1.16825
8 79 1.20197
8 80 1.2242
8 81 1.23092
8 82 1.07974
8 83 1.07974
8 84 1.07974
8 85 1.07974
8 86 1.07974
8 87 1.16992
8 88 1.19118
8 89 1.20376
8 90 1.20987
8 91 1.07732
8 92 1.07732
8 93 1.07732
8 94 1.07732
8 95 1.07732
8 96 1.15222
8 97 1.17246
8 98 1.17824
8 99 1.18194
8 100 1.07357
8 101 1.07357
8 102 1.07357
8 103 1.07357
8 104 1.07357
8 105 1.12052
8 106 1.13789
8 107 1.14926
8 108 1.15442
8 109 1.07562
8 110 1.07562
8 111 1.07562
8 112 1.07562
8 113 1.07562
8 114 1.13209
8 115 1.15584
8 116 1.17212
8 117 1.18012
8 118 1.0749
8 119 1.0749
8 120 1.0749
8 121 1.0749
8 122 1.0749
8 123 1.13522
8 124 1.15605
8 125 1.16448
8 126 1.17022
8 127 1.07294
8 128 1.07294
8 129 1.07294
8 130 1.07294
8 131 1.07294
8 132 1.12411
8 133 1.14337
8 134 1.14982
8 135 1.15414
8 136 1.07007
8 137 1.07007
8 138 1.07007
8 139 1.07007
8 140 1.07007
8 141 1.10558
8 142 1.12028
8 143 1.13089
8 144 1.13586
9 1 1.07865
9 2 1.07865
9 3 1.07865
9 4 1.07865
9 5 1.07865
9 6 1.19755
9 7 1.28029
9 8 1.5124
9 9 2.12712
9 10 1.07892
9 11 1.07892
9 12 1.07892
9 13 1.07892
9 14 1.07892
9 15 1.17915
9 16 1.22181
9 17 1.29368
9 18 1.3619
9 19 1.07638
9 20 1.07638
9 21 1.07638
9 22 1.07638
9 23 1.07638
9 24 1.15451
9 25 1.18839
9 26 1.23494
9 27 1.25136
9 28 1.07223
9 29 1.07223
9 30 1.07223
9 31 1.07223
9 32 1.07223
9 33 1.13241
9 34 1.15633
9 35 1.18045
9 36 1.19258
9 37 1.07803
9 38 1.07803
9 39 1.07803
9 40 1.07803
9 41 1.07803
9 42 1.17784
9 43 1.23142
9 44 1.31314
9 45 1.37176
9 46 1.07807
9 47 1.07807
9 48 1.07807
9 49 1.07807
9 50 1.07807
9 51 1.17303
9 52 1.19926
9 53 1.24896
9 54 1.28906
9 55 1.07589
9 56 1.07589
9 57 1.07589
9 58 1.07589
9 59 1.07589
9 60 1.15763
9 61 1.18087
9 62 1.20885
9 63 1.22627
9 64 1.07202
9 65 1.07202
9 66 1.07202
9 67 1.07202
9 68 1.07202
9 69 1.12792
9 70 1.15039
9 71 1.17059
9 72 1.18114
9 73 1.07558
9 74 1.07558
9 75 1.07558
9 76 1.07558
9 77 1.07558
9 78 1.1535
9 79 1.19034
9 80 1.23195
9 81 1.25795
9 82 1.07505
9 83 1.07505
9 84 1.07505
9 85 1.07505
9 86 1.07505
9 87 1.15599
9 88 1.17932
9 89 1.20706
9 90 1.22794
9 91 1.07312
9 92 1.07312
9 93 1.07312
9 94 1.07312
9 95 1.07312
9 96 1.14275
9 97 1.16504
9 98 1.18187
9 99 1.194
9 100 1.07008
9 101 1.07008
9 102 1.07008
9 103 1.07008
9 104 1.07008
9 105 1.11714
9 106 1.1373
9 107 1.15425
9 108 1.16294
9 109 1.0721
9 110 1.0721
9 111 1.0721
9 112 1.0721
9 113 1.0721
9 114 1.12917
9 115 1.15668
9 116 1.18188
9 117 1.19607
9 118 1.07132
9 119 1.07132
9 120 1.07132
9 121 1.07132
9 122 1.07132
9 123 1.13118
9 124 1.15381
9 125 1.1703
9 126 1.18231
9 127 1.06963
9 128 1.06963
9 129 1.06963
9 130 1.06963
9 131 1.06963
9 132 1.12117
9 133 1.14228
9 134 1.1547
9 135 1.16318
9 136 1.06719
9 137 1.06719
9 138 1.06719
9 139 1.06719
9 140 1.06719
9 141 1.10453
9 142 1.12145
9 143 1.13558
9 144 1.14268
10 1 1.14538
10 2 1.14538
10 3 1.14538
10 4 1.14538
10 5 1.14538
10 6 1.10956
10 7 1.09805
10 8 1.0857
10 9 1.07892
10 10 1.30102
10 11 1.30102
10 12 1.30102
10 13 1.30102
10 14 1.30102
10 15 1.11894
10 16 1.10421
10 17 1.08986
10 18 1.08169
10 19 1.15936
10 20 1.15936
10 21 1.15936
10 22 1.15936
10 23 1.15936
10 24 1.11388
10 25 1.10103
10 26 1.08785
10 27 1.08043
10 28 1.12451
10 29 1.12451
10 30 1.12451
10 31 1.12451
10 32 1.12451
10 33 1.1034
10 34 1.09285
10 35 1.08236
10 36 1.07699
10 37 1.12813
10 38 1.12813
10 39 1.12813
10 40 1.12813
10 41 1.12813
10 42 1.10319
10 43 1.09412
10 44 1.08429
10 45 1.07858
10 46 1.14519
10 47 1.14519
10 48 1.14519
10 49 1.14519
10 50 1.14519
10 51 1.10849
10 52 1.09973
10 53 1.08926
10 54 1.08121
10 55 1.13348
10 56 1.13348
10 57 1.13348
10 58 1.13348
10 59 1.13348
10 60 1.10783
10 61 1.09926
10 62 1.08768
10 63 1.07983
10 64 1.11589
10 65 1.11589
10 66 1.11589
10 67 1.11589
10 68 1.11589
10 69 1.09886
10 70 1.09038
10 71 1.08141
10 72 1.07664
10 73 1.11102
10 74 1.11102
10 75 1.11102
10 76 1.11102
10 77 1.11102
10 78 1.09468
10 79 1.08825
10 80 1.08057
10 81 1.07604
10 82 1.11752
10 83 1.11752
10 84 1.11752
10 85 1.11752
10 86 1.11752
10 87 1.09865
10 88 1.09253
10 89 1.08443
10 90 1.07786
10 91 1.11327
10 92 1.11327
10 93 1.11327
10 94 1.11327
10 95 1.11327
10 96 1.09768
10 97 1.09153
10 98 1.0827
10 99 1.07682
10 100 1.10422
10 101 1.10422
10 102 1.10422
10 103 1.10422
10 104 1.10422
10 105 1.0914
10 106 1.08492
10 107 1.07802
10 108 1.07431
10 109 1.0971
10 110 1.0971
10 111 1.0971
10 112 1.0971
10 113 1.0971
10 114 1.08613
10 115 1.08127
10 116 1.0755
10 117 1.0723
10 118 1.10025
10 119 1.10025
10 120 1.10025
10 121 1.10025
10 122 1.10025
10 123 1.08856
10 124 1.08466
10 125 1.07796
10 126 1.07346
10 127 1.09812
10 128 1.09812
10 129 1.09812
10 130 1.09812
10 131 1.09812
10 132 1.08746
10 133 1.0833
10 134 1.0767
10 135 1.07272
10 136 1.09304
10 137 1.09304
10 138 1.09304
10 139 1.09304
10 140 1.09304
10 141 1.08353
10 142 1.07869
10 143 1.07358
10 144 1.07085
11 1 1.14538
11 2 1.14538
11 3 1.14538
11 4 1.14538
11 5 1.14538
11 6 1.10956
11 7 1.09805
11 8 1.0857
11 9 1.07892
11 10 1.30102
11 11 1.30102
11 12 1.30102
11 13 1.30102
11 14 1.30102
11 15 1.11894
11 16 1.10421
11 17 1.08986
11 18 1.08169
11 19 1.15936
11 20 1.15936
11 21 1.15936
11 22 1.15936
11 23 1.15936
11 24 1.11388
11 25 1.10103
11 26 1.08785
11 27 1.08043
11 28 1.12451
11 29 1.12451
11 30 1.12451
11 31 1.12451
11 32 1.12451
11 33 1.1034
11 34 1.09285
11 35 1.08236
11 36 1.07699
11 37 1.12813
11 38 1.12813
11 39 1.12813
11 40 1.12813
11 41 1.12813
11 42 1.10319
11 43 1.09412
11 44 1.08429
11 45 1.07858
11 46 1.14519
11 47 1.14519
11 48 1.14519
11 49 1.14519
11 50 1.14519
11 51 1.10849
11 52 1.09973
11 53 1.08926
11 54 1.08121
11 55 1.13348
11 56 1.13348
11 57 1.13348
11 58 1.13348
11 59 1.13348
11 60 1.10783
11 61 1.09926
11 62 1.08768
11 63 1.07983
11 64 1.11589
11 65 1.11589
11 66 1.11589
11 67 1.11589
11 68 1.11589
11 69 1.09886
11 70 1.09038
11 71 1.08141
11 72 1.07664
11 73 1.11102
11 74 1.11102
11 75 1.11102
11 76 1.11102
11 77 1.11102
11 78 1.09468
11 79 1.08825
11 80 1.08057
11 81 1.07604
11 82 1.11752
11 83 1.11752
11 84 1.11752
11 85 1.11752
11 86 1.11752
11 87 1.09865
11 88 1.09253
11 89 1.08443
11 90 1.07786
11 91 1.11327
11 92 1.11327
11 93 1.11327
11 94 1.11327
11 95 1.11327
11 96 1.09768
11 97 1.09153
11 98 1.0827
11 99 1.07682
11 100 1.10422
11 101 1.10422
11 102 1.10422
11 103 1.10422
11 104 1.10422
11 105 1.0914
11 106 1.08492
11 107 1.07802
11 108 1.07431
11 109 1.0971
11 110 1.0971
11 111 1.0971
11 112 1.0971
11 113 1.0971
11 114 1.08613
11 115 1.08127
11 116 1.0755
11 117 1.0723
11 118 1.10025
11 119 1.10025
11 120 1.10025
11 121 1.10025
11 122 1.10025
11 123 1.08856
11 124 1.08466
11 125 1.07796
11 126 1.07346
11 127 1.09812
11 128 1.09812
11 129 1.09812
11 130 1.09812
11 131 1.09812
11 132 1.08746
11 133 1.0833
11 134 1.0767
11 135 1.07272
11 136 1.09304
11 137 1.09304
11 138 1.09304
11 139 1.09304
11 140 1.09304
11 141 1.08353
11 142 1.07869
11 143 1.07358
11 144 1.07085
12 1 1.14538
12 2 1.14538
12 3 1.14538
12 4 1.14538
12 5 1.14538
12 6 1.10956
12 7 1.09805
12 8 1.0857
12 9 1.07892
12 10 1.30102
12 11 1.30102
12 12 1.30102
12 13 1.30102
12 14 1.30102
12 15 1.11894
12 16 1.10421
12 17 1.08986
12 18 1.08169
12 19 1.15936
12 20 1.15936
12 21 1.15936
12 22 1.15936
12 23 1.15936
12 24 1.11388
12 25 1.10103
12 26 1.08785
12 27 1.08043
12 28 1.12451
12 29 1.12451
12 30 1.12451
12 31 1.12451
12 32 1.12451
12 33 1.1034
12 34 1.09285
12 35 1.08236
12 36 1.07699
12 37 1.12813
12 38 1.12813
12 39 1.12813
12 40 1.12813
12 41 1.12813
12 42 1.10319
12 43 1.09412
12 44 1.08429
12 45 1.07858
12 46 1.14519
12 47 1.14519
12 48 1.14519
12 49 1.14519
12 50 1.14519
12 51 1.10849
12 52 1.09973
12 53 1.08926
12 54 1.08121
12 55 1.13348
12 56 1.13348
12 57 1.13348
12 58 1.13348
12 59 1.13348
12 60 1.10783
12 61 1.09926
12 62 1.08768
12 63 1.07983
12 64 1.11589
12 65 1.11589
12 66 1.11589
12 67 1.11589
12 68 1.11589
12 69 1.09886
12 70 1.09038
12 71 1.08141
12 72 1.07664
12 73 1.11102
12 74 1.11102
12 75 1.11102
12 76 1.11102
12 77 1.11102
12 78 1.09468
12 79 1.08825
12 80 1.08057
12 81 1.07604
12 82 1.11752
12 83 1.11752
12 84 1.11752
12 85 1.11752
12 86 1.11752
12 87 1.09865
12 88 1.09253
12 89 1.08443
12 90 1.07786
12 91 1.11327
12 92 1.11327
12 93 1.11327
12 94 1.11327
12 95 1.11327
12 96 1.09768
12 97 1.09153
12 98 1.0827
12 99 1.07682
12 100 1.10422
12 101 1.10422
12 102 1.10422
12 103 1.10422
12 104 1.10422
12 105 1.0914
12 106 1.08492
12 107 1.07802
12 108 1.07431
12 109 1.0971
12 110 1.0971
12 111 1.0971
12 112 1.0971
12 113 1.0971
12 114 1.08613
12 115 1.08127
12 116 1.0755
12 117 1.0723
12 118 1.10025
12 119 1.10025
12 120 1.10025
12 121 1.10025
12 122 1.10025
12 123 1.08856
12 124 1.08466
12 125 1.07796
12 126 1.07346
12 127 1.09812
12 128 1.09812
12 129 1.09812
12 130 1.09812
12 131 1.09812
12 132 1.08746
12 133 1.0833
12 134 1.0767
12 135 1.07272
12 136 1.09304
12 137 1.09304
12 138 1.09304
12 139 1.09304
12 140 1.09304
12 141 1.08353
12 142 1.07869
12 143 1.07358
12 144 1.07085
13 1 1.14538
13 2 1.14538
13 3 1.14538
13 4 1.14538
13 5 1.14538
13 6 1.10956
13 7 1.09805
13 8 1.0857
13 9 1.07892
13 10 1.30102
13 11 1.30102
13 12 1.30102
13 13 1.30102
13 14 1.30102
13 15 1.11894
13 16 1.10421
13 17 1.08986
13 18 1.08169
13 19 1.15936
13 20 1.15936
13 21 1.15936
13 22 1.15936
13 23 1.15936
13 24 1.11388
13 25 1.10103
13 26 1.08785
13 27 1.08043
13 28 1.12451
13 29 1.12451
13 30 1.12451
13 31 1.12451
13 32 1.12451
13 33 1.1034
13 34 1.09285
13 35 1.08236
13 36 1.07699
13 37 1.12813
13 38 1.12813
13 39 1.12813
13 40 1.12813
13 41 1.12813
13 42 1.10319
13 43 1.09412
13 44 1.08429
13 45 1.07858
13 46 1.14519
13 47 1.14519
13 48 1.14519
13 49 1.14519
13 50 1.14519
13 51 1.10849
13 52 1.09973
13 53 1.08926
13 54 1.08121
13 55 1.13348
13 56 1.13348
13 57 1.13348
13 58 1.13348
13 59 1.13348
13 60 1.10783
13 61 1.09926
13 62 1.08768
13 63 1.07983
13 64 1.11589
13 65 1.11589
13 66 1.11589
13 67 1.11589
13 68 1.11589
13 69 1.09886
13 70 1.09038
13 71 1.08141
13 72 1.07664
13 73 1.11102
13 74 1.11102
13 75 1.11102
13 76 1.11102
13 77 1.11102
13 78 1.09468
13 79 1.08825
13 80 1.08057
13 81 1.07604
13 82 1.11752
13 83 1.11752
13 84 1.11752
13 85 1.11752
13 86 1.11752
13 87 1.09865
13 88 1.09253
13 89 1.08443
13 90 1.07786
13 91 1.11327
13 92 1.11327
13 93 1.11327
13 94 1.11327
13 95 1.11327
13 96 1.09768
13 97 1.09153
13 98 1.0827
13 99 1.07682
13 100 1.10422
13 101 1.10422
13 102 1.10422
13 103 1.10422
13 104 1.10422
13 105 1.0914
13 106 1.08492
13 107 1.07802
13 108 1.07431
13 109 1.0971
13 110 1.0971
13 111 1.0971
13 112 1.0971
13 113 1.0971
13 114 1.08613
13 115 1.08127
13 116 1.0755
13 117 1.0723
13 118 1.10025
13 119 1.10025
13 120 1.10025
13 121 1.10025
13 122 1.10025
13 123 1.08856
13 124 1.08466
13 125 1.07796
13 126 1.07346
13 127 1.09812
13 128 1.09812
13 129 1.09812
13 130 1.09812
13 131 1.09812
13 132 1.08746
13 133 1.0833
13 134 1.0767
13 135 1.07272
13 136 1.09304
13 137 1.09304
13 138 1.09304
13 139 1.09304
13 140 1.09304
13 141 1.08353
13 142 1.07869
13 143 1.07358
13 144 1.07085
14 1 1.14538
14 2 1.14538
14 3 1.14538
14 4 1.14538
14 5 1.14538
14 6 1.10956
14 7 1.09805
14 8 1.0857
14 9 1.07892
14 10 1.30102
14 11 1.30102
14 12 1.30102
14 13 1.30102
14 14 1.30102
14 15 1.11894
14 16 1.10421
14 17 1.08986
14 18 1.08169
14 19 1.15936
14 20 1.15936
14 21 1.15936
14 22 1.15936
14 23 1.15936
14 24 1.11388
14 25 1.10103
14 26 1.08785
14 27 1.08043
14 28 1.12451
14 29 1.12451
14 30 1.12451
14 31 1.12451
14 32 1.12451
14 33 1.1034
14 34 1.09285
14 35 1.08236
14 36 1.07699
14 37 1.12813
14 38 1.12813
14 39 1.12813
14 40 1.12813
14 41 1.12813
14 42 1.10319
14 43 1.09412
14 44 1.08429
14 45 1.07858
14 46 1.14519
14 47 1.14519
14 48 1.14519
14 49 1.14519
14 50 1.14519
14 51 1.10849
14 52 1.09973
14 53 1.08926
14 54 1.08121
14 55 1.13348
14 56 1.13348
14 57 1.13348
14 58 1.13348
14 59 1.13348
14 60 1.10783
14 61 1.09926
14 62 1.08768
14 63 1.07983
14 64 1.11589
14 65 1.11589
14 66 1.11589
14 67 1.11589
14 68 1.11589
14 69 1.09886
14 70 1.09038
14 71 1.08141
14 72 1.07664
14 73 1.11102
14 74 1.11102
14 75 1.11102
14 76 1.11102
14 77 1.11102
14 78 1.09468
14 79 1.08825
14 80 1.08057
14 81 1.07604
14 82 1.11752
14 83 1.11752
14 84 1.11752
14 85 1.11752
14 86 1.11752
14 87 1.09865
14 88 1.09253
14 89 1.08443
14 90 1.07786
14 91 1.11327
14 92 1.11327
14 93 1.11327
14 94 1.11327
14 95 1.11327
14 96 1.09768
14 97 1.09153
14 98 1.0827
14 99 1.07682
14 100 1.10422
14 101 1.10422
14 102 1.10422
14 103 1.10422
14 104 1.10422
14 105 1.0914
14 106 1.08492
14 107 1.07802
14 108 1.07431
14 109 1.0971
14 110 1.0971
14 111 1.0971
14 112 1.0971
14 113 1.0971
14 114 1.08613
14 115 1.08127
14 116 1.0755
14 117 1.0723
14 118 1.10025
14 119 1.10025
14 120 1.10025
14 121 1.10025
14 122 1.10025
14 123 1.08856
14 124 1.08466
14 125 1.07796
14 126 1.07346
14 127 1.09812
14 128 1.09812
14 129 1.09812
14 130 1.09812
14 131 1.09812
14 132 1.08746
14 133 1.0833
14 134 1.0767
14 135 1.07272
14 136 1.09304
14 137 1.09304
14 138 1.09304
14 139 1.09304
14 140 1.09304
14 141 1.08353
14 142 1.07869
14 143 1.07358
14 144 1.07085
15 1 1.10526
15 2 1.10526
15 3 1.10526
15 4 1.10526
15 5 1.10526
15 6 1.36583
15 7 1.32802
15 8 1.23224
15 9 1.17915
15 10 1.11894
15 11 1.11894
15 12 1.11894
15 13 1.11894
15 14 1.11894
15 15 2.70586
15 16 1.58461
15 17 1.31054
15 18 1.20809
15 19 1.11204
15 20 1.11204
15 21 1.11204
15 22 1.11204
15 23 1.11204
15 24 1.36455
15 25 1.3265
15 26 1.2475
15 27 1.19164
15 28 1.09944
15 29 1.09944
15 30 1.09944
15 31 1.09944
15 32 1.09944
15 33 1.21564
15 34 1.20949
15 35 1.17945
15 36 1.16026
15 37 1.10122
15 38 1.10122
15 39 1.10122
15 40 1.10122
15 41 1.10122
15 42 1.2459
15 43 1.248
15 44 1.2018
15 45 1.17065
15 46 1.10981
15 47 1.10981
15 48 1.10981
15 49 1.10981
15 50 1.10981
15 51 1.35596
15 52 1.31971
15 53 1.24962
15 54 1.19293
15 55 1.10659
15 56 1.10659
15 57 1.10659
15 58 1.10659
15 59 1.10659
15 60 1.29446
15 61 1.28511
15 62 1.2251
15 63 1.18032
15 64 1.09711
15 65 1.09711
15 66 1.09711
15 67 1.09711
15 68 1.09711
15 69 1.1878
15 70 1.19102
15 71 1.16982
15 72 1.15507
15 73 1.09385
15 74 1.09385
15 75 1.09385
15 76 1.09385
15 77 1.09385
15 78 1.1711
15 79 1.1843
15 80 1.16526
15 81 1.15122
15 82 1.09847
15 83 1.09847
15 84 1.09847
15 85 1.09847
15 86 1.09847
15 87 1.22142
15 88 1.22569
15 89 1.19388
15 90 1.16473
15 91 1.09663
15 92 1.09663
15 93 1.09663
15 94 1.09663
15 95 1.09663
15 96 1.20258
15 97 1.21021
15 98 1.17954
15 99 1.15742
15 100 1.09096
15 101 1.09096
15 102 1.09096
15 103 1.09096
15 104 1.09096
15 105 1.14747
15 106 1.15542
15 107 1.14741
15 108 1.14055
15 109 1.08591
15 110 1.08591
15 111 1.08591
15 112 1.08591
15 113 1.08591
15 114 1.12769
15 115 1.13886
15 116 1.13446
15 117 1.13033
15 118 1.0885
15 119 1.0885
15 120 1.0885
15 121 1.0885
15 122 1.0885
15 123 1.14874
15 124 1.16293
15 125 1.1488
15 126 1.13811
15 127 1.08732
15 128 1.08732
15 129 1.08732
15 130 1.08732
15 131 1.08732
15 132 1.14041
15 133 1.15345
15 134 1.14197
15 135 1.13402
15 136 1.08382
15 137 1.08382
15 138 1.08382
15 139 1.08382
15 140 1.08382
15 141 1.1173
15 142 1.12545
15 143 1.12516
15 144 1.12351
16 1 1.09582
16 2 1.09582
16 3 1.09582
16 4 1.09582
16 5 1.09582
16 6 1.32989
16 7 1.38983
16 8 1.28867
16 9 1.22181
16 10 1.10421
16 11 1.10421
16 12 1.10421
16 13 1.10421
16 14 1.10421
16 15 1.58461
16 16 2.92145
16 17 1.55287
16 18 1.27727
16 19 1.10041
16 20 1.10041
16 21 1.10041
16 22 1.10041
16 23 1.10041
16 24 1.31915
16 25 1.40194
16 26 1.32685
16 27 1.24364
16 28 1.09169
16 29 1.09169
16 30 1.09169
16 31 1.09169
16 32 1.09169
16 33 1.21239
16 34 1.22968
16 35 1.21082
16 36 1.19327
16 37 1.09368
16 38 1.09368
16 39 1.09368
16 40 1.09368
16 41 1.09368
16 42 1.24612
16 43 1.27731
16 44 1.23691
16 45 1.20455
16 46 1.1
16 47 1.1
16 48 1.1
16 49 1.1
16 50 1.1
16 51 1.33459
16 52 1.36405
16 53 1.30037
16 54 1.23612
16 55 1.09776
16 56 1.09776
16 57 1.09776
16 58 1.09776
16 59 1.09776
16 60 1.28665
16 61 1.3127
16 62 1.26347
16 63 1.21778
16 64 1.09049
16 65 1.09049
16 66 1.09049
16 67 1.09049
16 68 1.09049
16 69 1.18981
16 70 1.20661
16 71 1.19436
16 72 1.1827
16 73 1.08829
16 74 1.08829
16 75 1.08829
16 76 1.08829
16 77 1.08829
16 78 1.17831
16 79 1.20173
16 80 1.1879
16 81 1.17601
16 82 1.09195
16 83 1.09195
16 84 1.09195
16 85 1.09195
16 86 1.09195
16 87 1.22846
16 88 1.24669
16 89 1.2204
16 90 1.19315
16 91 1.09048
16 92 1.09048
16 93 1.09048
16 94 1.09048
16 95 1.09048
16 96 1.20852
16 97 1.22764
16 98 1.20287
16 99 1.18358
16 100 1.08585
16 101 1.08585
16 102 1.08585
16 103 1.08585
16 104 1.08585
16 105 1.15244
16 106 1.16781
16 107 1.16593
16 108 1.1619
16 109 1.0819
16 110 1.0819
16 111 1.0819
16 112 1.0819
16 113 1.0819
16 114 1.13401
16 115 1.15071
16 116 1.15032
16 117 1.14824
16 118 1.08404
16 119 1.08404
16 120 1.08404
16 121 1.08404
16 122 1.08404
16 123 1.15661
16 124 1.17677
16 125 1.16614
16 126 1.15769
16 127 1.08302
16 128 1.08302
16 129 1.08302
16 130 1.08302
16 131 1.08302
16 132 1.14717
16 133 1.16594
16 134 1.15823
16 135 1.15256
16 136 1.08003
16 137 1.08003
16 138 1.08003
16 139 1.08003
16 140 1.08003
16 141 1.12224
16 142 1.13515
16 143 1.13908
16 144 1.13954
17 1 1.08472
17 2 1.08472
17 3 1.08472
17 4 1.08472
17 5 1.08472
17 6 1.23646
17 7 1.29687
17 8 1.32636
17 9 1.29368
17 10 1.08986
17 11 1.08986
17 12 1.08986
17 13 1.08986
17 14 1.08986
17 15 1.31054
17 16 1.55287
17 17 3.68723
17 18 1.4895
17 19 1.08801
17 20 1.08801
17 21 1.08801
17 22 1.08801
17 23 1.08801
17 24 1.24584
17 25 1.33625
17 26 1.47074
17 27 1.35303
17 28 1.08269
17 29 1.08269
17 30 1.08269
17 31 1.08269
17 32 1.08269
17 33 1.18974
17 34 1.22735
17 35 1.25225
17 36 1.25158
17 37 1.08362
17 38 1.08362
17 39 1.08362
17 40 1.08362
17 41 1.08362
17 42 1.19929
17 43 1.23908
17 44 1.25283
17 45 1.24975
17 46 1.08778
17 47 1.08778
17 48 1.08778
17 49 1.08778
17 50 1.08778
17 51 1.24943
17 52 1.28594
17 53 1.32465
17 54 1.30176
17 55 1.08658
17 56 1.08658
17 57 1.08658
17 58 1.08658
17 59 1.08658
17 60 1.22869
17 61 1.26466
17 62 1.28615
17 63 1.2751
17 64 1.08194
17 65 1.08194
17 66 1.08194
17 67 1.08194
17 68 1.08194
17 69 1.1716
17 70 1.20174
17 71 1.21927
17 72 1.22393
17 73 1.08008
17 74 1.08008
17 75 1.08008
17 76 1.08008
17 77 1.08008
17 78 1.16045
17 79 1.18986
17 80 1.19995
17 81 1.20377
17 82 1.08262
17 83 1.08262
17 84 1.08262
17 85 1.08262
17 86 1.08262
17 87 1.19496
17 88 1.21926
17 89 1.2271
17 90 1.22596
17 91 1.08173
17 92 1.08173
17 93 1.08173
17 94 1.08173
17 95 1.08173
17 96 1.18258
17 97 1.20808
17 98 1.21387
17 99 1.21553
17 100 1.07866
17 101 1.07866
17 102 1.07866
17 103 1.07866
17 104 1.07866
17 105 1.14441
17 106 1.16829
17 107 1.1832
17 108 1.18933
17 109 1.07547
17 110 1.07547
17 111 1.07547
17 112 1.07547
17 113 1.07547
17 114 1.12873
17 115 1.15031
17 116 1.16117
17 117 1.1663
17 118 1.07703
17 119 1.07703
17 120 1.07703
17 121 1.07703
17 122 1.07703
17 123 1.14667
17 124 1.16994
17 125 1.17459
17 126 1.17756
17 127 1.07636
17 128 1.07636
17 129 1.07636
17 130 1.07636
17 131 1.07636
17 132 1.13957
17 133 1.16235
17 134 1.16861
17 135 1.17241
17 136 1.07428
17 137 1.07428
17 138 1.07428
17 139 1.07428
17 140 1.07428
17 141 1.12034
17 142 1.13893
17 143 1.15202
17 144 1.15796
18 1 1.07852
18 2 1.07852
18 3 1.07852
18 4 1.07852
18 5 1.07852
18 6 1.18689
18 7 1.23856
18 8 1.31021
18 9 1.3619
18 10 1.08169
18 11 1.08169
18 12 1.08169
18 13 1.08169
18 14 1.08169
18 15 1.20809
18 16 1.27727
18 17 1.4895
18 18 2.08791
18 19 1.08051
18 20 1.08051
18 21 1.08051
18 22 1.08051
18 23 1.08051
18 24 1.19122
18 25 1.25233
18 26 1.36279
18 27 1.41815
18 28 1.0769
18 29 1.0769
18 30 1.0769
18 31 1.0769
18 32 1.0769
18 33 1.1651
18 34 1.20646
18 35 1.25413
18 36 1.27954
18 37 1.07795
18 38 1.07795
18 39 1.07795
18 40 1.07795
18 41 1.07795
18 42 1.17226
18 43 1.21447
18 44 1.26054
18 45 1.28924
18 46 1.08063
18 47 1.08063
18 48 1.08063
18 49 1.08063
18 50 1.08063
18 51 1.19776
18 52 1.2304
18 53 1.29814
18 54 1.3531
18 55 1.07977
18 56 1.07977
18 57 1.07977
18 58 1.07977
18 59 1.07977
18 60 1.18732
18 61 1.22135
18 62 1.27464
18 63 1.30927
18 64 1.07648
18 65 1.07648
18 66 1.07648
18 67 1.07648
18 68 1.07648
18 69 1.15457
18 70 1.18959
18 71 1.22547
18 72 1.24501
18 73 1.07542
18 74 1.07542
18 75 1.07542
18 76 1.07542
18 77 1.07542
18 78 1.14974
18 79 1.18259
18 80 1.20975
18 81 1.22643
18 82 1.07708
18 83 1.07708
18 84 1.07708
18 85 1.07708
18 86 1.07708
18 87 1.17201
18 88 1.19836
18 89 1.22804
18 90 1.24906
18 91 1.07636
18 92 1.07636
18 93 1.07636
18 94 1.07636
18 95 1.07636
18 96 1.16312
18 97 1.19093
18 98 1.21652
18 99 1.23472
18 100 1.07406
18 101 1.07406
18 102 1.07406
18 103 1.07406
18 104 1.07406
18 105 1.13651
18 106 1.16466
18 107 1.19041
18 108 1.20397
18 109 1.07182
18 110 1.07182
18 111 1.07182
18 112 1.07182
18 113 1.07182
18 114 1.12589
18 115 1.1508
18 116 1.16987
18 117 1.18043
18 118 1.07285
18 119 1.07285
18 120 1.07285
18 121 1.07285
18 122 1.07285
18 123 1.13952
18 124 1.1644
18 125 1.17984
18 126 1.19121
18 127 1.07226
18 128 1.07226
18 129 1.07226
18 130 1.07226
18 131 1.07226
18 132 1.13341
18 133 1.15829
18 134 1.17401
18 135 1.18451
18 136 1.0706
18 137 1.0706
18 138 1.0706
18 139 1.0706
18 140 1.0706
18 141 1.11777
18 142 1.13957
18 143 1.15852
18 144 1.16814
19 1 1.11704
19 2 1.11704
19 3 1.11704
19 4 1.11704
19 5 1.11704
19 6 1.09967
19 7 1.09192
19 8 1.08198
19 9 1.07638
19 10 1.15936
19 11 1.15936
19 12 1.15936
19 13 1.15936
19 14 1.15936
19 15 1.11204
19 16 1.10041
19 17 1.08801
19 18 1.08051
19 19 1.30147
19 20 1.30147
19 21 1.30147
19 22 1.30147
19 23 1.30147
19 24 1.11923
19 25 1.10275
19 26 1.08813
19 27 1.0806
19 28 1.16041
19 29 1.16041
19 30 1.16041
19 31 1.16041
19 32 1.16041
19 33 1.11284
19 34 1.09785
19 35 1.08485
19 36 1.07847
19 37 1.11065
19 38 1.11065
19 39 1.11065
19 40 1.11065
19 41 1.11065
19 42 1.09585
19 43 1.08945
19 44 1.08115
19 45 1.0762
19 46 1.13352
19 47 1.13352
19 48 1.13352
19 49 1.13352
19 50 1.13352
19 51 1.10548
19 52 1.0975
19 53 1.08768
19 54 1.08011
19 55 1.14532
19 56 1.14532
19 57 1.14532
19 58 1.14532
19 59 1.14532
19 60 1.10908
19 61 1.09935
19 62 1.08775
19 63 1.07996
19 64 1.13423
19 65 1.13423
19 66 1.13423
19 67 1.13423
19 68 1.13423
19 69 1.10538
19 70 1.09404
19 71 1.08345
19 72 1.078
19 73 1.10097
19 74 1.10097
19 75 1.10097
19 76 1.10097
19 77 1.10097
19 78 1.08944
19 79 1.08467
19 80 1.07792
19 81 1.07391
19 82 1.11331
19 83 1.11331
19 84 1.11331
19 85 1.11331
19 86 1.11331
19 87 1.09667
19 88 1.09092
19 89 1.0832
19 90 1.07693
19 91 1.1176
19 92 1.1176
19 93 1.1176
19 94 1.1176
19 95 1.1176
19 96 1.09851
19 97 1.09149
19 98 1.08279
19 99 1.07697
19 100 1.11374
19 101 1.11374
19 102 1.11374
19 103 1.11374
19 104 1.11374
19 105 1.09582
19 106 1.08766
19 107 1.07971
19 108 1.07554
19 109 1.09104
19 110 1.09104
19 111 1.09104
19 112 1.09104
19 113 1.09104
19 114 1.08235
19 115 1.07842
19 116 1.0733
19 117 1.07044
19 118 1.09815
19 119 1.09815
19 120 1.09815
19 121 1.09815
19 122 1.09815
19 123 1.0872
19 124 1.08349
19 125 1.07703
19 126 1.0727
19 127 1.10029
19 128 1.10029
19 129 1.10029
19 130 1.10029
19 131 1.10029
19 132 1.08819
19 133 1.08348
19 134 1.07689
19 135 1.07289
19 136 1.09849
19 137 1.09849
19 138 1.09849
19 139 1.09849
19 140 1.09849
19 141 1.08658
19 142 1.08078
19 143 1.07499
19 144 1.07196
20 1 1.11704
20 2 1.11704
20 3 1.11704
20 4 1.11704
20 5 1.11704
20 6 1.09967
20 7 1.09192
20 8 1.08198
20 9 1.07638
20 10 1.15936
20 11 1.15936
20 12 1.15936
20 13 1.15936
20 14 1.15936
20 15 1.11204
20 16 1.10041
20 17 1.08801
20 18 1.08051
20 19 1.30147
20 20 1.30147
20 21 1.30147
20 22 1.30147
20 23 1.30147
20 24 1.11923
20 25 1.10275
20 26 1.08813
20 27 1.0806
20 28 1.16041
20 29 1.16041
20 30 1.16041
20 31 1.16041
20 32 1.16041
20 33 1.11284
20 34 1.09785
20 35 1.08485
20 36 1.07847
20 37 1.11065
20 38 1.11065
20 39 1.11065
20 40 1.11065
20 41 1.11065
20 42 1.09585
20 43 1.08945
20 44 1.08115
20 45 1.0762
20 46 1.13352
20 47 1.13352
20 48 1.13352
20 49 1.13352
20 50 1.13352
20 51 1.10548
20 52 1.0975
20 53 1.08768
20 54 1.08011
20 55 1.14532
20 56 1.14532
20 57 1.14532
20 58 1.14532
20 59 1.14532
20 60 1.10908
20 61 1.09935
20 62 1.08775
20 63 1.07996
20 64 1.13423
20 65 1.13423
20 66 1.13423
20 67 1.13423
20 68 1.13423
20 69 1.10538
20 70 1.09404
20 71 1.08345
20 72 1.078
20 73 1.10097
20 74 1.10097
20 75 1.10097
20 76 1.10097
20 77 1.10097
20 78 1.08944
20 79 1.08467
20 80 1.07792
20 81 1.07391
20 82 1.11331
20 83 1.11331
20 84 1.11331
20 85 1.11331
20 86 1.11331
20 87 1.09667
20 88 1.09092
20 89 1.0832
20 90 1.07693
20 91 1.1176
20 92 1.1176
20 93 1.1176
20 94 1.1176
20 95 1.1176
20 96 1.09851
20 97 1.09149
20 98 1.08279
20 99 1.07697
20 100 1.11374
20 101 1.11374
20 102 1.11374
20 103 1.11374
20 104 1.11374
20 105 1.09582
20 106 1.08766
20 107 1.07971
20 108 1.07554
20 109 1.09104
20 110 1.09104
20 111 1.09104
20 112 1.09104
20 113 1.09104
20 114 1.08235
20 115 1.07842
20 116 1.0733
20 117 1.07044
20 118 1.09815
20 119 1.09815
20 120 1.09815
20 121 1.09815
20 122 1.09815
20 123 1.0872
20 124 1.08349
20 125 1.07703
20 126 1.0727
20 127 1.10029
20 128 1.10029
20 129 1.10029
20 130 1.10029
20 131 1.10029
20 132 1.08819
20 133 1.08348
20 134 1.07689
20 135 1.07289
20 136 1.09849
20 137 1.09849
20 138 1.09849
20 139 1.09849
20 140 1.09849
20 141 1.08658
20 142 1.08078
20 143 1.07499
20 144 1.07196
21 1 1.11704
21 2 1.11704
21 3 1.11704
21 4 1.11704
21 5 1.11704
21 6 1.09967
21 7 1.09192
21 8 1.08198
21 9 1.07638
21 10 1.15936
21 11 1.15936
21 12 1.15936
21 13 1.15936
21 14 1.15936
21 15 1.11204
21 16 1.10041
21 17 1.08801
21 18 1.08051
21 19 1.30147
21 20 1.30147
21 21 1.30147
21 22 1.30147
21 23 1.30147
21 24 1.11923
21 25 1.10275
21 26 1.08813
21 27 1.0806
21 28 1.16041
21 29 1.16041
21 30 1.16041
21 31 1.16041
21 32 1.16041
21 33 1.11284
21 34 1.09785
21 35 1.08485
21 36 1.07847
21 37 1.11065
21 38 1.11065
21 39 1.11065
21 40 1.11065
21 41 1.11065
