injected_el measured_el potential
1 1 1.30504
1 2 1.30504
1 3 1.30504
1 4 1.30504
1 5 1.30504
1 6 1.11835
1 7 1.09717
1 8 1.08248
1 9 1.07584
1 10 1.14683
1 11 1.14683
1 12 1.14683
1 13 1.14683
1 14 1.14683
1 15 1.10661
1 16 1.09173
1 17 1.07973
1 18 1.07404
1 19 1.11806
1 20 1.11806
1 21 1.11806
1 22 1.11806
1 23 1.11806
1 24 1.09528
1 25 1.08506
1 26 1.07607
1 27 1.07166
1 28 1.10049
1 29 1.10049
1 30 1.10049
1 31 1.10049
1 32 1.10049
1 33 1.08573
1 34 1.07861
1 35 1.07208
1 36 1.06882
1 37 1.14786
1 38 1.14786
1 39 1.14786
1 40 1.14786
1 41 1.14786
1 42 1.10741
1 43 1.09273
1 44 1.08091
1 45 1.07549
1 46 1.12923
1 47 1.12923
1 48 1.12923
1 49 1.12923
1 50 1.12923
1 51 1.10083
1 52 1.08877
1 53 1.07859
1 54 1.0737
1 55 1.11148
1 56 1.11148
1 57 1.11148
1 58 1.11148
1 59 1.11148
1 60 1.09227
1 61 1.08334
1 62 1.07536
1 63 1.07142
1 64 1.09744
1 65 1.09744
1 66 1.09744
1 67 1.09744
1 68 1.09744
1 69 1.08414
1 70 1.07765
1 71 1.07167
1 72 1.06868
1 73 1.11933
1 74 1.11933
1 75 1.11933
1 76 1.11933
1 77 1.11933
1 78 1.09654
1 79 1.08655
1 80 1.07767
1 81 1.07366
1 82 1.1117
1 83 1.1117
1 84 1.1117
1 85 1.1117
1 86 1.1117
1 87 1.09264
1 88 1.08366
1 89 1.07576
1 90 1.07196
1 91 1.10152
1 92 1.10152
1 93 1.10152
1 94 1.10152
1 95 1.10152
1 96 1.08676
1 97 1.07961
1 98 1.07309
1 99 1.06986
1 100 1.09155
1 101 1.09155
1 102 1.09155
1 103 1.09155
1 104 1.09155
1 105 1.08048
1 106 1.075
1 107 1.0699
1 108 1.06734
1 109 1.10157
1 110 1.10157
1 111 1.10157
1 112 1.10157
1 113 1.10157
1 114 1.0872
1 115 1.08018
1 116 1.07362
1 117 1.07085
1 118 1.09745
1 119 1.09745
1 120 1.09745
1 121 1.09745
1 122 1.09745
1 123 1.08455
1 124 1.07793
1 125 1.07205
1 126 1.06927
1 127 1.09134
1 128 1.09134
1 129 1.09134
1 130 1.09134
1 131 1.09134
1 132 1.0804
1 133 1.07493
1 134 1.06988
1 135 1.06738
1 136 1.08449
1 137 1.08449
1 138 1.08449
1 139 1.08449
1 140 1.08449
1 141 1.07572
1 142 1.07132
1 143 1.0672
1 144 1.06513
2 1 1.30504
2 2 1.30504
2 3 1.30504
2 4 1.30504
2 5 1.30504
2 6 1.11835
2 7 1.09717
2 8 1.08248
2 9 1.07584
2 10 1.14683
2 11 1.14683
2 12 1.14683
2 13 1.14683
2 14 1.14683
2 15 1.10661
2 16 1.09173
2 17 1.07973
2 18 1.07404
2 19 1.11806
2 20 1.11806
2 21 1.11806
2 22 1.11806
2 23 1.11806
2 24 1.09528
2 25 1.08506
2 26 1.07607
2 27 1.07166
2 28 1.10049
2 29 1.10049
2 30 1.10049
2 31 1.10049
2 32 1.10049
2 33 1.08573
2 34 1.07861
2 35 1.07208
2 36 1.06882
2 37 1.14786
2 38 1.14786
2 39 1.14786
2 40 1.14786
2 41 1.14786
2 42 1.10741
2 43 1.09273
2 44 1.08091
2 45 1.07549
2 46 1.12923
2 47 1.12923
2 48 1.12923
2 49 1.12923
2 50 1.12923
2 51 1.10083
2 52 1.08877
2 53 1.07859
2 54 1.0737
2 55 1.11148
2 56 1.11148
2 57 1.11148
2 58 1.11148
2 59 1.11148
2 60 1.09227
2 61 1.08334
2 62 1.07536
2 63 1.07142
2 64 1.09744
2 65 1.09744
2 66 1.09744
2 67 1.09744
2 68 1.09744
2 69 1.08414
2 70 1.07765
2 71 1.07167
2 72 1.06868
2 73 1.11933
2 74 1.11933
2 75 1.11933
2 76 1.11933
2 77 1.11933
2 78 1.09654
2 79 1.08655
2 80 1.07767
2 81 1.07366
2 82 1.1117
2 83 1.1117
2 84 1.1117
2 85 1.1117
2 86 1.1117
2 87 1.09264
2 88 1.08366
2 89 1.07576
2 90 1.07196
2 91 1.10152
2 92 1.10152
2 93 1.10152
2 94 1.10152
2 95 1.10152
2 96 1.08676
2 97 1.07961
2 98 1.07309
2 99 1.06986
2 100 1.09155
2 101 1.09155
2 102 1.09155
2 103 1.09155
2 104 1.09155
2 105 1.08048
2 106 1.075
2 107 1.0699
2 108 1.06734
2 109 1.10157
2 110 1.10157
2 111 1.10157
2 112 1.10157
2 113 1.10157
2 114 1.0872
2 115 1.08018
2 116 1.07362
2 117 1.07085
2 118 1.09745
2 119 1.09745
2 120 1.09745
2 121 1.09745
2 122 1.09745
2 123 1.08455
2 124 1.07793
2 125 1.07205
2 126 1.06927
2 127 1.09134
2 128 1.09134
2 129 1.09134
2 130 1.09134
2 131 1.09134
2 132 1.0804
2 133 1.07493
2 134 1.06988
2 135 1.06738
2 136 1.08449
2 137 1.08449
2 138 1.08449
2 139 1.08449
2 140 1.08449
2 141 1.07572
2 142 1.07132
2 143 1.0672
2 144 1.06513
3 1 1.30504
3 2 1.30504
3 3 1.30504
3 4 1.30504
3 5 1.30504
3 6 1.11835
3 7 1.09717
3 8 1.08248
3 9 1.07584
3 10 1.14683
3 11 1.14683
3 12 1.14683
3 13 1.14683
3 14 1.14683
3 15 1.10661
3 16 1.09173
3 17 1.07973
3 18 1.07404
3 19 1.11806
3 20 1.11806
3 21 1.11806
3 22 1.11806
3 23 1.11806
3 24 1.09528
3 25 1.08506
3 26 1.07607
3 27 1.07166
3 28 1.10049
3 29 1.10049
3 30 1.10049
3 31 1.10049
3 32 1.10049
3 33 1.08573
3 34 1.07861
3 35 1.07208
3 36 1.06882
3 37 1.14786
3 38 1.14786
3 39 1.14786
3 40 1.14786
3 41 1.14786
3 42 1.10741
3 43 1.09273
3 44 1.08091
3 45 1.07549
3 46 1.12923
3 47 1.12923
3 48 1.12923
3 49 1.12923
3 50 1.12923
3 51 1.10083
3 52 1.08877
3 53 1.07859
3 54 1.0737
3 55 1.11148
3 56 1.11148
3 57 1.11148
3 58 1.11148
3 59 1.11148
3 60 1.09227
3 61 1.08334
3 62 1.07536
3 63 1.07142
3 64 1.09744
3 65 1.09744
3 66 1.09744
3 67 1.09744
3 68 1.09744
3 69 1.08414
3 70 1.07765
3 71 1.07167
3 72 1.06868
3 73 1.11933
3 74 1.11933
3 75 1.11933
3 76 1.11933
3 77 1.11933
3 78 1.09654
3 79 1.08655
3 80 1.07767
3 81 1.07366
3 82 1.1117
3 83 1.1117
3 84 1.1117
3 85 1.1117
3 86 1.1117
3 87 1.09264
3 88 1.08366
3 89 1.07576
3 90 1.07196
3 91 1.10152
3 92 1.10152
3 93 1.10152
3 94 1.10152
3 95 1.10152
3 96 1.08676
3 97 1.07961
3 98 1.07309
3 99 1.06986
3 100 1.09155
3 101 1.09155
3 102 1.09155
3 103 1.09155
3 104 1.09155
3 105 1.08048
3 106 1.075
3 107 1.0699
3 108 1.06734
3 109 1.10157
3 110 1.10157
3 111 1.10157
3 112 1.10157
3 113 1.10157
3 114 1.0872
3 115 1.08018
3 116 1.07362
3 117 1.07085
3 118 1.09745
3 119 1.09745
3 120 1.09745
3 121 1.09745
3 122 1.09745
3 123 1.08455
3 124 1.07793
3 125 1.07205
3 126 1.06927
3 127 1.09134
3 128 1.09134
3 129 1.09134
3 130 1.09134
3 131 1.09134
3 132 1.0804
3 133 1.07493
3 134 1.06988
3 135 1.06738
3 136 1.08449
3 137 1.08449
3 138 1.08449
3 139 1.08449
3 140 1.08449
3 141 1.07572
3 142 1.07132
3 143 1.0672
3 144 1.06513
4 1 1.30504
4 2 1.30504
4 3 1.30504
4 4 1.30504
4 5 1.30504
4 6 1.11835
4 7 1.09717
4 8 1.08248
4 9 1.07584
4 10 1.14683
4 11 1.14683
4 12 1.14683
4 13 1.14683
4 14 1.14683
4 15 1.10661
4 16 1.09173
4 17 1.07973
4 18 1.07404
4 19 1.11806
4 20 1.11806
4 21 1.11806
4 22 1.11806
4 23 1.11806
4 24 1.09528
4 25 1.08506
4 26 1.07607
4 27 1.07166
4 28 1.10049
4 29 1.10049
4 30 1.10049
4 31 1.10049
4 32 1.10049
4 33 1.08573
4 34 1.07861
4 35 1.07208
4 36 1.06882
4 37 1.14786
4 38 1.14786
4 39 1.14786
4 40 1.14786
4 41 1.14786
4 42 1.10741
4 43 1.09273
4 44 1.08091
4 45 1.07549
4 46 1.12923
4 47 1.12923
4 48 1.12923
4 49 1.12923
4 50 1.12923
4 51 1.10083
4 52 1.08877
4 53 1.07859
4 54 1.0737
4 55 1.11148
4 56 1.11148
4 57 1.11148
4 58 1.11148
4 59 1.11148
4 60 1.09227
4 61 1.08334
4 62 1.07536
4 63 1.07142
4 64 1.09744
4 65 1.09744
4 66 1.09744
4 67 1.09744
4 68 1.09744
4 69 1.08414
4 70 1.07765
4 71 1.07167
4 72 1.06868
4 73 1.11933
4 74 1.11933
4 75 1.11933
4 76 1.11933
4 77 1.11933
4 78 1.09654
4 79 1.08655
4 80 1.07767
4 81 1.07366
4 82 1.1117
4 83 1.1117
4 84 1.1117
4 85 1.1117
4 86 1.1117
4 87 1.09264
4 88 1.08366
4 89 1.07576
4 90 1.07196
4 91 1.10152
4 92 1.10152
4 93 1.10152
4 94 1.10152
4 95 1.10152
4 96 1.08676
4 97 1.07961
4 98 1.07309
4 99 1.06986
4 100 1.09155
4 101 1.09155
4 102 1.09155
4 103 1.09155
4 104 1.09155
4 105 1.08048
4 106 1.075
4 107 1.0699
4 108 1.06734
4 109 1.10157
4 110 1.10157
4 111 1.10157
4 112 1.10157
4 113 1.10157
4 114 1.0872
4 115 1.08018
4 116 1.07362
4 117 1.07085
4 118 1.09745
4 119 1.09745
4 120 1.09745
4 121 1.09745
4 122 1.09745
4 123 1.08455
4 124 1.07793
4 125 1.07205
4 126 1.06927
4 127 1.09134
4 128 1.09134
4 129 1.09134
4 130 1.09134
4 131 1.09134
4 132 1.0804
4 133 1.07493
4 134 1.06988
4 135 1.06738
4 136 1.08449
4 137 1.08449
4 138 1.08449
4 139 1.08449
4 140 1.08449
4 141 1.07572
4 142 1.07132
4 143 1.0672
4 144 1.06513
5 1 1.30504
5 2 1.30504
5 3 1.30504
5 4 1.30504
5 5 1.30504
5 6 1.11835
5 7 1.09717
5 8 1.08248
5 9 1.07584
5 10 1.14683
5 11 1.14683
5 12 1.14683
5 13 1.14683
5 14 1.14683
5 15 1.10661
5 16 1.09173
5 17 1.07973
5 18 1.07404
5 19 1.11806
5 20 1.11806
5 21 1.11806
5 22 1.11806
5 23 1.11806
5 24 1.09528
5 25 1.08506
5 26 1.07607
5 27 1.07166
5 28 1.10049
5 29 1.10049
5 30 1.10049
5 31 1.10049
5 32 1.10049
5 33 1.08573
5 34 1.07861
5 35 1.07208
5 36 1.06882
5 37 1.14786
5 38 1.14786
5 39 1.14786
5 40 1.14786
5 41 1.14786
5 42 1.10741
5 43 1.09273
5 44 1.08091
5 45 1.07549
5 46 1.12923
5 47 1.12923
5 48 1.12923
5 49 1.12923
5 50 1.12923
5 51 1.10083
5 52 1.08877
5 53 1.07859
5 54 1.0737
5 55 1.11148
5 56 1.11148
5 57 1.11148
5 58 1.11148
5 59 1.11148
5 60 1.09227
5 61 1.08334
5 62 1.07536
5 63 1.07142
5 64 1.09744
5 65 1.09744
5 66 1.09744
5 67 1.09744
5 68 1.09744
5 69 1.08414
5 70 1.07765
5 71 1.07167
5 72 1.06868
5 73 1.11933
5 74 1.11933
5 75 1.11933
5 76 1.11933
5 77 1.11933
5 78 1.09654
5 79 1.08655
5 80 1.07767
5 81 1.07366
5 82 1.1117
5 83 1.1117
5 84 1.1117
5 85 1.1117
5 86 1.1117
5 87 1.09264
5 88 1.08366
5 89 1.07576
5 90 1.07196
5 91 1.10152
5 92 1.10152
5 93 1.10152
5 94 1.10152
5 95 1.10152
5 96 1.08676
5 97 1.07961
5 98 1.07309
5 99 1.06986
5 100 1.09155
5 101 1.09155
5 102 1.09155
5 103 1.09155
5 104 1.09155
5 105 1.08048
5 106 1.075
5 107 1.0699
5 108 1.06734
5 109 1.10157
5 110 1.10157
5 111 1.10157
5 112 1.10157
5 113 1.10157
5 114 1.0872
5 115 1.08018
5 116 1.07362
5 117 1.07085
5 118 1.09745
5 119 1.09745
5 120 1.09745
5 121 1.09745
5 122 1.09745
5 123 1.08455
5 124 1.07793
5 125 1.07205
5 126 1.06927
5 127 1.09134
5 128 1.09134
5 129 1.09134
5 130 1.09134
5 131 1.09134
5 132 1.0804
5 133 1.07493
5 134 1.06988
5 135 1.06738
5 136 1.08449
5 137 1.08449
5 138 1.08449
5 139 1.08449
5 140 1.08449
5 141 1.07572
5 142 1.07132
5 143 1.0672
5 144 1.06513
6 1 1.11835
6 2 1.11835
6 3 1.11835
6 4 1.11835
6 5 1.11835
6 6 6.91329
6 7 2.13921
6 8 1.39151
6 9 1.20516
6 10 1.10652
6 11 1.10652
6 12 1.10652
6 13 1.10652
6 14 1.10652
6 15 1.44426
6 16 1.36522
6 17 1.24246
6 18 1.17937
6 19 1.09518
6 20 1.09518
6 21 1.09518
6 22 1.09518
6 23 1.09518
6 24 1.19306
6 25 1.1925
6 26 1.16727
6 27 1.15041
6 28 1.08563
6 29 1.08563
6 30 1.08563
6 31 1.08563
6 32 1.08563
6 33 1.12419
6 34 1.13059
6 35 1.12862
6 36 1.12599
6 37 1.10793
6 38 1.10793
6 39 1.10793
6 40 1.10793
6 41 1.10793
6 42 1.43207
6 43 1.35766
6 44 1.23955
6 45 1.1806
6 46 1.10088
6 47 1.10088
6 48 1.10088
6 49 1.10088
6 50 1.10088
6 51 1.25612
6 52 1.24319
6 53 1.19357
6 54 1.16355
6 55 1.09224
6 56 1.09224
6 57 1.09224
6 58 1.09224
6 59 1.09224
6 60 1.15868
6 61 1.163
6 62 1.15074
6 63 1.14147
6 64 1.08408
6 65 1.08408
6 66 1.08408
6 67 1.08408
6 68 1.08408
6 69 1.1152
6 70 1.12173
6 71 1.12209
6 72 1.12107
6 73 1.09713
6 74 1.09713
6 75 1.09713
6 76 1.09713
6 77 1.09713
6 78 1.1865
6 79 1.18801
6 80 1.16557
6 81 1.15162
6 82 1.09275
6 83 1.09275
6 84 1.09275
6 85 1.09275
6 86 1.09275
6 87 1.15657
6 88 1.16148
6 89 1.15014
6 90 1.14158
6 91 1.08677
6 92 1.08677
6 93 1.08677
6 94 1.08677
6 95 1.08677
6 96 1.1246
6 97 1.13115
6 98 1.1295
6 99 1.12704
6 100 1.08046
6 101 1.08046
6 102 1.08046
6 103 1.08046
6 104 1.08046
6 105 1.10248
6 106 1.10869
6 107 1.11135
6 108 1.112
6 109 1.08756
6 110 1.08756
6 111 1.08756
6 112 1.08756
6 113 1.08756
6 114 1.12106
6 115 1.12816
6 116 1.12777
6 117 1.12677
6 118 1.0846
6 119 1.0846
6 120 1.0846
6 121 1.0846
6 122 1.0846
6 123 1.11299
6 124 1.12005
6 125 1.12127
6 126 1.1208
6 127 1.08046
6 128 1.08046
6 129 1.08046
6 130 1.08046
6 131 1.08046
6 132 1.10164
6 133 1.10792
6 134 1.11084
6 135 1.11164
6 136 1.07574
6 137 1.07574
6 138 1.07574
6 139 1.07574
6 140 1.07574
6 141 1.09065
6 142 1.09604
6 143 1.09971
6 144 1.10124
7 1 1.09717
7 2 1.09717
7 3 1.09717
7 4 1.09717
7 5 1.09717
7 6 2.13921
7 7 6.90641
7 8 1.98863
7 9 1.31347
7 10 1.09162
7 11 1.09162
7 12 1.09162
7 13 1.09162
7 14 1.09162
7 15 1.36492
7 16 1.46599
7 17 1.33997
7 18 1.24913
7 19 1.08492
7 20 1.08492
7 21 1.08492
7 22 1.08492
7 23 1.08492
7 24 1.19238
7 25 1.21963
7 26 1.20932
7 27 1.19591
7 28 1.07848
7 29 1.07848
7 30 1.07848
7 31 1.07848
7 32 1.07848
7 33 1.13057
7 34 1.14748
7 35 1.15504
7 36 1.15684
7 37 1.09309
7 38 1.09309
7 39 1.09309
7 40 1.09309
7 41 1.09309
7 42 1.35543
7 43 1.45581
7 44 1.33526
7 45 1.25017
7 46 1.08884
7 47 1.08884
7 48 1.08884
7 49 1.08884
7 50 1.08884
7 51 1.24286
7 52 1.28219
7 53 1.24931
7 54 1.21807
7 55 1.08328
7 56 1.08328
7 57 1.08328
7 58 1.08328
7 59 1.08328
7 60 1.16285
7 61 1.18459
7 62 1.18522
7 63 1.18072
7 64 1.07758
7 65 1.07758
7 66 1.07758
7 67 1.07758
7 68 1.07758
7 69 1.12171
7 70 1.13715
7 71 1.14596
7 72 1.14903
7 73 1.087
7 74 1.087
7 75 1.087
7 76 1.087
7 77 1.087
7 78 1.1856
7 79 1.21397
7 80 1.20664
7 81 1.19643
7 82 1.08386
7 83 1.08386
7 84 1.08386
7 85 1.08386
7 86 1.08386
7 87 1.1605
7 88 1.18286
7 89 1.1844
7 90 1.18051
7 91 1.07963
7 92 1.07963
7 93 1.07963
7 94 1.07963
7 95 1.07963
7 96 1.13091
7 97 1.14793
7 98 1.15589
7 99 1.1579
7 100 1.07496
7 101 1.07496
7 102 1.07496
7 103 1.07496
7 104 1.07496
7 105 1.10866
7 106 1.12188
7 107 1.13138
7 108 1.13548
7 109 1.08061
7 110 1.08061
7 111 1.08061
7 112 1.08061
7 113 1.08061
7 114 1.12642
7 115 1.144
7 116 1.15332
7 117 1.15662
7 118 1.07822
7 119 1.07822
7 120 1.07822
7 121 1.07822
7 122 1.07822
7 123 1.11884
7 124 1.13503
7 125 1.14471
7 126 1.14817
7 127 1.07502
7 128 1.07502
7 129 1.07502
7 130 1.07502
7 131 1.07502
7 132 1.10759
7 133 1.12089
7 134 1.13065
7 135 1.13486
7 136 1.07133
7 137 1.07133
7 138 1.07133
7 139 1.07133
7 140 1.07133
7 141 1.09599
7 142 1.10679
7 143 1.11575
7 144 1.11997
8 1 1.08248
8 2 1.08248
8 3 1.08248
8 4 1.08248
8 5 1.08248
8 6 1.39151
8 7 1.98863
8 8 6.16793
8 9 1.54509
8 10 1.07967
8 11 1.07967
8 12 1.07967
8 13 1.07967
8 14 1.07967
8 15 1.2421
8 16 1.33938
8 17 1.39798
8 18 1.33501
8 19 1.076
8 20 1.076
8 21 1.076
8 22 1.076
8 23 1.076
8 24 1.16718
8 25 1.20915
8 26 1.2372
8 27 1.24362
8 28 1.07201
8 29 1.07201
8 30 1.07201
8 31 1.07201
8 32 1.07201
8 33 1.12863
8 34 1.15498
8 35 1.17707
8 36 1.18722
8 37 1.08118
8 38 1.08118
8 39 1.08118
8 40 1.08118
8 41 1.08118
8 42 1.23861
8 43 1.33603
8 44 1.39498
8 45 1.33567
8 46 1.07866
8 47 1.07866
8 48 1.07866
8 49 1.07866
8 50 1.07866
8 51 1.19327
8 52 1.24928
8 53 1.28149
8 54 1.27815
8 55 1.07535
8 56 1.07535
8 57 1.07535
8 58 1.07535
8 59 1.07535
8 60 1.15062
8 61 1.18511
8 62 1.21095
8 63 1.22065
8 64 1.07165
8 65 1.07165
8 66 1.07165
8 67 1.07165
8 68 1.07165
8 69 1.12211
8 70 1.14592
8 71 1.16653
8 72 1.17633
8 73 1.07815
8 74 1.07815
8 75 1.07815
8 76 1.07815
8 77 1.07815
8 78 1.16308
8 79 1.20601
8 80 1.2352
8 81 1.24315
8 82 1.07597
8 83 1.07597
8 84 1.07597
8 85 1.07597
8 86 1.07597
8 87 1.14889
8 88 1.18408
8 89 1.21031
8 90 1.22005
8 91 1.07315
8 92 1.07315
8 93 1.07315
8 94 1.07315
8 95 1.07315
8 96 1.12915
8 97 1.15566
8 98 1.17804
8 99 1.1883
8 100 1.06991
8 101 1.06991
8 102 1.06991
8 103 1.06991
8 104 1.06991
8 105 1.11131
8 106 1.13131
8 107 1.14931
8 108 1.15813
8 109 1.07427
8 110 1.07427
8 111 1.07427
8 112 1.07427
8 113 1.07427
8 114 1.12481
8 115 1.15191
8 116 1.17508
8 117 1.18576
8 118 1.07238
8 119 1.07238
8 120 1.07238
8 121 1.07238
8 122 1.07238
8 123 1.11926
8 124 1.14398
8 125 1.1651
8 126 1.17481
8 127 1.07001
8 128 1.07001
8 129 1.07001
8 130 1.07001
8 131 1.07001
8 132 1.11019
8 133 1.13025
8 134 1.1484
8 135 1.15723
8 136 1.06725
8 137 1.06725
8 138 1.06725
8 139 1.06725
8 140 1.06725
8 141 1.09959
8 142 1.11561
8 143 1.13046
8 144 1.13787
9 1 1.07584
9 2 1.07584
9 3 1.07584
9 4 1.07584
9 5 1.07584
9 6 1.20516
9 7 1.31347
9 8 1.54509
9 9 2.14577
9 10 1.07404
9 11 1.07404
9 12 1.07404
9 13 1.07404
9 14 1.07404
9 15 1.17952
9 16 1.24914
9 17 1.33518
9 18 1.38841
9 19 1.07166
9 20 1.07166
9 21 1.07166
9 22 1.07166
9 23 1.07166
9 24 1.15052
9 25 1.19582
9 26 1.24355
9 27 1.2691
9 28 1.06881
9 29 1.06881
9 30 1.06881
9 31 1.06881
9 32 1.06881
9 33 1.12607
9 34 1.15676
9 35 1.18713
9 36 1.20282
9 37 1.07555
9 38 1.07555
9 39 1.07555
9 40 1.07555
9 41 1.07555
9 42 1.17852
9 43 1.24856
9 44 1.33409
9 45 1.38716
9 46 1.07375
9 47 1.07375
9 48 1.07375
9 49 1.07375
9 50 1.07375
9 51 1.16307
9 52 1.21773
9 53 1.27784
9 54 1.31068
9 55 1.07145
9 56 1.07145
9 57 1.07145
9 58 1.07145
9 59 1.07145
9 60 1.14133
9 61 1.18042
9 62 1.22034
9 63 1.24122
9 64 1.06869
9 65 1.06869
9 66 1.06869
9 67 1.06869
9 68 1.06869
9 69 1.12104
9 70 1.14884
9 71 1.17611
9 72 1.19013
9 73 1.07381
9 74 1.07381
9 75 1.07381
9 76 1.07381
9 77 1.07381
9 78 1.14777
9 79 1.19384
9 80 1.24149
9 81 1.26704
9 82 1.07207
9 83 1.07207
9 84 1.07207
9 85 1.07207
9 86 1.07207
9 87 1.13991
9 88 1.17965
9 89 1.21957
9 90 1.24008
9 91 1.06992
9 92 1.06992
9 93 1.06992
9 94 1.06992
9 95 1.06992
9 96 1.1265
9 97 1.15733
9 98 1.18786
9 99 1.20354
9 100 1.06737
9 101 1.06737
9 102 1.06737
9 103 1.06737
9 104 1.06737
9 105 1.11185
9 106 1.13518
9 107 1.15784
9 108 1.16943
9 109 1.07108
9 110 1.07108
9 111 1.07108
9 112 1.07108
9 113 1.07108
9 114 1.12237
9 115 1.15375
9 116 1.18458
9 117 1.20004
9 118 1.06944
9 119 1.06944
9 120 1.06944
9 121 1.06944
9 122 1.06944
9 123 1.11817
9 124 1.14688
9 125 1.17433
9 126 1.18792
9 127 1.06748
9 128 1.06748
9 129 1.06748
9 130 1.06748
9 131 1.06748
9 132 1.11068
9 133 1.13404
9 134 1.15676
9 135 1.16826
9 136 1.06518
9 137 1.06518
9 138 1.06518
9 139 1.06518
9 140 1.06518
9 141 1.10096
9 142 1.11958
9 143 1.13755
9 144 1.14669
10 1 1.14683
10 2 1.14683
10 3 1.14683
10 4 1.14683
10 5 1.14683
10 6 1.10652
10 7 1.09162
10 8 1.07967
10 9 1.07404
10 10 1.30415
10 11 1.30415
10 12 1.30415
10 13 1.30415
10 14 1.30415
10 15 1.11748
10 16 1.09626
10 17 1.08148
10 18 1.07475
10 19 1.1616
10 20 1.1616
10 21 1.1616
10 22 1.1616
10 23 1.1616
10 24 1.11
10 25 1.0932
10 26 1.08013
10 27 1.07399
10 28 1.12576
10 29 1.12576
10 30 1.12576
10 31 1.12576
10 32 1.12576
10 33 1.09877
10 34 1.08715
10 35 1.07715
10 36 1.07229
10 37 1.12921
10 38 1.12921
10 39 1.12921
10 40 1.12921
10 41 1.12921
10 42 1.10041
10 43 1.08851
10 44 1.07844
10 45 1.07374
10 46 1.147
10 47 1.147
10 48 1.147
10 49 1.147
10 50 1.147
10 51 1.1067
10 52 1.09182
10 53 1.0799
10 54 1.0743
10 55 1.1351
10 56 1.1351
10 57 1.1351
10 58 1.1351
10 59 1.1351
10 60 1.10287
10 61 1.08977
10 62 1.07882
10 63 1.07356
10 64 1.11693
10 65 1.11693
10 66 1.11693
10 67 1.11693
10 68 1.11693
10 69 1.09501
10 70 1.08506
10 71 1.07627
10 72 1.07195
10 73 1.11166
10 74 1.11166
10 75 1.11166
10 76 1.11166
10 77 1.11166
10 78 1.09211
10 79 1.08343
10 80 1.07559
10 81 1.07203
10 82 1.11847
10 83 1.11847
10 84 1.11847
10 85 1.11847
10 86 1.11847
10 87 1.09568
10 88 1.08545
10 89 1.0766
10 90 1.07241
10 91 1.11419
10 92 1.11419
10 93 1.11419
10 94 1.11419
10 95 1.11419
10 96 1.09358
10 97 1.08416
10 98 1.0758
10 99 1.07171
10 100 1.10494
10 101 1.10494
10 102 1.10494
10 103 1.10494
10 104 1.10494
10 105 1.08863
10 106 1.08085
10 107 1.07379
10 108 1.07028
10 109 1.0974
10 110 1.0974
10 111 1.0974
10 112 1.0974
10 113 1.0974
10 114 1.08419
10 115 1.07782
10 116 1.07187
10 117 1.06937
10 118 1.10069
10 119 1.10069
10 120 1.10069
10 121 1.10069
10 122 1.10069
10 123 1.08611
10 124 1.07892
10 125 1.07253
10 126 1.06957
10 127 1.09861
10 128 1.09861
10 129 1.09861
10 130 1.09861
10 131 1.09861
10 132 1.08475
10 133 1.07804
10 134 1.07192
10 135 1.06892
10 136 1.09348
10 137 1.09348
10 138 1.09348
10 139 1.09348
10 140 1.09348
10 141 1.0816
10 142 1.07577
10 143 1.07038
10 144 1.06768
11 1 1.14683
11 2 1.14683
11 3 1.14683
11 4 1.14683
11 5 1.14683
11 6 1.10652
11 7 1.09162
11 8 1.07967
11 9 1.07404
11 10 1.30415
11 11 1.30415
11 12 1.30415
11 13 1.30415
11 14 1.30415
11 15 1.11748
11 16 1.09626
11 17 1.08148
11 18 1.07475
11 19 1.1616
11 20 1.1616
11 21 1.1616
11 22 1.1616
11 23 1.1616
11 24 1.11
11 25 1.0932
11 26 1.08013
11 27 1.07399
11 28 1.12576
11 29 1.12576
11 30 1.12576
11 31 1.12576
11 32 1.12576
11 33 1.09877
11 34 1.08715
11 35 1.07715
11 36 1.07229
11 37 1.12921
11 38 1.12921
11 39 1.12921
11 40 1.12921
11 41 1.12921
11 42 1.10041
11 43 1.08851
11 44 1.07844
11 45 1.07374
11 46 1.147
11 47 1.147
11 48 1.147
11 49 1.147
11 50 1.147
11 51 1.1067
11 52 1.09182
11 53 1.0799
11 54 1.0743
11 55 1.1351
11 56 1.1351
11 57 1.1351
11 58 1.1351
11 59 1.1351
11 60 1.10287
11 61 1.08977
11 62 1.07882
11 63 1.07356
11 64 1.11693
11 65 1.11693
11 66 1.11693
11 67 1.11693
11 68 1.11693
11 69 1.09501
11 70 1.08506
11 71 1.07627
11 72 1.07195
11 73 1.11166
11 74 1.11166
11 75 1.11166
11 76 1.11166
11 77 1.11166
11 78 1.09211
11 79 1.08343
11 80 1.07559
11 81 1.07203
11 82 1.11847
11 83 1.11847
11 84 1.11847
11 85 1.11847
11 86 1.11847
11 87 1.09568
11 88 1.08545
11 89 1.0766
11 90 1.07241
11 91 1.11419
11 92 1.11419
11 93 1.11419
11 94 1.11419
11 95 1.11419
11 96 1.09358
11 97 1.08416
11 98 1.0758
11 99 1.07171
11 100 1.10494
11 101 1.10494
11 102 1.10494
11 103 1.10494
11 104 1.10494
11 105 1.08863
11 106 1.08085
11 107 1.07379
11 108 1.07028
11 109 1.0974
11 110 1.0974
11 111 1.0974
11 112 1.0974
11 113 1.0974
11 114 1.08419
11 115 1.07782
11 116 1.07187
11 117 1.06937
11 118 1.10069
11 119 1.10069
11 120 1.10069
11 121 1.10069
11 122 1.10069
11 123 1.08611
11 124 1.07892
11 125 1.07253
11 126 1.06957
11 127 1.09861
11 128 1.09861
11 129 1.09861
11 130 1.09861
11 131 1.09861
11 132 1.08475
11 133 1.07804
11 134 1.07192
11 135 1.06892
11 136 1.09348
11 137 1.09348
11 138 1.09348
11 139 1.09348
11 140 1.09348
11 141 1.0816
11 142 1.07577
11 143 1.07038
11 144 1.06768
12 1 1.14683
12 2 1.14683
12 3 1.14683
12 4 1.14683
12 5 1.14683
12 6 1.10652
12 7 1.09162
12 8 1.07967
12 9 1.07404
12 10 1.30415
12 11 1.30415
12 12 1.30415
12 13 1.30415
12 14 1.30415
12 15 1.11748
12 16 1.09626
12 17 1.08148
12 18 1.07475
12 19 1.1616
12 20 1.1616
12 21 1.1616
12 22 1.1616
12 23 1.1616
12 24 1.11
12 25 1.0932
12 26 1.08013
12 27 1.07399
12 28 1.12576
12 29 1.12576
12 30 1.12576
12 31 1.12576
12 32 1.12576
12 33 1.09877
12 34 1.08715
12 35 1.07715
12 36 1.07229
12 37 1.12921
12 38 1.12921
12 39 1.12921
12 40 1.12921
12 41 1.12921
12 42 1.10041
12 43 1.08851
12 44 1.07844
12 45 1.07374
12 46 1.147
12 47 1.147
12 48 1.147
12 49 1.147
12 50 1.147
12 51 1.1067
12 52 1.09182
12 53 1.0799
12 54 1.0743
12 55 1.1351
12 56 1.1351
12 57 1.1351
12 58 1.1351
12 59 1.1351
12 60 1.10287
12 61 1.08977
12 62 1.07882
12 63 1.07356
12 64 1.11693
12 65 1.11693
12 66 1.11693
12 67 1.11693
12 68 1.11693
12 69 1.09501
12 70 1.08506
12 71 1.07627
12 72 1.07195
12 73 1.11166
12 74 1.11166
12 75 1.11166
12 76 1.11166
12 77 1.11166
12 78 1.09211
12 79 1.08343
12 80 1.07559
12 81 1.07203
12 82 1.11847
12 83 1.11847
12 84 1.11847
12 85 1.11847
12 86 1.11847
12 87 1.09568
12 88 1.08545
12 89 1.0766
12 90 1.07241
12 91 1.11419
12 92 1.11419
12 93 1.11419
12 94 1.11419
12 95 1.11419
12 96 1.09358
12 97 1.08416
12 98 1.0758
12 99 1.07171
12 100 1.10494
12 101 1.10494
12 102 1.10494
12 103 1.10494
12 104 1.10494
12 105 1.08863
12 106 1.08085
12 107 1.07379
12 108 1.07028
12 109 1.0974
12 110 1.0974
12 111 1.0974
12 112 1.0974
12 113 1.0974
12 114 1.08419
12 115 1.07782
12 116 1.07187
12 117 1.06937
12 118 1.10069
12 119 1.10069
12 120 1.10069
12 121 1.10069
12 122 1.10069
12 123 1.08611
12 124 1.07892
12 125 1.07253
12 126 1.06957
12 127 1.09861
12 128 1.09861
12 129 1.09861
12 130 1.09861
12 131 1.09861
12 132 1.08475
12 133 1.07804
12 134 1.07192
12 135 1.06892
12 136 1.09348
12 137 1.09348
12 138 1.09348
12 139 1.09348
12 140 1.09348
12 141 1.0816
12 142 1.07577
12 143 1.07038
12 144 1.06768
13 1 1.14683
13 2 1.14683
13 3 1.14683
13 4 1.14683
13 5 1.14683
13 6 1.10652
13 7 1.09162
13 8 1.07967
13 9 1.07404
13 10 1.30415
13 11 1.30415
13 12 1.30415
13 13 1.30415
13 14 1.30415
13 15 1.11748
13 16 1.09626
13 17 1.08148
13 18 1.07475
13 19 1.1616
13 20 1.1616
13 21 1.1616
13 22 1.1616
13 23 1.1616
13 24 1.11
13 25 1.0932
13 26 1.08013
13 27 1.07399
13 28 1.12576
13 29 1.12576
13 30 1.12576
13 31 1.12576
13 32 1.12576
13 33 1.09877
13 34 1.08715
13 35 1.07715
13 36 1.07229
13 37 1.12921
13 38 1.12921
13 39 1.12921
13 40 1.12921
13 41 1.12921
13 42 1.10041
13 43 1.08851
13 44 1.07844
13 45 1.07374
13 46 1.147
13 47 1.147
13 48 1.147
13 49 1.147
13 50 1.147
13 51 1.1067
13 52 1.09182
13 53 1.0799
13 54 1.0743
13 55 1.1351
13 56 1.1351
13 57 1.1351
13 58 1.1351
13 59 1.1351
13 60 1.10287
13 61 1.08977
13 62 1.07882
13 63 1.07356
13 64 1.11693
13 65 1.11693
13 66 1.11693
13 67 1.11693
13 68 1.11693
13 69 1.09501
13 70 1.08506
13 71 1.07627
13 72 1.07195
13 73 1.11166
13 74 1.11166
13 75 1.11166
13 76 1.11166
13 77 1.11166
13 78 1.09211
13 79 1.08343
13 80 1.07559
13 81 1.07203
13 82 1.11847
13 83 1.11847
13 84 1.11847
13 85 1.11847
13 86 1.11847
13 87 1.09568
13 88 1.08545
13 89 1.0766
13 90 1.07241
13 91 1.11419
13 92 1.11419
13 93 1.11419
13 94 1.11419
13 95 1.11419
13 96 1.09358
13 97 1.08416
13 98 1.0758
13 99 1.07171
13 100 1.10494
13 101 1.10494
13 102 1.10494
13 103 1.10494
13 104 1.10494
13 105 1.08863
13 106 1.08085
13 107 1.07379
13 108 1.07028
13 109 1.0974
13 110 1.0974
13 111 1.0974
13 112 1.0974
13 113 1.0974
13 114 1.08419
13 115 1.07782
13 116 1.07187
13 117 1.06937
13 118 1.10069
13 119 1.10069
13 120 1.10069
13 121 1.10069
13 122 1.10069
13 123 1.08611
13 124 1.07892
13 125 1.07253
13 126 1.06957
13 127 1.09861
13 128 1.09861
13 129 1.09861
13 130 1.09861
13 131 1.09861
13 132 1.08475
13 133 1.07804
13 134 1.07192
13 135 1.06892
13 136 1.09348
13 137 1.09348
13 138 1.09348
13 139 1.09348
13 140 1.09348
13 141 1.0816
13 142 1.07577
13 143 1.07038
13 144 1.06768
14 1 1.14683
14 2 1.14683
14 3 1.14683
14 4 1.14683
14 5 1.14683
14 6 1.10652
14 7 1.09162
14 8 1.07967
14 9 1.07404
14 10 1.30415
14 11 1.30415
14 12 1.30415
14 13 1.30415
14 14 1.30415
14 15 1.11748
14 16 1.09626
14 17 1.08148
14 18 1.07475
14 19 1.1616
14 20 1.1616
14 21 1.1616
14 22 1.1616
14 23 1.1616
14 24 1.11
14 25 1.0932
14 26 1.08013
14 27 1.07399
14 28 1.12576
14 29 1.12576
14 30 1.12576
14 31 1.12576
14 32 1.12576
14 33 1.09877
14 34 1.08715
14 35 1.07715
14 36 1.07229
14 37 1.12921
14 38 1.12921
14 39 1.12921
14 40 1.12921
14 41 1.12921
14 42 1.10041
14 43 1.08851
14 44 1.07844
14 45 1.07374
14 46 1.147
14 47 1.147
14 48 1.147
14 49 1.147
14 50 1.147
14 51 1.1067
14 52 1.09182
14 53 1.0799
14 54 1.0743
14 55 1.1351
14 56 1.1351
14 57 1.1351
14 58 1.1351
14 59 1.1351
14 60 1.10287
14 61 1.08977
14 62 1.07882
14 63 1.07356
14 64 1.11693
14 65 1.11693
14 66 1.11693
14 67 1.11693
14 68 1.11693
14 69 1.09501
14 70 1.08506
14 71 1.07627
14 72 1.07195
14 73 1.11166
14 74 1.11166
14 75 1.11166
14 76 1.11166
14 77 1.11166
14 78 1.09211
14 79 1.08343
14 80 1.07559
14 81 1.07203
14 82 1.11847
14 83 1.11847
14 84 1.11847
14 85 1.11847
14 86 1.11847
14 87 1.09568
14 88 1.08545
14 89 1.0766
14 90 1.07241
14 91 1.11419
14 92 1.11419
14 93 1.11419
14 94 1.11419
14 95 1.11419
14 96 1.09358
14 97 1.08416
14 98 1.0758
14 99 1.07171
14 100 1.10494
14 101 1.10494
14 102 1.10494
14 103 1.10494
14 104 1.10494
14 105 1.08863
14 106 1.08085
14 107 1.07379
14 108 1.07028
14 109 1.0974
14 110 1.0974
14 111 1.0974
14 112 1.0974
14 113 1.0974
14 114 1.08419
14 115 1.07782
14 116 1.07187
14 117 1.06937
14 118 1.10069
14 119 1.10069
14 120 1.10069
14 121 1.10069
14 122 1.10069
14 123 1.08611
14 124 1.07892
14 125 1.07253
14 126 1.06957
14 127 1.09861
14 128 1.09861
14 129 1.09861
14 130 1.09861
14 131 1.09861
14 132 1.08475
14 133 1.07804
14 134 1.07192
14 135 1.06892
14 136 1.09348
14 137 1.09348
14 138 1.09348
14 139 1.09348
14 140 1.09348
14 141 1.0816
14 142 1.07577
14 143 1.07038
14 144 1.06768
15 1 1.10661
15 2 1.10661
15 3 1.10661
15 4 1.10661
15 5 1.10661
15 6 1.44426
15 7 1.36492
15 8 1.2421
15 9 1.17952
15 10 1.11748
15 11 1.11748
15 12 1.11748
15 13 1.11748
15 14 1.11748
15 15 6.91907
15 16 2.14414
15 17 1.39336
15 18 1.20432
15 19 1.10995
15 20 1.10995
15 21 1.10995
15 22 1.10995
15 23 1.10995
15 24 1.68102
15 25 1.48446
15 26 1.28116
15 27 1.18841
15 28 1.0987
15 29 1.0987
15 30 1.0987
15 31 1.0987
15 32 1.0987
15 33 1.2417
15 34 1.23164
15 35 1.18722
15 36 1.15984
15 37 1.10097
15 38 1.10097
15 39 1.10097
15 40 1.10097
15 41 1.10097
15 42 1.25172
15 43 1.24029
15 44 1.1919
15 45 1.16355
15 46 1.10686
15 47 1.10686
15 48 1.10686
15 49 1.10686
15 50 1.10686
15 51 1.44333
15 52 1.36444
15 53 1.24172
15 54 1.17942
15 55 1.10289
15 56 1.10289
15 57 1.10289
15 58 1.10289
15 59 1.10289
15 60 1.30997
15 61 1.28289
15 62 1.21096
15 63 1.1696
15 64 1.09498
15 65 1.09498
15 66 1.09498
15 67 1.09498
15 68 1.09498
15 69 1.18425
15 70 1.18553
15 71 1.16385
15 72 1.14893
15 73 1.09282
15 74 1.09282
15 75 1.09282
15 76 1.09282
15 77 1.09282
15 78 1.15264
15 79 1.1588
15 80 1.14855
15 81 1.14137
15 82 1.09592
15 83 1.09592
15 84 1.09592
15 85 1.09592
15 86 1.09592
15 87 1.19004
15 88 1.19039
15 89 1.16607
15 90 1.15042
15 91 1.09367
15 92 1.09367
15 93 1.09367
15 94 1.09367
15 95 1.09367
15 96 1.17066
15 97 1.17365
15 98 1.1569
15 99 1.14502
15 100 1.08863
15 101 1.08863
15 102 1.08863
15 103 1.08863
15 104 1.08863
15 105 1.13548
15 106 1.14155
15 107 1.1367
15 108 1.13215
15 109 1.08465
15 110 1.08465
15 111 1.08465
15 112 1.08465
15 113 1.08465
15 114 1.1108
15 115 1.1182
15 116 1.12009
15 117 1.12047
15 118 1.08632
15 119 1.08632
15 120 1.08632
15 121 1.08632
15 122 1.08632
15 123 1.12118
15 124 1.12833
15 125 1.12726
15 126 1.12557
15 127 1.08489
15 128 1.08489
15 129 1.08489
15 130 1.08489
15 131 1.08489
15 132 1.11751
15 133 1.12413
15 134 1.12395
15 135 1.12262
15 136 1.08164
15 137 1.08164
15 138 1.08164
15 139 1.08164
15 140 1.08164
15 141 1.1064
15 142 1.11275
15 143 1.11477
15 144 1.11494
16 1 1.09173
16 2 1.09173
16 3 1.09173
16 4 1.09173
16 5 1.09173
16 6 1.36522
16 7 1.46599
16 8 1.33938
16 9 1.24914
16 10 1.09626
16 11 1.09626
16 12 1.09626
16 13 1.09626
16 14 1.09626
16 15 2.14414
16 16 6.92324
16 17 1.99558
16 18 1.31236
16 19 1.09314
16 20 1.09314
16 21 1.09314
16 22 1.09314
16 23 1.09314
16 24 1.4843
16 25 1.69927
16 26 1.43006
16 27 1.2688
16 28 1.08707
16 29 1.08707
16 30 1.08707
16 31 1.08707
16 32 1.08707
16 33 1.23158
16 34 1.26819
16 35 1.23959
16 36 1.21209
16 37 1.08896
16 38 1.08896
16 39 1.08896
16 40 1.08896
16 41 1.08896
16 42 1.23913
16 43 1.27895
16 44 1.24701
16 45 1.21779
16 46 1.092
16 47 1.092
16 48 1.092
16 49 1.092
16 50 1.092
16 51 1.36428
16 52 1.46546
16 53 1.33875
16 54 1.24885
16 55 1.08978
16 56 1.08978
16 57 1.08978
16 58 1.08978
16 59 1.08978
16 60 1.28269
16 61 1.33519
16 62 1.27812
16 63 1.22949
16 64 1.08502
16 65 1.08502
16 66 1.08502
16 67 1.08502
16 68 1.08502
16 69 1.18548
16 70 1.21082
16 71 1.20372
16 72 1.19289
16 73 1.08398
16 74 1.08398
16 75 1.08398
16 76 1.08398
16 77 1.08398
16 78 1.15659
16 79 1.17975
16 80 1.18231
16 81 1.17996
16 82 1.08577
16 83 1.08577
16 84 1.08577
16 85 1.08577
16 86 1.08577
16 87 1.18924
16 88 1.21728
16 89 1.20759
16 90 1.19538
16 91 1.08424
16 92 1.08424
16 93 1.08424
16 94 1.08424
16 95 1.08424
16 96 1.17332
16 97 1.19695
16 98 1.19391
16 99 1.18646
16 100 1.08085
16 101 1.08085
16 102 1.08085
16 103 1.08085
16 104 1.08085
16 105 1.14149
16 106 1.15984
16 107 1.16566
16 108 1.16583
16 109 1.07834
16 110 1.07834
16 111 1.07834
16 112 1.07834
16 113 1.07834
16 114 1.11639
16 115 1.13272
16 116 1.14317
16 117 1.14751
16 118 1.07933
16 119 1.07933
16 120 1.07933
16 121 1.07933
16 122 1.07933
16 123 1.1269
16 124 1.14469
16 125 1.15304
16 126 1.15567
16 127 1.07821
16 128 1.07821
16 129 1.07821
16 130 1.07821
16 131 1.07821
16 132 1.12372
16 133 1.1398
16 134 1.14845
16 135 1.15132
16 136 1.07581
16 137 1.07581
16 138 1.07581
16 139 1.07581
16 140 1.07581
16 141 1.11268
16 142 1.12662
16 143 1.136
16 144 1.13984
17 1 1.07973
17 2 1.07973
17 3 1.07973
17 4 1.07973
17 5 1.07973
17 6 1.24246
17 7 1.33997
17 8 1.39798
17 9 1.33518
17 10 1.08148
17 11 1.08148
17 12 1.08148
17 13 1.08148
17 14 1.08148
17 15 1.39336
17 16 1.99558
17 17 6.25675
17 18 1.54468
17 19 1.08009
17 20 1.08009
17 21 1.08009
17 22 1.08009
17 23 1.08009
17 24 1.28084
17 25 1.42952
17 26 1.55407
17 27 1.37828
17 28 1.0771
17 29 1.0771
17 30 1.0771
17 31 1.0771
17 32 1.0771
17 33 1.1871
17 34 1.23941
17 35 1.27038
17 36 1.26919
17 37 1.07874
17 38 1.07874
17 39 1.07874
17 40 1.07874
17 41 1.07874
17 42 1.19093
17 43 1.24709
17 44 1.27933
17 45 1.27755
17 46 1.08003
17 47 1.08003
17 48 1.08003
17 49 1.08003
17 50 1.08003
17 51 1.24165
17 52 1.33922
17 53 1.39709
17 54 1.33471
17 55 1.07884
17 56 1.07884
17 57 1.07884
17 58 1.07884
17 59 1.07884
17 60 1.21067
17 61 1.27785
17 62 1.31372
17 63 1.29812
17 64 1.07625
17 65 1.07625
17 66 1.07625
17 67 1.07625
17 68 1.07625
17 69 1.16374
17 70 1.20358
17 71 1.23089
17 72 1.23872
17 73 1.07608
17 74 1.07608
17 75 1.07608
17 76 1.07608
17 77 1.07608
17 78 1.14577
17 79 1.18131
17 80 1.20812
17 81 1.21912
17 82 1.07687
17 83 1.07687
17 84 1.07687
17 85 1.07687
17 86 1.07687
17 87 1.16479
17 88 1.20748
17 89 1.23559
17 90 1.24263
17 91 1.07588
17 92 1.07588
17 93 1.07588
17 94 1.07588
17 95 1.07588
17 96 1.15639
17 97 1.19359
17 98 1.22028
17 99 1.22922
17 100 1.0738
17 101 1.0738
17 102 1.0738
17 103 1.0738
17 104 1.0738
17 105 1.13657
17 106 1.16552
17 107 1.18903
17 108 1.19942
17 109 1.07251
17 110 1.07251
17 111 1.07251
17 112 1.07251
17 113 1.07251
17 114 1.11689
17 115 1.14157
17 116 1.16338
17 117 1.17379
17 118 1.07294
17 119 1.07294
17 120 1.07294
17 121 1.07294
17 122 1.07294
17 123 1.12505
17 124 1.15236
17 125 1.17481
17 126 1.18533
17 127 1.07208
17 128 1.07208
17 129 1.07208
17 130 1.07208
17 131 1.07208
17 132 1.12314
17 133 1.14798
17 134 1.16937
17 135 1.1795
17 136 1.07042
17 137 1.07042
17 138 1.07042
17 139 1.07042
17 140 1.07042
17 141 1.11456
17 142 1.13581
17 143 1.15477
17 144 1.16401
18 1 1.07404
18 2 1.07404
18 3 1.07404
18 4 1.07404
18 5 1.07404
18 6 1.17937
18 7 1.24913
18 8 1.33501
18 9 1.38841
18 10 1.07475
18 11 1.07475
18 12 1.07475
18 13 1.07475
18 14 1.07475
18 15 1.20432
18 16 1.31236
18 17 1.54468
18 18 2.14636
18 19 1.07399
18 20 1.07399
18 21 1.07399
18 22 1.07399
18 23 1.07399
18 24 1.18846
18 25 1.26879
18 26 1.37847
18 27 1.45642
18 28 1.07227
18 29 1.07227
18 30 1.07227
18 31 1.07227
18 32 1.07227
18 33 1.1599
18 34 1.21209
18 35 1.2693
18 36 1.30089
18 37 1.07379
18 38 1.07379
18 39 1.07379
18 40 1.07379
18 41 1.07379
18 42 1.16155
18 43 1.21642
18 44 1.27651
18 45 1.31019
18 46 1.07435
18 47 1.07435
18 48 1.07435
18 49 1.07435
18 50 1.07435
18 51 1.17876
18 52 1.24851
18 53 1.33432
18 54 1.38799
18 55 1.07359
18 56 1.07359
18 57 1.07359
18 58 1.07359
18 59 1.07359
18 60 1.1694
18 61 1.22927
18 62 1.29807
18 63 1.33745
18 64 1.07196
18 65 1.07196
18 66 1.07196
18 67 1.07196
18 68 1.07196
18 69 1.14891
18 70 1.1928
18 71 1.23873
18 72 1.26321
18 73 1.07217
18 74 1.07217
18 75 1.07217
18 76 1.07217
18 77 1.07217
18 78 1.13749
18 79 1.1775
18 80 1.21785
18 81 1.23931
18 82 1.07252
18 83 1.07252
18 84 1.07252
18 85 1.07252
18 86 1.07252
18 87 1.14849
18 88 1.19447
18 89 1.24202
18 90 1.26775
18 91 1.07177
18 92 1.07177
18 93 1.07177
18 94 1.07177
18 95 1.07177
18 96 1.14438
18 97 1.18593
18 98 1.22897
18 99 1.25179
18 100 1.0703
18 101 1.0703
18 102 1.0703
18 103 1.0703
18 104 1.0703
18 105 1.132
18 106 1.16563
18 107 1.19934
18 108 1.21686
18 109 1.06958
18 110 1.06958
18 111 1.06958
18 112 1.06958
18 113 1.06958
18 114 1.11606
18 115 1.14474
18 116 1.17288
18 117 1.18704
18 118 1.06975
18 119 1.06975
18 120 1.06975
18 121 1.06975
18 122 1.06975
18 123 1.1226
18 124 1.15427
18 125 1.18473
18 126 1.20047
18 127 1.06903
18 128 1.06903
18 129 1.06903
18 130 1.06903
18 131 1.06903
18 132 1.12151
18 133 1.15049
18 134 1.17913
18 135 1.19392
18 136 1.06772
18 137 1.06772
18 138 1.06772
18 139 1.06772
18 140 1.06772
18 141 1.11465
18 142 1.13953
18 143 1.16387
18 144 1.17636
19 1 1.11806
19 2 1.11806
19 3 1.11806
19 4 1.11806
19 5 1.11806
19 6 1.09518
19 7 1.08492
19 8 1.076
19 9 1.07166
19 10 1.1616
19 11 1.1616
19 12 1.1616
19 13 1.1616
19 14 1.1616
19 15 1.10995
19 16 1.09314
19 17 1.08009
19 18 1.07399
19 19 1.30419
19 20 1.30419
19 21 1.30419
19 22 1.30419
19 23 1.30419
19 24 1.11751
19 25 1.09629
19 26 1.08145
19 27 1.07467
19 28 1.16193
19 29 1.16193
19 30 1.16193
19 31 1.16193
19 32 1.16193
19 33 1.11032
19 34 1.0935
19 35 1.0804
19 36 1.07424
19 37 1.11144
19 38 1.11144
19 39 1.11144
19 40 1.11144
19 41 1.11144
19 42 1.09185
19 43 1.083
19 44 1.07516
19 45 1.07146
19 46 1.13509
19 47 1.13509
19 48 1.13509
19 49 1.13509
19 50 1.13509
19 51 1.10273
19 52 1.08961
19 53 1.07872
19 54 1.07356
19 55 1.14706
19 56 1.14706
19 57 1.14706
19 58 1.14706
19 59 1.14706
19 60 1.10678
19 61 1.0919
19 62 1.07987
19 63 1.07416
19 64 1.13546
19 65 1.13546
19 66 1.13546
19 67 1.13546
19 68 1.13546
19 69 1.1032
19 70 1.09008
19 71 1.07907
19 72 1.07377
19 73 1.10145
19 74 1.10145
19 75 1.10145
19 76 1.10145
19 77 1.10145
19 78 1.08619
19 79 1.07924
19 80 1.07285
19 81 1.06994
19 82 1.11415
19 83 1.11415
19 84 1.11415
19 85 1.11415
19 86 1.11415
19 87 1.0934
19 88 1.08394
19 89 1.07565
19 90 1.07172
19 91 1.11855
19 92 1.11855
19 93 1.11855
19 94 1.11855
19 95 1.11855
19 96 1.0957
19 97 1.08551
19 98 1.07657
19 99 1.07222
19 100 1.11455
19 101 1.11455
19 102 1.11455
19 103 1.11455
19 104 1.11455
19 105 1.0939
19 106 1.08444
19 107 1.07602
19 108 1.07188
19 109 1.09125
19 110 1.09125
19 111 1.09125
19 112 1.09125
19 113 1.09125
19 114 1.08005
19 115 1.07468
19 116 1.06963
19 117 1.06751
19 118 1.09855
19 119 1.09855
19 120 1.09855
19 121 1.09855
19 122 1.09855
19 123 1.08462
19 124 1.07782
19 125 1.07175
19 126 1.06895
19 127 1.10078
19 128 1.10078
19 129 1.10078
19 130 1.10078
19 131 1.10078
19 132 1.08596
19 133 1.07889
19 134 1.07247
19 135 1.06933
19 136 1.09898
19 137 1.09898
19 138 1.09898
19 139 1.09898
19 140 1.09898
19 141 1.08503
19 142 1.0783
19 143 1.07213
19 144 1.06905
20 1 1.11806
20 2 1.11806
20 3 1.11806
20 4 1.11806
20 5 1.11806
20 6 1.09518
20 7 1.08492
20 8 1.076
20 9 1.07166
20 10 1.1616
20 11 1.1616
20 12 1.1616
20 13 1.1616
20 14 1.1616
20 15 1.10995
20 16 1.09314
20 17 1.08009
20 18 1.07399
20 19 1.30419
20 20 1.30419
20 21 1.30419
20 22 1.30419
20 23 1.30419
20 24 1.11751
20 25 1.09629
20 26 1.08145
20 27 1.07467
20 28 1.16193
20 29 1.16193
20 30 1.16193
20 31 1.16193
20 32 1.16193
20 33 1.11032
20 34 1.0935
20 35 1.0804
20 36 1.07424
20 37 1.11144
20 38 1.11144
20 39 1.11144
20 40 1.11144
20 41 1.11144
20 42 1.09185
20 43 1.083
20 44 1.07516
20 45 1.07146
20 46 1.13509
20 47 1.13509
20 48 1.13509
20 49 1.13509
20 50 1.13509
20 51 1.10273
20 52 1.08961
20 53 1.07872
20 54 1.07356
20 55 1.14706
20 56 1.14706
20 57 1.14706
20 58 1.14706
20 59 1.14706
20 60 1.10678
20 61 1.0919
20 62 1.07987
20 63 1.07416
20 64 1.13546
20 65 1.13546
20 66 1.13546
20 67 1.13546
20 68 1.13546
20 69 1.1032
20 70 1.09008
20 71 1.07907
20 72 1.07377
20 73 1.10145
20 74 1.10145
20 75 1.10145
20 76 1.10145
20 77 1.10145
20 78 1.08619
20 79 1.07924
20 80 1.07285
20 81 1.06994
20 82 1.11415
20 83 1.11415
20 84 1.11415
20 85 1.11415
20 86 1.11415
20 87 1.0934
20 88 1.08394
20 89 1.07565
20 90 1.07172
20 91 1.11855
20 92 1.11855
20 93 1.11855
20 94 1.11855
20 95 1.11855
20 96 1.0957
20 97 1.08551
20 98 1.07657
20 99 1.07222
20 100 1.11455
20 101 1.11455
20 102 1.11455
20 103 1.11455
20 104 1.11455
20 105 1.0939
20 106 1.08444
20 107 1.07602
20 108 1.07188
20 109 1.09125
20 110 1.09125
20 111 1.09125
20 112 1.09125
20 113 1.09125
20 114 1.08005
20 115 1.07468
20 116 1.06963
20 117 1.06751
20 118 1.09855
20 119 1.09855
20 120 1.09855
20 121 1.09855
20 122 1.09855
20 123 1.08462
20 124 1.07782
20 125 1.07175
20 126 1.06895
20 127 1.10078
20 128 1.10078
20 129 1.10078
20 130 1.10078
20 131 1.10078
20 132 1.08596
20 133 1.07889
20 134 1.07247
20 135 1.06933
20 136 1.09898
20 137 1.09898
20 138 1.09898
20 139 1.09898
20 140 1.09898
20 141 1.08503
20 142 1.0783
20 143 1.07213
20 144 1.06905
21 1 1.11806
21 2 1.11806
21 3 1.11806
21 4 1.11806
21 5 1.11806
21 6 1.09518
21 7 1.08492
21 8 1.076
21 9 1.07166
21 10 1.1616
21 11 1.1616
21 12 1.1616
21 13 1.1616
21 14 1.1616
21 15 1.10995
21 16 1.09314
21 17 1.08009
21 18 1.07399
21 19 1.30419
21 20 1.30419
21 21 1.30419
21 22 1.30419
21 23 1.30419
21 24 1.11751
21 25 1.09629
21 26 1.08145
21 27 1.07467
21 28 1.16193
21 29 1.16193
21 30 1.16193
21 31 1.16193
21 32 1.16193
21 33 1.11032
21 34 1.0935
21 35 1.0804
21 36 1.07424
21 37 1.11144
21 38 1.11144
21 39 1.11144
21 40 1.11144
21 41 1.11144
21 42 1.09185
21 43 1.083
21 44 1.07516
