injected_el measured_el potential
1 1 1.30494
1 2 1.30494
1 3 1.30494
1 4 1.30494
1 5 1.30494
1 6 1.11827
1 7 1.09716
1 8 1.08261
1 9 1.07607
1 10 1.14674
1 11 1.14674
1 12 1.14674
1 13 1.14674
1 14 1.14674
1 15 1.1066
1 16 1.09175
1 17 1.07985
1 18 1.07424
1 19 1.11799
1 20 1.11799
1 21 1.11799
1 22 1.11799
1 23 1.11799
1 24 1.0953
1 25 1.08512
1 26 1.0762
1 27 1.07183
1 28 1.10045
1 29 1.10045
1 30 1.10045
1 31 1.10045
1 32 1.10045
1 33 1.08576
1 34 1.07868
1 35 1.07219
1 36 1.06895
1 37 1.14771
1 38 1.14771
1 39 1.14771
1 40 1.14771
1 41 1.14771
1 42 1.10727
1 43 1.09283
1 44 1.08112
1 45 1.07585
1 46 1.12912
1 47 1.12912
1 48 1.12912
1 49 1.12912
1 50 1.12912
1 51 1.10089
1 52 1.0888
1 53 1.07875
1 54 1.07401
1 55 1.1114
1 56 1.1114
1 57 1.1114
1 58 1.1114
1 59 1.1114
1 60 1.09232
1 61 1.08345
1 62 1.07555
1 63 1.07165
1 64 1.09738
1 65 1.09738
1 66 1.09738
1 67 1.09738
1 68 1.09738
1 69 1.0842
1 70 1.07776
1 71 1.07183
1 72 1.06886
1 73 1.11918
1 74 1.11918
1 75 1.11918
1 76 1.11918
1 77 1.11918
1 78 1.09661
1 79 1.0868
1 80 1.07795
1 81 1.07409
1 82 1.11158
1 83 1.11158
1 84 1.11158
1 85 1.11158
1 86 1.11158
1 87 1.09285
1 88 1.08382
1 89 1.07598
1 90 1.07233
1 91 1.10144
1 92 1.10144
1 93 1.10144
1 94 1.10144
1 95 1.10144
1 96 1.08691
1 97 1.07981
1 98 1.07333
1 99 1.07013
1 100 1.0915
1 101 1.0915
1 102 1.0915
1 103 1.0915
1 104 1.0915
1 105 1.08058
1 106 1.07515
1 107 1.07009
1 108 1.06755
1 109 1.10146
1 110 1.10146
1 111 1.10146
1 112 1.10146
1 113 1.10146
1 114 1.08741
1 115 1.08054
1 116 1.074
1 117 1.0713
1 118 1.09734
1 119 1.09734
1 120 1.09734
1 121 1.09734
1 122 1.09734
1 123 1.08497
1 124 1.07823
1 125 1.07233
1 126 1.06967
1 127 1.09127
1 128 1.09127
1 129 1.09127
1 130 1.09127
1 131 1.09127
1 132 1.08065
1 133 1.07519
1 134 1.07016
1 135 1.06769
1 136 1.08445
1 137 1.08445
1 138 1.08445
1 139 1.08445
1 140 1.08445
1 141 1.07586
1 142 1.07151
1 143 1.06742
1 144 1.06536
2 1 1.30494
2 2 1.30494
2 3 1.30494
2 4 1.30494
2 5 1.30494
2 6 1.11827
2 7 1.09716
2 8 1.08261
2 9 1.07607
2 10 1.14674
2 11 1.14674
2 12 1.14674
2 13 1.14674
2 14 1.14674
2 15 1.1066
2 16 1.09175
2 17 1.07985
2 18 1.07424
2 19 1.11799
2 20 1.11799
2 21 1.11799
2 22 1.11799
2 23 1.11799
2 24 1.0953
2 25 1.08512
2 26 1.0762
2 27 1.07183
2 28 1.10045
2 29 1.10045
2 30 1.10045
2 31 1.10045
2 32 1.10045
2 33 1.08576
2 34 1.07868
2 35 1.07219
2 36 1.06895
2 37 1.14771
2 38 1.14771
2 39 1.14771
2 40 1.14771
2 41 1.14771
2 42 1.10727
2 43 1.09283
2 44 1.08112
2 45 1.07585
2 46 1.12912
2 47 1.12912
2 48 1.12912
2 49 1.12912
2 50 1.12912
2 51 1.10089
2 52 1.0888
2 53 1.07875
2 54 1.07401
2 55 1.1114
2 56 1.1114
2 57 1.1114
2 58 1.1114
2 59 1.1114
2 60 1.09232
2 61 1.08345
2 62 1.07555
2 63 1.07165
2 64 1.09738
2 65 1.09738
2 66 1.09738
2 67 1.09738
2 68 1.09738
2 69 1.0842
2 70 1.07776
2 71 1.07183
2 72 1.06886
2 73 1.11918
2 74 1.11918
2 75 1.11918
2 76 1.11918
2 77 1.11918
2 78 1.09661
2 79 1.0868
2 80 1.07795
2 81 1.07409
2 82 1.11158
2 83 1.11158
2 84 1.11158
2 85 1.11158
2 86 1.11158
2 87 1.09285
2 88 1.08382
2 89 1.07598
2 90 1.07233
2 91 1.10144
2 92 1.10144
2 93 1.10144
2 94 1.10144
2 95 1.10144
2 96 1.08691
2 97 1.07981
2 98 1.07333
2 99 1.07013
2 100 1.0915
2 101 1.0915
2 102 1.0915
2 103 1.0915
2 104 1.0915
2 105 1.08058
2 106 1.07515
2 107 1.07009
2 108 1.06755
2 109 1.10146
2 110 1.10146
2 111 1.10146
2 112 1.10146
2 113 1.10146
2 114 1.08741
2 115 1.08054
2 116 1.074
2 117 1.0713
2 118 1.09734
2 119 1.09734
2 120 1.09734
2 121 1.09734
2 122 1.09734
2 123 1.08497
2 124 1.07823
2 125 1.07233
2 126 1.06967
2 127 1.09127
2 128 1.09127
2 129 1.09127
2 130 1.09127
2 131 1.09127
2 132 1.08065
2 133 1.07519
2 134 1.07016
2 135 1.06769
2 136 1.08445
2 137 1.08445
2 138 1.08445
2 139 1.08445
2 140 1.08445
2 141 1.07586
2 142 1.07151
2 143 1.06742
2 144 1.06536
3 1 1.30494
3 2 1.30494
3 3 1.30494
3 4 1.30494
3 5 1.30494
3 6 1.11827
3 7 1.09716
3 8 1.08261
3 9 1.07607
3 10 1.14674
3 11 1.14674
3 12 1.14674
3 13 1.14674
3 14 1.14674
3 15 1.1066
3 16 1.09175
3 17 1.07985
3 18 1.07424
3 19 1.11799
3 20 1.11799
3 21 1.11799
3 22 1.11799
3 23 1.11799
3 24 1.0953
3 25 1.08512
3 26 1.0762
3 27 1.07183
3 28 1.10045
3 29 1.10045
3 30 1.10045
3 31 1.10045
3 32 1.10045
3 33 1.08576
3 34 1.07868
3 35 1.07219
3 36 1.06895
3 37 1.14771
3 38 1.14771
3 39 1.14771
3 40 1.14771
3 41 1.14771
3 42 1.10727
3 43 1.09283
3 44 1.08112
3 45 1.07585
3 46 1.12912
3 47 1.12912
3 48 1.12912
3 49 1.12912
3 50 1.12912
3 51 1.10089
3 52 1.0888
3 53 1.07875
3 54 1.07401
3 55 1.1114
3 56 1.1114
3 57 1.1114
3 58 1.1114
3 59 1.1114
3 60 1.09232
3 61 1.08345
3 62 1.07555
3 63 1.07165
3 64 1.09738
3 65 1.09738
3 66 1.09738
3 67 1.09738
3 68 1.09738
3 69 1.0842
3 70 1.07776
3 71 1.07183
3 72 1.06886
3 73 1.11918
3 74 1.11918
3 75 1.11918
3 76 1.11918
3 77 1.11918
3 78 1.09661
3 79 1.0868
3 80 1.07795
3 81 1.07409
3 82 1.11158
3 83 1.11158
3 84 1.11158
3 85 1.11158
3 86 1.11158
3 87 1.09285
3 88 1.08382
3 89 1.07598
3 90 1.07233
3 91 1.10144
3 92 1.10144
3 93 1.10144
3 94 1.10144
3 95 1.10144
3 96 1.08691
3 97 1.07981
3 98 1.07333
3 99 1.07013
3 100 1.0915
3 101 1.0915
3 102 1.0915
3 103 1.0915
3 104 1.0915
3 105 1.08058
3 106 1.07515
3 107 1.07009
3 108 1.06755
3 109 1.10146
3 110 1.10146
3 111 1.10146
3 112 1.10146
3 113 1.10146
3 114 1.08741
3 115 1.08054
3 116 1.074
3 117 1.0713
3 118 1.09734
3 119 1.09734
3 120 1.09734
3 121 1.09734
3 122 1.09734
3 123 1.08497
3 124 1.07823
3 125 1.07233
3 126 1.06967
3 127 1.09127
3 128 1.09127
3 129 1.09127
3 130 1.09127
3 131 1.09127
3 132 1.08065
3 133 1.07519
3 134 1.07016
3 135 1.06769
3 136 1.08445
3 137 1.08445
3 138 1.08445
3 139 1.08445
3 140 1.08445
3 141 1.07586
3 142 1.07151
3 143 1.06742
3 144 1.06536
4 1 1.30494
4 2 1.30494
4 3 1.30494
4 4 1.30494
4 5 1.30494
4 6 1.11827
4 7 1.09716
4 8 1.08261
4 9 1.07607
4 10 1.14674
4 11 1.14674
4 12 1.14674
4 13 1.14674
4 14 1.14674
4 15 1.1066
4 16 1.09175
4 17 1.07985
4 18 1.07424
4 19 1.11799
4 20 1.11799
4 21 1.11799
4 22 1.11799
4 23 1.11799
4 24 1.0953
4 25 1.08512
4 26 1.0762
4 27 1.07183
4 28 1.10045
4 29 1.10045
4 30 1.10045
4 31 1.10045
4 32 1.10045
4 33 1.08576
4 34 1.07868
4 35 1.07219
4 36 1.06895
4 37 1.14771
4 38 1.14771
4 39 1.14771
4 40 1.14771
4 41 1.14771
4 42 1.10727
4 43 1.09283
4 44 1.08112
4 45 1.07585
4 46 1.12912
4 47 1.12912
4 48 1.12912
4 49 1.12912
4 50 1.12912
4 51 1.10089
4 52 1.0888
4 53 1.07875
4 54 1.07401
4 55 1.1114
4 56 1.1114
4 57 1.1114
4 58 1.1114
4 59 1.1114
4 60 1.09232
4 61 1.08345
4 62 1.07555
4 63 1.07165
4 64 1.09738
4 65 1.09738
4 66 1.09738
4 67 1.09738
4 68 1.09738
4 69 1.0842
4 70 1.07776
4 71 1.07183
4 72 1.06886
4 73 1.11918
4 74 1.11918
4 75 1.11918
4 76 1.11918
4 77 1.11918
4 78 1.09661
4 79 1.0868
4 80 1.07795
4 81 1.07409
4 82 1.11158
4 83 1.11158
4 84 1.11158
4 85 1.11158
4 86 1.11158
4 87 1.09285
4 88 1.08382
4 89 1.07598
4 90 1.07233
4 91 1.10144
4 92 1.10144
4 93 1.10144
4 94 1.10144
4 95 1.10144
4 96 1.08691
4 97 1.07981
4 98 1.07333
4 99 1.07013
4 100 1.0915
4 101 1.0915
4 102 1.0915
4 103 1.0915
4 104 1.0915
4 105 1.08058
4 106 1.07515
4 107 1.07009
4 108 1.06755
4 109 1.10146
4 110 1.10146
4 111 1.10146
4 112 1.10146
4 113 1.10146
4 114 1.08741
4 115 1.08054
4 116 1.074
4 117 1.0713
4 118 1.09734
4 119 1.09734
4 120 1.09734
4 121 1.09734
4 122 1.09734
4 123 1.08497
4 124 1.07823
4 125 1.07233
4 126 1.06967
4 127 1.09127
4 128 1.09127
4 129 1.09127
4 130 1.09127
4 131 1.09127
4 132 1.08065
4 133 1.07519
4 134 1.07016
4 135 1.06769
4 136 1.08445
4 137 1.08445
4 138 1.08445
4 139 1.08445
4 140 1.08445
4 141 1.07586
4 142 1.07151
4 143 1.06742
4 144 1.06536
5 1 1.30494
5 2 1.30494
5 3 1.30494
5 4 1.30494
5 5 1.30494
5 6 1.11827
5 7 1.09716
5 8 1.08261
5 9 1.07607
5 10 1.14674
5 11 1.14674
5 12 1.14674
5 13 1.14674
5 14 1.14674
5 15 1.1066
5 16 1.09175
5 17 1.07985
5 18 1.07424
5 19 1.11799
5 20 1.11799
5 21 1.11799
5 22 1.11799
5 23 1.11799
5 24 1.0953
5 25 1.08512
5 26 1.0762
5 27 1.07183
5 28 1.10045
5 29 1.10045
5 30 1.10045
5 31 1.10045
5 32 1.10045
5 33 1.08576
5 34 1.07868
5 35 1.07219
5 36 1.06895
5 37 1.14771
5 38 1.14771
5 39 1.14771
5 40 1.14771
5 41 1.14771
5 42 1.10727
5 43 1.09283
5 44 1.08112
5 45 1.07585
5 46 1.12912
5 47 1.12912
5 48 1.12912
5 49 1.12912
5 50 1.12912
5 51 1.10089
5 52 1.0888
5 53 1.07875
5 54 1.07401
5 55 1.1114
5 56 1.1114
5 57 1.1114
5 58 1.1114
5 59 1.1114
5 60 1.09232
5 61 1.08345
5 62 1.07555
5 63 1.07165
5 64 1.09738
5 65 1.09738
5 66 1.09738
5 67 1.09738
5 68 1.09738
5 69 1.0842
5 70 1.07776
5 71 1.07183
5 72 1.06886
5 73 1.11918
5 74 1.11918
5 75 1.11918
5 76 1.11918
5 77 1.11918
5 78 1.09661
5 79 1.0868
5 80 1.07795
5 81 1.07409
5 82 1.11158
5 83 1.11158
5 84 1.11158
5 85 1.11158
5 86 1.11158
5 87 1.09285
5 88 1.08382
5 89 1.07598
5 90 1.07233
5 91 1.10144
5 92 1.10144
5 93 1.10144
5 94 1.10144
5 95 1.10144
5 96 1.08691
5 97 1.07981
5 98 1.07333
5 99 1.07013
5 100 1.0915
5 101 1.0915
5 102 1.0915
5 103 1.0915
5 104 1.0915
5 105 1.08058
5 106 1.07515
5 107 1.07009
5 108 1.06755
5 109 1.10146
5 110 1.10146
5 111 1.10146
5 112 1.10146
5 113 1.10146
5 114 1.08741
5 115 1.08054
5 116 1.074
5 117 1.0713
5 118 1.09734
5 119 1.09734
5 120 1.09734
5 121 1.09734
5 122 1.09734
5 123 1.08497
5 124 1.07823
5 125 1.07233
5 126 1.06967
5 127 1.09127
5 128 1.09127
5 129 1.09127
5 130 1.09127
5 131 1.09127
5 132 1.08065
5 133 1.07519
5 134 1.07016
5 135 1.06769
5 136 1.08445
5 137 1.08445
5 138 1.08445
5 139 1.08445
5 140 1.08445
5 141 1.07586
5 142 1.07151
5 143 1.06742
5 144 1.06536
6 1 1.11827
6 2 1.11827
6 3 1.11827
6 4 1.11827
6 5 1.11827
6 6 6.89453
6 7 2.12904
6 8 1.38747
6 9 1.20457
6 10 1.10645
6 11 1.10645
6 12 1.10645
6 13 1.10645
6 14 1.10645
6 15 1.4405
6 16 1.36162
6 17 1.24071
6 18 1.17885
6 19 1.09513
6 20 1.09513
6 21 1.09513
6 22 1.09513
6 23 1.09513
6 24 1.19172
6 25 1.19118
6 26 1.16647
6 27 1.14993
6 28 1.0856
6 29 1.0856
6 30 1.0856
6 31 1.0856
6 32 1.0856
6 33 1.12367
6 34 1.13003
6 35 1.12816
6 36 1.12562
6 37 1.10817
6 38 1.10817
6 39 1.10817
6 40 1.10817
6 41 1.10817
6 42 1.41776
6 43 1.34852
6 44 1.23583
6 45 1.18043
6 46 1.10099
6 47 1.10099
6 48 1.10099
6 49 1.10099
6 50 1.10099
6 51 1.25194
6 52 1.23937
6 53 1.19179
6 54 1.16323
6 55 1.09229
6 56 1.09229
6 57 1.09229
6 58 1.09229
6 59 1.09229
6 60 1.1572
6 61 1.16163
6 62 1.15002
6 63 1.14111
6 64 1.08412
6 65 1.08412
6 66 1.08412
6 67 1.08412
6 68 1.08412
6 69 1.11472
6 70 1.12121
6 71 1.1217
6 72 1.12076
6 73 1.09749
6 74 1.09749
6 75 1.09749
6 76 1.09749
6 77 1.09749
6 78 1.18306
6 79 1.18515
6 80 1.1642
6 81 1.15162
6 82 1.09301
6 83 1.09301
6 84 1.09301
6 85 1.09301
6 86 1.09301
6 87 1.15334
6 88 1.15912
6 89 1.1491
6 90 1.14138
6 91 1.08692
6 92 1.08692
6 93 1.08692
6 94 1.08692
6 95 1.08692
6 96 1.12353
6 97 1.13018
6 98 1.129
6 99 1.12679
6 100 1.08055
6 101 1.08055
6 102 1.08055
6 103 1.08055
6 104 1.08055
6 105 1.10218
6 106 1.10832
6 107 1.11107
6 108 1.11178
6 109 1.0879
6 110 1.0879
6 111 1.0879
6 112 1.0879
6 113 1.0879
6 114 1.12126
6 115 1.12776
6 116 1.1278
6 117 1.12685
6 118 1.08492
6 119 1.08492
6 120 1.08492
6 121 1.08492
6 122 1.08492
6 123 1.11192
6 124 1.11913
6 125 1.12095
6 126 1.12071
6 127 1.08067
6 128 1.08067
6 129 1.08067
6 130 1.08067
6 131 1.08067
6 132 1.10122
6 133 1.10746
6 134 1.11063
6 135 1.11151
6 136 1.07588
6 137 1.07588
6 138 1.07588
6 139 1.07588
6 140 1.07588
6 141 1.09057
6 142 1.09589
6 143 1.09958
6 144 1.10113
7 1 1.09716
7 2 1.09716
7 3 1.09716
7 4 1.09716
7 5 1.09716
7 6 2.12904
7 7 6.87133
7 8 1.97849
7 9 1.31275
7 10 1.0916
7 11 1.0916
7 12 1.0916
7 13 1.0916
7 14 1.0916
7 15 1.36133
7 16 1.4616
7 17 1.33784
7 18 1.2485
7 19 1.08491
7 20 1.08491
7 21 1.08491
7 22 1.08491
7 23 1.08491
7 24 1.19103
7 25 1.21817
7 26 1.2084
7 27 1.19532
7 28 1.07848
7 29 1.07848
7 30 1.07848
7 31 1.07848
7 32 1.07848
7 33 1.13003
7 34 1.14685
7 35 1.1545
7 36 1.15637
7 37 1.09336
7 38 1.09336
7 39 1.09336
7 40 1.09336
7 41 1.09336
7 42 1.34423
7 43 1.44256
7 44 1.32932
7 45 1.24972
7 46 1.08899
7 47 1.08899
7 48 1.08899
7 49 1.08899
7 50 1.08899
7 51 1.23874
7 52 1.27796
7 53 1.24728
7 54 1.21756
7 55 1.08338
7 56 1.08338
7 57 1.08338
7 58 1.08338
7 59 1.08338
7 60 1.16132
7 61 1.18308
7 62 1.18438
7 63 1.18018
7 64 1.07764
7 65 1.07764
7 66 1.07764
7 67 1.07764
7 68 1.07764
7 69 1.12118
7 70 1.13654
7 71 1.14545
7 72 1.14859
7 73 1.08741
7 74 1.08741
7 75 1.08741
7 76 1.08741
7 77 1.08741
7 78 1.18193
7 79 1.21012
7 80 1.20459
7 81 1.19598
7 82 1.08417
7 83 1.08417
7 84 1.08417
7 85 1.08417
7 86 1.08417
7 87 1.15696
7 88 1.18022
7 89 1.18316
7 90 1.17998
7 91 1.07982
7 92 1.07982
7 93 1.07982
7 94 1.07982
7 95 1.07982
7 96 1.12968
7 97 1.14676
7 98 1.15521
7 99 1.15742
7 100 1.07509
7 101 1.07509
7 102 1.07509
7 103 1.07509
7 104 1.07509
7 105 1.10828
7 106 1.1214
7 107 1.13096
7 108 1.13511
7 109 1.08102
7 110 1.08102
7 111 1.08102
7 112 1.08102
7 113 1.08102
7 114 1.12642
7 115 1.14319
7 116 1.15307
7 117 1.15627
7 118 1.07861
7 119 1.07861
7 120 1.07861
7 121 1.07861
7 122 1.07861
7 123 1.11731
7 124 1.13379
7 125 1.14419
7 126 1.14772
7 127 1.07528
7 128 1.07528
7 129 1.07528
7 130 1.07528
7 131 1.07528
7 132 1.10696
7 133 1.12021
7 134 1.13025
7 135 1.13448
7 136 1.07151
7 137 1.07151
7 138 1.07151
7 139 1.07151
7 140 1.07151
7 141 1.09583
7 142 1.10651
7 143 1.11547
7 144 1.11969
8 1 1.08261
8 2 1.08261
8 3 1.08261
8 4 1.08261
8 5 1.08261
8 6 1.38747
8 7 1.97849
8 8 6.08999
8 9 1.5434
8 10 1.07978
8 11 1.07978
8 12 1.07978
8 13 1.07978
8 14 1.07978
8 15 1.24053
8 16 1.33746
8 17 1.39644
8 18 1.33406
8 19 1.0761
8 20 1.0761
8 21 1.0761
8 22 1.0761
8 23 1.0761
8 24 1.16651
8 25 1.20833
8 26 1.23646
8 27 1.24287
8 28 1.07209
8 29 1.07209
8 30 1.07209
8 31 1.07209
8 32 1.07209
8 33 1.12831
8 34 1.15452
8 35 1.17653
8 36 1.18664
8 37 1.08153
8 38 1.08153
8 39 1.08153
8 40 1.08153
8 41 1.08153
8 42 1.23364
8 43 1.32947
8 44 1.38912
8 45 1.33436
8 46 1.07892
8 47 1.07892
8 48 1.07892
8 49 1.07892
8 50 1.07892
8 51 1.19127
8 52 1.24759
8 53 1.28047
8 54 1.27719
8 55 1.07555
8 56 1.07555
8 57 1.07555
8 58 1.07555
8 59 1.07555
8 60 1.14981
8 61 1.18427
8 62 1.21029
8 63 1.21989
8 64 1.0718
8 65 1.0718
8 66 1.0718
8 67 1.0718
8 68 1.0718
8 69 1.12179
8 70 1.14545
8 71 1.166
8 72 1.17576
8 73 1.07861
8 74 1.07861
8 75 1.07861
8 76 1.07861
8 77 1.07861
8 78 1.1608
8 79 1.20344
8 80 1.23318
8 81 1.24176
8 82 1.07636
8 83 1.07636
8 84 1.07636
8 85 1.07636
8 86 1.07636
8 87 1.14642
8 88 1.18256
8 89 1.20941
8 90 1.21897
8 91 1.07343
8 92 1.07343
8 93 1.07343
8 94 1.07343
8 95 1.07343
8 96 1.12828
8 97 1.15479
8 98 1.17734
8 99 1.18753
8 100 1.07011
8 101 1.07011
8 102 1.07011
8 103 1.07011
8 104 1.07011
8 105 1.11104
8 106 1.13088
8 107 1.1488
8 108 1.15758
8 109 1.07472
8 110 1.07472
8 111 1.07472
8 112 1.07472
8 113 1.07472
8 114 1.12481
8 115 1.15104
8 116 1.17451
8 117 1.18465
8 118 1.07284
8 119 1.07284
8 120 1.07284
8 121 1.07284
8 122 1.07284
8 123 1.11775
8 124 1.14289
8 125 1.16448
8 126 1.1738
8 127 1.07034
8 128 1.07034
8 129 1.07034
8 130 1.07034
8 131 1.07034
8 132 1.10958
8 133 1.12957
8 134 1.14785
8 135 1.15652
8 136 1.06748
8 137 1.06748
8 138 1.06748
8 139 1.06748
8 140 1.06748
8 141 1.09943
8 142 1.11529
8 143 1.13004
8 144 1.13738
9 1 1.07607
9 2 1.07607
9 3 1.07607
9 4 1.07607
9 5 1.07607
9 6 1.20457
9 7 1.31275
9 8 1.5434
9 9 2.14347
9 10 1.07424
9 11 1.07424
9 12 1.07424
9 13 1.07424
9 14 1.07424
9 15 1.17919
9 16 1.2488
9 17 1.33443
9 18 1.38677
9 19 1.07183
9 20 1.07183
9 21 1.07183
9 22 1.07183
9 23 1.07183
9 24 1.15021
9 25 1.1953
9 26 1.24272
9 27 1.26796
9 28 1.06894
9 29 1.06894
9 30 1.06894
9 31 1.06894
9 32 1.06894
9 33 1.12581
9 34 1.15629
9 35 1.18643
9 36 1.20199
9 37 1.07594
9 38 1.07594
9 39 1.07594
9 40 1.07594
9 41 1.07594
9 42 1.17678
9 43 1.24629
9 44 1.3312
9 45 1.38434
9 46 1.07407
9 47 1.07407
9 48 1.07407
9 49 1.07407
9 50 1.07407
9 51 1.16216
9 52 1.21722
9 53 1.27692
9 54 1.30864
9 55 1.07169
9 56 1.07169
9 57 1.07169
9 58 1.07169
9 59 1.07169
9 60 1.14082
9 61 1.17972
9 62 1.21939
9 63 1.23987
9 64 1.06888
9 65 1.06888
9 66 1.06888
9 67 1.06888
9 68 1.06888
9 69 1.12073
9 70 1.14829
9 71 1.17532
9 72 1.18919
9 73 1.07429
9 74 1.07429
9 75 1.07429
9 76 1.07429
9 77 1.07429
9 78 1.14631
9 79 1.19205
9 80 1.23936
9 81 1.26446
9 82 1.0725
9 83 1.0725
9 84 1.0725
9 85 1.0725
9 86 1.0725
9 87 1.138
9 88 1.17858
9 89 1.21843
9 90 1.23808
9 91 1.07023
9 92 1.07023
9 93 1.07023
9 94 1.07023
9 95 1.07023
9 96 1.12573
9 97 1.15641
9 98 1.18681
9 99 1.20219
9 100 1.06759
9 101 1.06759
9 102 1.06759
9 103 1.06759
9 104 1.06759
9 105 1.11153
9 106 1.13461
9 107 1.15705
9 108 1.1685
9 109 1.07154
9 110 1.07154
9 111 1.07154
9 112 1.07154
9 113 1.07154
9 114 1.1223
9 115 1.15272
9 116 1.18353
9 117 1.19811
9 118 1.06992
9 119 1.06992
9 120 1.06992
9 121 1.06992
9 122 1.06992
9 123 1.11661
9 124 1.14571
9 125 1.17334
9 126 1.1862
9 127 1.06783
9 128 1.06783
9 129 1.06783
9 130 1.06783
9 131 1.06783
9 132 1.10998
9 133 1.13317
9 134 1.15584
9 135 1.16704
9 136 1.06542
9 137 1.06542
9 138 1.06542
9 139 1.06542
9 140 1.06542
9 141 1.1007
9 142 1.11908
9 143 1.13684
9 144 1.14585
10 1 1.14674
10 2 1.14674
10 3 1.14674
10 4 1.14674
10 5 1.14674
10 6 1.10645
10 7 1.0916
10 8 1.07978
10 9 1.07424
10 10 1.30407
10 11 1.30407
10 12 1.30407
10 13 1.30407
10 14 1.30407
10 15 1.11742
10 16 1.09623
10 17 1.08156
10 18 1.07493
10 19 1.16153
10 20 1.16153
10 21 1.16153
10 22 1.16153
10 23 1.16153
10 24 1.10998
10 25 1.09323
10 26 1.08023
10 27 1.07413
10 28 1.12571
10 29 1.12571
10 30 1.12571
10 31 1.12571
10 32 1.12571
10 33 1.09877
10 34 1.0872
10 35 1.07724
10 36 1.0724
10 37 1.12908
10 38 1.12908
10 39 1.12908
10 40 1.12908
10 41 1.12908
10 42 1.10025
10 43 1.08853
10 44 1.07861
10 45 1.07406
10 46 1.14688
10 47 1.14688
10 48 1.14688
10 49 1.14688
10 50 1.14688
10 51 1.10662
10 52 1.09174
10 53 1.07997
10 54 1.07457
10 55 1.13502
10 56 1.13502
10 57 1.13502
10 58 1.13502
10 59 1.13502
10 60 1.10284
10 61 1.08982
10 62 1.07896
10 63 1.07376
10 64 1.11687
10 65 1.11687
10 66 1.11687
10 67 1.11687
10 68 1.11687
10 69 1.09503
10 70 1.08513
10 71 1.07639
10 72 1.0721
10 73 1.11152
10 74 1.11152
10 75 1.11152
10 76 1.11152
10 77 1.11152
10 78 1.09218
10 79 1.08362
10 80 1.07583
10 81 1.07243
10 82 1.11833
10 83 1.11833
10 84 1.11833
10 85 1.11833
10 86 1.11833
10 87 1.09572
10 88 1.08549
10 89 1.07672
10 90 1.07274
10 91 1.11409
10 92 1.11409
10 93 1.11409
10 94 1.11409
10 95 1.11409
10 96 1.09362
10 97 1.08428
10 98 1.07598
10 99 1.07195
10 100 1.10487
10 101 1.10487
10 102 1.10487
10 103 1.10487
10 104 1.10487
10 105 1.08868
10 106 1.08096
10 107 1.07394
10 108 1.07045
10 109 1.0973
10 110 1.0973
10 111 1.0973
10 112 1.0973
10 113 1.0973
10 114 1.0845
10 115 1.07818
10 116 1.07225
10 117 1.06979
10 118 1.10057
10 119 1.10057
10 120 1.10057
10 121 1.10057
10 122 1.10057
10 123 1.08639
10 124 1.07913
10 125 1.07274
10 126 1.06994
10 127 1.09852
10 128 1.09852
10 129 1.09852
10 130 1.09852
10 131 1.09852
10 132 1.08488
10 133 1.07822
10 134 1.07214
10 135 1.0692
10 136 1.09342
10 137 1.09342
10 138 1.09342
10 139 1.09342
10 140 1.09342
10 141 1.08168
10 142 1.07591
10 143 1.07055
10 144 1.06788
11 1 1.14674
11 2 1.14674
11 3 1.14674
11 4 1.14674
11 5 1.14674
11 6 1.10645
11 7 1.0916
11 8 1.07978
11 9 1.07424
11 10 1.30407
11 11 1.30407
11 12 1.30407
11 13 1.30407
11 14 1.30407
11 15 1.11742
11 16 1.09623
11 17 1.08156
11 18 1.07493
11 19 1.16153
11 20 1.16153
11 21 1.16153
11 22 1.16153
11 23 1.16153
11 24 1.10998
11 25 1.09323
11 26 1.08023
11 27 1.07413
11 28 1.12571
11 29 1.12571
11 30 1.12571
11 31 1.12571
11 32 1.12571
11 33 1.09877
11 34 1.0872
11 35 1.07724
11 36 1.0724
11 37 1.12908
11 38 1.12908
11 39 1.12908
11 40 1.12908
11 41 1.12908
11 42 1.10025
11 43 1.08853
11 44 1.07861
11 45 1.07406
11 46 1.14688
11 47 1.14688
11 48 1.14688
11 49 1.14688
11 50 1.14688
11 51 1.10662
11 52 1.09174
11 53 1.07997
11 54 1.07457
11 55 1.13502
11 56 1.13502
11 57 1.13502
11 58 1.13502
11 59 1.13502
11 60 1.10284
11 61 1.08982
11 62 1.07896
11 63 1.07376
11 64 1.11687
11 65 1.11687
11 66 1.11687
11 67 1.11687
11 68 1.11687
11 69 1.09503
11 70 1.08513
11 71 1.07639
11 72 1.0721
11 73 1.11152
11 74 1.11152
11 75 1.11152
11 76 1.11152
11 77 1.11152
11 78 1.09218
11 79 1.08362
11 80 1.07583
11 81 1.07243
11 82 1.11833
11 83 1.11833
11 84 1.11833
11 85 1.11833
11 86 1.11833
11 87 1.09572
11 88 1.08549
11 89 1.07672
11 90 1.07274
11 91 1.11409
11 92 1.11409
11 93 1.11409
11 94 1.11409
11 95 1.11409
11 96 1.09362
11 97 1.08428
11 98 1.07598
11 99 1.07195
11 100 1.10487
11 101 1.10487
11 102 1.10487
11 103 1.10487
11 104 1.10487
11 105 1.08868
11 106 1.08096
11 107 1.07394
11 108 1.07045
11 109 1.0973
11 110 1.0973
11 111 1.0973
11 112 1.0973
11 113 1.0973
11 114 1.0845
11 115 1.07818
11 116 1.07225
11 117 1.06979
11 118 1.10057
11 119 1.10057
11 120 1.10057
11 121 1.10057
11 122 1.10057
11 123 1.08639
11 124 1.07913
11 125 1.07274
11 126 1.06994
11 127 1.09852
11 128 1.09852
11 129 1.09852
11 130 1.09852
11 131 1.09852
11 132 1.08488
11 133 1.07822
11 134 1.07214
11 135 1.0692
11 136 1.09342
11 137 1.09342
11 138 1.09342
11 139 1.09342
11 140 1.09342
11 141 1.08168
11 142 1.07591
11 143 1.07055
11 144 1.06788
12 1 1.14674
12 2 1.14674
12 3 1.14674
12 4 1.14674
12 5 1.14674
12 6 1.10645
12 7 1.0916
12 8 1.07978
12 9 1.07424
12 10 1.30407
12 11 1.30407
12 12 1.30407
12 13 1.30407
12 14 1.30407
12 15 1.11742
12 16 1.09623
12 17 1.08156
12 18 1.07493
12 19 1.16153
12 20 1.16153
12 21 1.16153
12 22 1.16153
12 23 1.16153
12 24 1.10998
12 25 1.09323
12 26 1.08023
12 27 1.07413
12 28 1.12571
12 29 1.12571
12 30 1.12571
12 31 1.12571
12 32 1.12571
12 33 1.09877
12 34 1.0872
12 35 1.07724
12 36 1.0724
12 37 1.12908
12 38 1.12908
12 39 1.12908
12 40 1.12908
12 41 1.12908
12 42 1.10025
12 43 1.08853
12 44 1.07861
12 45 1.07406
12 46 1.14688
12 47 1.14688
12 48 1.14688
12 49 1.14688
12 50 1.14688
12 51 1.10662
12 52 1.09174
12 53 1.07997
12 54 1.07457
12 55 1.13502
12 56 1.13502
12 57 1.13502
12 58 1.13502
12 59 1.13502
12 60 1.10284
12 61 1.08982
12 62 1.07896
12 63 1.07376
12 64 1.11687
12 65 1.11687
12 66 1.11687
12 67 1.11687
12 68 1.11687
12 69 1.09503
12 70 1.08513
12 71 1.07639
12 72 1.0721
12 73 1.11152
12 74 1.11152
12 75 1.11152
12 76 1.11152
12 77 1.11152
12 78 1.09218
12 79 1.08362
12 80 1.07583
12 81 1.07243
12 82 1.11833
12 83 1.11833
12 84 1.11833
12 85 1.11833
12 86 1.11833
12 87 1.09572
12 88 1.08549
12 89 1.07672
12 90 1.07274
12 91 1.11409
12 92 1.11409
12 93 1.11409
12 94 1.11409
12 95 1.11409
12 96 1.09362
12 97 1.08428
12 98 1.07598
12 99 1.07195
12 100 1.10487
12 101 1.10487
12 102 1.10487
12 103 1.10487
12 104 1.10487
12 105 1.08868
12 106 1.08096
12 107 1.07394
12 108 1.07045
12 109 1.0973
12 110 1.0973
12 111 1.0973
12 112 1.0973
12 113 1.0973
12 114 1.0845
12 115 1.07818
12 116 1.07225
12 117 1.06979
12 118 1.10057
12 119 1.10057
12 120 1.10057
12 121 1.10057
12 122 1.10057
12 123 1.08639
12 124 1.07913
12 125 1.07274
12 126 1.06994
12 127 1.09852
12 128 1.09852
12 129 1.09852
12 130 1.09852
12 131 1.09852
12 132 1.08488
12 133 1.07822
12 134 1.07214
12 135 1.0692
12 136 1.09342
12 137 1.09342
12 138 1.09342
12 139 1.09342
12 140 1.09342
12 141 1.08168
12 142 1.07591
12 143 1.07055
12 144 1.06788
13 1 1.14674
13 2 1.14674
13 3 1.14674
13 4 1.14674
13 5 1.14674
13 6 1.10645
13 7 1.0916
13 8 1.07978
13 9 1.07424
13 10 1.30407
13 11 1.30407
13 12 1.30407
13 13 1.30407
13 14 1.30407
13 15 1.11742
13 16 1.09623
13 17 1.08156
13 18 1.07493
13 19 1.16153
13 20 1.16153
13 21 1.16153
13 22 1.16153
13 23 1.16153
13 24 1.10998
13 25 1.09323
13 26 1.08023
13 27 1.07413
13 28 1.12571
13 29 1.12571
13 30 1.12571
13 31 1.12571
13 32 1.12571
13 33 1.09877
13 34 1.0872
13 35 1.07724
13 36 1.0724
13 37 1.12908
13 38 1.12908
13 39 1.12908
13 40 1.12908
13 41 1.12908
13 42 1.10025
13 43 1.08853
13 44 1.07861
13 45 1.07406
13 46 1.14688
13 47 1.14688
13 48 1.14688
13 49 1.14688
13 50 1.14688
13 51 1.10662
13 52 1.09174
13 53 1.07997
13 54 1.07457
13 55 1.13502
13 56 1.13502
13 57 1.13502
13 58 1.13502
13 59 1.13502
13 60 1.10284
13 61 1.08982
13 62 1.07896
13 63 1.07376
13 64 1.11687
13 65 1.11687
13 66 1.11687
13 67 1.11687
13 68 1.11687
13 69 1.09503
13 70 1.08513
13 71 1.07639
13 72 1.0721
13 73 1.11152
13 74 1.11152
13 75 1.11152
13 76 1.11152
13 77 1.11152
13 78 1.09218
13 79 1.08362
13 80 1.07583
13 81 1.07243
13 82 1.11833
13 83 1.11833
13 84 1.11833
13 85 1.11833
13 86 1.11833
13 87 1.09572
13 88 1.08549
13 89 1.07672
13 90 1.07274
13 91 1.11409
13 92 1.11409
13 93 1.11409
13 94 1.11409
13 95 1.11409
13 96 1.09362
13 97 1.08428
13 98 1.07598
13 99 1.07195
13 100 1.10487
13 101 1.10487
13 102 1.10487
13 103 1.10487
13 104 1.10487
13 105 1.08868
13 106 1.08096
13 107 1.07394
13 108 1.07045
13 109 1.0973
13 110 1.0973
13 111 1.0973
13 112 1.0973
13 113 1.0973
13 114 1.0845
13 115 1.07818
13 116 1.07225
13 117 1.06979
13 118 1.10057
13 119 1.10057
13 120 1.10057
13 121 1.10057
13 122 1.10057
13 123 1.08639
13 124 1.07913
13 125 1.07274
13 126 1.06994
13 127 1.09852
13 128 1.09852
13 129 1.09852
13 130 1.09852
13 131 1.09852
13 132 1.08488
13 133 1.07822
13 134 1.07214
13 135 1.0692
13 136 1.09342
13 137 1.09342
13 138 1.09342
13 139 1.09342
13 140 1.09342
13 141 1.08168
13 142 1.07591
13 143 1.07055
13 144 1.06788
14 1 1.14674
14 2 1.14674
14 3 1.14674
14 4 1.14674
14 5 1.14674
14 6 1.10645
14 7 1.0916
14 8 1.07978
14 9 1.07424
14 10 1.30407
14 11 1.30407
14 12 1.30407
14 13 1.30407
14 14 1.30407
14 15 1.11742
14 16 1.09623
14 17 1.08156
14 18 1.07493
14 19 1.16153
14 20 1.16153
14 21 1.16153
14 22 1.16153
14 23 1.16153
14 24 1.10998
14 25 1.09323
14 26 1.08023
14 27 1.07413
14 28 1.12571
14 29 1.12571
14 30 1.12571
14 31 1.12571
14 32 1.12571
14 33 1.09877
14 34 1.0872
14 35 1.07724
14 36 1.0724
14 37 1.12908
14 38 1.12908
14 39 1.12908
14 40 1.12908
14 41 1.12908
14 42 1.10025
14 43 1.08853
14 44 1.07861
14 45 1.07406
14 46 1.14688
14 47 1.14688
14 48 1.14688
14 49 1.14688
14 50 1.14688
14 51 1.10662
14 52 1.09174
14 53 1.07997
14 54 1.07457
14 55 1.13502
14 56 1.13502
14 57 1.13502
14 58 1.13502
14 59 1.13502
14 60 1.10284
14 61 1.08982
14 62 1.07896
14 63 1.07376
14 64 1.11687
14 65 1.11687
14 66 1.11687
14 67 1.11687
14 68 1.11687
14 69 1.09503
14 70 1.08513
14 71 1.07639
14 72 1.0721
14 73 1.11152
14 74 1.11152
14 75 1.11152
14 76 1.11152
14 77 1.11152
14 78 1.09218
14 79 1.08362
14 80 1.07583
14 81 1.07243
14 82 1.11833
14 83 1.11833
14 84 1.11833
14 85 1.11833
14 86 1.11833
14 87 1.09572
14 88 1.08549
14 89 1.07672
14 90 1.07274
14 91 1.11409
14 92 1.11409
14 93 1.11409
14 94 1.11409
14 95 1.11409
14 96 1.09362
14 97 1.08428
14 98 1.07598
14 99 1.07195
14 100 1.10487
14 101 1.10487
14 102 1.10487
14 103 1.10487
14 104 1.10487
14 105 1.08868
14 106 1.08096
14 107 1.07394
14 108 1.07045
14 109 1.0973
14 110 1.0973
14 111 1.0973
14 112 1.0973
14 113 1.0973
14 114 1.0845
14 115 1.07818
14 116 1.07225
14 117 1.06979
14 118 1.10057
14 119 1.10057
14 120 1.10057
14 121 1.10057
14 122 1.10057
14 123 1.08639
14 124 1.07913
14 125 1.07274
14 126 1.06994
14 127 1.09852
14 128 1.09852
14 129 1.09852
14 130 1.09852
14 131 1.09852
14 132 1.08488
14 133 1.07822
14 134 1.07214
14 135 1.0692
14 136 1.09342
14 137 1.09342
14 138 1.09342
14 139 1.09342
14 140 1.09342
14 141 1.08168
14 142 1.07591
14 143 1.07055
14 144 1.06788
15 1 1.1066
15 2 1.1066
15 3 1.1066
15 4 1.1066
15 5 1.1066
15 6 1.4405
15 7 1.36133
15 8 1.24053
15 9 1.17919
15 10 1.11742
15 11 1.11742
15 12 1.11742
15 13 1.11742
15 14 1.11742
15 15 6.9153
15 16 2.13993
15 17 1.39076
15 18 1.20393
15 19 1.10989
15 20 1.10989
15 21 1.10989
15 22 1.10989
15 23 1.10989
15 24 1.67933
15 25 1.48277
15 26 1.28016
15 27 1.18794
15 28 1.09865
15 29 1.09865
15 30 1.09865
15 31 1.09865
15 32 1.09865
15 33 1.24107
15 34 1.23095
15 35 1.18669
15 36 1.15943
15 37 1.10113
15 38 1.10113
15 39 1.10113
15 40 1.10113
15 41 1.10113
15 42 1.24422
15 43 1.23428
15 44 1.18949
15 45 1.16328
15 46 1.10691
15 47 1.10691
15 48 1.10691
15 49 1.10691
15 50 1.10691
15 51 1.43753
15 52 1.35924
15 53 1.23879
15 54 1.17905
15 55 1.10289
15 56 1.10289
15 57 1.10289
15 58 1.10289
15 59 1.10289
15 60 1.30754
15 61 1.28075
15 62 1.2098
15 63 1.1691
15 64 1.09496
15 65 1.09496
15 66 1.09496
15 67 1.09496
15 68 1.09496
15 69 1.18349
15 70 1.18472
15 71 1.16326
15 72 1.1485
15 73 1.09308
15 74 1.09308
15 75 1.09308
15 76 1.09308
15 77 1.09308
15 78 1.14922
15 79 1.15568
15 80 1.14718
15 81 1.14112
15 82 1.0961
15 83 1.0961
15 84 1.0961
15 85 1.0961
15 86 1.0961
15 87 1.18482
15 88 1.18676
15 89 1.16408
15 90 1.15
15 91 1.09374
15 92 1.09374
15 93 1.09374
15 94 1.09374
15 95 1.09374
15 96 1.16857
15 97 1.1719
15 98 1.1559
15 99 1.14455
15 100 1.08866
15 101 1.08866
15 102 1.08866
15 103 1.08866
15 104 1.08866
15 105 1.13483
15 106 1.14085
15 107 1.13617
15 108 1.13176
15 109 1.08491
15 110 1.08491
15 111 1.08491
15 112 1.08491
15 113 1.08491
15 114 1.11067
15 115 1.11735
15 116 1.11986
15 117 1.1203
15 118 1.08655
15 119 1.08655
15 120 1.08655
15 121 1.08655
15 122 1.08655
15 123 1.11903
15 124 1.12658
15 125 1.12635
15 126 1.12521
15 127 1.08502
15 128 1.08502
15 129 1.08502
15 130 1.08502
15 131 1.08502
15 132 1.11639
15 133 1.12306
15 134 1.12329
15 135 1.12225
15 136 1.08171
15 137 1.08171
15 138 1.08171
15 139 1.08171
15 140 1.08171
15 141 1.106
15 142 1.11229
15 143 1.11439
15 144 1.11464
16 1 1.09175
16 2 1.09175
16 3 1.09175
16 4 1.09175
16 5 1.09175
16 6 1.36162
16 7 1.4616
16 8 1.33746
16 9 1.2488
16 10 1.09623
16 11 1.09623
16 12 1.09623
16 13 1.09623
16 14 1.09623
16 15 2.13993
16 16 6.9139
16 17 1.98899
16 18 1.31203
16 19 1.0931
16 20 1.0931
16 21 1.0931
16 22 1.0931
16 23 1.0931
16 24 1.48231
16 25 1.69678
16 26 1.42861
16 27 1.26824
16 28 1.08703
16 29 1.08703
16 30 1.08703
16 31 1.08703
16 32 1.08703
16 33 1.23081
16 34 1.26731
16 35 1.23891
16 36 1.21158
16 37 1.08916
16 38 1.08916
16 39 1.08916
16 40 1.08916
16 41 1.08916
16 42 1.23224
16 43 1.27181
16 44 1.24399
16 45 1.21735
16 46 1.09209
16 47 1.09209
16 48 1.09209
16 49 1.09209
16 50 1.09209
16 51 1.35872
16 52 1.45937
16 53 1.33495
16 54 1.24842
16 55 1.08982
16 56 1.08982
16 57 1.08982
16 58 1.08982
16 59 1.08982
16 60 1.28019
16 61 1.33265
16 62 1.27671
16 63 1.22887
16 64 1.08503
16 65 1.08503
16 66 1.08503
16 67 1.08503
16 68 1.08503
16 69 1.1846
16 70 1.20985
16 71 1.20298
16 72 1.19234
16 73 1.0843
16 74 1.0843
16 75 1.0843
16 76 1.0843
16 77 1.0843
16 78 1.15306
16 79 1.17612
16 80 1.1806
16 81 1.17937
16 82 1.08601
16 83 1.08601
16 84 1.08601
16 85 1.08601
16 86 1.08601
16 87 1.18396
16 88 1.21337
16 89 1.20529
16 90 1.19469
16 91 1.08436
16 92 1.08436
16 93 1.08436
16 94 1.08436
16 95 1.08436
16 96 1.17111
16 97 1.19495
16 98 1.19268
16 99 1.1858
16 100 1.08091
16 101 1.08091
16 102 1.08091
16 103 1.08091
16 104 1.08091
16 105 1.14076
16 106 1.159
16 107 1.16499
16 108 1.16529
16 109 1.07867
16 110 1.07867
16 111 1.07867
16 112 1.07867
16 113 1.07867
16 114 1.11617
16 115 1.13157
16 116 1.14278
16 117 1.14701
16 118 1.07964
16 119 1.07964
16 120 1.07964
16 121 1.07964
16 122 1.07964
16 123 1.12433
16 124 1.14263
16 125 1.15192
16 126 1.15499
16 127 1.0784
16 128 1.0784
16 129 1.0784
16 130 1.0784
16 131 1.0784
16 132 1.12239
16 133 1.13849
16 134 1.14758
16 135 1.15072
16 136 1.07592
16 137 1.07592
16 138 1.07592
16 139 1.07592
16 140 1.07592
16 141 1.1122
16 142 1.12602
16 143 1.13547
16 144 1.13938
17 1 1.07985
17 2 1.07985
17 3 1.07985
17 4 1.07985
17 5 1.07985
17 6 1.24071
17 7 1.33784
17 8 1.39644
17 9 1.33443
17 10 1.08156
17 11 1.08156
17 12 1.08156
17 13 1.08156
17 14 1.08156
17 15 1.39076
17 16 1.98899
17 17 6.19948
17 18 1.54338
17 19 1.08014
17 20 1.08014
17 21 1.08014
17 22 1.08014
17 23 1.08014
17 24 1.27931
17 25 1.42707
17 26 1.55109
17 27 1.37701
17 28 1.07713
17 29 1.07713
17 30 1.07713
17 31 1.07713
17 32 1.07713
17 33 1.18636
17 34 1.2384
17 35 1.26932
17 36 1.26826
17 37 1.07904
17 38 1.07904
17 39 1.07904
17 40 1.07904
17 41 1.07904
17 42 1.18733
17 43 1.24306
17 44 1.27698
17 45 1.2765
17 46 1.08023
17 47 1.08023
17 48 1.08023
17 49 1.08023
17 50 1.08023
17 51 1.23872
17 52 1.33638
17 53 1.3938
17 54 1.33368
17 55 1.07897
17 56 1.07897
17 57 1.07897
17 58 1.07897
17 59 1.07897
17 60 1.2091
17 61 1.27606
17 62 1.31223
17 63 1.29703
17 64 1.07633
17 65 1.07633
17 66 1.07633
17 67 1.07633
17 68 1.07633
17 69 1.16303
17 70 1.20264
17 71 1.22993
17 72 1.23782
17 73 1.07648
17 74 1.07648
17 75 1.07648
17 76 1.07648
17 77 1.07648
17 78 1.14351
17 79 1.17881
17 80 1.20657
17 81 1.21786
17 82 1.07721
17 83 1.07721
17 84 1.07721
17 85 1.07721
17 86 1.07721
17 87 1.16125
17 88 1.20512
17 89 1.23373
17 90 1.24135
17 91 1.07609
17 92 1.07609
17 93 1.07609
17 94 1.07609
17 95 1.07609
17 96 1.15481
17 97 1.19202
17 98 1.219
17 99 1.22815
17 100 1.07393
17 101 1.07393
17 102 1.07393
17 103 1.07393
17 104 1.07393
17 105 1.13595
17 106 1.1647
17 107 1.18818
17 108 1.19859
17 109 1.07292
17 110 1.07292
17 111 1.07292
17 112 1.07292
17 113 1.07292
17 114 1.11683
17 115 1.14054
17 116 1.16285
17 117 1.17273
17 118 1.07335
17 119 1.07335
17 120 1.07335
17 121 1.07335
17 122 1.07335
17 123 1.12278
17 124 1.15067
17 125 1.17367
17 126 1.18411
17 127 1.07235
17 128 1.07235
17 129 1.07235
17 130 1.07235
17 131 1.07235
17 132 1.12197
17 133 1.14675
17 134 1.16834
17 135 1.17852
17 136 1.07059
17 137 1.07059
17 138 1.07059
17 139 1.07059
17 140 1.07059
17 141 1.1141
17 142 1.13516
17 143 1.15406
17 144 1.16329
18 1 1.07424
18 2 1.07424
18 3 1.07424
18 4 1.07424
18 5 1.07424
18 6 1.17885
18 7 1.2485
18 8 1.33406
18 9 1.38677
18 10 1.07493
18 11 1.07493
18 12 1.07493
18 13 1.07493
18 14 1.07493
18 15 1.20393
18 16 1.31203
18 17 1.54338
18 18 2.14449
18 19 1.07413
18 20 1.07413
18 21 1.07413
18 22 1.07413
18 23 1.07413
18 24 1.18808
18 25 1.26818
18 26 1.3775
18 27 1.45513
18 28 1.07238
18 29 1.07238
18 30 1.07238
18 31 1.07238
18 32 1.07238
18 33 1.15958
18 34 1.21154
18 35 1.26851
18 36 1.29996
18 37 1.07415
18 38 1.07415
18 39 1.07415
18 40 1.07415
18 41 1.07415
18 42 1.15978
18 43 1.21425
18 44 1.27441
18 45 1.30792
18 46 1.07463
18 47 1.07463
18 48 1.07463
18 49 1.07463
18 50 1.07463
18 51 1.17754
18 52 1.24779
18 53 1.3328
18 54 1.38579
18 55 1.0738
18 56 1.0738
18 57 1.0738
18 58 1.0738
18 59 1.0738
18 60 1.16867
18 61 1.22835
18 62 1.29686
18 63 1.33592
18 64 1.07212
18 65 1.07212
18 66 1.07212
18 67 1.07212
18 68 1.07212
18 69 1.14847
18 70 1.1921
18 71 1.23778
18 72 1.26213
18 73 1.07261
18 74 1.07261
18 75 1.07261
18 76 1.07261
18 77 1.07261
18 78 1.13592
18 79 1.17557
18 80 1.21605
18 81 1.23707
18 82 1.07291
18 83 1.07291
18 84 1.07291
18 85 1.07291
18 86 1.07291
18 87 1.14603
18 88 1.19298
18 89 1.24026
18 90 1.2656
18 91 1.07205
18 92 1.07205
18 93 1.07205
18 94 1.07205
18 95 1.07205
18 96 1.14324
18 97 1.18465
18 98 1.22757
18 99 1.25025
18 100 1.0705
18 101 1.0705
18 102 1.0705
18 103 1.0705
18 104 1.0705
18 105 1.13151
18 106 1.16486
18 107 1.19837
18 108 1.21578
18 109 1.07002
18 110 1.07002
18 111 1.07002
18 112 1.07002
18 113 1.07002
18 114 1.116
18 115 1.14363
18 116 1.17198
18 117 1.18529
18 118 1.0702
18 119 1.0702
18 120 1.0702
18 121 1.0702
18 122 1.0702
18 123 1.12051
18 124 1.15271
18 125 1.18336
18 126 1.19863
18 127 1.06934
18 128 1.06934
18 129 1.06934
18 130 1.06934
18 131 1.06934
18 132 1.12042
18 133 1.14926
18 134 1.17787
18 135 1.19252
18 136 1.06794
18 137 1.06794
18 138 1.06794
18 139 1.06794
18 140 1.06794
18 141 1.11421
18 142 1.13882
18 143 1.16298
18 144 1.17537
19 1 1.11799
19 2 1.11799
19 3 1.11799
19 4 1.11799
19 5 1.11799
19 6 1.09513
19 7 1.08491
19 8 1.0761
19 9 1.07183
19 10 1.16153
19 11 1.16153
19 12 1.16153
19 13 1.16153
19 14 1.16153
19 15 1.10989
19 16 1.0931
19 17 1.08014
19 18 1.07413
19 19 1.30413
19 20 1.30413
19 21 1.30413
19 22 1.30413
19 23 1.30413
19 24 1.11749
19 25 1.0963
19 26 1.08152
19 27 1.07478
19 28 1.16188
19 29 1.16188
19 30 1.16188
19 31 1.16188
19 32 1.16188
19 33 1.11031
19 34 1.09353
19 35 1.08046
19 36 1.07432
19 37 1.11134
19 38 1.11134
19 39 1.11134
19 40 1.11134
19 41 1.11134
19 42 1.09171
19 43 1.08299
19 44 1.07531
19 45 1.07173
19 46 1.13499
19 47 1.13499
19 48 1.13499
19 49 1.13499
19 50 1.13499
19 51 1.1026
19 52 1.0895
19 53 1.07874
19 54 1.07378
19 55 1.14698
19 56 1.14698
19 57 1.14698
19 58 1.14698
19 59 1.14698
19 60 1.10671
19 61 1.09191
19 62 1.07996
19 63 1.07432
19 64 1.1354
19 65 1.1354
19 66 1.1354
19 67 1.1354
19 68 1.1354
19 69 1.1032
19 70 1.09012
19 71 1.07916
19 72 1.07388
19 73 1.10134
19 74 1.10134
19 75 1.10134
19 76 1.10134
19 77 1.10134
19 78 1.08625
19 79 1.07938
19 80 1.07306
19 81 1.07028
19 82 1.11403
19 83 1.11403
19 84 1.11403
19 85 1.11403
19 86 1.11403
19 87 1.09335
19 88 1.08392
19 89 1.0757
19 90 1.07199
19 91 1.11846
19 92 1.11846
19 93 1.11846
19 94 1.11846
19 95 1.11846
19 96 1.09565
19 97 1.08557
19 98 1.07669
19 99 1.07241
19 100 1.11449
19 101 1.11449
19 102 1.11449
19 103 1.11449
19 104 1.11449
19 105 1.09391
19 106 1.0845
19 107 1.07613
19 108 1.07202
19 109 1.09117
19 110 1.09117
19 111 1.09117
19 112 1.09117
19 113 1.09117
19 114 1.08039
19 115 1.07499
19 116 1.06997
19 117 1.06789
19 118 1.09844
19 119 1.09844
19 120 1.09844
19 121 1.09844
19 122 1.09844
19 123 1.08477
19 124 1.07795
19 125 1.07188
19 126 1.06927
19 127 1.1007
19 128 1.1007
19 129 1.1007
19 130 1.1007
19 131 1.1007
19 132 1.08598
19 133 1.07899
19 134 1.07262
19 135 1.06956
19 136 1.09892
19 137 1.09892
19 138 1.09892
19 139 1.09892
19 140 1.09892
19 141 1.08506
19 142 1.07838
19 143 1.07226
19 144 1.06921
20 1 1.11799
20 2 1.11799
20 3 1.11799
20 4 1.11799
20 5 1.11799
20 6 1.09513
20 7 1.08491
20 8 1.0761
20 9 1.07183
20 10 1.16153
20 11 1.16153
20 12 1.16153
20 13 1.16153
20 14 1.16153
20 15 1.10989
20 16 1.0931
20 17 1.08014
20 18 1.07413
20 19 1.30413
20 20 1.30413
20 21 1.30413
20 22 1.30413
20 23 1.30413
20 24 1.11749
20 25 1.0963
20 26 1.08152
20 27 1.07478
20 28 1.16188
20 29 1.16188
20 30 1.16188
20 31 1.16188
20 32 1.16188
20 33 1.11031
20 34 1.09353
20 35 1.08046
20 36 1.07432
20 37 1.11134
20 38 1.11134
20 39 1.11134
20 40 1.11134
20 41 1.11134
20 42 1.09171
20 43 1.08299
20 44 1.07531
20 45 1.07173
20 46 1.13499
20 47 1.13499
20 48 1.13499
20 49 1.13499
20 50 1.13499
20 51 1.1026
20 52 1.0895
20 53 1.07874
20 54 1.07378
20 55 1.14698
20 56 1.14698
20 57 1.14698
20 58 1.14698
20 59 1.14698
20 60 1.10671
20 61 1.09191
20 62 1.07996
20 63 1.07432
20 64 1.1354
20 65 1.1354
20 66 1.1354
20 67 1.1354
20 68 1.1354
20 69 1.1032
20 70 1.09012
20 71 1.07916
20 72 1.07388
20 73 1.10134
20 74 1.10134
20 75 1.10134
20 76 1.10134
20 77 1.10134
20 78 1.08625
20 79 1.07938
20 80 1.07306
20 81 1.07028
20 82 1.11403
20 83 1.11403
20 84 1.11403
20 85 1.11403
20 86 1.11403
20 87 1.09335
20 88 1.08392
20 89 1.0757
20 90 1.07199
20 91 1.11846
20 92 1.11846
20 93 1.11846
20 94 1.11846
20 95 1.11846
20 96 1.09565
20 97 1.08557
20 98 1.07669
20 99 1.07241
20 100 1.11449
20 101 1.11449
20 102 1.11449
20 103 1.11449
20 104 1.11449
20 105 1.09391
20 106 1.0845
20 107 1.07613
20 108 1.07202
20 109 1.09117
20 110 1.09117
20 111 1.09117
20 112 1.09117
20 113 1.09117
20 114 1.08039
20 115 1.07499
20 116 1.06997
20 117 1.06789
20 118 1.09844
20 119 1.09844
20 120 1.09844
20 121 1.09844
20 122 1.09844
20 123 1.08477
20 124 1.07795
20 125 1.07188
20 126 1.06927
20 127 1.1007
20 128 1.1007
20 129 1.1007
20 130 1.1007
20 131 1.1007
20 132 1.08598
20 133 1.07899
20 134 1.07262
20 135 1.06956
20 136 1.09892
20 137 1.09892
20 138 1.09892
20 139 1.09892
20 140 1.09892
20 141 1.08506
20 142 1.07838
20 143 1.07226
20 144 1.06921
21 1 1.11799
21 2 1.11799
21 3 1.11799
21 4 1.11799
21 5 1.11799
21 6 1.09513
21 7 1.08491
21 8 1.0761
21 9 1.07183
21 10 1.16153
21 11 1.16153
21 12 1.16153
21 13 1.16153
21 14 1.16153
21 15 1.10989
21 16 1.0931
21 17 1.08014
21 18 1.07413
21 19 1.30413
21 20 1.30413
21 21 1.30413
21 22 1.30413
21 23 1.30413
21 24 1.11749
21 25 1.0963
21 26 1.08152
21 27 1.07478
21 28 1.16188
21 29 1.16188
21 30 1.16188
21 31 1.16188
21 32 1.16188
21 33 1.11031
21 34 1.09353
21 35 1.08046
21 36 1.07432
21 37 1.11134
21 38 1.11134
21 39 1.11134
