injected_el measured_el potential
1 1 1.30447
1 2 1.30447
1 3 1.30447
1 4 1.30447
1 5 1.30447
1 6 1.11818
1 7 1.09781
1 8 1.08365
1 9 1.07715
1 10 1.14636
1 11 1.14636
1 12 1.14636
1 13 1.14636
1 14 1.14636
1 15 1.10703
1 16 1.09198
1 17 1.08053
1 18 1.0754
1 19 1.11773
1 20 1.11773
1 21 1.11773
1 22 1.11773
1 23 1.11773
1 24 1.09558
1 25 1.0856
1 26 1.07699
1 27 1.07277
1 28 1.10027
1 29 1.10027
1 30 1.10027
1 31 1.10027
1 32 1.10027
1 33 1.08608
1 34 1.07918
1 35 1.07285
1 36 1.06969
1 37 1.14722
1 38 1.14722
1 39 1.14722
1 40 1.14722
1 41 1.14722
1 42 1.10671
1 43 1.09373
1 44 1.08266
1 45 1.07737
1 46 1.12863
1 47 1.12863
1 48 1.12863
1 49 1.12863
1 50 1.12863
1 51 1.10176
1 52 1.08948
1 53 1.0797
1 54 1.07558
1 55 1.11109
1 56 1.11109
1 57 1.11109
1 58 1.11109
1 59 1.11109
1 60 1.09289
1 61 1.08441
1 62 1.0767
1 63 1.07289
1 64 1.09719
1 65 1.09719
1 66 1.09719
1 67 1.09719
1 68 1.09719
1 69 1.08482
1 70 1.07856
1 71 1.07271
1 72 1.06978
1 73 1.11886
1 74 1.11886
1 75 1.11886
1 76 1.11886
1 77 1.11886
1 78 1.09614
1 79 1.08764
1 80 1.07962
1 81 1.07567
1 82 1.11116
1 83 1.11116
1 84 1.11116
1 85 1.11116
1 86 1.11116
1 87 1.09375
1 88 1.08529
1 89 1.07734
1 90 1.074
1 91 1.10117
1 92 1.10117
1 93 1.10117
1 94 1.10117
1 95 1.10117
1 96 1.08824
1 97 1.08136
1 98 1.07474
1 99 1.07148
1 100 1.09134
1 101 1.09134
1 102 1.09134
1 103 1.09134
1 104 1.09134
1 105 1.08143
1 106 1.07614
1 107 1.0711
1 108 1.06855
1 109 1.10132
1 110 1.10132
1 111 1.10132
1 112 1.10132
1 113 1.10132
1 114 1.08687
1 115 1.0811
1 116 1.07578
1 117 1.07264
1 118 1.09712
1 119 1.09712
1 120 1.09712
1 121 1.09712
1 122 1.09712
1 123 1.08584
1 124 1.07962
1 125 1.07388
1 126 1.07125
1 127 1.0911
1 128 1.0911
1 129 1.0911
1 130 1.0911
1 131 1.0911
1 132 1.08203
1 133 1.07671
1 134 1.07164
1 135 1.06902
1 136 1.08434
1 137 1.08434
1 138 1.08434
1 139 1.08434
1 140 1.08434
1 141 1.07669
1 142 1.07252
1 143 1.06844
1 144 1.06635
2 1 1.30447
2 2 1.30447
2 3 1.30447
2 4 1.30447
2 5 1.30447
2 6 1.11818
2 7 1.09781
2 8 1.08365
2 9 1.07715
2 10 1.14636
2 11 1.14636
2 12 1.14636
2 13 1.14636
2 14 1.14636
2 15 1.10703
2 16 1.09198
2 17 1.08053
2 18 1.0754
2 19 1.11773
2 20 1.11773
2 21 1.11773
2 22 1.11773
2 23 1.11773
2 24 1.09558
2 25 1.0856
2 26 1.07699
2 27 1.07277
2 28 1.10027
2 29 1.10027
2 30 1.10027
2 31 1.10027
2 32 1.10027
2 33 1.08608
2 34 1.07918
2 35 1.07285
2 36 1.06969
2 37 1.14722
2 38 1.14722
2 39 1.14722
2 40 1.14722
2 41 1.14722
2 42 1.10671
2 43 1.09373
2 44 1.08266
2 45 1.07737
2 46 1.12863
2 47 1.12863
2 48 1.12863
2 49 1.12863
2 50 1.12863
2 51 1.10176
2 52 1.08948
2 53 1.0797
2 54 1.07558
2 55 1.11109
2 56 1.11109
2 57 1.11109
2 58 1.11109
2 59 1.11109
2 60 1.09289
2 61 1.08441
2 62 1.0767
2 63 1.07289
2 64 1.09719
2 65 1.09719
2 66 1.09719
2 67 1.09719
2 68 1.09719
2 69 1.08482
2 70 1.07856
2 71 1.07271
2 72 1.06978
2 73 1.11886
2 74 1.11886
2 75 1.11886
2 76 1.11886
2 77 1.11886
2 78 1.09614
2 79 1.08764
2 80 1.07962
2 81 1.07567
2 82 1.11116
2 83 1.11116
2 84 1.11116
2 85 1.11116
2 86 1.11116
2 87 1.09375
2 88 1.08529
2 89 1.07734
2 90 1.074
2 91 1.10117
2 92 1.10117
2 93 1.10117
2 94 1.10117
2 95 1.10117
2 96 1.08824
2 97 1.08136
2 98 1.07474
2 99 1.07148
2 100 1.09134
2 101 1.09134
2 102 1.09134
2 103 1.09134
2 104 1.09134
2 105 1.08143
2 106 1.07614
2 107 1.0711
2 108 1.06855
2 109 1.10132
2 110 1.10132
2 111 1.10132
2 112 1.10132
2 113 1.10132
2 114 1.08687
2 115 1.0811
2 116 1.07578
2 117 1.07264
2 118 1.09712
2 119 1.09712
2 120 1.09712
2 121 1.09712
2 122 1.09712
2 123 1.08584
2 124 1.07962
2 125 1.07388
2 126 1.07125
2 127 1.0911
2 128 1.0911
2 129 1.0911
2 130 1.0911
2 131 1.0911
2 132 1.08203
2 133 1.07671
2 134 1.07164
2 135 1.06902
2 136 1.08434
2 137 1.08434
2 138 1.08434
2 139 1.08434
2 140 1.08434
2 141 1.07669
2 142 1.07252
2 143 1.06844
2 144 1.06635
3 1 1.30447
3 2 1.30447
3 3 1.30447
3 4 1.30447
3 5 1.30447
3 6 1.11818
3 7 1.09781
3 8 1.08365
3 9 1.07715
3 10 1.14636
3 11 1.14636
3 12 1.14636
3 13 1.14636
3 14 1.14636
3 15 1.10703
3 16 1.09198
3 17 1.08053
3 18 1.0754
3 19 1.11773
3 20 1.11773
3 21 1.11773
3 22 1.11773
3 23 1.11773
3 24 1.09558
3 25 1.0856
3 26 1.07699
3 27 1.07277
3 28 1.10027
3 29 1.10027
3 30 1.10027
3 31 1.10027
3 32 1.10027
3 33 1.08608
3 34 1.07918
3 35 1.07285
3 36 1.06969
3 37 1.14722
3 38 1.14722
3 39 1.14722
3 40 1.14722
3 41 1.14722
3 42 1.10671
3 43 1.09373
3 44 1.08266
3 45 1.07737
3 46 1.12863
3 47 1.12863
3 48 1.12863
3 49 1.12863
3 50 1.12863
3 51 1.10176
3 52 1.08948
3 53 1.0797
3 54 1.07558
3 55 1.11109
3 56 1.11109
3 57 1.11109
3 58 1.11109
3 59 1.11109
3 60 1.09289
3 61 1.08441
3 62 1.0767
3 63 1.07289
3 64 1.09719
3 65 1.09719
3 66 1.09719
3 67 1.09719
3 68 1.09719
3 69 1.08482
3 70 1.07856
3 71 1.07271
3 72 1.06978
3 73 1.11886
3 74 1.11886
3 75 1.11886
3 76 1.11886
3 77 1.11886
3 78 1.09614
3 79 1.08764
3 80 1.07962
3 81 1.07567
3 82 1.11116
3 83 1.11116
3 84 1.11116
3 85 1.11116
3 86 1.11116
3 87 1.09375
3 88 1.08529
3 89 1.07734
3 90 1.074
3 91 1.10117
3 92 1.10117
3 93 1.10117
3 94 1.10117
3 95 1.10117
3 96 1.08824
3 97 1.08136
3 98 1.07474
3 99 1.07148
3 100 1.09134
3 101 1.09134
3 102 1.09134
3 103 1.09134
3 104 1.09134
3 105 1.08143
3 106 1.07614
3 107 1.0711
3 108 1.06855
3 109 1.10132
3 110 1.10132
3 111 1.10132
3 112 1.10132
3 113 1.10132
3 114 1.08687
3 115 1.0811
3 116 1.07578
3 117 1.07264
3 118 1.09712
3 119 1.09712
3 120 1.09712
3 121 1.09712
3 122 1.09712
3 123 1.08584
3 124 1.07962
3 125 1.07388
3 126 1.07125
3 127 1.0911
3 128 1.0911
3 129 1.0911
3 130 1.0911
3 131 1.0911
3 132 1.08203
3 133 1.07671
3 134 1.07164
3 135 1.06902
3 136 1.08434
3 137 1.08434
3 138 1.08434
3 139 1.08434
3 140 1.08434
3 141 1.07669
3 142 1.07252
3 143 1.06844
3 144 1.06635
4 1 1.30447
4 2 1.30447
4 3 1.30447
4 4 1.30447
4 5 1.30447
4 6 1.11818
4 7 1.09781
4 8 1.08365
4 9 1.07715
4 10 1.14636
4 11 1.14636
4 12 1.14636
4 13 1.14636
4 14 1.14636
4 15 1.10703
4 16 1.09198
4 17 1.08053
4 18 1.0754
4 19 1.11773
4 20 1.11773
4 21 1.11773
4 22 1.11773
4 23 1.11773
4 24 1.09558
4 25 1.0856
4 26 1.07699
4 27 1.07277
4 28 1.10027
4 29 1.10027
4 30 1.10027
4 31 1.10027
4 32 1.10027
4 33 1.08608
4 34 1.07918
4 35 1.07285
4 36 1.06969
4 37 1.14722
4 38 1.14722
4 39 1.14722
4 40 1.14722
4 41 1.14722
4 42 1.10671
4 43 1.09373
4 44 1.08266
4 45 1.07737
4 46 1.12863
4 47 1.12863
4 48 1.12863
4 49 1.12863
4 50 1.12863
4 51 1.10176
4 52 1.08948
4 53 1.0797
4 54 1.07558
4 55 1.11109
4 56 1.11109
4 57 1.11109
4 58 1.11109
4 59 1.11109
4 60 1.09289
4 61 1.08441
4 62 1.0767
4 63 1.07289
4 64 1.09719
4 65 1.09719
4 66 1.09719
4 67 1.09719
4 68 1.09719
4 69 1.08482
4 70 1.07856
4 71 1.07271
4 72 1.06978
4 73 1.11886
4 74 1.11886
4 75 1.11886
4 76 1.11886
4 77 1.11886
4 78 1.09614
4 79 1.08764
4 80 1.07962
4 81 1.07567
4 82 1.11116
4 83 1.11116
4 84 1.11116
4 85 1.11116
4 86 1.11116
4 87 1.09375
4 88 1.08529
4 89 1.07734
4 90 1.074
4 91 1.10117
4 92 1.10117
4 93 1.10117
4 94 1.10117
4 95 1.10117
4 96 1.08824
4 97 1.08136
4 98 1.07474
4 99 1.07148
4 100 1.09134
4 101 1.09134
4 102 1.09134
4 103 1.09134
4 104 1.09134
4 105 1.08143
4 106 1.07614
4 107 1.0711
4 108 1.06855
4 109 1.10132
4 110 1.10132
4 111 1.10132
4 112 1.10132
4 113 1.10132
4 114 1.08687
4 115 1.0811
4 116 1.07578
4 117 1.07264
4 118 1.09712
4 119 1.09712
4 120 1.09712
4 121 1.09712
4 122 1.09712
4 123 1.08584
4 124 1.07962
4 125 1.07388
4 126 1.07125
4 127 1.0911
4 128 1.0911
4 129 1.0911
4 130 1.0911
4 131 1.0911
4 132 1.08203
4 133 1.07671
4 134 1.07164
4 135 1.06902
4 136 1.08434
4 137 1.08434
4 138 1.08434
4 139 1.08434
4 140 1.08434
4 141 1.07669
4 142 1.07252
4 143 1.06844
4 144 1.06635
5 1 1.30447
5 2 1.30447
5 3 1.30447
5 4 1.30447
5 5 1.30447
5 6 1.11818
5 7 1.09781
5 8 1.08365
5 9 1.07715
5 10 1.14636
5 11 1.14636
5 12 1.14636
5 13 1.14636
5 14 1.14636
5 15 1.10703
5 16 1.09198
5 17 1.08053
5 18 1.0754
5 19 1.11773
5 20 1.11773
5 21 1.11773
5 22 1.11773
5 23 1.11773
5 24 1.09558
5 25 1.0856
5 26 1.07699
5 27 1.07277
5 28 1.10027
5 29 1.10027
5 30 1.10027
5 31 1.10027
5 32 1.10027
5 33 1.08608
5 34 1.07918
5 35 1.07285
5 36 1.06969
5 37 1.14722
5 38 1.14722
5 39 1.14722
5 40 1.14722
5 41 1.14722
5 42 1.10671
5 43 1.09373
5 44 1.08266
5 45 1.07737
5 46 1.12863
5 47 1.12863
5 48 1.12863
5 49 1.12863
5 50 1.12863
5 51 1.10176
5 52 1.08948
5 53 1.0797
5 54 1.07558
5 55 1.11109
5 56 1.11109
5 57 1.11109
5 58 1.11109
5 59 1.11109
5 60 1.09289
5 61 1.08441
5 62 1.0767
5 63 1.07289
5 64 1.09719
5 65 1.09719
5 66 1.09719
5 67 1.09719
5 68 1.09719
5 69 1.08482
5 70 1.07856
5 71 1.07271
5 72 1.06978
5 73 1.11886
5 74 1.11886
5 75 1.11886
5 76 1.11886
5 77 1.11886
5 78 1.09614
5 79 1.08764
5 80 1.07962
5 81 1.07567
5 82 1.11116
5 83 1.11116
5 84 1.11116
5 85 1.11116
5 86 1.11116
5 87 1.09375
5 88 1.08529
5 89 1.07734
5 90 1.074
5 91 1.10117
5 92 1.10117
5 93 1.10117
5 94 1.10117
5 95 1.10117
5 96 1.08824
5 97 1.08136
5 98 1.07474
5 99 1.07148
5 100 1.09134
5 101 1.09134
5 102 1.09134
5 103 1.09134
5 104 1.09134
5 105 1.08143
5 106 1.07614
5 107 1.0711
5 108 1.06855
5 109 1.10132
5 110 1.10132
5 111 1.10132
5 112 1.10132
5 113 1.10132
5 114 1.08687
5 115 1.0811
5 116 1.07578
5 117 1.07264
5 118 1.09712
5 119 1.09712
5 120 1.09712
5 121 1.09712
5 122 1.09712
5 123 1.08584
5 124 1.07962
5 125 1.07388
5 126 1.07125
5 127 1.0911
5 128 1.0911
5 129 1.0911
5 130 1.0911
5 131 1.0911
5 132 1.08203
5 133 1.07671
5 134 1.07164
5 135 1.06902
5 136 1.08434
5 137 1.08434
5 138 1.08434
5 139 1.08434
5 140 1.08434
5 141 1.07669
5 142 1.07252
5 143 1.06844
5 144 1.06635
6 1 1.11818
6 2 1.11818
6 3 1.11818
6 4 1.11818
6 5 1.11818
6 6 6.39464
6 7 2.03313
6 8 1.36888
6 9 1.20193
6 10 1.10655
6 11 1.10655
6 12 1.10655
6 13 1.10655
6 14 1.10655
6 15 1.40877
6 16 1.33617
6 17 1.22953
6 18 1.17759
6 19 1.09524
6 20 1.09524
6 21 1.09524
6 22 1.09524
6 23 1.09524
6 24 1.18271
6 25 1.18314
6 26 1.1631
6 27 1.14872
6 28 1.08574
6 29 1.08574
6 30 1.08574
6 31 1.08574
6 32 1.08574
6 33 1.12134
6 34 1.12762
6 35 1.12665
6 36 1.12471
6 37 1.10945
6 38 1.10945
6 39 1.10945
6 40 1.10945
6 41 1.10945
6 42 1.38708
6 43 1.32703
6 44 1.23093
6 45 1.18159
6 46 1.10244
6 47 1.10244
6 48 1.10244
6 49 1.10244
6 50 1.10244
6 51 1.23243
6 52 1.22437
6 53 1.18621
6 54 1.16427
6 55 1.09318
6 56 1.09318
6 57 1.09318
6 58 1.09318
6 59 1.09318
6 60 1.15091
6 61 1.15646
6 62 1.14902
6 63 1.14137
6 64 1.08472
6 65 1.08472
6 66 1.08472
6 67 1.08472
6 68 1.08472
6 69 1.11402
6 70 1.12022
6 71 1.1213
6 72 1.12076
6 73 1.09879
6 74 1.09879
6 75 1.09879
6 76 1.09879
6 77 1.09879
6 78 1.18663
6 79 1.18619
6 80 1.1668
6 81 1.15392
6 82 1.09476
6 83 1.09476
6 84 1.09476
6 85 1.09476
6 86 1.09476
6 87 1.14905
6 88 1.1556
6 89 1.14922
6 90 1.14314
6 91 1.0882
6 92 1.0882
6 93 1.0882
6 94 1.0882
6 95 1.0882
6 96 1.12357
6 97 1.12939
6 98 1.12982
6 99 1.12785
6 100 1.08142
6 101 1.08142
6 102 1.08142
6 103 1.08142
6 104 1.08142
6 105 1.10324
6 106 1.1089
6 107 1.11166
6 108 1.11243
6 109 1.089
6 110 1.089
6 111 1.089
6 112 1.089
6 113 1.089
6 114 1.1287
6 115 1.13231
6 116 1.13187
6 117 1.12924
6 118 1.08643
6 119 1.08643
6 120 1.08643
6 121 1.08643
6 122 1.08643
6 123 1.11691
6 124 1.12119
6 125 1.12337
6 126 1.12276
6 127 1.08196
6 128 1.08196
6 129 1.08196
6 130 1.08196
6 131 1.08196
6 132 1.10511
6 133 1.10956
6 134 1.11273
6 135 1.11308
6 136 1.07684
6 137 1.07684
6 138 1.07684
6 139 1.07684
6 140 1.07684
6 141 1.0926
6 142 1.09758
6 143 1.10091
6 144 1.10225
7 1 1.09781
7 2 1.09781
7 3 1.09781
7 4 1.09781
7 5 1.09781
7 6 2.03313
7 7 6.30861
7 8 1.91653
7 9 1.30503
7 10 1.09225
7 11 1.09225
7 12 1.09225
7 13 1.09225
7 14 1.09225
7 15 1.33805
7 16 1.43119
7 17 1.32127
7 18 1.24479
7 19 1.08543
7 20 1.08543
7 21 1.08543
7 22 1.08543
7 23 1.08543
7 24 1.18303
7 25 1.20955
7 26 1.20393
7 27 1.19245
7 28 1.07892
7 29 1.07892
7 30 1.07892
7 31 1.07892
7 32 1.07892
7 33 1.12766
7 34 1.14395
7 35 1.15205
7 36 1.15427
7 37 1.09499
7 38 1.09499
7 39 1.09499
7 40 1.09499
7 41 1.09499
7 42 1.32554
7 43 1.40421
7 44 1.31351
7 45 1.24715
7 46 1.09073
7 47 1.09073
7 48 1.09073
7 49 1.09073
7 50 1.09073
7 51 1.22001
7 52 1.25927
7 53 1.23861
7 54 1.216
7 55 1.08456
7 56 1.08456
7 57 1.08456
7 58 1.08456
7 59 1.08456
7 60 1.15478
7 61 1.17662
7 62 1.18223
7 63 1.17868
7 64 1.07848
7 65 1.07848
7 66 1.07848
7 67 1.07848
7 68 1.07848
7 69 1.12014
7 70 1.13479
7 71 1.14399
7 72 1.14734
7 73 1.089
7 74 1.089
7 75 1.089
7 76 1.089
7 77 1.089
7 78 1.18657
7 79 1.20873
7 80 1.20387
7 81 1.19544
7 82 1.08621
7 83 1.08621
7 84 1.08621
7 85 1.08621
7 86 1.08621
7 87 1.15119
7 88 1.17378
7 89 1.18122
7 90 1.17927
7 91 1.08135
7 92 1.08135
7 93 1.08135
7 94 1.08135
7 95 1.08135
7 96 1.12863
7 97 1.14423
7 98 1.15459
7 99 1.15674
7 100 1.07615
7 101 1.07615
7 102 1.07615
7 103 1.07615
7 104 1.07615
7 105 1.10886
7 106 1.12113
7 107 1.13048
7 108 1.13454
7 109 1.0823
7 110 1.0823
7 111 1.0823
7 112 1.0823
7 113 1.0823
7 114 1.1351
7 115 1.14698
7 116 1.15521
7 117 1.15674
7 118 1.08036
7 119 1.08036
7 120 1.08036
7 121 1.08036
7 122 1.08036
7 123 1.12182
7 124 1.13414
7 125 1.14495
7 126 1.1478
7 127 1.07678
7 128 1.07678
7 129 1.07678
7 130 1.07678
7 131 1.07678
7 132 1.11032
7 133 1.12107
7 134 1.13108
7 135 1.13455
7 136 1.07262
7 137 1.07262
7 138 1.07262
7 139 1.07262
7 140 1.07262
7 141 1.09752
7 142 1.10752
7 143 1.11586
7 144 1.11974
8 1 1.08365
8 2 1.08365
8 3 1.08365
8 4 1.08365
8 5 1.08365
8 6 1.36888
8 7 1.91653
8 8 5.87967
8 9 1.53148
8 10 1.08085
8 11 1.08085
8 12 1.08085
8 13 1.08085
8 14 1.08085
8 15 1.23334
8 16 1.32893
8 17 1.38623
8 18 1.32919
8 19 1.077
8 20 1.077
8 21 1.077
8 22 1.077
8 23 1.077
8 24 1.16378
8 25 1.20527
8 26 1.23437
8 27 1.23961
8 28 1.07283
8 29 1.07283
8 30 1.07283
8 31 1.07283
8 32 1.07283
8 33 1.12748
8 34 1.15302
8 35 1.17458
8 36 1.18436
8 37 1.08317
8 38 1.08317
8 39 1.08317
8 40 1.08317
8 41 1.08317
8 42 1.22801
8 43 1.30832
8 44 1.36494
8 45 1.32681
8 46 1.08074
8 47 1.08074
8 48 1.08074
8 49 1.08074
8 50 1.08074
8 51 1.18206
8 52 1.24009
8 53 1.27537
8 54 1.27265
8 55 1.07692
8 56 1.07692
8 57 1.07692
8 58 1.07692
8 59 1.07692
8 60 1.14676
8 61 1.18115
8 62 1.20916
8 63 1.21702
8 64 1.07283
8 65 1.07283
8 66 1.07283
8 67 1.07283
8 68 1.07283
8 69 1.12157
8 70 1.14435
8 71 1.16443
8 72 1.1738
8 73 1.08017
8 74 1.08017
8 75 1.08017
8 76 1.08017
8 77 1.08017
8 78 1.16568
8 79 1.20076
8 80 1.22813
8 81 1.23687
8 82 1.07839
8 83 1.07839
8 84 1.07839
8 85 1.07839
8 86 1.07839
8 87 1.14211
8 88 1.17727
8 89 1.20669
8 90 1.21502
8 91 1.07503
8 92 1.07503
8 93 1.07503
8 94 1.07503
8 95 1.07503
8 96 1.12747
8 97 1.15225
8 98 1.17594
8 99 1.18502
8 100 1.07127
8 101 1.07127
8 102 1.07127
8 103 1.07127
8 104 1.07127
8 105 1.11162
8 106 1.13038
8 107 1.14763
8 108 1.15599
8 109 1.07593
8 110 1.07593
8 111 1.07593
8 112 1.07593
8 113 1.07593
8 114 1.13314
8 115 1.15268
8 116 1.17321
8 117 1.18214
8 118 1.07457
8 119 1.07457
8 120 1.07457
8 121 1.07457
8 122 1.07457
8 123 1.12131
8 124 1.14164
8 125 1.16318
8 126 1.17117
8 127 1.07185
8 128 1.07185
8 129 1.07185
8 130 1.07185
8 131 1.07185
8 132 1.11224
8 133 1.1293
8 134 1.14726
8 135 1.15478
8 136 1.06862
8 137 1.06862
8 138 1.06862
8 139 1.06862
8 140 1.06862
8 141 1.10078
8 142 1.11568
8 143 1.1295
8 144 1.13631
9 1 1.07715
9 2 1.07715
9 3 1.07715
9 4 1.07715
9 5 1.07715
9 6 1.20193
9 7 1.30503
9 8 1.53148
9 9 2.13415
9 10 1.07534
9 11 1.07534
9 12 1.07534
9 13 1.07534
9 14 1.07534
9 15 1.17794
9 16 1.24901
9 17 1.33181
9 18 1.3788
9 19 1.07275
9 20 1.07275
9 21 1.07275
9 22 1.07275
9 23 1.07275
9 24 1.14934
9 25 1.194
9 26 1.24042
9 27 1.26302
9 28 1.06968
9 29 1.06968
9 30 1.06968
9 31 1.06968
9 32 1.06968
9 33 1.12524
9 34 1.15481
9 35 1.18389
9 36 1.19869
9 37 1.07744
9 38 1.07744
9 39 1.07744
9 40 1.07744
9 41 1.07744
9 42 1.17679
9 43 1.23774
9 44 1.31783
9 45 1.37393
9 46 1.07574
9 47 1.07574
9 48 1.07574
9 49 1.07574
9 50 1.07574
9 51 1.15752
9 52 1.21517
9 53 1.27347
9 54 1.29979
9 55 1.07299
9 56 1.07299
9 57 1.07299
9 58 1.07299
9 59 1.07299
9 60 1.13899
9 61 1.1774
9 62 1.21713
9 63 1.2345
9 64 1.06984
9 65 1.06984
9 66 1.06984
9 67 1.06984
9 68 1.06984
9 69 1.12039
9 70 1.14676
9 71 1.17269
9 72 1.18575
9 73 1.07569
9 74 1.07569
9 75 1.07569
9 76 1.07569
9 77 1.07569
9 78 1.15103
9 79 1.18925
9 80 1.23259
9 81 1.25682
9 82 1.07435
9 83 1.07435
9 84 1.07435
9 85 1.07435
9 86 1.07435
9 87 1.13441
9 88 1.17375
9 89 1.21441
9 90 1.23093
9 91 1.0717
9 92 1.0717
9 93 1.0717
9 94 1.0717
9 95 1.0717
9 96 1.1246
9 97 1.15323
9 98 1.18391
9 99 1.19744
9 100 1.06864
9 101 1.06864
9 102 1.06864
9 103 1.06864
9 104 1.06864
9 105 1.11162
9 106 1.13334
9 107 1.15467
9 108 1.16541
9 109 1.0726
9 110 1.0726
9 111 1.0726
9 112 1.0726
9 113 1.0726
9 114 1.12999
9 115 1.15293
9 116 1.18005
9 117 1.19372
9 118 1.07148
9 119 1.07148
9 120 1.07148
9 121 1.07148
9 122 1.07148
9 123 1.11928
9 124 1.14324
9 125 1.17027
9 126 1.18132
9 127 1.06918
9 128 1.06918
9 129 1.06918
9 130 1.06918
9 131 1.06918
9 132 1.11182
9 133 1.13179
9 134 1.15376
9 135 1.1635
9 136 1.06643
9 137 1.06643
9 138 1.06643
9 139 1.06643
9 140 1.06643
9 141 1.10146
9 142 1.11861
9 143 1.13516
9 144 1.14347
10 1 1.14636
10 2 1.14636
10 3 1.14636
10 4 1.14636
10 5 1.14636
10 6 1.10655
10 7 1.09225
10 8 1.08085
10 9 1.07534
10 10 1.30363
10 11 1.30363
10 12 1.30363
10 13 1.30363
10 14 1.30363
10 15 1.11745
10 16 1.09609
10 17 1.08202
10 18 1.07607
10 19 1.16119
10 20 1.16119
10 21 1.16119
10 22 1.16119
10 23 1.16119
10 24 1.10999
10 25 1.09348
10 26 1.08087
10 27 1.07503
10 28 1.12547
10 29 1.12547
10 30 1.12547
10 31 1.12547
10 32 1.12547
10 33 1.09896
10 34 1.08759
10 35 1.07783
10 36 1.07309
10 37 1.12865
10 38 1.12865
10 39 1.12865
10 40 1.12865
10 41 1.12865
10 42 1.1006
10 43 1.08968
10 44 1.08026
10 45 1.07563
10 46 1.1463
10 47 1.1463
10 48 1.1463
10 49 1.1463
10 50 1.1463
10 51 1.1068
10 52 1.09196
10 53 1.08069
10 54 1.07614
10 55 1.13461
10 56 1.13461
10 57 1.13461
10 58 1.13461
10 59 1.13461
10 60 1.10284
10 61 1.09047
10 62 1.07992
10 63 1.07496
10 64 1.1166
10 65 1.1166
10 66 1.1166
10 67 1.1166
10 68 1.1166
10 69 1.09541
10 70 1.08577
10 71 1.07719
10 72 1.07298
10 73 1.11123
10 74 1.11123
10 75 1.11123
10 76 1.11123
10 77 1.11123
10 78 1.09285
10 79 1.08493
10 80 1.07772
10 81 1.07409
10 82 1.11785
10 83 1.11785
10 84 1.11785
10 85 1.11785
10 86 1.11785
10 87 1.09632
10 88 1.08679
10 89 1.07798
10 90 1.07444
10 91 1.11373
10 92 1.11373
10 93 1.11373
10 94 1.11373
10 95 1.11373
10 96 1.0944
10 97 1.08559
10 98 1.07723
10 99 1.07328
10 100 1.10464
10 101 1.10464
10 102 1.10464
10 103 1.10464
10 104 1.10464
10 105 1.08927
10 106 1.08178
10 107 1.07486
10 108 1.07142
10 109 1.09717
10 110 1.09717
10 111 1.09717
10 112 1.09717
10 113 1.09717
10 114 1.08483
10 115 1.07923
10 116 1.07427
10 117 1.07127
10 118 1.10031
10 119 1.10031
10 120 1.10031
10 121 1.10031
10 122 1.10031
10 123 1.0873
10 124 1.08051
10 125 1.07432
10 126 1.07157
10 127 1.09829
10 128 1.09829
10 129 1.09829
10 130 1.09829
10 131 1.09829
10 132 1.08592
10 133 1.07956
10 134 1.07353
10 135 1.07053
10 136 1.09326
10 137 1.09326
10 138 1.09326
10 139 1.09326
10 140 1.09326
10 141 1.08231
10 142 1.07677
10 143 1.07151
10 144 1.06885
11 1 1.14636
11 2 1.14636
11 3 1.14636
11 4 1.14636
11 5 1.14636
11 6 1.10655
11 7 1.09225
11 8 1.08085
11 9 1.07534
11 10 1.30363
11 11 1.30363
11 12 1.30363
11 13 1.30363
11 14 1.30363
11 15 1.11745
11 16 1.09609
11 17 1.08202
11 18 1.07607
11 19 1.16119
11 20 1.16119
11 21 1.16119
11 22 1.16119
11 23 1.16119
11 24 1.10999
11 25 1.09348
11 26 1.08087
11 27 1.07503
11 28 1.12547
11 29 1.12547
11 30 1.12547
11 31 1.12547
11 32 1.12547
11 33 1.09896
11 34 1.08759
11 35 1.07783
11 36 1.07309
11 37 1.12865
11 38 1.12865
11 39 1.12865
11 40 1.12865
11 41 1.12865
11 42 1.1006
11 43 1.08968
11 44 1.08026
11 45 1.07563
11 46 1.1463
11 47 1.1463
11 48 1.1463
11 49 1.1463
11 50 1.1463
11 51 1.1068
11 52 1.09196
11 53 1.08069
11 54 1.07614
11 55 1.13461
11 56 1.13461
11 57 1.13461
11 58 1.13461
11 59 1.13461
11 60 1.10284
11 61 1.09047
11 62 1.07992
11 63 1.07496
11 64 1.1166
11 65 1.1166
11 66 1.1166
11 67 1.1166
11 68 1.1166
11 69 1.09541
11 70 1.08577
11 71 1.07719
11 72 1.07298
11 73 1.11123
11 74 1.11123
11 75 1.11123
11 76 1.11123
11 77 1.11123
11 78 1.09285
11 79 1.08493
11 80 1.07772
11 81 1.07409
11 82 1.11785
11 83 1.11785
11 84 1.11785
11 85 1.11785
11 86 1.11785
11 87 1.09632
11 88 1.08679
11 89 1.07798
11 90 1.07444
11 91 1.11373
11 92 1.11373
11 93 1.11373
11 94 1.11373
11 95 1.11373
11 96 1.0944
11 97 1.08559
11 98 1.07723
11 99 1.07328
11 100 1.10464
11 101 1.10464
11 102 1.10464
11 103 1.10464
11 104 1.10464
11 105 1.08927
11 106 1.08178
11 107 1.07486
11 108 1.07142
11 109 1.09717
11 110 1.09717
11 111 1.09717
11 112 1.09717
11 113 1.09717
11 114 1.08483
11 115 1.07923
11 116 1.07427
11 117 1.07127
11 118 1.10031
11 119 1.10031
11 120 1.10031
11 121 1.10031
11 122 1.10031
11 123 1.0873
11 124 1.08051
11 125 1.07432
11 126 1.07157
11 127 1.09829
11 128 1.09829
11 129 1.09829
11 130 1.09829
11 131 1.09829
11 132 1.08592
11 133 1.07956
11 134 1.07353
11 135 1.07053
11 136 1.09326
11 137 1.09326
11 138 1.09326
11 139 1.09326
11 140 1.09326
11 141 1.08231
11 142 1.07677
11 143 1.07151
11 144 1.06885
12 1 1.14636
12 2 1.14636
12 3 1.14636
12 4 1.14636
12 5 1.14636
12 6 1.10655
12 7 1.09225
12 8 1.08085
12 9 1.07534
12 10 1.30363
12 11 1.30363
12 12 1.30363
12 13 1.30363
12 14 1.30363
12 15 1.11745
12 16 1.09609
12 17 1.08202
12 18 1.07607
12 19 1.16119
12 20 1.16119
12 21 1.16119
12 22 1.16119
12 23 1.16119
12 24 1.10999
12 25 1.09348
12 26 1.08087
12 27 1.07503
12 28 1.12547
12 29 1.12547
12 30 1.12547
12 31 1.12547
12 32 1.12547
12 33 1.09896
12 34 1.08759
12 35 1.07783
12 36 1.07309
12 37 1.12865
12 38 1.12865
12 39 1.12865
12 40 1.12865
12 41 1.12865
12 42 1.1006
12 43 1.08968
12 44 1.08026
12 45 1.07563
12 46 1.1463
12 47 1.1463
12 48 1.1463
12 49 1.1463
12 50 1.1463
12 51 1.1068
12 52 1.09196
12 53 1.08069
12 54 1.07614
12 55 1.13461
12 56 1.13461
12 57 1.13461
12 58 1.13461
12 59 1.13461
12 60 1.10284
12 61 1.09047
12 62 1.07992
12 63 1.07496
12 64 1.1166
12 65 1.1166
12 66 1.1166
12 67 1.1166
12 68 1.1166
12 69 1.09541
12 70 1.08577
12 71 1.07719
12 72 1.07298
12 73 1.11123
12 74 1.11123
12 75 1.11123
12 76 1.11123
12 77 1.11123
12 78 1.09285
12 79 1.08493
12 80 1.07772
12 81 1.07409
12 82 1.11785
12 83 1.11785
12 84 1.11785
12 85 1.11785
12 86 1.11785
12 87 1.09632
12 88 1.08679
12 89 1.07798
12 90 1.07444
12 91 1.11373
12 92 1.11373
12 93 1.11373
12 94 1.11373
12 95 1.11373
12 96 1.0944
12 97 1.08559
12 98 1.07723
12 99 1.07328
12 100 1.10464
12 101 1.10464
12 102 1.10464
12 103 1.10464
12 104 1.10464
12 105 1.08927
12 106 1.08178
12 107 1.07486
12 108 1.07142
12 109 1.09717
12 110 1.09717
12 111 1.09717
12 112 1.09717
12 113 1.09717
12 114 1.08483
12 115 1.07923
12 116 1.07427
12 117 1.07127
12 118 1.10031
12 119 1.10031
12 120 1.10031
12 121 1.10031
12 122 1.10031
12 123 1.0873
12 124 1.08051
12 125 1.07432
12 126 1.07157
12 127 1.09829
12 128 1.09829
12 129 1.09829
12 130 1.09829
12 131 1.09829
12 132 1.08592
12 133 1.07956
12 134 1.07353
12 135 1.07053
12 136 1.09326
12 137 1.09326
12 138 1.09326
12 139 1.09326
12 140 1.09326
12 141 1.08231
12 142 1.07677
12 143 1.07151
12 144 1.06885
13 1 1.14636
13 2 1.14636
13 3 1.14636
13 4 1.14636
13 5 1.14636
13 6 1.10655
13 7 1.09225
13 8 1.08085
13 9 1.07534
13 10 1.30363
13 11 1.30363
13 12 1.30363
13 13 1.30363
13 14 1.30363
13 15 1.11745
13 16 1.09609
13 17 1.08202
13 18 1.07607
13 19 1.16119
13 20 1.16119
13 21 1.16119
13 22 1.16119
13 23 1.16119
13 24 1.10999
13 25 1.09348
13 26 1.08087
13 27 1.07503
13 28 1.12547
13 29 1.12547
13 30 1.12547
13 31 1.12547
13 32 1.12547
13 33 1.09896
13 34 1.08759
13 35 1.07783
13 36 1.07309
13 37 1.12865
13 38 1.12865
13 39 1.12865
13 40 1.12865
13 41 1.12865
13 42 1.1006
13 43 1.08968
13 44 1.08026
13 45 1.07563
13 46 1.1463
13 47 1.1463
13 48 1.1463
13 49 1.1463
13 50 1.1463
13 51 1.1068
13 52 1.09196
13 53 1.08069
13 54 1.07614
13 55 1.13461
13 56 1.13461
13 57 1.13461
13 58 1.13461
13 59 1.13461
13 60 1.10284
13 61 1.09047
13 62 1.07992
13 63 1.07496
13 64 1.1166
13 65 1.1166
13 66 1.1166
13 67 1.1166
13 68 1.1166
13 69 1.09541
13 70 1.08577
13 71 1.07719
13 72 1.07298
13 73 1.11123
13 74 1.11123
13 75 1.11123
13 76 1.11123
13 77 1.11123
13 78 1.09285
13 79 1.08493
13 80 1.07772
13 81 1.07409
13 82 1.11785
13 83 1.11785
13 84 1.11785
13 85 1.11785
13 86 1.11785
13 87 1.09632
13 88 1.08679
13 89 1.07798
13 90 1.07444
13 91 1.11373
13 92 1.11373
13 93 1.11373
13 94 1.11373
13 95 1.11373
13 96 1.0944
13 97 1.08559
13 98 1.07723
13 99 1.07328
13 100 1.10464
13 101 1.10464
13 102 1.10464
13 103 1.10464
13 104 1.10464
13 105 1.08927
13 106 1.08178
13 107 1.07486
13 108 1.07142
13 109 1.09717
13 110 1.09717
13 111 1.09717
13 112 1.09717
13 113 1.09717
13 114 1.08483
13 115 1.07923
13 116 1.07427
13 117 1.07127
13 118 1.10031
13 119 1.10031
13 120 1.10031
13 121 1.10031
13 122 1.10031
13 123 1.0873
13 124 1.08051
13 125 1.07432
13 126 1.07157
13 127 1.09829
13 128 1.09829
13 129 1.09829
13 130 1.09829
13 131 1.09829
13 132 1.08592
13 133 1.07956
13 134 1.07353
13 135 1.07053
13 136 1.09326
13 137 1.09326
13 138 1.09326
13 139 1.09326
13 140 1.09326
13 141 1.08231
13 142 1.07677
13 143 1.07151
13 144 1.06885
14 1 1.14636
14 2 1.14636
14 3 1.14636
14 4 1.14636
14 5 1.14636
14 6 1.10655
14 7 1.09225
14 8 1.08085
14 9 1.07534
14 10 1.30363
14 11 1.30363
14 12 1.30363
14 13 1.30363
14 14 1.30363
14 15 1.11745
14 16 1.09609
14 17 1.08202
14 18 1.07607
14 19 1.16119
14 20 1.16119
14 21 1.16119
14 22 1.16119
14 23 1.16119
14 24 1.10999
14 25 1.09348
14 26 1.08087
14 27 1.07503
14 28 1.12547
14 29 1.12547
14 30 1.12547
14 31 1.12547
14 32 1.12547
14 33 1.09896
14 34 1.08759
14 35 1.07783
14 36 1.07309
14 37 1.12865
14 38 1.12865
14 39 1.12865
14 40 1.12865
14 41 1.12865
14 42 1.1006
14 43 1.08968
14 44 1.08026
14 45 1.07563
14 46 1.1463
14 47 1.1463
14 48 1.1463
14 49 1.1463
14 50 1.1463
14 51 1.1068
14 52 1.09196
14 53 1.08069
14 54 1.07614
14 55 1.13461
14 56 1.13461
14 57 1.13461
14 58 1.13461
14 59 1.13461
14 60 1.10284
14 61 1.09047
14 62 1.07992
14 63 1.07496
14 64 1.1166
14 65 1.1166
14 66 1.1166
14 67 1.1166
14 68 1.1166
14 69 1.09541
14 70 1.08577
14 71 1.07719
14 72 1.07298
14 73 1.11123
14 74 1.11123
14 75 1.11123
14 76 1.11123
14 77 1.11123
14 78 1.09285
14 79 1.08493
14 80 1.07772
14 81 1.07409
14 82 1.11785
14 83 1.11785
14 84 1.11785
14 85 1.11785
14 86 1.11785
14 87 1.09632
14 88 1.08679
14 89 1.07798
14 90 1.07444
14 91 1.11373
14 92 1.11373
14 93 1.11373
14 94 1.11373
14 95 1.11373
14 96 1.0944
14 97 1.08559
14 98 1.07723
14 99 1.07328
14 100 1.10464
14 101 1.10464
14 102 1.10464
14 103 1.10464
14 104 1.10464
14 105 1.08927
14 106 1.08178
14 107 1.07486
14 108 1.07142
14 109 1.09717
14 110 1.09717
14 111 1.09717
14 112 1.09717
14 113 1.09717
14 114 1.08483
14 115 1.07923
14 116 1.07427
14 117 1.07127
14 118 1.10031
14 119 1.10031
14 120 1.10031
14 121 1.10031
14 122 1.10031
14 123 1.0873
14 124 1.08051
14 125 1.07432
14 126 1.07157
14 127 1.09829
14 128 1.09829
14 129 1.09829
14 130 1.09829
14 131 1.09829
14 132 1.08592
14 133 1.07956
14 134 1.07353
14 135 1.07053
14 136 1.09326
14 137 1.09326
14 138 1.09326
14 139 1.09326
14 140 1.09326
14 141 1.08231
14 142 1.07677
14 143 1.07151
14 144 1.06885
15 1 1.10703
15 2 1.10703
15 3 1.10703
15 4 1.10703
15 5 1.10703
15 6 1.40877
15 7 1.33805
15 8 1.23334
15 9 1.17794
15 10 1.11745
15 11 1.11745
15 12 1.11745
15 13 1.11745
15 14 1.11745
15 15 6.80372
15 16 2.07856
15 17 1.36337
15 18 1.20296
15 19 1.10961
15 20 1.10961
15 21 1.10961
15 22 1.10961
15 23 1.10961
15 24 1.65024
15 25 1.45918
15 26 1.26997
15 27 1.18547
15 28 1.09837
15 29 1.09837
15 30 1.09837
15 31 1.09837
15 32 1.09837
15 33 1.23388
15 34 1.22381
15 35 1.18233
15 36 1.15703
15 37 1.10243
15 38 1.10243
15 39 1.10243
15 40 1.10243
15 41 1.10243
15 42 1.23125
15 43 1.21876
15 44 1.18524
15 45 1.16353
15 46 1.10812
15 47 1.10812
15 48 1.10812
15 49 1.10812
15 50 1.10812
15 51 1.37843
15 52 1.31874
15 53 1.22254
15 54 1.17893
15 55 1.10331
15 56 1.10331
15 57 1.10331
15 58 1.10331
15 59 1.10331
15 60 1.28121
15 61 1.26104
15 62 1.20192
15 63 1.1675
15 64 1.09508
15 65 1.09508
15 66 1.09508
15 67 1.09508
15 68 1.09508
15 69 1.17778
15 70 1.17878
15 71 1.1597
15 72 1.14666
15 73 1.09439
15 74 1.09439
15 75 1.09439
15 76 1.09439
15 77 1.09439
15 78 1.15314
15 79 1.15441
15 80 1.14795
15 81 1.142
15 82 1.09762
15 83 1.09762
15 84 1.09762
15 85 1.09762
15 86 1.09762
15 87 1.16659
15 88 1.17239
15 89 1.15892
15 90 1.14989
15 91 1.09464
15 92 1.09464
15 93 1.09464
15 94 1.09464
15 95 1.09464
15 96 1.15901
15 97 1.16325
15 98 1.15216
15 99 1.14363
15 100 1.08908
15 101 1.08908
15 102 1.08908
15 103 1.08908
15 104 1.08908
15 105 1.13237
15 106 1.13783
15 107 1.13421
15 108 1.13062
15 109 1.086
15 110 1.086
15 111 1.086
15 112 1.086
15 113 1.086
15 114 1.1177
15 115 1.12054
15 116 1.12256
15 117 1.12155
15 118 1.08786
15 119 1.08786
15 120 1.08786
15 121 1.08786
15 122 1.08786
15 123 1.12058
15 124 1.12469
15 125 1.12631
15 126 1.12564
15 127 1.08599
15 128 1.08599
15 129 1.08599
15 130 1.08599
15 131 1.08599
15 132 1.11681
15 133 1.12148
15 134 1.12278
15 135 1.12213
15 136 1.08229
15 137 1.08229
15 138 1.08229
15 139 1.08229
15 140 1.08229
15 141 1.10596
15 142 1.11171
15 143 1.11385
15 144 1.11423
16 1 1.09198
16 2 1.09198
16 3 1.09198
16 4 1.09198
16 5 1.09198
16 6 1.33617
16 7 1.43119
16 8 1.32893
16 9 1.24901
16 10 1.09609
16 11 1.09609
16 12 1.09609
16 13 1.09609
16 14 1.09609
16 15 2.07856
16 16 6.72438
16 17 1.90939
16 18 1.31499
16 19 1.09275
16 20 1.09275
16 21 1.09275
16 22 1.09275
16 23 1.09275
16 24 1.4557
16 25 1.66282
16 26 1.41493
16 27 1.26716
16 28 1.08671
16 29 1.08671
16 30 1.08671
16 31 1.08671
16 32 1.08671
16 33 1.22318
16 34 1.25894
16 35 1.23426
16 36 1.20975
16 37 1.09018
16 38 1.09018
16 39 1.09018
16 40 1.09018
16 41 1.09018
16 42 1.22061
16 43 1.25111
16 44 1.23789
16 45 1.21829
16 46 1.093
16 47 1.093
16 48 1.093
16 49 1.093
16 50 1.093
16 51 1.30892
16 52 1.40877
16 53 1.31509
16 54 1.25039
16 55 1.09013
16 56 1.09013
16 57 1.09013
16 58 1.09013
16 59 1.09013
16 60 1.25605
16 61 1.3092
16 62 1.26848
16 63 1.22841
16 64 1.08509
16 65 1.08509
16 66 1.08509
16 67 1.08509
16 68 1.08509
16 69 1.17854
16 70 1.20313
16 71 1.19937
16 72 1.19099
16 73 1.08543
16 74 1.08543
16 75 1.08543
16 76 1.08543
16 77 1.08543
16 78 1.15734
16 79 1.17366
16 80 1.18087
16 81 1.18026
16 82 1.08738
16 83 1.08738
16 84 1.08738
16 85 1.08738
16 86 1.08738
16 87 1.1657
16 88 1.19605
16 89 1.19977
16 90 1.19482
16 91 1.08517
16 92 1.08517
16 93 1.08517
16 94 1.08517
16 95 1.08517
16 96 1.16098
16 97 1.18445
16 98 1.18867
16 99 1.18518
16 100 1.08128
16 101 1.08128
16 102 1.08128
16 103 1.08128
16 104 1.08128
16 105 1.13797
16 106 1.15553
16 107 1.16298
16 108 1.16439
16 109 1.07962
16 110 1.07962
16 111 1.07962
16 112 1.07962
16 113 1.07962
16 114 1.12459
16 115 1.13482
16 116 1.14519
16 117 1.14819
16 118 1.08089
16 119 1.08089
16 120 1.08089
16 121 1.08089
16 122 1.08089
16 123 1.12561
16 124 1.13954
16 125 1.15159
16 126 1.15513
16 127 1.07932
16 128 1.07932
16 129 1.07932
16 130 1.07932
16 131 1.07932
16 132 1.12243
16 133 1.13605
16 134 1.14681
16 135 1.15051
16 136 1.07646
16 137 1.07646
16 138 1.07646
16 139 1.07646
16 140 1.07646
16 141 1.11202
16 142 1.12524
16 143 1.13488
16 144 1.13903
17 1 1.08053
17 2 1.08053
17 3 1.08053
17 4 1.08053
17 5 1.08053
17 6 1.22953
17 7 1.32127
17 8 1.38623
17 9 1.33181
17 10 1.08202
17 11 1.08202
17 12 1.08202
17 13 1.08202
17 14 1.08202
17 15 1.36337
17 16 1.90939
17 17 5.35099
17 18 1.53978
17 19 1.0804
17 20 1.0804
17 21 1.0804
17 22 1.0804
17 23 1.0804
17 24 1.26471
17 25 1.4038
17 26 1.52427
17 27 1.37127
17 28 1.07728
17 29 1.07728
17 30 1.07728
17 31 1.07728
17 32 1.07728
17 33 1.18112
17 34 1.23137
17 35 1.2631
17 36 1.26404
17 37 1.08037
17 38 1.08037
17 39 1.08037
17 40 1.08037
17 41 1.08037
17 42 1.18449
17 43 1.23232
17 44 1.27144
17 45 1.27506
17 46 1.08156
17 47 1.08156
17 48 1.08156
17 49 1.08156
17 50 1.08156
17 51 1.21685
17 52 1.31703
17 53 1.38155
17 54 1.33355
17 55 1.07981
17 56 1.07981
17 57 1.07981
17 58 1.07981
17 59 1.07981
17 60 1.19763
17 61 1.26428
17 62 1.30722
17 63 1.29479
17 64 1.07685
17 65 1.07685
17 66 1.07685
17 67 1.07685
17 68 1.07685
17 69 1.15957
17 70 1.19806
17 71 1.2263
17 72 1.23511
17 73 1.07788
17 74 1.07788
17 75 1.07788
17 76 1.07788
17 77 1.07788
17 78 1.14981
17 79 1.17825
17 80 1.20604
17 81 1.21669
17 82 1.07893
17 83 1.07893
17 84 1.07893
17 85 1.07893
17 86 1.07893
17 87 1.15133
17 88 1.19547
17 89 1.23077
17 90 1.23949
17 91 1.07732
17 92 1.07732
17 93 1.07732
17 94 1.07732
17 95 1.07732
17 96 1.14919
17 97 1.18528
17 98 1.21599
17 99 1.22619
17 100 1.07468
17 101 1.07468
17 102 1.07468
17 103 1.07468
17 104 1.07468
17 105 1.13448
17 106 1.16221
17 107 1.186
17 108 1.19672
17 109 1.07409
17 110 1.07409
17 111 1.07409
17 112 1.07409
17 113 1.07409
17 114 1.12635
17 115 1.14369
17 116 1.16396
17 117 1.17253
17 118 1.07489
17 119 1.07489
17 120 1.07489
17 121 1.07489
17 122 1.07489
17 123 1.12511
17 124 1.14817
17 125 1.17293
17 126 1.18266
17 127 1.0736
17 128 1.0736
17 129 1.0736
17 130 1.0736
17 131 1.0736
17 132 1.1228
17 133 1.14469
17 134 1.16716
17 135 1.17715
17 136 1.07143
17 137 1.07143
17 138 1.07143
17 139 1.07143
17 140 1.07143
17 141 1.11437
17 142 1.13452
17 143 1.15304
17 144 1.16214
18 1 1.0754
18 2 1.0754
18 3 1.0754
18 4 1.0754
18 5 1.0754
18 6 1.17759
18 7 1.24479
18 8 1.32919
18 9 1.3788
18 10 1.07607
18 11 1.07607
18 12 1.07607
18 13 1.07607
18 14 1.07607
18 15 1.20296
18 16 1.31499
18 17 1.53978
18 18 2.13092
18 19 1.07506
18 20 1.07506
18 21 1.07506
18 22 1.07506
18 23 1.07506
18 24 1.18696
18 25 1.26675
18 26 1.3742
18 27 1.4474
18 28 1.0731
18 29 1.0731
18 30 1.0731
18 31 1.0731
18 32 1.0731
18 33 1.15854
18 34 1.20926
18 35 1.26467
18 36 1.29501
18 37 1.07574
18 38 1.07574
18 39 1.07574
18 40 1.07574
18 41 1.07574
18 42 1.16124
18 43 1.20882
18 44 1.26675
18 45 1.29907
18 46 1.07636
18 47 1.07636
18 48 1.07636
18 49 1.07636
18 50 1.07636
18 51 1.17073
18 52 1.24534
18 53 1.32885
18 54 1.37445
18 55 1.07512
18 56 1.07512
18 57 1.07512
18 58 1.07512
18 59 1.07512
18 60 1.16522
18 61 1.22443
18 62 1.29269
18 63 1.32812
18 64 1.07306
18 65 1.07306
18 66 1.07306
18 67 1.07306
18 68 1.07306
18 69 1.14723
18 70 1.18933
18 71 1.23365
18 72 1.25704
18 73 1.07415
18 74 1.07415
18 75 1.07415
18 76 1.07415
18 77 1.07415
18 78 1.14198
18 79 1.17414
18 80 1.21152
18 81 1.23028
18 82 1.07485
18 83 1.07485
18 84 1.07485
18 85 1.07485
18 86 1.07485
18 87 1.14022
18 88 1.1862
18 89 1.2349
18 90 1.25715
18 91 1.07356
18 92 1.07356
18 93 1.07356
18 94 1.07356
18 95 1.07356
18 96 1.13979
18 97 1.17903
18 98 1.2224
18 99 1.24379
18 100 1.07153
18 101 1.07153
18 102 1.07153
18 103 1.07153
18 104 1.07153
18 105 1.13052
18 106 1.16223
18 107 1.19459
18 108 1.21134
18 109 1.07123
18 110 1.07123
18 111 1.07123
18 112 1.07123
18 113 1.07123
18 114 1.12463
18 115 1.1448
18 116 1.16963
18 117 1.18127
18 118 1.07185
18 119 1.07185
18 120 1.07185
18 121 1.07185
18 122 1.07185
18 123 1.12238
18 124 1.14895
18 125 1.17959
18 126 1.19299
18 127 1.07073
18 128 1.07073
18 129 1.07073
18 130 1.07073
18 131 1.07073
18 132 1.12084
18 133 1.14607
18 134 1.17421
18 135 1.18784
18 136 1.06894
18 137 1.06894
18 138 1.06894
18 139 1.06894
18 140 1.06894
18 141 1.11411
18 142 1.13723
18 143 1.16018
18 144 1.17197
19 1 1.11773
19 2 1.11773
19 3 1.11773
19 4 1.11773
19 5 1.11773
19 6 1.09524
19 7 1.08543
19 8 1.077
19 9 1.07275
19 10 1.16119
19 11 1.16119
19 12 1.16119
19 13 1.16119
19 14 1.16119
19 15 1.10961
19 16 1.09275
19 17 1.0804
19 18 1.07506
19 19 1.30384
19 20 1.30384
19 21 1.30384
19 22 1.30384
19 23 1.30384
19 24 1.1173
19 25 1.09635
19 26 1.08194
19 27 1.0755
19 28 1.16166
19 29 1.16166
19 30 1.16166
19 31 1.16166
19 32 1.16166
19 33 1.11034
19 34 1.09377
19 35 1.0809
19 36 1.07487
19 37 1.11103
19 38 1.11103
19 39 1.11103
19 40 1.11103
19 41 1.11103
19 42 1.09224
19 43 1.08401
19 44 1.07675
19 45 1.07307
19 46 1.13451
19 47 1.13451
19 48 1.13451
19 49 1.13451
19 50 1.13451
19 51 1.10222
19 52 1.08934
19 53 1.07918
19 54 1.07509
19 55 1.1466
19 56 1.1466
19 57 1.1466
19 58 1.1466
19 59 1.1466
19 60 1.10621
19 61 1.09219
19 62 1.08059
19 63 1.07529
19 64 1.13514
19 65 1.13514
19 66 1.13514
19 67 1.13514
19 68 1.13514
19 69 1.10324
19 70 1.09048
19 71 1.07974
19 72 1.07458
19 73 1.10112
19 74 1.10112
19 75 1.10112
19 76 1.10112
19 77 1.10112
19 78 1.08722
19 79 1.08066
19 80 1.07477
19 81 1.07174
19 82 1.1136
19 83 1.1136
19 84 1.1136
19 85 1.1136
19 86 1.1136
19 87 1.09354
19 88 1.08482
19 89 1.07666
19 90 1.07344
19 91 1.1181
19 92 1.1181
19 93 1.1181
19 94 1.1181
19 95 1.1181
19 96 1.09571
19 97 1.08642
19 98 1.07759
19 99 1.07351
19 100 1.11426
19 101 1.11426
19 102 1.11426
19 103 1.11426
19 104 1.11426
19 105 1.0941
19 106 1.08501
19 107 1.07683
19 108 1.0728
19 109 1.09107
19 110 1.09107
19 111 1.09107
19 112 1.09107
19 113 1.09107
19 114 1.08103
19 115 1.0761
19 116 1.07185
19 117 1.06921
19 118 1.0982
19 119 1.0982
19 120 1.0982
19 121 1.0982
19 122 1.0982
19 123 1.08543
19 124 1.07905
19 125 1.07322
19 126 1.07069
19 127 1.10047
19 128 1.10047
19 129 1.10047
19 130 1.10047
19 131 1.10047
19 132 1.08646
19 133 1.07993
19 134 1.0737
19 135 1.07069
19 136 1.09876
19 137 1.09876
19 138 1.09876
19 139 1.09876
19 140 1.09876
19 141 1.08538
19 142 1.07897
19 143 1.073
19 144 1.07001
20 1 1.11773
20 2 1.11773
20 3 1.11773
20 4 1.11773
20 5 1.11773
20 6 1.09524
20 7 1.08543
20 8 1.077
20 9 1.07275
20 10 1.16119
20 11 1.16119
20 12 1.16119
20 13 1.16119
20 14 1.16119
20 15 1.10961
20 16 1.09275
20 17 1.0804
20 18 1.07506
20 19 1.30384
20 20 1.30384
20 21 1.30384
20 22 1.30384
20 23 1.30384
20 24 1.1173
20 25 1.09635
20 26 1.08194
20 27 1.0755
20 28 1.16166
20 29 1.16166
20 30 1.16166
20 31 1.16166
20 32 1.16166
20 33 1.11034
20 34 1.09377
20 35 1.0809
20 36 1.07487
20 37 1.11103
20 38 1.11103
20 39 1.11103
20 40 1.11103
20 41 1.11103
20 42 1.09224
20 43 1.08401
20 44 1.07675
20 45 1.07307
20 46 1.13451
20 47 1.13451
20 48 1.13451
20 49 1.13451
20 50 1.13451
20 51 1.10222
20 52 1.08934
20 53 1.07918
20 54 1.07509
20 55 1.1466
20 56 1.1466
20 57 1.1466
20 58 1.1466
20 59 1.1466
20 60 1.10621
20 61 1.09219
20 62 1.08059
20 63 1.07529
20 64 1.13514
20 65 1.13514
20 66 1.13514
20 67 1.13514
20 68 1.13514
20 69 1.10324
20 70 1.09048
20 71 1.07974
20 72 1.07458
20 73 1.10112
20 74 1.10112
20 75 1.10112
20 76 1.10112
20 77 1.10112
20 78 1.08722
20 79 1.08066
20 80 1.07477
20 81 1.07174
20 82 1.1136
20 83 1.1136
20 84 1.1136
20 85 1.1136
20 86 1.1136
20 87 1.09354
20 88 1.08482
20 89 1.07666
20 90 1.07344
20 91 1.1181
20 92 1.1181
20 93 1.1181
20 94 1.1181
20 95 1.1181
20 96 1.09571
20 97 1.08642
20 98 1.07759
20 99 1.07351
20 100 1.11426
20 101 1.11426
20 102 1.11426
20 103 1.11426
20 104 1.11426
20 105 1.0941
20 106 1.08501
20 107 1.07683
20 108 1.0728
20 109 1.09107
20 110 1.09107
20 111 1.09107
20 112 1.09107
20 113 1.09107
20 114 1.08103
20 115 1.0761
20 116 1.07185
20 117 1.06921
20 118 1.0982
20 119 1.0982
20 120 1.0982
20 121 1.0982
20 122 1.0982
20 123 1.08543
20 124 1.07905
20 125 1.07322
20 126 1.07069
20 127 1.10047
20 128 1.10047
20 129 1.10047
20 130 1.10047
20 131 1.10047
20 132 1.08646
20 133 1.07993
20 134 1.0737
20 135 1.07069
20 136 1.09876
20 137 1.09876
20 138 1.09876
20 139 1.09876
20 140 1.09876
20 141 1.08538
20 142 1.07897
20 143 1.073
20 144 1.07001
21 1 1.11773
21 2 1.11773
21 3 1.11773
21 4 1.11773
21 5 1.11773
21 6 1.09524
21 7 1.08543
21 8 1.077
21 9 1.07275
21 10 1.16119
21 11 1.16119
21 12 1.16119
21 13 1.16119
21 14 1.16119
21 15 1.10961
21 16 1.09275
21 17 1.0804
21 18 1.07506
21 19 1.30384
21 20 1.30384
21 21 1.30384
21 22 1.30384
21 23 1.30384
21 24 1.1173
21 25 1.09635
21 26 1.08194
21 27 1.0755
21 28 1.16166
21 29 1.16166
21 30 1.16166
21 31 1.16166
21 32 1.16166
21 33 1.11034
21 34 1.09377
21 35 1.0809
21 36 1.07487
21 37 1.11103
21 38 1.11103
21 39 1.11103
21 40 1.11103
