injected_el measured_el potential
1 1 1.30451
1 2 1.30451
1 3 1.30451
1 4 1.30451
1 5 1.30451
1 6 1.11819
1 7 1.09771
1 8 1.08353
1 9 1.07706
1 10 1.1464
1 11 1.1464
1 12 1.1464
1 13 1.1464
1 14 1.1464
1 15 1.10695
1 16 1.09194
1 17 1.08046
1 18 1.07528
1 19 1.11775
1 20 1.11775
1 21 1.11775
1 22 1.11775
1 23 1.11775
1 24 1.09554
1 25 1.08554
1 26 1.07691
1 27 1.07267
1 28 1.10028
1 29 1.10028
1 30 1.10028
1 31 1.10028
1 32 1.10028
1 33 1.08604
1 34 1.07912
1 35 1.07278
1 36 1.06961
1 37 1.14725
1 38 1.14725
1 39 1.14725
1 40 1.14725
1 41 1.14725
1 42 1.1068
1 43 1.09367
1 44 1.08251
1 45 1.07725
1 46 1.12867
1 47 1.12867
1 48 1.12867
1 49 1.12867
1 50 1.12867
1 51 1.10168
1 52 1.08937
1 53 1.07959
1 54 1.07544
1 55 1.11111
1 56 1.11111
1 57 1.11111
1 58 1.11111
1 59 1.11111
1 60 1.09282
1 61 1.08429
1 62 1.07658
1 63 1.07277
1 64 1.09721
1 65 1.09721
1 66 1.09721
1 67 1.09721
1 68 1.09721
1 69 1.08474
1 70 1.07847
1 71 1.07262
1 72 1.06969
1 73 1.11887
1 74 1.11887
1 75 1.11887
1 76 1.11887
1 77 1.11887
1 78 1.09624
1 79 1.08763
1 80 1.07947
1 81 1.07555
1 82 1.11119
1 83 1.11119
1 84 1.11119
1 85 1.11119
1 86 1.11119
1 87 1.09371
1 88 1.08515
1 89 1.07719
1 90 1.07386
1 91 1.10119
1 92 1.10119
1 93 1.10119
1 94 1.10119
1 95 1.10119
1 96 1.08809
1 97 1.08119
1 98 1.07459
1 99 1.07136
1 100 1.09135
1 101 1.09135
1 102 1.09135
1 103 1.09135
1 104 1.09135
1 105 1.08134
1 106 1.07604
1 107 1.071
1 108 1.06846
1 109 1.10133
1 110 1.10133
1 111 1.10133
1 112 1.10133
1 113 1.10133
1 114 1.08698
1 115 1.08109
1 116 1.07564
1 117 1.07256
1 118 1.09712
1 119 1.09712
1 120 1.09712
1 121 1.09712
1 122 1.09712
1 123 1.08586
1 124 1.07954
1 125 1.07373
1 126 1.07112
1 127 1.09111
1 128 1.09111
1 129 1.09111
1 130 1.09111
1 131 1.09111
1 132 1.08193
1 133 1.07658
1 134 1.07151
1 135 1.06891
1 136 1.08435
1 137 1.08435
1 138 1.08435
1 139 1.08435
1 140 1.08435
1 141 1.07663
1 142 1.07243
1 143 1.06835
1 144 1.06627
2 1 1.30451
2 2 1.30451
2 3 1.30451
2 4 1.30451
2 5 1.30451
2 6 1.11819
2 7 1.09771
2 8 1.08353
2 9 1.07706
2 10 1.1464
2 11 1.1464
2 12 1.1464
2 13 1.1464
2 14 1.1464
2 15 1.10695
2 16 1.09194
2 17 1.08046
2 18 1.07528
2 19 1.11775
2 20 1.11775
2 21 1.11775
2 22 1.11775
2 23 1.11775
2 24 1.09554
2 25 1.08554
2 26 1.07691
2 27 1.07267
2 28 1.10028
2 29 1.10028
2 30 1.10028
2 31 1.10028
2 32 1.10028
2 33 1.08604
2 34 1.07912
2 35 1.07278
2 36 1.06961
2 37 1.14725
2 38 1.14725
2 39 1.14725
2 40 1.14725
2 41 1.14725
2 42 1.1068
2 43 1.09367
2 44 1.08251
2 45 1.07725
2 46 1.12867
2 47 1.12867
2 48 1.12867
2 49 1.12867
2 50 1.12867
2 51 1.10168
2 52 1.08937
2 53 1.07959
2 54 1.07544
2 55 1.11111
2 56 1.11111
2 57 1.11111
2 58 1.11111
2 59 1.11111
2 60 1.09282
2 61 1.08429
2 62 1.07658
2 63 1.07277
2 64 1.09721
2 65 1.09721
2 66 1.09721
2 67 1.09721
2 68 1.09721
2 69 1.08474
2 70 1.07847
2 71 1.07262
2 72 1.06969
2 73 1.11887
2 74 1.11887
2 75 1.11887
2 76 1.11887
2 77 1.11887
2 78 1.09624
2 79 1.08763
2 80 1.07947
2 81 1.07555
2 82 1.11119
2 83 1.11119
2 84 1.11119
2 85 1.11119
2 86 1.11119
2 87 1.09371
2 88 1.08515
2 89 1.07719
2 90 1.07386
2 91 1.10119
2 92 1.10119
2 93 1.10119
2 94 1.10119
2 95 1.10119
2 96 1.08809
2 97 1.08119
2 98 1.07459
2 99 1.07136
2 100 1.09135
2 101 1.09135
2 102 1.09135
2 103 1.09135
2 104 1.09135
2 105 1.08134
2 106 1.07604
2 107 1.071
2 108 1.06846
2 109 1.10133
2 110 1.10133
2 111 1.10133
2 112 1.10133
2 113 1.10133
2 114 1.08698
2 115 1.08109
2 116 1.07564
2 117 1.07256
2 118 1.09712
2 119 1.09712
2 120 1.09712
2 121 1.09712
2 122 1.09712
2 123 1.08586
2 124 1.07954
2 125 1.07373
2 126 1.07112
2 127 1.09111
2 128 1.09111
2 129 1.09111
2 130 1.09111
2 131 1.09111
2 132 1.08193
2 133 1.07658
2 134 1.07151
2 135 1.06891
2 136 1.08435
2 137 1.08435
2 138 1.08435
2 139 1.08435
2 140 1.08435
2 141 1.07663
2 142 1.07243
2 143 1.06835
2 144 1.06627
3 1 1.30451
3 2 1.30451
3 3 1.30451
3 4 1.30451
3 5 1.30451
3 6 1.11819
3 7 1.09771
3 8 1.08353
3 9 1.07706
3 10 1.1464
3 11 1.1464
3 12 1.1464
3 13 1.1464
3 14 1.1464
3 15 1.10695
3 16 1.09194
3 17 1.08046
3 18 1.07528
3 19 1.11775
3 20 1.11775
3 21 1.11775
3 22 1.11775
3 23 1.11775
3 24 1.09554
3 25 1.08554
3 26 1.07691
3 27 1.07267
3 28 1.10028
3 29 1.10028
3 30 1.10028
3 31 1.10028
3 32 1.10028
3 33 1.08604
3 34 1.07912
3 35 1.07278
3 36 1.06961
3 37 1.14725
3 38 1.14725
3 39 1.14725
3 40 1.14725
3 41 1.14725
3 42 1.1068
3 43 1.09367
3 44 1.08251
3 45 1.07725
3 46 1.12867
3 47 1.12867
3 48 1.12867
3 49 1.12867
3 50 1.12867
3 51 1.10168
3 52 1.08937
3 53 1.07959
3 54 1.07544
3 55 1.11111
3 56 1.11111
3 57 1.11111
3 58 1.11111
3 59 1.11111
3 60 1.09282
3 61 1.08429
3 62 1.07658
3 63 1.07277
3 64 1.09721
3 65 1.09721
3 66 1.09721
3 67 1.09721
3 68 1.09721
3 69 1.08474
3 70 1.07847
3 71 1.07262
3 72 1.06969
3 73 1.11887
3 74 1.11887
3 75 1.11887
3 76 1.11887
3 77 1.11887
3 78 1.09624
3 79 1.08763
3 80 1.07947
3 81 1.07555
3 82 1.11119
3 83 1.11119
3 84 1.11119
3 85 1.11119
3 86 1.11119
3 87 1.09371
3 88 1.08515
3 89 1.07719
3 90 1.07386
3 91 1.10119
3 92 1.10119
3 93 1.10119
3 94 1.10119
3 95 1.10119
3 96 1.08809
3 97 1.08119
3 98 1.07459
3 99 1.07136
3 100 1.09135
3 101 1.09135
3 102 1.09135
3 103 1.09135
3 104 1.09135
3 105 1.08134
3 106 1.07604
3 107 1.071
3 108 1.06846
3 109 1.10133
3 110 1.10133
3 111 1.10133
3 112 1.10133
3 113 1.10133
3 114 1.08698
3 115 1.08109
3 116 1.07564
3 117 1.07256
3 118 1.09712
3 119 1.09712
3 120 1.09712
3 121 1.09712
3 122 1.09712
3 123 1.08586
3 124 1.07954
3 125 1.07373
3 126 1.07112
3 127 1.09111
3 128 1.09111
3 129 1.09111
3 130 1.09111
3 131 1.09111
3 132 1.08193
3 133 1.07658
3 134 1.07151
3 135 1.06891
3 136 1.08435
3 137 1.08435
3 138 1.08435
3 139 1.08435
3 140 1.08435
3 141 1.07663
3 142 1.07243
3 143 1.06835
3 144 1.06627
4 1 1.30451
4 2 1.30451
4 3 1.30451
4 4 1.30451
4 5 1.30451
4 6 1.11819
4 7 1.09771
4 8 1.08353
4 9 1.07706
4 10 1.1464
4 11 1.1464
4 12 1.1464
4 13 1.1464
4 14 1.1464
4 15 1.10695
4 16 1.09194
4 17 1.08046
4 18 1.07528
4 19 1.11775
4 20 1.11775
4 21 1.11775
4 22 1.11775
4 23 1.11775
4 24 1.09554
4 25 1.08554
4 26 1.07691
4 27 1.07267
4 28 1.10028
4 29 1.10028
4 30 1.10028
4 31 1.10028
4 32 1.10028
4 33 1.08604
4 34 1.07912
4 35 1.07278
4 36 1.06961
4 37 1.14725
4 38 1.14725
4 39 1.14725
4 40 1.14725
4 41 1.14725
4 42 1.1068
4 43 1.09367
4 44 1.08251
4 45 1.07725
4 46 1.12867
4 47 1.12867
4 48 1.12867
4 49 1.12867
4 50 1.12867
4 51 1.10168
4 52 1.08937
4 53 1.07959
4 54 1.07544
4 55 1.11111
4 56 1.11111
4 57 1.11111
4 58 1.11111
4 59 1.11111
4 60 1.09282
4 61 1.08429
4 62 1.07658
4 63 1.07277
4 64 1.09721
4 65 1.09721
4 66 1.09721
4 67 1.09721
4 68 1.09721
4 69 1.08474
4 70 1.07847
4 71 1.07262
4 72 1.06969
4 73 1.11887
4 74 1.11887
4 75 1.11887
4 76 1.11887
4 77 1.11887
4 78 1.09624
4 79 1.08763
4 80 1.07947
4 81 1.07555
4 82 1.11119
4 83 1.11119
4 84 1.11119
4 85 1.11119
4 86 1.11119
4 87 1.09371
4 88 1.08515
4 89 1.07719
4 90 1.07386
4 91 1.10119
4 92 1.10119
4 93 1.10119
4 94 1.10119
4 95 1.10119
4 96 1.08809
4 97 1.08119
4 98 1.07459
4 99 1.07136
4 100 1.09135
4 101 1.09135
4 102 1.09135
4 103 1.09135
4 104 1.09135
4 105 1.08134
4 106 1.07604
4 107 1.071
4 108 1.06846
4 109 1.10133
4 110 1.10133
4 111 1.10133
4 112 1.10133
4 113 1.10133
4 114 1.08698
4 115 1.08109
4 116 1.07564
4 117 1.07256
4 118 1.09712
4 119 1.09712
4 120 1.09712
4 121 1.09712
4 122 1.09712
4 123 1.08586
4 124 1.07954
4 125 1.07373
4 126 1.07112
4 127 1.09111
4 128 1.09111
4 129 1.09111
4 130 1.09111
4 131 1.09111
4 132 1.08193
4 133 1.07658
4 134 1.07151
4 135 1.06891
4 136 1.08435
4 137 1.08435
4 138 1.08435
4 139 1.08435
4 140 1.08435
4 141 1.07663
4 142 1.07243
4 143 1.06835
4 144 1.06627
5 1 1.30451
5 2 1.30451
5 3 1.30451
5 4 1.30451
5 5 1.30451
5 6 1.11819
5 7 1.09771
5 8 1.08353
5 9 1.07706
5 10 1.1464
5 11 1.1464
5 12 1.1464
5 13 1.1464
5 14 1.1464
5 15 1.10695
5 16 1.09194
5 17 1.08046
5 18 1.07528
5 19 1.11775
5 20 1.11775
5 21 1.11775
5 22 1.11775
5 23 1.11775
5 24 1.09554
5 25 1.08554
5 26 1.07691
5 27 1.07267
5 28 1.10028
5 29 1.10028
5 30 1.10028
5 31 1.10028
5 32 1.10028
5 33 1.08604
5 34 1.07912
5 35 1.07278
5 36 1.06961
5 37 1.14725
5 38 1.14725
5 39 1.14725
5 40 1.14725
5 41 1.14725
5 42 1.1068
5 43 1.09367
5 44 1.08251
5 45 1.07725
5 46 1.12867
5 47 1.12867
5 48 1.12867
5 49 1.12867
5 50 1.12867
5 51 1.10168
5 52 1.08937
5 53 1.07959
5 54 1.07544
5 55 1.11111
5 56 1.11111
5 57 1.11111
5 58 1.11111
5 59 1.11111
5 60 1.09282
5 61 1.08429
5 62 1.07658
5 63 1.07277
5 64 1.09721
5 65 1.09721
5 66 1.09721
5 67 1.09721
5 68 1.09721
5 69 1.08474
5 70 1.07847
5 71 1.07262
5 72 1.06969
5 73 1.11887
5 74 1.11887
5 75 1.11887
5 76 1.11887
5 77 1.11887
5 78 1.09624
5 79 1.08763
5 80 1.07947
5 81 1.07555
5 82 1.11119
5 83 1.11119
5 84 1.11119
5 85 1.11119
5 86 1.11119
5 87 1.09371
5 88 1.08515
5 89 1.07719
5 90 1.07386
5 91 1.10119
5 92 1.10119
5 93 1.10119
5 94 1.10119
5 95 1.10119
5 96 1.08809
5 97 1.08119
5 98 1.07459
5 99 1.07136
5 100 1.09135
5 101 1.09135
5 102 1.09135
5 103 1.09135
5 104 1.09135
5 105 1.08134
5 106 1.07604
5 107 1.071
5 108 1.06846
5 109 1.10133
5 110 1.10133
5 111 1.10133
5 112 1.10133
5 113 1.10133
5 114 1.08698
5 115 1.08109
5 116 1.07564
5 117 1.07256
5 118 1.09712
5 119 1.09712
5 120 1.09712
5 121 1.09712
5 122 1.09712
5 123 1.08586
5 124 1.07954
5 125 1.07373
5 126 1.07112
5 127 1.09111
5 128 1.09111
5 129 1.09111
5 130 1.09111
5 131 1.09111
5 132 1.08193
5 133 1.07658
5 134 1.07151
5 135 1.06891
5 136 1.08435
5 137 1.08435
5 138 1.08435
5 139 1.08435
5 140 1.08435
5 141 1.07663
5 142 1.07243
5 143 1.06835
5 144 1.06627
6 1 1.11819
6 2 1.11819
6 3 1.11819
6 4 1.11819
6 5 1.11819
6 6 6.4774
6 7 2.04429
6 8 1.37025
6 9 1.20211
6 10 1.10651
6 11 1.10651
6 12 1.10651
6 13 1.10651
6 14 1.10651
6 15 1.41191
6 16 1.33843
6 17 1.2305
6 18 1.17756
6 19 1.0952
6 20 1.0952
6 21 1.0952
6 22 1.0952
6 23 1.0952
6 24 1.1835
6 25 1.18378
6 26 1.16325
6 27 1.1487
6 28 1.0857
6 29 1.0857
6 30 1.0857
6 31 1.0857
6 32 1.0857
6 33 1.12145
6 34 1.12774
6 35 1.12668
6 36 1.12469
6 37 1.10939
6 38 1.10939
6 39 1.10939
6 40 1.10939
6 41 1.10939
6 42 1.38799
6 43 1.32766
6 44 1.23073
6 45 1.18139
6 46 1.10227
6 47 1.10227
6 48 1.10227
6 49 1.10227
6 50 1.10227
6 51 1.23364
6 52 1.22505
6 53 1.18633
6 54 1.16401
6 55 1.09307
6 56 1.09307
6 57 1.09307
6 58 1.09307
6 59 1.09307
6 60 1.15118
6 61 1.15664
6 62 1.14886
6 63 1.14118
6 64 1.08464
6 65 1.08464
6 66 1.08464
6 67 1.08464
6 68 1.08464
6 69 1.11388
6 70 1.12012
6 71 1.12119
6 72 1.12064
6 73 1.09874
6 74 1.09874
6 75 1.09874
6 76 1.09874
6 77 1.09874
6 78 1.1858
6 79 1.18576
6 80 1.16625
6 81 1.15363
6 82 1.09461
6 83 1.09461
6 84 1.09461
6 85 1.09461
6 86 1.09461
6 87 1.14839
6 88 1.15529
6 89 1.14888
6 90 1.14282
6 91 1.08806
6 92 1.08806
6 93 1.08806
6 94 1.08806
6 95 1.08806
6 96 1.12304
6 97 1.12908
6 98 1.12949
6 99 1.1276
6 100 1.08132
6 101 1.08132
6 102 1.08132
6 103 1.08132
6 104 1.08132
6 105 1.10293
6 106 1.10865
6 107 1.11145
6 108 1.11225
6 109 1.08895
6 110 1.08895
6 111 1.08895
6 112 1.08895
6 113 1.08895
6 114 1.12804
6 115 1.13177
6 116 1.13142
6 117 1.12896
6 118 1.08632
6 119 1.08632
6 120 1.08632
6 121 1.08632
6 122 1.08632
6 123 1.11604
6 124 1.12067
6 125 1.12296
6 126 1.12244
6 127 1.08184
6 128 1.08184
6 129 1.08184
6 130 1.08184
6 131 1.08184
6 132 1.1044
6 133 1.10907
6 134 1.11236
6 135 1.11281
6 136 1.07674
6 137 1.07674
6 138 1.07674
6 139 1.07674
6 140 1.07674
6 141 1.09227
6 142 1.09726
6 143 1.10066
6 144 1.10204
7 1 1.09771
7 2 1.09771
7 3 1.09771
7 4 1.09771
7 5 1.09771
7 6 2.04429
7 7 6.38719
7 8 1.92296
7 9 1.30602
7 10 1.09213
7 11 1.09213
7 12 1.09213
7 13 1.09213
7 14 1.09213
7 15 1.34009
7 16 1.43409
7 17 1.32309
7 18 1.24519
7 19 1.08533
7 20 1.08533
7 21 1.08533
7 22 1.08533
7 23 1.08533
7 24 1.18371
7 25 1.2103
7 26 1.20427
7 27 1.1927
7 28 1.07884
7 29 1.07884
7 30 1.07884
7 31 1.07884
7 32 1.07884
7 33 1.12779
7 34 1.14415
7 35 1.15223
7 36 1.15444
7 37 1.09486
7 38 1.09486
7 39 1.09486
7 40 1.09486
7 41 1.09486
7 42 1.32542
7 43 1.40569
7 44 1.31423
7 45 1.24747
7 46 1.09051
7 47 1.09051
7 48 1.09051
7 49 1.09051
7 50 1.09051
7 51 1.22116
7 52 1.26048
7 53 1.23922
7 54 1.21614
7 55 1.08441
7 56 1.08441
7 57 1.08441
7 58 1.08441
7 59 1.08441
7 60 1.15511
7 61 1.17702
7 62 1.18228
7 63 1.17876
7 64 1.07837
7 65 1.07837
7 66 1.07837
7 67 1.07837
7 68 1.07837
7 69 1.12005
7 70 1.13481
7 71 1.14404
7 72 1.1474
7 73 1.08889
7 74 1.08889
7 75 1.08889
7 76 1.08889
7 77 1.08889
7 78 1.18547
7 79 1.20837
7 80 1.20365
7 81 1.19548
7 82 1.08601
7 83 1.08601
7 84 1.08601
7 85 1.08601
7 86 1.08601
7 87 1.1506
7 88 1.17379
7 89 1.18118
7 90 1.17927
7 91 1.08118
7 92 1.08118
7 93 1.08118
7 94 1.08118
7 95 1.08118
7 96 1.1282
7 97 1.14413
7 98 1.15447
7 99 1.15672
7 100 1.07602
7 101 1.07602
7 102 1.07602
7 103 1.07602
7 104 1.07602
7 105 1.10861
7 106 1.12098
7 107 1.13042
7 108 1.13452
7 109 1.08221
7 110 1.08221
7 111 1.08221
7 112 1.08221
7 113 1.08221
7 114 1.13425
7 115 1.14647
7 116 1.15499
7 117 1.15666
7 118 1.08022
7 119 1.08022
7 120 1.08022
7 121 1.08022
7 122 1.08022
7 123 1.12086
7 124 1.13374
7 125 1.14477
7 126 1.1477
7 127 1.07663
7 128 1.07663
7 129 1.07663
7 130 1.07663
7 131 1.07663
7 132 1.10961
7 133 1.1207
7 134 1.13088
7 135 1.13446
7 136 1.0725
7 137 1.0725
7 138 1.0725
7 139 1.0725
7 140 1.0725
7 141 1.09722
7 142 1.10728
7 143 1.11573
7 144 1.11967
8 1 1.08353
8 2 1.08353
8 3 1.08353
8 4 1.08353
8 5 1.08353
8 6 1.37025
8 7 1.92296
8 8 5.8894
8 9 1.53278
8 10 1.08071
8 11 1.08071
8 12 1.08071
8 13 1.08071
8 14 1.08071
8 15 1.23389
8 16 1.32967
8 17 1.3876
8 18 1.32975
8 19 1.07688
8 20 1.07688
8 21 1.07688
8 22 1.07688
8 23 1.07688
8 24 1.16399
8 25 1.20551
8 26 1.23449
8 27 1.23994
8 28 1.07274
8 29 1.07274
8 30 1.07274
8 31 1.07274
8 32 1.07274
8 33 1.1275
8 34 1.15312
8 35 1.17475
8 36 1.18458
8 37 1.08304
8 38 1.08304
8 39 1.08304
8 40 1.08304
8 41 1.08304
8 42 1.2276
8 43 1.30931
8 44 1.36671
8 45 1.32759
8 46 1.08054
8 47 1.08054
8 48 1.08054
8 49 1.08054
8 50 1.08054
8 51 1.18269
8 52 1.24081
8 53 1.276
8 54 1.27315
8 55 1.07677
8 56 1.07677
8 57 1.07677
8 58 1.07677
8 59 1.07677
8 60 1.14692
8 61 1.1814
8 62 1.20922
8 63 1.21731
8 64 1.07271
8 65 1.07271
8 66 1.07271
8 67 1.07271
8 68 1.07271
8 69 1.12148
8 70 1.14439
8 71 1.16454
8 72 1.17397
8 73 1.08006
8 74 1.08006
8 75 1.08006
8 76 1.08006
8 77 1.08006
8 78 1.16474
8 79 1.20074
8 80 1.22847
8 81 1.23729
8 82 1.07822
8 83 1.07822
8 84 1.07822
8 85 1.07822
8 86 1.07822
8 87 1.14169
8 88 1.17752
8 89 1.20696
8 90 1.21537
8 91 1.07488
8 92 1.07488
8 93 1.07488
8 94 1.07488
8 95 1.07488
8 96 1.12718
8 97 1.15232
8 98 1.17601
8 99 1.18523
8 100 1.07115
8 101 1.07115
8 102 1.07115
8 103 1.07115
8 104 1.07115
8 105 1.11144
8 106 1.13033
8 107 1.14769
8 108 1.15611
8 109 1.07585
8 110 1.07585
8 111 1.07585
8 112 1.07585
8 113 1.07585
8 114 1.13232
8 115 1.15244
8 116 1.1734
8 117 1.18231
8 118 1.07445
8 119 1.07445
8 120 1.07445
8 121 1.07445
8 122 1.07445
8 123 1.12046
8 124 1.14149
8 125 1.16332
8 126 1.17135
8 127 1.07172
8 128 1.07172
8 129 1.07172
8 130 1.07172
8 131 1.07172
8 132 1.11165
8 133 1.12911
8 134 1.14727
8 135 1.15489
8 136 1.06852
8 137 1.06852
8 138 1.06852
8 139 1.06852
8 140 1.06852
8 141 1.10055
8 142 1.11554
8 143 1.1295
8 144 1.13637
9 1 1.07706
9 2 1.07706
9 3 1.07706
9 4 1.07706
9 5 1.07706
9 6 1.20211
9 7 1.30602
9 8 1.53278
9 9 2.13489
9 10 1.07523
9 11 1.07523
9 12 1.07523
9 13 1.07523
9 14 1.07523
9 15 1.17806
9 16 1.24897
9 17 1.33215
9 18 1.37955
9 19 1.07266
9 20 1.07266
9 21 1.07266
9 22 1.07266
9 23 1.07266
9 24 1.1494
9 25 1.19407
9 26 1.24053
9 27 1.26346
9 28 1.06961
9 29 1.06961
9 30 1.06961
9 31 1.06961
9 32 1.06961
9 33 1.12525
9 34 1.15491
9 35 1.18408
9 36 1.19897
9 37 1.07734
9 38 1.07734
9 39 1.07734
9 40 1.07734
9 41 1.07734
9 42 1.1764
9 43 1.23827
9 44 1.31892
9 45 1.37469
9 46 1.07558
9 47 1.07558
9 48 1.07558
9 49 1.07558
9 50 1.07558
9 51 1.1579
9 52 1.21556
9 53 1.27394
9 54 1.30055
9 55 1.07287
9 56 1.07287
9 57 1.07287
9 58 1.07287
9 59 1.07287
9 60 1.1391
9 61 1.17761
9 62 1.21726
9 63 1.23495
9 64 1.06975
9 65 1.06975
9 66 1.06975
9 67 1.06975
9 68 1.06975
9 69 1.12034
9 70 1.14684
9 71 1.17288
9 72 1.18603
9 73 1.07562
9 74 1.07562
9 75 1.07562
9 76 1.07562
9 77 1.07562
9 78 1.15023
9 79 1.18935
9 80 1.23311
9 81 1.2573
9 82 1.0742
9 83 1.0742
9 84 1.0742
9 85 1.0742
9 86 1.0742
9 87 1.1341
9 88 1.1741
9 89 1.21482
9 90 1.23146
9 91 1.07157
9 92 1.07157
9 93 1.07157
9 94 1.07157
9 95 1.07157
9 96 1.12441
9 97 1.1534
9 98 1.1841
9 99 1.1978
9 100 1.06855
9 101 1.06855
9 102 1.06855
9 103 1.06855
9 104 1.06855
9 105 1.1115
9 106 1.13336
9 107 1.15482
9 108 1.16564
9 109 1.07255
9 110 1.07255
9 111 1.07255
9 112 1.07255
9 113 1.07255
9 114 1.12921
9 115 1.15283
9 116 1.18041
9 117 1.19395
9 118 1.07138
9 119 1.07138
9 120 1.07138
9 121 1.07138
9 122 1.07138
9 123 1.11851
9 124 1.14322
9 125 1.17057
9 126 1.18163
9 127 1.06908
9 128 1.06908
9 129 1.06908
9 130 1.06908
9 131 1.06908
9 132 1.11132
9 133 1.1317
9 134 1.15388
9 135 1.16372
9 136 1.06635
9 137 1.06635
9 138 1.06635
9 139 1.06635
9 140 1.06635
9 141 1.10129
9 142 1.11855
9 143 1.13523
9 144 1.14362
10 1 1.1464
10 2 1.1464
10 3 1.1464
10 4 1.1464
10 5 1.1464
10 6 1.10651
10 7 1.09213
10 8 1.08071
10 9 1.07523
10 10 1.30368
10 11 1.30368
10 12 1.30368
10 13 1.30368
10 14 1.30368
10 15 1.1174
10 16 1.09608
10 17 1.08196
10 18 1.07594
10 19 1.16123
10 20 1.16123
10 21 1.16123
10 22 1.16123
10 23 1.16123
10 24 1.10997
10 25 1.09344
10 26 1.08079
10 27 1.07493
10 28 1.12549
10 29 1.12549
10 30 1.12549
10 31 1.12549
10 32 1.12549
10 33 1.09893
10 34 1.08754
10 35 1.07776
10 36 1.07301
10 37 1.12868
10 38 1.12868
10 39 1.12868
10 40 1.12868
10 41 1.12868
10 42 1.10054
10 43 1.08954
10 44 1.08008
10 45 1.07549
10 46 1.14636
10 47 1.14636
10 48 1.14636
10 49 1.14636
10 50 1.14636
10 51 1.10675
10 52 1.09186
10 53 1.08058
10 54 1.07598
10 55 1.13465
10 56 1.13465
10 57 1.13465
10 58 1.13465
10 59 1.13465
10 60 1.10282
10 61 1.09036
10 62 1.0798
10 63 1.07483
10 64 1.11663
10 65 1.11663
10 66 1.11663
10 67 1.11663
10 68 1.11663
10 69 1.09535
10 70 1.08569
10 71 1.0771
10 72 1.07289
10 73 1.11124
10 74 1.11124
10 75 1.11124
10 76 1.11124
10 77 1.11124
10 78 1.09281
10 79 1.08483
10 80 1.07753
10 81 1.07395
10 82 1.11788
10 83 1.11788
10 84 1.11788
10 85 1.11788
10 86 1.11788
10 87 1.09625
10 88 1.08663
10 89 1.07782
10 90 1.07427
10 91 1.11376
10 92 1.11376
10 93 1.11376
10 94 1.11376
10 95 1.11376
10 96 1.09429
10 97 1.08543
10 98 1.07708
10 99 1.07315
10 100 1.10466
10 101 1.10466
10 102 1.10466
10 103 1.10466
10 104 1.10466
10 105 1.08919
10 106 1.08169
10 107 1.07476
10 108 1.07132
10 109 1.09718
10 110 1.09718
10 111 1.09718
10 112 1.09718
10 113 1.09718
10 114 1.08487
10 115 1.07916
10 116 1.07409
10 117 1.07116
10 118 1.10032
10 119 1.10032
10 120 1.10032
10 121 1.10032
10 122 1.10032
10 123 1.08729
10 124 1.08042
10 125 1.07415
10 126 1.07143
10 127 1.09831
10 128 1.09831
10 129 1.09831
10 130 1.09831
10 131 1.09831
10 132 1.08583
10 133 1.07943
10 134 1.07338
10 135 1.07041
10 136 1.09327
10 137 1.09327
10 138 1.09327
10 139 1.09327
10 140 1.09327
10 141 1.08225
10 142 1.07669
10 143 1.07142
10 144 1.06876
11 1 1.1464
11 2 1.1464
11 3 1.1464
11 4 1.1464
11 5 1.1464
11 6 1.10651
11 7 1.09213
11 8 1.08071
11 9 1.07523
11 10 1.30368
11 11 1.30368
11 12 1.30368
11 13 1.30368
11 14 1.30368
11 15 1.1174
11 16 1.09608
11 17 1.08196
11 18 1.07594
11 19 1.16123
11 20 1.16123
11 21 1.16123
11 22 1.16123
11 23 1.16123
11 24 1.10997
11 25 1.09344
11 26 1.08079
11 27 1.07493
11 28 1.12549
11 29 1.12549
11 30 1.12549
11 31 1.12549
11 32 1.12549
11 33 1.09893
11 34 1.08754
11 35 1.07776
11 36 1.07301
11 37 1.12868
11 38 1.12868
11 39 1.12868
11 40 1.12868
11 41 1.12868
11 42 1.10054
11 43 1.08954
11 44 1.08008
11 45 1.07549
11 46 1.14636
11 47 1.14636
11 48 1.14636
11 49 1.14636
11 50 1.14636
11 51 1.10675
11 52 1.09186
11 53 1.08058
11 54 1.07598
11 55 1.13465
11 56 1.13465
11 57 1.13465
11 58 1.13465
11 59 1.13465
11 60 1.10282
11 61 1.09036
11 62 1.0798
11 63 1.07483
11 64 1.11663
11 65 1.11663
11 66 1.11663
11 67 1.11663
11 68 1.11663
11 69 1.09535
11 70 1.08569
11 71 1.0771
11 72 1.07289
11 73 1.11124
11 74 1.11124
11 75 1.11124
11 76 1.11124
11 77 1.11124
11 78 1.09281
11 79 1.08483
11 80 1.07753
11 81 1.07395
11 82 1.11788
11 83 1.11788
11 84 1.11788
11 85 1.11788
11 86 1.11788
11 87 1.09625
11 88 1.08663
11 89 1.07782
11 90 1.07427
11 91 1.11376
11 92 1.11376
11 93 1.11376
11 94 1.11376
11 95 1.11376
11 96 1.09429
11 97 1.08543
11 98 1.07708
11 99 1.07315
11 100 1.10466
11 101 1.10466
11 102 1.10466
11 103 1.10466
11 104 1.10466
11 105 1.08919
11 106 1.08169
11 107 1.07476
11 108 1.07132
11 109 1.09718
11 110 1.09718
11 111 1.09718
11 112 1.09718
11 113 1.09718
11 114 1.08487
11 115 1.07916
11 116 1.07409
11 117 1.07116
11 118 1.10032
11 119 1.10032
11 120 1.10032
11 121 1.10032
11 122 1.10032
11 123 1.08729
11 124 1.08042
11 125 1.07415
11 126 1.07143
11 127 1.09831
11 128 1.09831
11 129 1.09831
11 130 1.09831
11 131 1.09831
11 132 1.08583
11 133 1.07943
11 134 1.07338
11 135 1.07041
11 136 1.09327
11 137 1.09327
11 138 1.09327
11 139 1.09327
11 140 1.09327
11 141 1.08225
11 142 1.07669
11 143 1.07142
11 144 1.06876
12 1 1.1464
12 2 1.1464
12 3 1.1464
12 4 1.1464
12 5 1.1464
12 6 1.10651
12 7 1.09213
12 8 1.08071
12 9 1.07523
12 10 1.30368
12 11 1.30368
12 12 1.30368
12 13 1.30368
12 14 1.30368
12 15 1.1174
12 16 1.09608
12 17 1.08196
12 18 1.07594
12 19 1.16123
12 20 1.16123
12 21 1.16123
12 22 1.16123
12 23 1.16123
12 24 1.10997
12 25 1.09344
12 26 1.08079
12 27 1.07493
12 28 1.12549
12 29 1.12549
12 30 1.12549
12 31 1.12549
12 32 1.12549
12 33 1.09893
12 34 1.08754
12 35 1.07776
12 36 1.07301
12 37 1.12868
12 38 1.12868
12 39 1.12868
12 40 1.12868
12 41 1.12868
12 42 1.10054
12 43 1.08954
12 44 1.08008
12 45 1.07549
12 46 1.14636
12 47 1.14636
12 48 1.14636
12 49 1.14636
12 50 1.14636
12 51 1.10675
12 52 1.09186
12 53 1.08058
12 54 1.07598
12 55 1.13465
12 56 1.13465
12 57 1.13465
12 58 1.13465
12 59 1.13465
12 60 1.10282
12 61 1.09036
12 62 1.0798
12 63 1.07483
12 64 1.11663
12 65 1.11663
12 66 1.11663
12 67 1.11663
12 68 1.11663
12 69 1.09535
12 70 1.08569
12 71 1.0771
12 72 1.07289
12 73 1.11124
12 74 1.11124
12 75 1.11124
12 76 1.11124
12 77 1.11124
12 78 1.09281
12 79 1.08483
12 80 1.07753
12 81 1.07395
12 82 1.11788
12 83 1.11788
12 84 1.11788
12 85 1.11788
12 86 1.11788
12 87 1.09625
12 88 1.08663
12 89 1.07782
12 90 1.07427
12 91 1.11376
12 92 1.11376
12 93 1.11376
12 94 1.11376
12 95 1.11376
12 96 1.09429
12 97 1.08543
12 98 1.07708
12 99 1.07315
12 100 1.10466
12 101 1.10466
12 102 1.10466
12 103 1.10466
12 104 1.10466
12 105 1.08919
12 106 1.08169
12 107 1.07476
12 108 1.07132
12 109 1.09718
12 110 1.09718
12 111 1.09718
12 112 1.09718
12 113 1.09718
12 114 1.08487
12 115 1.07916
12 116 1.07409
12 117 1.07116
12 118 1.10032
12 119 1.10032
12 120 1.10032
12 121 1.10032
12 122 1.10032
12 123 1.08729
12 124 1.08042
12 125 1.07415
12 126 1.07143
12 127 1.09831
12 128 1.09831
12 129 1.09831
12 130 1.09831
12 131 1.09831
12 132 1.08583
12 133 1.07943
12 134 1.07338
12 135 1.07041
12 136 1.09327
12 137 1.09327
12 138 1.09327
12 139 1.09327
12 140 1.09327
12 141 1.08225
12 142 1.07669
12 143 1.07142
12 144 1.06876
13 1 1.1464
13 2 1.1464
13 3 1.1464
13 4 1.1464
13 5 1.1464
13 6 1.10651
13 7 1.09213
13 8 1.08071
13 9 1.07523
13 10 1.30368
13 11 1.30368
13 12 1.30368
13 13 1.30368
13 14 1.30368
13 15 1.1174
13 16 1.09608
13 17 1.08196
13 18 1.07594
13 19 1.16123
13 20 1.16123
13 21 1.16123
13 22 1.16123
13 23 1.16123
13 24 1.10997
13 25 1.09344
13 26 1.08079
13 27 1.07493
13 28 1.12549
13 29 1.12549
13 30 1.12549
13 31 1.12549
13 32 1.12549
13 33 1.09893
13 34 1.08754
13 35 1.07776
13 36 1.07301
13 37 1.12868
13 38 1.12868
13 39 1.12868
13 40 1.12868
13 41 1.12868
13 42 1.10054
13 43 1.08954
13 44 1.08008
13 45 1.07549
13 46 1.14636
13 47 1.14636
13 48 1.14636
13 49 1.14636
13 50 1.14636
13 51 1.10675
13 52 1.09186
13 53 1.08058
13 54 1.07598
13 55 1.13465
13 56 1.13465
13 57 1.13465
13 58 1.13465
13 59 1.13465
13 60 1.10282
13 61 1.09036
13 62 1.0798
13 63 1.07483
13 64 1.11663
13 65 1.11663
13 66 1.11663
13 67 1.11663
13 68 1.11663
13 69 1.09535
13 70 1.08569
13 71 1.0771
13 72 1.07289
13 73 1.11124
13 74 1.11124
13 75 1.11124
13 76 1.11124
13 77 1.11124
13 78 1.09281
13 79 1.08483
13 80 1.07753
13 81 1.07395
13 82 1.11788
13 83 1.11788
13 84 1.11788
13 85 1.11788
13 86 1.11788
13 87 1.09625
13 88 1.08663
13 89 1.07782
13 90 1.07427
13 91 1.11376
13 92 1.11376
13 93 1.11376
13 94 1.11376
13 95 1.11376
13 96 1.09429
13 97 1.08543
13 98 1.07708
13 99 1.07315
13 100 1.10466
13 101 1.10466
13 102 1.10466
13 103 1.10466
13 104 1.10466
13 105 1.08919
13 106 1.08169
13 107 1.07476
13 108 1.07132
13 109 1.09718
13 110 1.09718
13 111 1.09718
13 112 1.09718
13 113 1.09718
13 114 1.08487
13 115 1.07916
13 116 1.07409
13 117 1.07116
13 118 1.10032
13 119 1.10032
13 120 1.10032
13 121 1.10032
13 122 1.10032
13 123 1.08729
13 124 1.08042
13 125 1.07415
13 126 1.07143
13 127 1.09831
13 128 1.09831
13 129 1.09831
13 130 1.09831
13 131 1.09831
13 132 1.08583
13 133 1.07943
13 134 1.07338
13 135 1.07041
13 136 1.09327
13 137 1.09327
13 138 1.09327
13 139 1.09327
13 140 1.09327
13 141 1.08225
13 142 1.07669
13 143 1.07142
13 144 1.06876
14 1 1.1464
14 2 1.1464
14 3 1.1464
14 4 1.1464
14 5 1.1464
14 6 1.10651
14 7 1.09213
14 8 1.08071
14 9 1.07523
14 10 1.30368
14 11 1.30368
14 12 1.30368
14 13 1.30368
14 14 1.30368
14 15 1.1174
14 16 1.09608
14 17 1.08196
14 18 1.07594
14 19 1.16123
14 20 1.16123
14 21 1.16123
14 22 1.16123
14 23 1.16123
14 24 1.10997
14 25 1.09344
14 26 1.08079
14 27 1.07493
14 28 1.12549
14 29 1.12549
14 30 1.12549
14 31 1.12549
14 32 1.12549
14 33 1.09893
14 34 1.08754
14 35 1.07776
14 36 1.07301
14 37 1.12868
14 38 1.12868
14 39 1.12868
14 40 1.12868
14 41 1.12868
14 42 1.10054
14 43 1.08954
14 44 1.08008
14 45 1.07549
14 46 1.14636
14 47 1.14636
14 48 1.14636
14 49 1.14636
14 50 1.14636
14 51 1.10675
14 52 1.09186
14 53 1.08058
14 54 1.07598
14 55 1.13465
14 56 1.13465
14 57 1.13465
14 58 1.13465
14 59 1.13465
14 60 1.10282
14 61 1.09036
14 62 1.0798
14 63 1.07483
14 64 1.11663
14 65 1.11663
14 66 1.11663
14 67 1.11663
14 68 1.11663
14 69 1.09535
14 70 1.08569
14 71 1.0771
14 72 1.07289
14 73 1.11124
14 74 1.11124
14 75 1.11124
14 76 1.11124
14 77 1.11124
14 78 1.09281
14 79 1.08483
14 80 1.07753
14 81 1.07395
14 82 1.11788
14 83 1.11788
14 84 1.11788
14 85 1.11788
14 86 1.11788
14 87 1.09625
14 88 1.08663
14 89 1.07782
14 90 1.07427
14 91 1.11376
14 92 1.11376
14 93 1.11376
14 94 1.11376
14 95 1.11376
14 96 1.09429
14 97 1.08543
14 98 1.07708
14 99 1.07315
14 100 1.10466
14 101 1.10466
14 102 1.10466
14 103 1.10466
14 104 1.10466
14 105 1.08919
14 106 1.08169
14 107 1.07476
14 108 1.07132
14 109 1.09718
14 110 1.09718
14 111 1.09718
14 112 1.09718
14 113 1.09718
14 114 1.08487
14 115 1.07916
14 116 1.07409
14 117 1.07116
14 118 1.10032
14 119 1.10032
14 120 1.10032
14 121 1.10032
14 122 1.10032
14 123 1.08729
14 124 1.08042
14 125 1.07415
14 126 1.07143
14 127 1.09831
14 128 1.09831
14 129 1.09831
14 130 1.09831
14 131 1.09831
14 132 1.08583
14 133 1.07943
14 134 1.07338
14 135 1.07041
14 136 1.09327
14 137 1.09327
14 138 1.09327
14 139 1.09327
14 140 1.09327
14 141 1.08225
14 142 1.07669
14 143 1.07142
14 144 1.06876
15 1 1.10695
15 2 1.10695
15 3 1.10695
15 4 1.10695
15 5 1.10695
15 6 1.41191
15 7 1.34009
15 8 1.23389
15 9 1.17806
15 10 1.1174
15 11 1.1174
15 12 1.1174
15 13 1.1174
15 14 1.1174
15 15 6.8271
15 16 2.08784
15 17 1.36679
15 18 1.20304
15 19 1.10963
15 20 1.10963
15 21 1.10963
15 22 1.10963
15 23 1.10963
15 24 1.65507
15 25 1.46276
15 26 1.27137
15 27 1.18575
15 28 1.09839
15 29 1.09839
15 30 1.09839
15 31 1.09839
15 32 1.09839
15 33 1.23491
15 34 1.22481
15 35 1.1829
15 36 1.15731
15 37 1.1023
15 38 1.1023
15 39 1.1023
15 40 1.1023
15 41 1.1023
15 42 1.23092
15 43 1.21897
15 44 1.18517
15 45 1.16344
15 46 1.10793
15 47 1.10793
15 48 1.10793
15 49 1.10793
15 50 1.10793
15 51 1.38538
15 52 1.32288
15 53 1.22384
15 54 1.17891
15 55 1.10323
15 56 1.10323
15 57 1.10323
15 58 1.10323
15 59 1.10323
15 60 1.28447
15 61 1.26337
15 62 1.20274
15 63 1.16763
15 64 1.09505
15 65 1.09505
15 66 1.09505
15 67 1.09505
15 68 1.09505
15 69 1.17838
15 70 1.17942
15 71 1.16008
15 72 1.14684
15 73 1.09427
15 74 1.09427
15 75 1.09427
15 76 1.09427
15 77 1.09427
15 78 1.15205
15 79 1.15391
15 80 1.14755
15 81 1.14183
15 82 1.09745
15 83 1.09745
15 84 1.09745
15 85 1.09745
15 86 1.09745
15 87 1.16687
15 88 1.17312
15 89 1.15905
15 90 1.14982
15 91 1.09452
15 92 1.09452
15 93 1.09452
15 94 1.09452
15 95 1.09452
15 96 1.15939
15 97 1.16381
15 98 1.15235
15 99 1.14365
15 100 1.08902
15 101 1.08902
15 102 1.08902
15 103 1.08902
15 104 1.08902
15 105 1.13249
15 106 1.13803
15 107 1.13434
15 108 1.13069
15 109 1.0859
15 110 1.0859
15 111 1.0859
15 112 1.0859
15 113 1.0859
15 114 1.11697
15 115 1.11998
15 116 1.12219
15 117 1.12135
15 118 1.08774
15 119 1.08774
15 120 1.08774
15 121 1.08774
15 122 1.08774
15 123 1.11984
15 124 1.12446
15 125 1.12611
15 126 1.12549
15 127 1.08589
15 128 1.08589
15 129 1.08589
15 130 1.08589
15 131 1.08589
15 132 1.11635
15 133 1.12132
15 134 1.12267
15 135 1.12205
15 136 1.08222
15 137 1.08222
15 138 1.08222
15 139 1.08222
15 140 1.08222
15 141 1.10583
15 142 1.11163
15 143 1.11382
15 144 1.11421
16 1 1.09194
16 2 1.09194
16 3 1.09194
16 4 1.09194
16 5 1.09194
16 6 1.33843
16 7 1.43409
16 8 1.32967
16 9 1.24897
16 10 1.09608
16 11 1.09608
16 12 1.09608
16 13 1.09608
16 14 1.09608
16 15 2.08784
16 16 6.7568
16 17 1.91974
16 18 1.31451
16 19 1.09278
16 20 1.09278
16 21 1.09278
16 22 1.09278
16 23 1.09278
16 24 1.45956
16 25 1.6678
16 26 1.41671
16 27 1.2672
16 28 1.08674
16 29 1.08674
16 30 1.08674
16 31 1.08674
16 32 1.08674
16 33 1.22417
16 34 1.26004
16 35 1.23483
16 36 1.20992
16 37 1.09009
16 38 1.09009
16 39 1.09009
16 40 1.09009
16 41 1.09009
16 42 1.2203
16 43 1.25164
16 44 1.23797
16 45 1.21813
16 46 1.09288
16 47 1.09288
16 48 1.09288
16 49 1.09288
16 50 1.09288
16 51 1.31433
16 52 1.41433
16 53 1.31672
16 54 1.25014
16 55 1.09008
16 56 1.09008
16 57 1.09008
16 58 1.09008
16 59 1.09008
16 60 1.25886
16 61 1.31203
16 62 1.26931
16 63 1.22837
16 64 1.08507
16 65 1.08507
16 66 1.08507
16 67 1.08507
16 68 1.08507
16 69 1.17915
16 70 1.20385
16 71 1.19972
16 72 1.19108
16 73 1.08535
16 74 1.08535
16 75 1.08535
16 76 1.08535
16 77 1.08535
16 78 1.15619
16 79 1.17322
16 80 1.18052
16 81 1.18006
16 82 1.08725
16 83 1.08725
16 84 1.08725
16 85 1.08725
16 86 1.08725
16 87 1.16602
16 88 1.19714
16 89 1.19998
16 90 1.1947
16 91 1.08508
16 92 1.08508
16 93 1.08508
16 94 1.08508
16 95 1.08508
16 96 1.16144
16 97 1.18524
16 98 1.18888
16 99 1.18514
16 100 1.08123
16 101 1.08123
16 102 1.08123
16 103 1.08123
16 104 1.08123
16 105 1.13811
16 106 1.15577
16 107 1.16309
16 108 1.16441
16 109 1.07955
16 110 1.07955
16 111 1.07955
16 112 1.07955
16 113 1.07955
16 114 1.12369
16 115 1.13424
16 116 1.14488
16 117 1.14796
16 118 1.0808
16 119 1.0808
16 120 1.0808
16 121 1.0808
16 122 1.0808
16 123 1.12479
16 124 1.13939
16 125 1.15145
16 126 1.15498
16 127 1.07924
16 128 1.07924
16 129 1.07924
16 130 1.07924
16 131 1.07924
16 132 1.12196
16 133 1.13595
16 134 1.14672
16 135 1.15042
16 136 1.0764
16 137 1.0764
16 138 1.0764
16 139 1.0764
16 140 1.0764
16 141 1.1119
16 142 1.12517
16 143 1.13484
16 144 1.13899
17 1 1.08046
17 2 1.08046
17 3 1.08046
17 4 1.08046
17 5 1.08046
17 6 1.2305
17 7 1.32309
17 8 1.3876
17 9 1.33215
17 10 1.08196
17 11 1.08196
17 12 1.08196
17 13 1.08196
17 14 1.08196
17 15 1.36679
17 16 1.91974
17 17 5.4627
17 18 1.53987
17 19 1.08036
17 20 1.08036
17 21 1.08036
17 22 1.08036
17 23 1.08036
17 24 1.26643
17 25 1.40647
17 26 1.52709
17 27 1.37168
17 28 1.07726
17 29 1.07726
17 30 1.07726
17 31 1.07726
17 32 1.07726
17 33 1.18164
17 34 1.23208
17 35 1.26367
17 36 1.26436
17 37 1.08026
17 38 1.08026
17 39 1.08026
17 40 1.08026
17 41 1.08026
17 42 1.18396
17 43 1.23258
17 44 1.27176
17 45 1.27517
17 46 1.08141
17 47 1.08141
17 48 1.08141
17 49 1.08141
17 50 1.08141
17 51 1.21907
17 52 1.3193
17 53 1.38253
17 54 1.33346
17 55 1.07971
17 56 1.07971
17 57 1.07971
17 58 1.07971
17 59 1.07971
17 60 1.1988
17 61 1.26554
17 62 1.30752
17 63 1.29485
17 64 1.07679
17 65 1.07679
17 66 1.07679
17 67 1.07679
17 68 1.07679
17 69 1.15981
17 70 1.19843
17 71 1.22655
17 72 1.23526
17 73 1.07779
17 74 1.07779
17 75 1.07779
17 76 1.07779
17 77 1.07779
17 78 1.14867
17 79 1.17786
17 80 1.20591
17 81 1.21668
17 82 1.07878
17 83 1.07878
17 84 1.07878
17 85 1.07878
17 86 1.07878
17 87 1.15123
17 88 1.1961
17 89 1.23089
17 90 1.23954
17 91 1.07719
17 92 1.07719
17 93 1.07719
17 94 1.07719
17 95 1.07719
17 96 1.1493
17 97 1.18572
17 98 1.2161
17 99 1.22624
17 100 1.0746
17 101 1.0746
17 102 1.0746
17 103 1.0746
17 104 1.0746
17 105 1.13447
17 106 1.16231
17 107 1.18609
17 108 1.19679
17 109 1.07401
17 110 1.07401
17 111 1.07401
17 112 1.07401
17 113 1.07401
17 114 1.12535
17 115 1.14319
17 116 1.16385
17 117 1.17242
17 118 1.07478
17 119 1.07478
17 120 1.07478
17 121 1.07478
17 122 1.07478
17 123 1.12421
17 124 1.14806
17 125 1.17292
17 126 1.18265
17 127 1.07349
17 128 1.07349
17 129 1.07349
17 130 1.07349
17 131 1.07349
17 132 1.12227
17 133 1.14459
17 134 1.16713
17 135 1.17714
17 136 1.07135
17 137 1.07135
17 138 1.07135
17 139 1.07135
17 140 1.07135
17 141 1.1142
17 142 1.13442
17 143 1.15302
17 144 1.16214
18 1 1.07528
18 2 1.07528
18 3 1.07528
18 4 1.07528
18 5 1.07528
18 6 1.17756
18 7 1.24519
18 8 1.32975
18 9 1.37955
18 10 1.07594
18 11 1.07594
18 12 1.07594
18 13 1.07594
18 14 1.07594
18 15 1.20304
18 16 1.31451
18 17 1.53987
18 18 2.13251
18 19 1.07496
18 20 1.07496
18 21 1.07496
18 22 1.07496
18 23 1.07496
18 24 1.18704
18 25 1.26679
18 26 1.37437
18 27 1.44823
18 28 1.07302
18 29 1.07302
18 30 1.07302
18 31 1.07302
18 32 1.07302
18 33 1.15859
18 34 1.20945
18 35 1.26503
18 36 1.2955
18 37 1.07561
18 38 1.07561
18 39 1.07561
18 40 1.07561
18 41 1.07561
18 42 1.16059
18 43 1.2089
18 44 1.26731
18 45 1.29978
18 46 1.07618
18 47 1.07618
18 48 1.07618
18 49 1.07618
18 50 1.07618
18 51 1.17135
18 52 1.2458
18 53 1.32922
18 54 1.3755
18 55 1.07498
18 56 1.07498
18 57 1.07498
18 58 1.07498
18 59 1.07498
18 60 1.16551
18 61 1.22483
18 62 1.293
18 63 1.32887
18 64 1.07296
18 65 1.07296
18 66 1.07296
18 67 1.07296
18 68 1.07296
18 69 1.14726
18 70 1.18955
18 71 1.23402
18 72 1.25751
18 73 1.07404
18 74 1.07404
18 75 1.07404
18 76 1.07404
18 77 1.07404
18 78 1.14098
18 79 1.17396
18 80 1.21181
18 81 1.23073
18 82 1.07468
18 83 1.07468
18 84 1.07468
18 85 1.07468
18 86 1.07468
18 87 1.13998
18 88 1.18672
18 89 1.23537
18 90 1.25783
18 91 1.07341
18 92 1.07341
18 93 1.07341
18 94 1.07341
18 95 1.07341
18 96 1.13979
18 97 1.17944
18 98 1.2228
18 99 1.24434
18 100 1.07143
18 101 1.07143
18 102 1.07143
18 103 1.07143
18 104 1.07143
18 105 1.1305
18 106 1.16238
18 107 1.19489
18 108 1.21171
18 109 1.07115
18 110 1.07115
18 111 1.07115
18 112 1.07115
18 113 1.07115
18 114 1.12373
18 115 1.14452
18 116 1.16987
18 117 1.18148
18 118 1.07173
18 119 1.07173
18 120 1.07173
18 121 1.07173
18 122 1.07173
18 123 1.12157
18 124 1.14902
18 125 1.17993
18 126 1.19337
18 127 1.07062
18 128 1.07062
18 129 1.07062
18 130 1.07062
18 131 1.07062
18 132 1.1204
18 133 1.14613
18 134 1.17447
18 135 1.18817
18 136 1.06885
18 137 1.06885
18 138 1.06885
18 139 1.06885
18 140 1.06885
18 141 1.114
18 142 1.13726
18 143 1.16037
18 144 1.17222
19 1 1.11775
19 2 1.11775
19 3 1.11775
19 4 1.11775
19 5 1.11775
19 6 1.0952
19 7 1.08533
19 8 1.07688
19 9 1.07266
19 10 1.16123
19 11 1.16123
19 12 1.16123
19 13 1.16123
19 14 1.16123
19 15 1.10963
19 16 1.09278
19 17 1.08036
19 18 1.07496
19 19 1.30387
19 20 1.30387
19 21 1.30387
19 22 1.30387
19 23 1.30387
19 24 1.11731
19 25 1.09634
19 26 1.08189
19 27 1.07542
19 28 1.16168
19 29 1.16168
19 30 1.16168
19 31 1.16168
19 32 1.16168
19 33 1.11034
19 34 1.09374
19 35 1.08085
19 36 1.07481
19 37 1.11105
19 38 1.11105
19 39 1.11105
19 40 1.11105
19 41 1.11105
19 42 1.09215
19 43 1.08387
19 44 1.07659
19 45 1.07294
19 46 1.13456
19 47 1.13456
19 48 1.13456
19 49 1.13456
19 50 1.13456
19 51 1.10223
19 52 1.08929
19 53 1.07909
19 54 1.07495
19 55 1.14664
19 56 1.14664
19 57 1.14664
19 58 1.14664
19 59 1.14664
19 60 1.10626
19 61 1.09213
19 62 1.08051
19 63 1.07519
19 64 1.13517
19 65 1.13517
19 66 1.13517
19 67 1.13517
19 68 1.13517
19 69 1.10323
19 70 1.09043
19 71 1.07968
19 72 1.07451
19 73 1.10113
19 74 1.10113
19 75 1.10113
19 76 1.10113
19 77 1.10113
19 78 1.08715
19 79 1.08054
19 80 1.07459
19 81 1.07161
19 82 1.11363
19 83 1.11363
19 84 1.11363
19 85 1.11363
19 86 1.11363
19 87 1.0935
19 88 1.0847
19 89 1.07652
19 90 1.0733
19 91 1.11813
19 92 1.11813
19 93 1.11813
19 94 1.11813
19 95 1.11813
19 96 1.09568
19 97 1.08631
19 98 1.07748
19 99 1.0734
19 100 1.11428
19 101 1.11428
19 102 1.11428
19 103 1.11428
19 104 1.11428
19 105 1.09407
19 106 1.08495
19 107 1.07675
19 108 1.07272
19 109 1.09108
19 110 1.09108
19 111 1.09108
19 112 1.09108
19 113 1.09108
19 114 1.08105
19 115 1.07602
19 116 1.07168
19 117 1.06911
19 118 1.09821
19 119 1.09821
19 120 1.09821
19 121 1.09821
19 122 1.09821
19 123 1.08543
19 124 1.07897
19 125 1.07307
19 126 1.07056
19 127 1.10049
19 128 1.10049
19 129 1.10049
19 130 1.10049
19 131 1.10049
19 132 1.08642
19 133 1.07984
19 134 1.07358
19 135 1.07059
19 136 1.09877
19 137 1.09877
19 138 1.09877
19 139 1.09877
19 140 1.09877
19 141 1.08535
19 142 1.07891
19 143 1.07293
19 144 1.06994
20 1 1.11775
20 2 1.11775
20 3 1.11775
20 4 1.11775
20 5 1.11775
20 6 1.0952
20 7 1.08533
20 8 1.07688
20 9 1.07266
20 10 1.16123
20 11 1.16123
20 12 1.16123
20 13 1.16123
20 14 1.16123
20 15 1.10963
20 16 1.09278
20 17 1.08036
20 18 1.07496
20 19 1.30387
20 20 1.30387
20 21 1.30387
20 22 1.30387
20 23 1.30387
20 24 1.11731
20 25 1.09634
20 26 1.08189
20 27 1.07542
20 28 1.16168
20 29 1.16168
20 30 1.16168
20 31 1.16168
20 32 1.16168
20 33 1.11034
20 34 1.09374
20 35 1.08085
20 36 1.07481
20 37 1.11105
20 38 1.11105
20 39 1.11105
20 40 1.11105
20 41 1.11105
20 42 1.09215
20 43 1.08387
20 44 1.07659
20 45 1.07294
20 46 1.13456
20 47 1.13456
20 48 1.13456
20 49 1.13456
20 50 1.13456
20 51 1.10223
20 52 1.08929
20 53 1.07909
20 54 1.07495
20 55 1.14664
20 56 1.14664
20 57 1.14664
20 58 1.14664
20 59 1.14664
20 60 1.10626
20 61 1.09213
20 62 1.08051
20 63 1.07519
20 64 1.13517
20 65 1.13517
20 66 1.13517
20 67 1.13517
20 68 1.13517
20 69 1.10323
20 70 1.09043
20 71 1.07968
20 72 1.07451
20 73 1.10113
20 74 1.10113
20 75 1.10113
20 76 1.10113
20 77 1.10113
20 78 1.08715
20 79 1.08054
20 80 1.07459
20 81 1.07161
20 82 1.11363
20 83 1.11363
20 84 1.11363
20 85 1.11363
20 86 1.11363
20 87 1.0935
20 88 1.0847
20 89 1.07652
20 90 1.0733
20 91 1.11813
20 92 1.11813
20 93 1.11813
20 94 1.11813
20 95 1.11813
20 96 1.09568
20 97 1.08631
20 98 1.07748
20 99 1.0734
20 100 1.11428
20 101 1.11428
20 102 1.11428
20 103 1.11428
20 104 1.11428
20 105 1.09407
20 106 1.08495
20 107 1.07675
20 108 1.07272
20 109 1.09108
20 110 1.09108
20 111 1.09108
20 112 1.09108
20 113 1.09108
20 114 1.08105
20 115 1.07602
20 116 1.07168
20 117 1.06911
20 118 1.09821
20 119 1.09821
20 120 1.09821
20 121 1.09821
20 122 1.09821
20 123 1.08543
20 124 1.07897
20 125 1.07307
20 126 1.07056
20 127 1.10049
20 128 1.10049
20 129 1.10049
20 130 1.10049
20 131 1.10049
20 132 1.08642
20 133 1.07984
20 134 1.07358
20 135 1.07059
20 136 1.09877
20 137 1.09877
20 138 1.09877
20 139 1.09877
20 140 1.09877
20 141 1.08535
20 142 1.07891
20 143 1.07293
20 144 1.06994
21 1 1.11775
21 2 1.11775
21 3 1.11775
21 4 1.11775
21 5 1.11775
21 6 1.0952
21 7 1.08533
21 8 1.07688
21 9 1.07266
21 10 1.16123
21 11 1.16123
21 12 1.16123
21 13 1.16123
21 14 1.16123
21 15 1.10963
21 16 1.09278
21 17 1.08036
21 18 1.07496
21 19 1.30387
21 20 1.30387
21 21 1.30387
21 22 1.30387
21 23 1.30387
21 24 1.11731
21 25 1.09634
21 26 1.08189
21 27 1.07542
21 28 1.16168
21 29 1.16168
21 30 1.16168
21 31 1.16168
