injected_el measured_el potential
1 1 1.30428
1 2 1.30428
1 3 1.30428
1 4 1.30428
1 5 1.30428
1 6 1.1157
1 7 1.09797
1 8 1.08492
1 9 1.07833
1 10 1.14548
1 11 1.14548
1 12 1.14548
1 13 1.14548
1 14 1.14548
1 15 1.10252
1 16 1.09592
1 17 1.08583
1 18 1.07845
1 19 1.11699
1 20 1.11699
1 21 1.11699
1 22 1.11699
1 23 1.11699
1 24 1.09825
1 25 1.09319
1 26 1.08353
1 27 1.07636
1 28 1.09995
1 29 1.09995
1 30 1.09995
1 31 1.09995
1 32 1.09995
1 33 1.08982
1 34 1.08365
1 35 1.07625
1 36 1.0722
1 37 1.1474
1 38 1.1474
1 39 1.1474
1 40 1.1474
1 41 1.1474
1 42 1.10693
1 43 1.09376
1 44 1.08305
1 45 1.07757
1 46 1.12847
1 47 1.12847
1 48 1.12847
1 49 1.12847
1 50 1.12847
1 51 1.09904
1 52 1.0925
1 53 1.08389
1 54 1.07728
1 55 1.1108
1 56 1.1108
1 57 1.1108
1 58 1.1108
1 59 1.1108
1 60 1.09553
1 61 1.09054
1 62 1.08132
1 63 1.07512
1 64 1.09703
1 65 1.09703
1 66 1.09703
1 67 1.09703
1 68 1.09703
1 69 1.08678
1 70 1.08136
1 71 1.07507
1 72 1.07161
1 73 1.11914
1 74 1.11914
1 75 1.11914
1 76 1.11914
1 77 1.11914
1 78 1.09695
1 79 1.08769
1 80 1.0794
1 81 1.07512
1 82 1.11136
1 83 1.11136
1 84 1.11136
1 85 1.11136
1 86 1.11136
1 87 1.09303
1 88 1.08685
1 89 1.07941
1 90 1.07443
1 91 1.10118
1 92 1.10118
1 93 1.10118
1 94 1.10118
1 95 1.10118
1 96 1.08873
1 97 1.084
1 98 1.07682
1 99 1.07249
1 100 1.0913
1 101 1.0913
1 102 1.0913
1 103 1.0913
1 104 1.0913
1 105 1.08209
1 106 1.07739
1 107 1.07231
1 108 1.06959
1 109 1.10158
1 110 1.10158
1 111 1.10158
1 112 1.10158
1 113 1.10158
1 114 1.08755
1 115 1.08096
1 116 1.0748
1 117 1.07167
1 118 1.09736
1 119 1.09736
1 120 1.09736
1 121 1.09736
1 122 1.09736
1 123 1.08512
1 124 1.07986
1 125 1.074
1 126 1.07076
1 127 1.0912
1 128 1.0912
1 129 1.0912
1 130 1.0912
1 131 1.0912
1 132 1.08147
1 133 1.07711
1 134 1.07189
1 135 1.06907
1 136 1.08437
1 137 1.08437
1 138 1.08437
1 139 1.08437
1 140 1.08437
1 141 1.07666
1 142 1.07274
1 143 1.06877
1 144 1.06669
2 1 1.30428
2 2 1.30428
2 3 1.30428
2 4 1.30428
2 5 1.30428
2 6 1.1157
2 7 1.09797
2 8 1.08492
2 9 1.07833
2 10 1.14548
2 11 1.14548
2 12 1.14548
2 13 1.14548
2 14 1.14548
2 15 1.10252
2 16 1.09592
2 17 1.08583
2 18 1.07845
2 19 1.11699
2 20 1.11699
2 21 1.11699
2 22 1.11699
2 23 1.11699
2 24 1.09825
2 25 1.09319
2 26 1.08353
2 27 1.07636
2 28 1.09995
2 29 1.09995
2 30 1.09995
2 31 1.09995
2 32 1.09995
2 33 1.08982
2 34 1.08365
2 35 1.07625
2 36 1.0722
2 37 1.1474
2 38 1.1474
2 39 1.1474
2 40 1.1474
2 41 1.1474
2 42 1.10693
2 43 1.09376
2 44 1.08305
2 45 1.07757
2 46 1.12847
2 47 1.12847
2 48 1.12847
2 49 1.12847
2 50 1.12847
2 51 1.09904
2 52 1.0925
2 53 1.08389
2 54 1.07728
2 55 1.1108
2 56 1.1108
2 57 1.1108
2 58 1.1108
2 59 1.1108
2 60 1.09553
2 61 1.09054
2 62 1.08132
2 63 1.07512
2 64 1.09703
2 65 1.09703
2 66 1.09703
2 67 1.09703
2 68 1.09703
2 69 1.08678
2 70 1.08136
2 71 1.07507
2 72 1.07161
2 73 1.11914
2 74 1.11914
2 75 1.11914
2 76 1.11914
2 77 1.11914
2 78 1.09695
2 79 1.08769
2 80 1.0794
2 81 1.07512
2 82 1.11136
2 83 1.11136
2 84 1.11136
2 85 1.11136
2 86 1.11136
2 87 1.09303
2 88 1.08685
2 89 1.07941
2 90 1.07443
2 91 1.10118
2 92 1.10118
2 93 1.10118
2 94 1.10118
2 95 1.10118
2 96 1.08873
2 97 1.084
2 98 1.07682
2 99 1.07249
2 100 1.0913
2 101 1.0913
2 102 1.0913
2 103 1.0913
2 104 1.0913
2 105 1.08209
2 106 1.07739
2 107 1.07231
2 108 1.06959
2 109 1.10158
2 110 1.10158
2 111 1.10158
2 112 1.10158
2 113 1.10158
2 114 1.08755
2 115 1.08096
2 116 1.0748
2 117 1.07167
2 118 1.09736
2 119 1.09736
2 120 1.09736
2 121 1.09736
2 122 1.09736
2 123 1.08512
2 124 1.07986
2 125 1.074
2 126 1.07076
2 127 1.0912
2 128 1.0912
2 129 1.0912
2 130 1.0912
2 131 1.0912
2 132 1.08147
2 133 1.07711
2 134 1.07189
2 135 1.06907
2 136 1.08437
2 137 1.08437
2 138 1.08437
2 139 1.08437
2 140 1.08437
2 141 1.07666
2 142 1.07274
2 143 1.06877
2 144 1.06669
3 1 1.30428
3 2 1.30428
3 3 1.30428
3 4 1.30428
3 5 1.30428
3 6 1.1157
3 7 1.09797
3 8 1.08492
3 9 1.07833
3 10 1.14548
3 11 1.14548
3 12 1.14548
3 13 1.14548
3 14 1.14548
3 15 1.10252
3 16 1.09592
3 17 1.08583
3 18 1.07845
3 19 1.11699
3 20 1.11699
3 21 1.11699
3 22 1.11699
3 23 1.11699
3 24 1.09825
3 25 1.09319
3 26 1.08353
3 27 1.07636
3 28 1.09995
3 29 1.09995
3 30 1.09995
3 31 1.09995
3 32 1.09995
3 33 1.08982
3 34 1.08365
3 35 1.07625
3 36 1.0722
3 37 1.1474
3 38 1.1474
3 39 1.1474
3 40 1.1474
3 41 1.1474
3 42 1.10693
3 43 1.09376
3 44 1.08305
3 45 1.07757
3 46 1.12847
3 47 1.12847
3 48 1.12847
3 49 1.12847
3 50 1.12847
3 51 1.09904
3 52 1.0925
3 53 1.08389
3 54 1.07728
3 55 1.1108
3 56 1.1108
3 57 1.1108
3 58 1.1108
3 59 1.1108
3 60 1.09553
3 61 1.09054
3 62 1.08132
3 63 1.07512
3 64 1.09703
3 65 1.09703
3 66 1.09703
3 67 1.09703
3 68 1.09703
3 69 1.08678
3 70 1.08136
3 71 1.07507
3 72 1.07161
3 73 1.11914
3 74 1.11914
3 75 1.11914
3 76 1.11914
3 77 1.11914
3 78 1.09695
3 79 1.08769
3 80 1.0794
3 81 1.07512
3 82 1.11136
3 83 1.11136
3 84 1.11136
3 85 1.11136
3 86 1.11136
3 87 1.09303
3 88 1.08685
3 89 1.07941
3 90 1.07443
3 91 1.10118
3 92 1.10118
3 93 1.10118
3 94 1.10118
3 95 1.10118
3 96 1.08873
3 97 1.084
3 98 1.07682
3 99 1.07249
3 100 1.0913
3 101 1.0913
3 102 1.0913
3 103 1.0913
3 104 1.0913
3 105 1.08209
3 106 1.07739
3 107 1.07231
3 108 1.06959
3 109 1.10158
3 110 1.10158
3 111 1.10158
3 112 1.10158
3 113 1.10158
3 114 1.08755
3 115 1.08096
3 116 1.0748
3 117 1.07167
3 118 1.09736
3 119 1.09736
3 120 1.09736
3 121 1.09736
3 122 1.09736
3 123 1.08512
3 124 1.07986
3 125 1.074
3 126 1.07076
3 127 1.0912
3 128 1.0912
3 129 1.0912
3 130 1.0912
3 131 1.0912
3 132 1.08147
3 133 1.07711
3 134 1.07189
3 135 1.06907
3 136 1.08437
3 137 1.08437
3 138 1.08437
3 139 1.08437
3 140 1.08437
3 141 1.07666
3 142 1.07274
3 143 1.06877
3 144 1.06669
4 1 1.30428
4 2 1.30428
4 3 1.30428
4 4 1.30428
4 5 1.30428
4 6 1.1157
4 7 1.09797
4 8 1.08492
4 9 1.07833
4 10 1.14548
4 11 1.14548
4 12 1.14548
4 13 1.14548
4 14 1.14548
4 15 1.10252
4 16 1.09592
4 17 1.08583
4 18 1.07845
4 19 1.11699
4 20 1.11699
4 21 1.11699
4 22 1.11699
4 23 1.11699
4 24 1.09825
4 25 1.09319
4 26 1.08353
4 27 1.07636
4 28 1.09995
4 29 1.09995
4 30 1.09995
4 31 1.09995
4 32 1.09995
4 33 1.08982
4 34 1.08365
4 35 1.07625
4 36 1.0722
4 37 1.1474
4 38 1.1474
4 39 1.1474
4 40 1.1474
4 41 1.1474
4 42 1.10693
4 43 1.09376
4 44 1.08305
4 45 1.07757
4 46 1.12847
4 47 1.12847
4 48 1.12847
4 49 1.12847
4 50 1.12847
4 51 1.09904
4 52 1.0925
4 53 1.08389
4 54 1.07728
4 55 1.1108
4 56 1.1108
4 57 1.1108
4 58 1.1108
4 59 1.1108
4 60 1.09553
4 61 1.09054
4 62 1.08132
4 63 1.07512
4 64 1.09703
4 65 1.09703
4 66 1.09703
4 67 1.09703
4 68 1.09703
4 69 1.08678
4 70 1.08136
4 71 1.07507
4 72 1.07161
4 73 1.11914
4 74 1.11914
4 75 1.11914
4 76 1.11914
4 77 1.11914
4 78 1.09695
4 79 1.08769
4 80 1.0794
4 81 1.07512
4 82 1.11136
4 83 1.11136
4 84 1.11136
4 85 1.11136
4 86 1.11136
4 87 1.09303
4 88 1.08685
4 89 1.07941
4 90 1.07443
4 91 1.10118
4 92 1.10118
4 93 1.10118
4 94 1.10118
4 95 1.10118
4 96 1.08873
4 97 1.084
4 98 1.07682
4 99 1.07249
4 100 1.0913
4 101 1.0913
4 102 1.0913
4 103 1.0913
4 104 1.0913
4 105 1.08209
4 106 1.07739
4 107 1.07231
4 108 1.06959
4 109 1.10158
4 110 1.10158
4 111 1.10158
4 112 1.10158
4 113 1.10158
4 114 1.08755
4 115 1.08096
4 116 1.0748
4 117 1.07167
4 118 1.09736
4 119 1.09736
4 120 1.09736
4 121 1.09736
4 122 1.09736
4 123 1.08512
4 124 1.07986
4 125 1.074
4 126 1.07076
4 127 1.0912
4 128 1.0912
4 129 1.0912
4 130 1.0912
4 131 1.0912
4 132 1.08147
4 133 1.07711
4 134 1.07189
4 135 1.06907
4 136 1.08437
4 137 1.08437
4 138 1.08437
4 139 1.08437
4 140 1.08437
4 141 1.07666
4 142 1.07274
4 143 1.06877
4 144 1.06669
5 1 1.30428
5 2 1.30428
5 3 1.30428
5 4 1.30428
5 5 1.30428
5 6 1.1157
5 7 1.09797
5 8 1.08492
5 9 1.07833
5 10 1.14548
5 11 1.14548
5 12 1.14548
5 13 1.14548
5 14 1.14548
5 15 1.10252
5 16 1.09592
5 17 1.08583
5 18 1.07845
5 19 1.11699
5 20 1.11699
5 21 1.11699
5 22 1.11699
5 23 1.11699
5 24 1.09825
5 25 1.09319
5 26 1.08353
5 27 1.07636
5 28 1.09995
5 29 1.09995
5 30 1.09995
5 31 1.09995
5 32 1.09995
5 33 1.08982
5 34 1.08365
5 35 1.07625
5 36 1.0722
5 37 1.1474
5 38 1.1474
5 39 1.1474
5 40 1.1474
5 41 1.1474
5 42 1.10693
5 43 1.09376
5 44 1.08305
5 45 1.07757
5 46 1.12847
5 47 1.12847
5 48 1.12847
5 49 1.12847
5 50 1.12847
5 51 1.09904
5 52 1.0925
5 53 1.08389
5 54 1.07728
5 55 1.1108
5 56 1.1108
5 57 1.1108
5 58 1.1108
5 59 1.1108
5 60 1.09553
5 61 1.09054
5 62 1.08132
5 63 1.07512
5 64 1.09703
5 65 1.09703
5 66 1.09703
5 67 1.09703
5 68 1.09703
5 69 1.08678
5 70 1.08136
5 71 1.07507
5 72 1.07161
5 73 1.11914
5 74 1.11914
5 75 1.11914
5 76 1.11914
5 77 1.11914
5 78 1.09695
5 79 1.08769
5 80 1.0794
5 81 1.07512
5 82 1.11136
5 83 1.11136
5 84 1.11136
5 85 1.11136
5 86 1.11136
5 87 1.09303
5 88 1.08685
5 89 1.07941
5 90 1.07443
5 91 1.10118
5 92 1.10118
5 93 1.10118
5 94 1.10118
5 95 1.10118
5 96 1.08873
5 97 1.084
5 98 1.07682
5 99 1.07249
5 100 1.0913
5 101 1.0913
5 102 1.0913
5 103 1.0913
5 104 1.0913
5 105 1.08209
5 106 1.07739
5 107 1.07231
5 108 1.06959
5 109 1.10158
5 110 1.10158
5 111 1.10158
5 112 1.10158
5 113 1.10158
5 114 1.08755
5 115 1.08096
5 116 1.0748
5 117 1.07167
5 118 1.09736
5 119 1.09736
5 120 1.09736
5 121 1.09736
5 122 1.09736
5 123 1.08512
5 124 1.07986
5 125 1.074
5 126 1.07076
5 127 1.0912
5 128 1.0912
5 129 1.0912
5 130 1.0912
5 131 1.0912
5 132 1.08147
5 133 1.07711
5 134 1.07189
5 135 1.06907
5 136 1.08437
5 137 1.08437
5 138 1.08437
5 139 1.08437
5 140 1.08437
5 141 1.07666
5 142 1.07274
5 143 1.06877
5 144 1.06669
6 1 1.1157
6 2 1.1157
6 3 1.1157
6 4 1.1157
6 5 1.1157
6 6 6.21669
6 7 1.96003
6 8 1.35168
6 9 1.19579
6 10 1.10929
6 11 1.10929
6 12 1.10929
6 13 1.10929
6 14 1.10929
6 15 1.32298
6 16 1.29834
6 17 1.23288
6 18 1.18345
6 19 1.10036
6 20 1.10036
6 21 1.10036
6 22 1.10036
6 23 1.10036
6 24 1.21899
6 25 1.22414
6 26 1.19196
6 27 1.16186
6 28 1.08964
6 29 1.08964
6 30 1.08964
6 31 1.08964
6 32 1.08964
6 33 1.15461
6 34 1.15737
6 35 1.14473
6 36 1.13573
6 37 1.10591
6 38 1.10591
6 39 1.10591
6 40 1.10591
6 41 1.10591
6 42 1.38412
6 43 1.31789
6 44 1.22479
6 45 1.17474
6 46 1.10225
6 47 1.10225
6 48 1.10225
6 49 1.10225
6 50 1.10225
6 51 1.24032
6 52 1.23584
6 53 1.19975
6 54 1.16773
6 55 1.09559
6 56 1.09559
6 57 1.09559
6 58 1.09559
6 59 1.09559
6 60 1.19592
6 61 1.20273
6 62 1.17223
6 63 1.15058
6 64 1.08741
6 65 1.08741
6 66 1.08741
6 67 1.08741
6 68 1.08741
6 69 1.13606
6 70 1.14282
6 71 1.13579
6 72 1.12998
6 73 1.09568
6 74 1.09568
6 75 1.09568
6 76 1.09568
6 77 1.09568
6 78 1.1814
6 79 1.18318
6 80 1.16328
6 81 1.14926
6 82 1.09344
6 83 1.09344
6 84 1.09344
6 85 1.09344
6 86 1.09344
6 87 1.16729
6 88 1.17747
6 89 1.15952
6 90 1.14542
6 91 1.08879
6 92 1.08879
6 93 1.08879
6 94 1.08879
6 95 1.08879
6 96 1.14556
6 97 1.15717
6 98 1.14324
6 99 1.13398
6 100 1.08291
6 101 1.08291
6 102 1.08291
6 103 1.08291
6 104 1.08291
6 105 1.11484
6 106 1.12217
6 107 1.12114
6 108 1.11918
6 109 1.08644
6 110 1.08644
6 111 1.08644
6 112 1.08644
6 113 1.08644
6 114 1.12304
6 115 1.13007
6 116 1.12871
6 117 1.12644
6 118 1.0849
6 119 1.0849
6 120 1.0849
6 121 1.0849
6 122 1.0849
6 123 1.12081
6 124 1.13015
6 125 1.127
6 126 1.12404
6 127 1.0817
6 128 1.0817
6 129 1.0817
6 130 1.0817
6 131 1.0817
6 132 1.11109
6 133 1.11983
6 134 1.11835
6 135 1.11669
6 136 1.07747
6 137 1.07747
6 138 1.07747
6 139 1.07747
6 140 1.07747
6 141 1.09749
6 142 1.10375
6 143 1.10615
6 144 1.10668
7 1 1.09797
7 2 1.09797
7 3 1.09797
7 4 1.09797
7 5 1.09797
7 6 1.96003
7 7 6.18496
7 8 1.88611
7 9 1.28554
7 10 1.09754
7 11 1.09754
7 12 1.09754
7 13 1.09754
7 14 1.09754
7 15 1.30116
7 16 1.3467
7 17 1.29283
7 18 1.23726
7 19 1.09254
7 20 1.09254
7 21 1.09254
7 22 1.09254
7 23 1.09254
7 24 1.22494
7 25 1.24378
7 26 1.22279
7 27 1.1965
7 28 1.08422
7 29 1.08422
7 30 1.08422
7 31 1.08422
7 32 1.08422
7 33 1.16117
7 34 1.17123
7 35 1.16534
7 36 1.1596
7 37 1.09376
7 38 1.09376
7 39 1.09376
7 40 1.09376
7 41 1.09376
7 42 1.32044
7 43 1.40182
7 44 1.30516
7 45 1.23179
7 46 1.0929
7 47 1.0929
7 48 1.0929
7 49 1.0929
7 50 1.0929
7 51 1.24452
7 52 1.26556
7 53 1.24059
7 54 1.21069
7 55 1.08882
7 56 1.08882
7 57 1.08882
7 58 1.08882
7 59 1.08882
7 60 1.20533
7 61 1.22238
7 62 1.19891
7 63 1.18123
7 64 1.08251
7 65 1.08251
7 66 1.08251
7 67 1.08251
7 68 1.08251
7 69 1.14304
7 70 1.15628
7 71 1.15495
7 72 1.15199
7 73 1.08743
7 74 1.08743
7 75 1.08743
7 76 1.08743
7 77 1.08743
7 78 1.18261
7 79 1.2064
7 80 1.19783
7 81 1.18644
7 82 1.08649
7 83 1.08649
7 84 1.08649
7 85 1.08649
7 86 1.08649
7 87 1.17609
7 88 1.19786
7 89 1.18717
7 90 1.1769
7 91 1.08333
7 92 1.08333
7 93 1.08333
7 94 1.08333
7 95 1.08333
7 96 1.15441
7 97 1.17355
7 98 1.1648
7 99 1.15874
7 100 1.07876
7 101 1.07876
7 102 1.07876
7 103 1.07876
7 104 1.07876
7 105 1.12115
7 106 1.13386
7 107 1.13758
7 108 1.13803
7 109 1.08074
7 110 1.08074
7 111 1.08074
7 112 1.08074
7 113 1.08074
7 114 1.1291
7 115 1.14456
7 116 1.15059
7 117 1.15175
7 118 1.07985
7 119 1.07985
7 120 1.07985
7 121 1.07985
7 122 1.07985
7 123 1.12799
7 124 1.14421
7 125 1.14672
7 126 1.1468
7 127 1.07749
7 128 1.07749
7 129 1.07749
7 130 1.07749
7 131 1.07749
7 132 1.11767
7 133 1.13194
7 134 1.135
7 135 1.13581
7 136 1.07411
7 137 1.07411
7 138 1.07411
7 139 1.07411
7 140 1.07411
7 141 1.10264
7 142 1.11318
7 143 1.11951
7 144 1.12201
8 1 1.08492
8 2 1.08492
8 3 1.08492
8 4 1.08492
8 5 1.08492
8 6 1.35168
8 7 1.88611
8 8 6.1987
8 9 1.52065
8 10 1.08537
8 11 1.08537
8 12 1.08537
8 13 1.08537
8 14 1.08537
8 15 1.22251
8 16 1.26268
8 17 1.3226
8 18 1.31143
8 19 1.08243
8 20 1.08243
8 21 1.08243
8 22 1.08243
8 23 1.08243
8 24 1.18761
8 25 1.2106
8 26 1.22878
8 27 1.2302
8 28 1.07663
8 29 1.07663
8 30 1.07663
8 31 1.07663
8 32 1.07663
8 33 1.1458
8 34 1.16374
8 35 1.17536
8 36 1.18033
8 37 1.08309
8 38 1.08309
8 39 1.08309
8 40 1.08309
8 41 1.08309
8 42 1.22756
8 43 1.30989
8 44 1.37274
8 45 1.31825
8 46 1.08272
8 47 1.08272
8 48 1.08272
8 49 1.08272
8 50 1.08272
8 51 1.2001
8 52 1.22793
8 53 1.25581
8 54 1.26197
8 55 1.08008
8 56 1.08008
8 57 1.08008
8 58 1.08008
8 59 1.08008
8 60 1.17733
8 61 1.19899
8 62 1.20634
8 63 1.21065
8 64 1.07559
8 65 1.07559
8 66 1.07559
8 67 1.07559
8 68 1.07559
8 69 1.13361
8 70 1.15307
8 71 1.1653
8 72 1.17083
8 73 1.07936
8 74 1.07936
8 75 1.07936
8 76 1.07936
8 77 1.07936
8 78 1.16418
8 79 1.20127
8 80 1.22687
8 81 1.23348
8 82 1.07858
8 83 1.07858
8 84 1.07858
8 85 1.07858
8 86 1.07858
8 87 1.16076
8 88 1.18867
8 89 1.20329
8 90 1.21113
8 91 1.07631
8 92 1.07631
8 93 1.07631
8 94 1.07631
8 95 1.07631
8 96 1.14431
8 97 1.16821
8 98 1.17651
8 99 1.18215
8 100 1.07289
8 101 1.07289
8 102 1.07289
8 103 1.07289
8 104 1.07289
8 105 1.11782
8 106 1.13572
8 107 1.14839
8 108 1.15431
8 109 1.07481
8 110 1.07481
8 111 1.07481
8 112 1.07481
8 113 1.07481
8 114 1.12843
8 115 1.15258
8 116 1.17216
8 117 1.18121
8 118 1.07391
8 119 1.07391
8 120 1.07391
8 121 1.07391
8 122 1.07391
8 123 1.12622
8 124 1.14857
8 125 1.16291
8 126 1.17051
8 127 1.07203
8 128 1.07203
8 129 1.07203
8 130 1.07203
8 131 1.07203
8 132 1.11659
8 133 1.13584
8 134 1.14764
8 135 1.1539
8 136 1.06936
8 137 1.06936
8 138 1.06936
8 139 1.06936
8 140 1.06936
8 141 1.10285
8 142 1.11768
8 143 1.12972
8 144 1.1355
9 1 1.07833
9 2 1.07833
9 3 1.07833
9 4 1.07833
9 5 1.07833
9 6 1.19579
9 7 1.28554
9 8 1.52065
9 9 2.13105
9 10 1.07888
9 11 1.07888
9 12 1.07888
9 13 1.07888
9 14 1.07888
9 15 1.17815
9 16 1.20794
9 17 1.285
9 18 1.36431
9 19 1.07687
9 20 1.07687
9 21 1.07687
9 22 1.07687
9 23 1.07687
9 24 1.16387
9 25 1.18746
9 26 1.22755
9 27 1.25079
9 28 1.07242
9 29 1.07242
9 30 1.07242
9 31 1.07242
9 32 1.07242
9 33 1.13572
9 34 1.15799
9 35 1.18048
9 36 1.1926
9 37 1.07745
9 38 1.07745
9 39 1.07745
9 40 1.07745
9 41 1.07745
9 42 1.17576
9 43 1.23563
9 44 1.32015
9 45 1.3766
9 46 1.0772
9 47 1.0772
9 48 1.0772
9 49 1.0772
9 50 1.0772
9 51 1.17145
9 52 1.19895
9 53 1.25168
9 54 1.29441
9 55 1.07525
9 56 1.07525
9 57 1.07525
9 58 1.07525
9 59 1.07525
9 60 1.15865
9 61 1.18174
9 62 1.20829
9 63 1.22843
9 64 1.07173
9 65 1.07173
9 66 1.07173
9 67 1.07173
9 68 1.07173
9 69 1.12716
9 70 1.15006
9 71 1.17083
9 72 1.18195
9 73 1.07497
9 74 1.07497
9 75 1.07497
9 76 1.07497
9 77 1.07497
9 78 1.15037
9 79 1.19129
9 80 1.23602
9 81 1.26137
9 82 1.07423
9 83 1.07423
9 84 1.07423
9 85 1.07423
9 86 1.07423
9 87 1.14936
9 88 1.17935
9 89 1.20981
9 90 1.2315
9 91 1.0724
9 92 1.0724
9 93 1.0724
9 94 1.0724
9 95 1.0724
9 96 1.13685
9 97 1.16294
9 98 1.18229
9 99 1.19594
9 100 1.06962
9 101 1.06962
9 102 1.06962
9 103 1.06962
9 104 1.06962
9 105 1.11526
9 106 1.13609
9 107 1.15437
9 108 1.16381
9 109 1.07153
9 110 1.07153
9 111 1.07153
9 112 1.07153
9 113 1.07153
9 114 1.1266
9 115 1.15525
9 116 1.18334
9 117 1.19809
9 118 1.07062
9 119 1.07062
9 120 1.07062
9 121 1.07062
9 122 1.07062
9 123 1.12405
9 124 1.14963
9 125 1.17151
9 126 1.18421
9 127 1.06899
9 128 1.06899
9 129 1.06899
9 130 1.06899
9 131 1.06899
9 132 1.11525
9 133 1.13722
9 134 1.15455
9 135 1.16436
9 136 1.06671
9 137 1.06671
9 138 1.06671
9 139 1.06671
9 140 1.06671
9 141 1.10265
9 142 1.11994
9 143 1.13546
9 144 1.1433
10 1 1.14548
10 2 1.14548
10 3 1.14548
10 4 1.14548
10 5 1.14548
10 6 1.10929
10 7 1.09754
10 8 1.08537
10 9 1.07888
10 10 1.30115
10 11 1.30115
10 12 1.30115
10 13 1.30115
10 14 1.30115
10 15 1.11705
10 16 1.10664
10 17 1.09254
10 18 1.08223
10 19 1.15913
10 20 1.15913
10 21 1.15913
10 22 1.15913
10 23 1.15913
10 24 1.11451
10 25 1.10553
10 26 1.09146
10 27 1.0815
10 28 1.12444
10 29 1.12444
10 30 1.12444
10 31 1.12444
10 32 1.12444
10 33 1.10431
10 34 1.0944
10 35 1.0835
10 36 1.07767
10 37 1.12825
10 38 1.12825
10 39 1.12825
10 40 1.12825
10 41 1.12825
10 42 1.10304
10 43 1.09327
10 44 1.08336
10 45 1.07801
10 46 1.14545
10 47 1.14545
10 48 1.14545
10 49 1.14545
10 50 1.14545
10 51 1.10923
10 52 1.10083
10 53 1.08927
10 54 1.08054
10 55 1.13362
10 56 1.13362
10 57 1.13362
10 58 1.13362
10 59 1.13362
10 60 1.10831
10 61 1.10055
10 62 1.08802
10 63 1.07965
10 64 1.11592
10 65 1.11592
10 66 1.11592
10 67 1.11592
10 68 1.11592
10 69 1.0988
10 70 1.09053
10 71 1.08155
10 72 1.07671
10 73 1.11111
10 74 1.11111
10 75 1.11111
10 76 1.11111
10 77 1.11111
10 78 1.09441
10 79 1.08699
10 80 1.07937
10 81 1.07531
10 82 1.11766
10 83 1.11766
10 84 1.11766
10 85 1.11766
10 86 1.11766
10 87 1.09861
10 88 1.09209
10 89 1.08301
10 90 1.07695
10 91 1.11336
10 92 1.11336
10 93 1.11336
10 94 1.11336
10 95 1.11336
10 96 1.09715
10 97 1.09084
10 98 1.08176
10 99 1.07624
10 100 1.10426
10 101 1.10426
10 102 1.10426
10 103 1.10426
10 104 1.10426
10 105 1.0911
10 106 1.08456
10 107 1.0777
10 108 1.07406
10 109 1.09715
10 110 1.09715
10 111 1.09715
10 112 1.09715
10 113 1.09715
10 114 1.08564
10 115 1.08004
10 116 1.07449
10 117 1.0716
10 118 1.10031
10 119 1.10031
10 120 1.10031
10 121 1.10031
10 122 1.10031
10 123 1.08803
10 124 1.0827
10 125 1.07622
10 126 1.07261
10 127 1.09817
10 128 1.09817
10 129 1.09817
10 130 1.09817
10 131 1.09817
10 132 1.0868
10 133 1.08163
10 134 1.07543
10 135 1.07206
10 136 1.09307
10 137 1.09307
10 138 1.09307
10 139 1.09307
10 140 1.09307
10 141 1.08316
10 142 1.07813
10 143 1.07309
10 144 1.07046
11 1 1.14548
11 2 1.14548
11 3 1.14548
11 4 1.14548
11 5 1.14548
11 6 1.10929
11 7 1.09754
11 8 1.08537
11 9 1.07888
11 10 1.30115
11 11 1.30115
11 12 1.30115
11 13 1.30115
11 14 1.30115
11 15 1.11705
11 16 1.10664
11 17 1.09254
11 18 1.08223
11 19 1.15913
11 20 1.15913
11 21 1.15913
11 22 1.15913
11 23 1.15913
11 24 1.11451
11 25 1.10553
11 26 1.09146
11 27 1.0815
11 28 1.12444
11 29 1.12444
11 30 1.12444
11 31 1.12444
11 32 1.12444
11 33 1.10431
11 34 1.0944
11 35 1.0835
11 36 1.07767
11 37 1.12825
11 38 1.12825
11 39 1.12825
11 40 1.12825
11 41 1.12825
11 42 1.10304
11 43 1.09327
11 44 1.08336
11 45 1.07801
11 46 1.14545
11 47 1.14545
11 48 1.14545
11 49 1.14545
11 50 1.14545
11 51 1.10923
11 52 1.10083
11 53 1.08927
11 54 1.08054
11 55 1.13362
11 56 1.13362
11 57 1.13362
11 58 1.13362
11 59 1.13362
11 60 1.10831
11 61 1.10055
11 62 1.08802
11 63 1.07965
11 64 1.11592
11 65 1.11592
11 66 1.11592
11 67 1.11592
11 68 1.11592
11 69 1.0988
11 70 1.09053
11 71 1.08155
11 72 1.07671
11 73 1.11111
11 74 1.11111
11 75 1.11111
11 76 1.11111
11 77 1.11111
11 78 1.09441
11 79 1.08699
11 80 1.07937
11 81 1.07531
11 82 1.11766
11 83 1.11766
11 84 1.11766
11 85 1.11766
11 86 1.11766
11 87 1.09861
11 88 1.09209
11 89 1.08301
11 90 1.07695
11 91 1.11336
11 92 1.11336
11 93 1.11336
11 94 1.11336
11 95 1.11336
11 96 1.09715
11 97 1.09084
11 98 1.08176
11 99 1.07624
11 100 1.10426
11 101 1.10426
11 102 1.10426
11 103 1.10426
11 104 1.10426
11 105 1.0911
11 106 1.08456
11 107 1.0777
11 108 1.07406
11 109 1.09715
11 110 1.09715
11 111 1.09715
11 112 1.09715
11 113 1.09715
11 114 1.08564
11 115 1.08004
11 116 1.07449
11 117 1.0716
11 118 1.10031
11 119 1.10031
11 120 1.10031
11 121 1.10031
11 122 1.10031
11 123 1.08803
11 124 1.0827
11 125 1.07622
11 126 1.07261
11 127 1.09817
11 128 1.09817
11 129 1.09817
11 130 1.09817
11 131 1.09817
11 132 1.0868
11 133 1.08163
11 134 1.07543
11 135 1.07206
11 136 1.09307
11 137 1.09307
11 138 1.09307
11 139 1.09307
11 140 1.09307
11 141 1.08316
11 142 1.07813
11 143 1.07309
11 144 1.07046
12 1 1.14548
12 2 1.14548
12 3 1.14548
12 4 1.14548
12 5 1.14548
12 6 1.10929
12 7 1.09754
12 8 1.08537
12 9 1.07888
12 10 1.30115
12 11 1.30115
12 12 1.30115
12 13 1.30115
12 14 1.30115
12 15 1.11705
12 16 1.10664
12 17 1.09254
12 18 1.08223
12 19 1.15913
12 20 1.15913
12 21 1.15913
12 22 1.15913
12 23 1.15913
12 24 1.11451
12 25 1.10553
12 26 1.09146
12 27 1.0815
12 28 1.12444
12 29 1.12444
12 30 1.12444
12 31 1.12444
12 32 1.12444
12 33 1.10431
12 34 1.0944
12 35 1.0835
12 36 1.07767
12 37 1.12825
12 38 1.12825
12 39 1.12825
12 40 1.12825
12 41 1.12825
12 42 1.10304
12 43 1.09327
12 44 1.08336
12 45 1.07801
12 46 1.14545
12 47 1.14545
12 48 1.14545
12 49 1.14545
12 50 1.14545
12 51 1.10923
12 52 1.10083
12 53 1.08927
12 54 1.08054
12 55 1.13362
12 56 1.13362
12 57 1.13362
12 58 1.13362
12 59 1.13362
12 60 1.10831
12 61 1.10055
12 62 1.08802
12 63 1.07965
12 64 1.11592
12 65 1.11592
12 66 1.11592
12 67 1.11592
12 68 1.11592
12 69 1.0988
12 70 1.09053
12 71 1.08155
12 72 1.07671
12 73 1.11111
12 74 1.11111
12 75 1.11111
12 76 1.11111
12 77 1.11111
12 78 1.09441
12 79 1.08699
12 80 1.07937
12 81 1.07531
12 82 1.11766
12 83 1.11766
12 84 1.11766
12 85 1.11766
12 86 1.11766
12 87 1.09861
12 88 1.09209
12 89 1.08301
12 90 1.07695
12 91 1.11336
12 92 1.11336
12 93 1.11336
12 94 1.11336
12 95 1.11336
12 96 1.09715
12 97 1.09084
12 98 1.08176
12 99 1.07624
12 100 1.10426
12 101 1.10426
12 102 1.10426
12 103 1.10426
12 104 1.10426
12 105 1.0911
12 106 1.08456
12 107 1.0777
12 108 1.07406
12 109 1.09715
12 110 1.09715
12 111 1.09715
12 112 1.09715
12 113 1.09715
12 114 1.08564
12 115 1.08004
12 116 1.07449
12 117 1.0716
12 118 1.10031
12 119 1.10031
12 120 1.10031
12 121 1.10031
12 122 1.10031
12 123 1.08803
12 124 1.0827
12 125 1.07622
12 126 1.07261
12 127 1.09817
12 128 1.09817
12 129 1.09817
12 130 1.09817
12 131 1.09817
12 132 1.0868
12 133 1.08163
12 134 1.07543
12 135 1.07206
12 136 1.09307
12 137 1.09307
12 138 1.09307
12 139 1.09307
12 140 1.09307
12 141 1.08316
12 142 1.07813
12 143 1.07309
12 144 1.07046
13 1 1.14548
13 2 1.14548
13 3 1.14548
13 4 1.14548
13 5 1.14548
13 6 1.10929
13 7 1.09754
13 8 1.08537
13 9 1.07888
13 10 1.30115
13 11 1.30115
13 12 1.30115
13 13 1.30115
13 14 1.30115
13 15 1.11705
13 16 1.10664
13 17 1.09254
13 18 1.08223
13 19 1.15913
13 20 1.15913
13 21 1.15913
13 22 1.15913
13 23 1.15913
13 24 1.11451
13 25 1.10553
13 26 1.09146
13 27 1.0815
13 28 1.12444
13 29 1.12444
13 30 1.12444
13 31 1.12444
13 32 1.12444
13 33 1.10431
13 34 1.0944
13 35 1.0835
13 36 1.07767
13 37 1.12825
13 38 1.12825
13 39 1.12825
13 40 1.12825
13 41 1.12825
13 42 1.10304
13 43 1.09327
13 44 1.08336
13 45 1.07801
13 46 1.14545
13 47 1.14545
13 48 1.14545
13 49 1.14545
13 50 1.14545
13 51 1.10923
13 52 1.10083
13 53 1.08927
13 54 1.08054
13 55 1.13362
13 56 1.13362
13 57 1.13362
13 58 1.13362
13 59 1.13362
13 60 1.10831
13 61 1.10055
13 62 1.08802
13 63 1.07965
13 64 1.11592
13 65 1.11592
13 66 1.11592
13 67 1.11592
13 68 1.11592
13 69 1.0988
13 70 1.09053
13 71 1.08155
13 72 1.07671
13 73 1.11111
13 74 1.11111
13 75 1.11111
13 76 1.11111
13 77 1.11111
13 78 1.09441
13 79 1.08699
13 80 1.07937
13 81 1.07531
13 82 1.11766
13 83 1.11766
13 84 1.11766
13 85 1.11766
13 86 1.11766
13 87 1.09861
13 88 1.09209
13 89 1.08301
13 90 1.07695
13 91 1.11336
13 92 1.11336
13 93 1.11336
13 94 1.11336
13 95 1.11336
13 96 1.09715
13 97 1.09084
13 98 1.08176
13 99 1.07624
13 100 1.10426
13 101 1.10426
13 102 1.10426
13 103 1.10426
13 104 1.10426
13 105 1.0911
13 106 1.08456
13 107 1.0777
13 108 1.07406
13 109 1.09715
13 110 1.09715
13 111 1.09715
13 112 1.09715
13 113 1.09715
13 114 1.08564
13 115 1.08004
13 116 1.07449
13 117 1.0716
13 118 1.10031
13 119 1.10031
13 120 1.10031
13 121 1.10031
13 122 1.10031
13 123 1.08803
13 124 1.0827
13 125 1.07622
13 126 1.07261
13 127 1.09817
13 128 1.09817
13 129 1.09817
13 130 1.09817
13 131 1.09817
13 132 1.0868
13 133 1.08163
13 134 1.07543
13 135 1.07206
13 136 1.09307
13 137 1.09307
13 138 1.09307
13 139 1.09307
13 140 1.09307
13 141 1.08316
13 142 1.07813
13 143 1.07309
13 144 1.07046
14 1 1.14548
14 2 1.14548
14 3 1.14548
14 4 1.14548
14 5 1.14548
14 6 1.10929
14 7 1.09754
14 8 1.08537
14 9 1.07888
14 10 1.30115
14 11 1.30115
14 12 1.30115
14 13 1.30115
14 14 1.30115
14 15 1.11705
14 16 1.10664
14 17 1.09254
14 18 1.08223
14 19 1.15913
14 20 1.15913
14 21 1.15913
14 22 1.15913
14 23 1.15913
14 24 1.11451
14 25 1.10553
14 26 1.09146
14 27 1.0815
14 28 1.12444
14 29 1.12444
14 30 1.12444
14 31 1.12444
14 32 1.12444
14 33 1.10431
14 34 1.0944
14 35 1.0835
14 36 1.07767
14 37 1.12825
14 38 1.12825
14 39 1.12825
14 40 1.12825
14 41 1.12825
14 42 1.10304
14 43 1.09327
14 44 1.08336
14 45 1.07801
14 46 1.14545
14 47 1.14545
14 48 1.14545
14 49 1.14545
14 50 1.14545
14 51 1.10923
14 52 1.10083
14 53 1.08927
14 54 1.08054
14 55 1.13362
14 56 1.13362
14 57 1.13362
14 58 1.13362
14 59 1.13362
14 60 1.10831
14 61 1.10055
14 62 1.08802
14 63 1.07965
14 64 1.11592
14 65 1.11592
14 66 1.11592
14 67 1.11592
14 68 1.11592
14 69 1.0988
14 70 1.09053
14 71 1.08155
14 72 1.07671
14 73 1.11111
14 74 1.11111
14 75 1.11111
14 76 1.11111
14 77 1.11111
14 78 1.09441
14 79 1.08699
14 80 1.07937
14 81 1.07531
14 82 1.11766
14 83 1.11766
14 84 1.11766
14 85 1.11766
14 86 1.11766
14 87 1.09861
14 88 1.09209
14 89 1.08301
14 90 1.07695
14 91 1.11336
14 92 1.11336
14 93 1.11336
14 94 1.11336
14 95 1.11336
14 96 1.09715
14 97 1.09084
14 98 1.08176
14 99 1.07624
14 100 1.10426
14 101 1.10426
14 102 1.10426
14 103 1.10426
14 104 1.10426
14 105 1.0911
14 106 1.08456
14 107 1.0777
14 108 1.07406
14 109 1.09715
14 110 1.09715
14 111 1.09715
14 112 1.09715
14 113 1.09715
14 114 1.08564
14 115 1.08004
14 116 1.07449
14 117 1.0716
14 118 1.10031
14 119 1.10031
14 120 1.10031
14 121 1.10031
14 122 1.10031
14 123 1.08803
14 124 1.0827
14 125 1.07622
14 126 1.07261
14 127 1.09817
14 128 1.09817
14 129 1.09817
14 130 1.09817
14 131 1.09817
14 132 1.0868
14 133 1.08163
14 134 1.07543
14 135 1.07206
14 136 1.09307
14 137 1.09307
14 138 1.09307
14 139 1.09307
14 140 1.09307
14 141 1.08316
14 142 1.07813
14 143 1.07309
14 144 1.07046
15 1 1.10252
15 2 1.10252
15 3 1.10252
15 4 1.10252
15 5 1.10252
15 6 1.32298
15 7 1.30116
15 8 1.22251
15 9 1.17815
15 10 1.11705
15 11 1.11705
15 12 1.11705
15 13 1.11705
15 14 1.11705
15 15 2.29636
15 16 1.54536
15 17 1.33
15 18 1.21435
15 19 1.11412
15 20 1.11412
15 21 1.11412
15 22 1.11412
15 23 1.11412
15 24 1.43262
15 25 1.40029
15 26 1.28961
15 27 1.20609
15 28 1.10112
15 29 1.10112
15 30 1.10112
15 31 1.10112
15 32 1.10112
15 33 1.25188
15 34 1.24453
15 35 1.20006
15 36 1.17181
15 37 1.09805
15 38 1.09805
15 39 1.09805
15 40 1.09805
15 41 1.09805
15 42 1.21959
15 43 1.22628
15 44 1.19063
15 45 1.16627
15 46 1.10642
15 47 1.10642
15 48 1.10642
15 49 1.10642
15 50 1.10642
15 51 1.35969
15 52 1.33779
15 53 1.25506
15 54 1.19126
15 55 1.105
15 56 1.105
15 57 1.105
15 58 1.105
15 59 1.105
15 60 1.32136
15 61 1.31848
15 62 1.23882
15 63 1.1845
15 64 1.09706
15 65 1.09706
15 66 1.09706
15 67 1.09706
15 68 1.09706
15 69 1.19805
15 70 1.20386
15 71 1.17888
15 72 1.16107
15 73 1.09101
15 74 1.09101
15 75 1.09101
15 76 1.09101
15 77 1.09101
15 78 1.15526
15 79 1.16654
15 80 1.15553
15 81 1.14642
15 82 1.09574
15 83 1.09574
15 84 1.09574
15 85 1.09574
15 86 1.09574
15 87 1.20727
15 88 1.22348
15 89 1.18771
15 90 1.16138
15 91 1.0948
15 92 1.0948
15 93 1.0948
15 94 1.0948
15 95 1.0948
15 96 1.19636
15 97 1.21126
15 98 1.17904
15 99 1.15752
15 100 1.09021
15 101 1.09021
15 102 1.09021
15 103 1.09021
15 104 1.09021
15 105 1.14812
15 106 1.15749
15 107 1.14985
15 108 1.1429
15 109 1.08349
15 110 1.08349
15 111 1.08349
15 112 1.08349
15 113 1.08349
15 114 1.11772
15 115 1.12668
15 116 1.12723
15 117 1.12595
15 118 1.08626
15 119 1.08626
15 120 1.08626
15 121 1.08626
15 122 1.08626
15 123 1.13508
15 124 1.14782
15 125 1.14044
15 126 1.13449
15 127 1.08565
15 128 1.08565
15 129 1.08565
15 130 1.08565
15 131 1.08565
15 132 1.13119
15 133 1.14289
15 134 1.13717
15 135 1.13235
15 136 1.08284
15 137 1.08284
15 138 1.08284
15 139 1.08284
15 140 1.08284
15 141 1.11496
15 142 1.12334
15 143 1.1245
15 144 1.12371
16 1 1.09592
16 2 1.09592
16 3 1.09592
16 4 1.09592
16 5 1.09592
16 6 1.29834
16 7 1.3467
16 8 1.26268
16 9 1.20794
16 10 1.10664
16 11 1.10664
16 12 1.10664
16 13 1.10664
16 14 1.10664
16 15 1.54536
16 16 2.28761
16 17 1.4941
16 18 1.26068
16 19 1.10532
16 20 1.10532
16 21 1.10532
16 22 1.10532
16 23 1.10532
16 24 1.39233
16 25 1.46218
16 26 1.34777
16 27 1.24316
16 28 1.09531
16 29 1.09531
16 30 1.09531
16 31 1.09531
16 32 1.09531
16 33 1.24766
16 34 1.26098
16 35 1.22368
16 36 1.19581
16 37 1.0929
16 38 1.0929
16 39 1.0929
16 40 1.0929
16 41 1.0929
16 42 1.22213
16 43 1.2498
16 44 1.21698
16 45 1.19069
16 46 1.09976
16 47 1.09976
16 48 1.09976
16 49 1.09976
16 50 1.09976
16 51 1.34949
16 52 1.38628
16 53 1.29773
16 54 1.22256
16 55 1.09884
16 56 1.09884
16 57 1.09884
16 58 1.09884
16 59 1.09884
16 60 1.31952
16 61 1.35034
16 62 1.27075
16 63 1.21208
16 64 1.09234
16 65 1.09234
16 66 1.09234
16 67 1.09234
16 68 1.09234
16 69 1.20118
16 70 1.21799
16 71 1.19816
16 72 1.18159
16 73 1.08726
16 74 1.08726
16 75 1.08726
16 76 1.08726
16 77 1.08726
16 78 1.16147
16 79 1.18031
16 80 1.17281
16 81 1.16468
16 82 1.09134
16 83 1.09134
16 84 1.09134
16 85 1.09134
16 86 1.09134
16 87 1.21574
16 88 1.24449
16 89 1.2097
16 90 1.1827
16 91 1.09059
16 92 1.09059
16 93 1.09059
16 94 1.09059
16 95 1.09059
16 96 1.20364
16 97 1.22866
16 98 1.19839
16 99 1.17727
16 100 1.08667
16 101 1.08667
16 102 1.08667
16 103 1.08667
16 104 1.08667
16 105 1.15314
16 106 1.16823
16 107 1.16441
16 108 1.15899
16 109 1.08081
16 110 1.08081
16 111 1.08081
16 112 1.08081
16 113 1.08081
16 114 1.12265
16 115 1.13564
16 116 1.13922
16 117 1.13931
16 118 1.08327
16 119 1.08327
16 120 1.08327
16 121 1.08327
16 122 1.08327
16 123 1.14127
16 124 1.159
16 125 1.15414
16 126 1.14931
16 127 1.08274
16 128 1.08274
16 129 1.08274
16 130 1.08274
16 131 1.08274
16 132 1.1368
16 133 1.15309
16 134 1.15002
16 135 1.14644
16 136 1.08025
16 137 1.08025
16 138 1.08025
16 139 1.08025
16 140 1.08025
16 141 1.11923
16 142 1.13119
16 143 1.13529
16 144 1.13587
17 1 1.08583
17 2 1.08583
17 3 1.08583
17 4 1.08583
17 5 1.08583
17 6 1.23288
17 7 1.29283
17 8 1.3226
17 9 1.285
17 10 1.09254
17 11 1.09254
17 12 1.09254
17 13 1.09254
17 14 1.09254
17 15 1.33
17 16 1.4941
17 17 4.26841
17 18 1.46775
17 19 1.09184
17 20 1.09184
17 21 1.09184
17 22 1.09184
17 23 1.09184
17 24 1.28778
17 25 1.35212
17 26 1.44552
17 27 1.34044
17 28 1.08532
17 29 1.08532
17 30 1.08532
17 31 1.08532
17 32 1.08532
17 33 1.20733
17 34 1.23878
17 35 1.25127
17 36 1.24598
17 37 1.08399
17 38 1.08399
17 39 1.08399
17 40 1.08399
17 41 1.08399
17 42 1.19128
17 43 1.2312
17 44 1.24585
17 45 1.24218
17 46 1.08838
17 47 1.08838
17 48 1.08838
17 49 1.08838
17 50 1.08838
17 51 1.26442
17 52 1.30467
17 53 1.32824
17 54 1.29171
17 55 1.08776
17 56 1.08776
17 57 1.08776
17 58 1.08776
17 59 1.08776
17 60 1.24905
17 61 1.28508
17 62 1.28445
17 63 1.26671
17 64 1.0834
17 65 1.0834
17 66 1.0834
17 67 1.0834
17 68 1.0834
17 69 1.17683
17 70 1.20544
17 71 1.21711
17 72 1.2187
17 73 1.08007
17 74 1.08007
17 75 1.08007
17 76 1.08007
17 77 1.08007
17 78 1.15158
17 79 1.17926
17 80 1.19297
17 81 1.19758
17 82 1.08274
17 83 1.08274
17 84 1.08274
17 85 1.08274
17 86 1.08274
17 87 1.18766
17 88 1.22089
17 89 1.22224
17 90 1.21933
17 91 1.08217
17 92 1.08217
17 93 1.08217
17 94 1.08217
17 95 1.08217
17 96 1.1789
17 97 1.20937
17 98 1.2105
17 99 1.2098
17 100 1.0794
17 101 1.0794
17 102 1.0794
17 103 1.0794
17 104 1.0794
17 105 1.14384
17 106 1.16705
17 107 1.18009
17 108 1.18499
17 109 1.07525
17 110 1.07525
17 111 1.07525
17 112 1.07525
17 113 1.07525
17 114 1.12174
17 115 1.14121
17 116 1.15505
17 117 1.16123
17 118 1.0769
17 119 1.0769
17 120 1.0769
17 121 1.0769
17 122 1.0769
17 123 1.13547
17 124 1.15876
17 125 1.16802
17 126 1.17228
17 127 1.07645
17 128 1.07645
17 129 1.07645
17 130 1.07645
17 131 1.07645
17 132 1.13159
17 133 1.15348
17 134 1.16323
17 135 1.16773
17 136 1.07459
17 137 1.07459
17 138 1.07459
17 139 1.07459
17 140 1.07459
17 141 1.11768
17 142 1.13543
17 143 1.1484
17 144 1.15425
18 1 1.07845
18 2 1.07845
18 3 1.07845
18 4 1.07845
18 5 1.07845
18 6 1.18345
18 7 1.23726
18 8 1.31143
18 9 1.36431
18 10 1.08223
18 11 1.08223
18 12 1.08223
18 13 1.08223
18 14 1.08223
18 15 1.21435
18 16 1.26068
18 17 1.46775
18 18 2.09498
18 19 1.08171
18 20 1.08171
18 21 1.08171
18 22 1.08171
18 23 1.08171
18 24 1.20503
18 25 1.24585
18 26 1.34416
18 27 1.41594
18 28 1.07756
18 29 1.07756
18 30 1.07756
18 31 1.07756
18 32 1.07756
18 33 1.16988
18 34 1.20794
18 35 1.25294
18 36 1.27868
18 37 1.07748
18 38 1.07748
18 39 1.07748
18 40 1.07748
18 41 1.07748
18 42 1.16658
18 43 1.21186
18 44 1.26206
18 45 1.2925
18 46 1.07996
18 47 1.07996
18 48 1.07996
18 49 1.07996
18 50 1.07996
18 51 1.19962
18 52 1.23402
18 53 1.30138
18 54 1.35924
18 55 1.07942
18 56 1.07942
18 57 1.07942
18 58 1.07942
18 59 1.07942
18 60 1.19206
18 61 1.22542
18 62 1.27422
18 63 1.31192
18 64 1.0765
18 65 1.0765
18 66 1.0765
18 67 1.0765
18 68 1.0765
18 69 1.15478
18 70 1.18997
18 71 1.22577
18 72 1.24572
18 73 1.07483
18 74 1.07483
18 75 1.07483
18 76 1.07483
18 77 1.07483
18 78 1.14377
18 79 1.17819
18 80 1.21062
18 81 1.22854
18 82 1.07634
18 83 1.07634
18 84 1.07634
18 85 1.07634
18 86 1.07634
18 87 1.16434
18 88 1.19919
18 89 1.2299
18 90 1.25231
18 91 1.07579
18 92 1.07579
18 93 1.07579
18 94 1.07579
18 95 1.07579
18 96 1.15779
18 97 1.19102
18 98 1.21786
18 99 1.23677
18 100 1.07379
18 101 1.07379
18 102 1.07379
18 103 1.07379
18 104 1.07379
18 105 1.13508
18 106 1.16401
18 107 1.19075
18 108 1.20483
18 109 1.07124
18 110 1.07124
18 111 1.07124
18 112 1.07124
18 113 1.07124
18 114 1.12156
18 115 1.14656
18 116 1.16957
18 117 1.18143
18 118 1.07218
18 119 1.07218
18 120 1.07218
18 121 1.07218
18 122 1.07218
18 123 1.13073
18 124 1.15838
18 125 1.17995
18 126 1.19254
18 127 1.0717
18 128 1.0717
18 129 1.0717
18 130 1.0717
18 131 1.0717
18 132 1.12703
18 133 1.15322
18 134 1.17383
18 135 1.18548
18 136 1.07024
18 137 1.07024
18 138 1.07024
18 139 1.07024
18 140 1.07024
18 141 1.11594
18 142 1.13814
18 143 1.15838
18 144 1.16866
19 1 1.11699
19 2 1.11699
19 3 1.11699
19 4 1.11699
19 5 1.11699
19 6 1.10036
19 7 1.09254
19 8 1.08243
19 9 1.07687
19 10 1.15913
19 11 1.15913
19 12 1.15913
19 13 1.15913
19 14 1.15913
19 15 1.11412
19 16 1.10532
19 17 1.09184
19 18 1.08171
19 19 1.30084
19 20 1.30084
19 21 1.30084
19 22 1.30084
19 23 1.30084
19 24 1.11869
19 25 1.10733
19 26 1.0924
19 27 1.08221
19 28 1.16017
19 29 1.16017
19 30 1.16017
19 31 1.16017
19 32 1.16017
19 33 1.11345
19 34 1.0994
19 35 1.08627
19 36 1.07952
19 37 1.11065
19 38 1.11065
19 39 1.11065
19 40 1.11065
19 41 1.11065
19 42 1.09587
19 43 1.08902
19 44 1.08074
19 45 1.0761
19 46 1.1336
19 47 1.1336
19 48 1.1336
19 49 1.1336
19 50 1.1336
19 51 1.10756
19 52 1.09996
19 53 1.08862
19 54 1.08005
19 55 1.14535
19 56 1.14535
19 57 1.14535
19 58 1.14535
19 59 1.14535
19 60 1.11062
19 61 1.10161
19 62 1.08886
19 63 1.08031
19 64 1.13416
19 65 1.13416
19 66 1.13416
19 67 1.13416
19 68 1.13416
19 69 1.10583
19 70 1.09469
19 71 1.08403
19 72 1.07846
19 73 1.10098
19 74 1.10098
19 75 1.10098
19 76 1.10098
19 77 1.10098
19 78 1.08918
19 79 1.08353
19 80 1.07707
19 81 1.07356
19 82 1.11334
19 83 1.11334
19 84 1.11334
19 85 1.11334
19 86 1.11334
19 87 1.0971
19 88 1.09124
19 89 1.0824
19 90 1.0765
19 91 1.11762
19 92 1.11762
19 93 1.11762
19 94 1.11762
19 95 1.11762
19 96 1.09893
19 97 1.09177
19 98 1.0825
19 99 1.07684
19 100 1.11372
19 101 1.11372
19 102 1.11372
19 103 1.11372
19 104 1.11372
19 105 1.09597
19 106 1.08779
19 107 1.07981
19 108 1.07565
19 109 1.09103
19 110 1.09103
19 111 1.09103
19 112 1.09103
19 113 1.09103
19 114 1.0819
19 115 1.0773
19 116 1.07254
19 117 1.07004
19 118 1.09816
19 119 1.09816
19 120 1.09816
19 121 1.09816
19 122 1.09816
19 123 1.0869
19 124 1.08194
19 125 1.07569
19 126 1.0722
19 127 1.10028
19 128 1.10028
19 129 1.10028
19 130 1.10028
19 131 1.10028
19 132 1.08803
19 133 1.08247
19 134 1.07607
19 135 1.07258
19 136 1.09847
19 137 1.09847
19 138 1.09847
19 139 1.09847
19 140 1.09847
19 141 1.08649
19 142 1.08058
19 143 1.07483
19 144 1.07187
20 1 1.11699
20 2 1.11699
20 3 1.11699
20 4 1.11699
20 5 1.11699
20 6 1.10036
20 7 1.09254
20 8 1.08243
20 9 1.07687
20 10 1.15913
20 11 1.15913
20 12 1.15913
20 13 1.15913
20 14 1.15913
20 15 1.11412
20 16 1.10532
20 17 1.09184
20 18 1.08171
20 19 1.30084
20 20 1.30084
20 21 1.30084
20 22 1.30084
20 23 1.30084
20 24 1.11869
20 25 1.10733
20 26 1.0924
20 27 1.08221
20 28 1.16017
20 29 1.16017
20 30 1.16017
20 31 1.16017
20 32 1.16017
20 33 1.11345
20 34 1.0994
20 35 1.08627
20 36 1.07952
20 37 1.11065
20 38 1.11065
20 39 1.11065
20 40 1.11065
20 41 1.11065
20 42 1.09587
20 43 1.08902
20 44 1.08074
20 45 1.0761
20 46 1.1336
20 47 1.1336
20 48 1.1336
20 49 1.1336
20 50 1.1336
20 51 1.10756
20 52 1.09996
20 53 1.08862
20 54 1.08005
20 55 1.14535
20 56 1.14535
20 57 1.14535
20 58 1.14535
20 59 1.14535
20 60 1.11062
20 61 1.10161
20 62 1.08886
20 63 1.08031
20 64 1.13416
20 65 1.13416
20 66 1.13416
20 67 1.13416
20 68 1.13416
20 69 1.10583
20 70 1.09469
20 71 1.08403
20 72 1.07846
20 73 1.10098
20 74 1.10098
20 75 1.10098
20 76 1.10098
20 77 1.10098
20 78 1.08918
20 79 1.08353
20 80 1.07707
20 81 1.07356
20 82 1.11334
20 83 1.11334
20 84 1.11334
20 85 1.11334
20 86 1.11334
20 87 1.0971
20 88 1.09124
20 89 1.0824
20 90 1.0765
20 91 1.11762
20 92 1.11762
20 93 1.11762
20 94 1.11762
20 95 1.11762
20 96 1.09893
20 97 1.09177
20 98 1.0825
20 99 1.07684
20 100 1.11372
20 101 1.11372
20 102 1.11372
20 103 1.11372
20 104 1.11372
20 105 1.09597
20 106 1.08779
20 107 1.07981
20 108 1.07565
20 109 1.09103
20 110 1.09103
20 111 1.09103
20 112 1.09103
20 113 1.09103
20 114 1.0819
20 115 1.0773
20 116 1.07254
20 117 1.07004
20 118 1.09816
20 119 1.09816
20 120 1.09816
20 121 1.09816
20 122 1.09816
20 123 1.0869
20 124 1.08194
20 125 1.07569
20 126 1.0722
20 127 1.10028
20 128 1.10028
20 129 1.10028
20 130 1.10028
20 131 1.10028
20 132 1.08803
20 133 1.08247
20 134 1.07607
20 135 1.07258
20 136 1.09847
20 137 1.09847
20 138 1.09847
20 139 1.09847
20 140 1.09847
20 141 1.08649
20 142 1.08058
20 143 1.07483
20 144 1.07187
21 1 1.11699
21 2 1.11699
21 3 1.11699
21 4 1.11699
21 5 1.11699
21 6 1.10036
21 7 1.09254
21 8 1.08243
21 9 1.07687
21 10 1.15913
21 11 1.15913
21 12 1.15913
21 13 1.15913
21 14 1.15913
21 15 1.11412
21 16 1.10532
21 17 1.09184
21 18 1.08171
21 19 1.30084
21 20 1.30084
21 21 1.30084
21 22 1.30084
21 23 1.30084
21 24 1.11869
21 25 1.10733
21 26 1.0924
21 27 1.08221
21 28 1.16017
21 29 1.16017
21 30 1.16017
21 31 1.16017
21 32 1.16017
21 33 1.11345
21 34 1.0994
21 35 1.08627
21 36 1.07952
21 37 1.11065
21 38 1.11065
21 39 1.11065
21 40 1.11065
21 41 1.11065
21 42 1.09587
