injected_el measured_el potential
1 1 1.3042
1 2 1.3042
1 3 1.3042
1 4 1.3042
1 5 1.3042
1 6 1.1178
1 7 1.09854
1 8 1.08454
1 9 1.07779
1 10 1.14609
1 11 1.14609
1 12 1.14609
1 13 1.14609
1 14 1.14609
1 15 1.10773
1 16 1.09246
1 17 1.08111
1 18 1.07626
1 19 1.11756
1 20 1.11756
1 21 1.11756
1 22 1.11756
1 23 1.11756
1 24 1.09595
1 25 1.08611
1 26 1.07769
1 27 1.0735
1 28 1.10016
1 29 1.10016
1 30 1.10016
1 31 1.10016
1 32 1.10016
1 33 1.08651
1 34 1.07971
1 35 1.0734
1 36 1.07024
1 37 1.14707
1 38 1.14707
1 39 1.14707
1 40 1.14707
1 41 1.14707
1 42 1.10584
1 43 1.09387
1 44 1.08354
1 45 1.07808
1 46 1.12835
1 47 1.12835
1 48 1.12835
1 49 1.12835
1 50 1.12835
1 51 1.10197
1 52 1.09048
1 53 1.08069
1 54 1.07659
1 55 1.11091
1 56 1.11091
1 57 1.11091
1 58 1.11091
1 59 1.11091
1 60 1.09359
1 61 1.08546
1 62 1.07771
1 63 1.07376
1 64 1.0971
1 65 1.0971
1 66 1.0971
1 67 1.0971
1 68 1.0971
1 69 1.0855
1 70 1.07933
1 71 1.07341
1 72 1.07042
1 73 1.11881
1 74 1.11881
1 75 1.11881
1 76 1.11881
1 77 1.11881
1 78 1.09538
1 79 1.08754
1 80 1.08054
1 81 1.07625
1 82 1.11104
1 83 1.11104
1 84 1.11104
1 85 1.11104
1 86 1.11104
1 87 1.09363
1 88 1.08605
1 89 1.07851
1 90 1.07494
1 91 1.10106
1 92 1.10106
1 93 1.10106
1 94 1.10106
1 95 1.10106
1 96 1.08916
1 97 1.08251
1 98 1.07581
1 99 1.07231
1 100 1.09128
1 101 1.09128
1 102 1.09128
1 103 1.09128
1 104 1.09128
1 105 1.08203
1 106 1.07687
1 107 1.07177
1 108 1.06916
1 109 1.10132
1 110 1.10132
1 111 1.10132
1 112 1.10132
1 113 1.10132
1 114 1.08632
1 115 1.08133
1 116 1.07656
1 117 1.07304
1 118 1.09709
1 119 1.09709
1 120 1.09709
1 121 1.09709
1 122 1.09709
1 123 1.08525
1 124 1.08009
1 125 1.075
1 126 1.07198
1 127 1.09106
1 128 1.09106
1 129 1.09106
1 130 1.09106
1 131 1.09106
1 132 1.08244
1 133 1.07757
1 134 1.07259
1 135 1.0697
1 136 1.08431
1 137 1.08431
1 138 1.08431
1 139 1.08431
1 140 1.08431
1 141 1.07707
1 142 1.07308
1 143 1.06901
1 144 1.06688
2 1 1.3042
2 2 1.3042
2 3 1.3042
2 4 1.3042
2 5 1.3042
2 6 1.1178
2 7 1.09854
2 8 1.08454
2 9 1.07779
2 10 1.14609
2 11 1.14609
2 12 1.14609
2 13 1.14609
2 14 1.14609
2 15 1.10773
2 16 1.09246
2 17 1.08111
2 18 1.07626
2 19 1.11756
2 20 1.11756
2 21 1.11756
2 22 1.11756
2 23 1.11756
2 24 1.09595
2 25 1.08611
2 26 1.07769
2 27 1.0735
2 28 1.10016
2 29 1.10016
2 30 1.10016
2 31 1.10016
2 32 1.10016
2 33 1.08651
2 34 1.07971
2 35 1.0734
2 36 1.07024
2 37 1.14707
2 38 1.14707
2 39 1.14707
2 40 1.14707
2 41 1.14707
2 42 1.10584
2 43 1.09387
2 44 1.08354
2 45 1.07808
2 46 1.12835
2 47 1.12835
2 48 1.12835
2 49 1.12835
2 50 1.12835
2 51 1.10197
2 52 1.09048
2 53 1.08069
2 54 1.07659
2 55 1.11091
2 56 1.11091
2 57 1.11091
2 58 1.11091
2 59 1.11091
2 60 1.09359
2 61 1.08546
2 62 1.07771
2 63 1.07376
2 64 1.0971
2 65 1.0971
2 66 1.0971
2 67 1.0971
2 68 1.0971
2 69 1.0855
2 70 1.07933
2 71 1.07341
2 72 1.07042
2 73 1.11881
2 74 1.11881
2 75 1.11881
2 76 1.11881
2 77 1.11881
2 78 1.09538
2 79 1.08754
2 80 1.08054
2 81 1.07625
2 82 1.11104
2 83 1.11104
2 84 1.11104
2 85 1.11104
2 86 1.11104
2 87 1.09363
2 88 1.08605
2 89 1.07851
2 90 1.07494
2 91 1.10106
2 92 1.10106
2 93 1.10106
2 94 1.10106
2 95 1.10106
2 96 1.08916
2 97 1.08251
2 98 1.07581
2 99 1.07231
2 100 1.09128
2 101 1.09128
2 102 1.09128
2 103 1.09128
2 104 1.09128
2 105 1.08203
2 106 1.07687
2 107 1.07177
2 108 1.06916
2 109 1.10132
2 110 1.10132
2 111 1.10132
2 112 1.10132
2 113 1.10132
2 114 1.08632
2 115 1.08133
2 116 1.07656
2 117 1.07304
2 118 1.09709
2 119 1.09709
2 120 1.09709
2 121 1.09709
2 122 1.09709
2 123 1.08525
2 124 1.08009
2 125 1.075
2 126 1.07198
2 127 1.09106
2 128 1.09106
2 129 1.09106
2 130 1.09106
2 131 1.09106
2 132 1.08244
2 133 1.07757
2 134 1.07259
2 135 1.0697
2 136 1.08431
2 137 1.08431
2 138 1.08431
2 139 1.08431
2 140 1.08431
2 141 1.07707
2 142 1.07308
2 143 1.06901
2 144 1.06688
3 1 1.3042
3 2 1.3042
3 3 1.3042
3 4 1.3042
3 5 1.3042
3 6 1.1178
3 7 1.09854
3 8 1.08454
3 9 1.07779
3 10 1.14609
3 11 1.14609
3 12 1.14609
3 13 1.14609
3 14 1.14609
3 15 1.10773
3 16 1.09246
3 17 1.08111
3 18 1.07626
3 19 1.11756
3 20 1.11756
3 21 1.11756
3 22 1.11756
3 23 1.11756
3 24 1.09595
3 25 1.08611
3 26 1.07769
3 27 1.0735
3 28 1.10016
3 29 1.10016
3 30 1.10016
3 31 1.10016
3 32 1.10016
3 33 1.08651
3 34 1.07971
3 35 1.0734
3 36 1.07024
3 37 1.14707
3 38 1.14707
3 39 1.14707
3 40 1.14707
3 41 1.14707
3 42 1.10584
3 43 1.09387
3 44 1.08354
3 45 1.07808
3 46 1.12835
3 47 1.12835
3 48 1.12835
3 49 1.12835
3 50 1.12835
3 51 1.10197
3 52 1.09048
3 53 1.08069
3 54 1.07659
3 55 1.11091
3 56 1.11091
3 57 1.11091
3 58 1.11091
3 59 1.11091
3 60 1.09359
3 61 1.08546
3 62 1.07771
3 63 1.07376
3 64 1.0971
3 65 1.0971
3 66 1.0971
3 67 1.0971
3 68 1.0971
3 69 1.0855
3 70 1.07933
3 71 1.07341
3 72 1.07042
3 73 1.11881
3 74 1.11881
3 75 1.11881
3 76 1.11881
3 77 1.11881
3 78 1.09538
3 79 1.08754
3 80 1.08054
3 81 1.07625
3 82 1.11104
3 83 1.11104
3 84 1.11104
3 85 1.11104
3 86 1.11104
3 87 1.09363
3 88 1.08605
3 89 1.07851
3 90 1.07494
3 91 1.10106
3 92 1.10106
3 93 1.10106
3 94 1.10106
3 95 1.10106
3 96 1.08916
3 97 1.08251
3 98 1.07581
3 99 1.07231
3 100 1.09128
3 101 1.09128
3 102 1.09128
3 103 1.09128
3 104 1.09128
3 105 1.08203
3 106 1.07687
3 107 1.07177
3 108 1.06916
3 109 1.10132
3 110 1.10132
3 111 1.10132
3 112 1.10132
3 113 1.10132
3 114 1.08632
3 115 1.08133
3 116 1.07656
3 117 1.07304
3 118 1.09709
3 119 1.09709
3 120 1.09709
3 121 1.09709
3 122 1.09709
3 123 1.08525
3 124 1.08009
3 125 1.075
3 126 1.07198
3 127 1.09106
3 128 1.09106
3 129 1.09106
3 130 1.09106
3 131 1.09106
3 132 1.08244
3 133 1.07757
3 134 1.07259
3 135 1.0697
3 136 1.08431
3 137 1.08431
3 138 1.08431
3 139 1.08431
3 140 1.08431
3 141 1.07707
3 142 1.07308
3 143 1.06901
3 144 1.06688
4 1 1.3042
4 2 1.3042
4 3 1.3042
4 4 1.3042
4 5 1.3042
4 6 1.1178
4 7 1.09854
4 8 1.08454
4 9 1.07779
4 10 1.14609
4 11 1.14609
4 12 1.14609
4 13 1.14609
4 14 1.14609
4 15 1.10773
4 16 1.09246
4 17 1.08111
4 18 1.07626
4 19 1.11756
4 20 1.11756
4 21 1.11756
4 22 1.11756
4 23 1.11756
4 24 1.09595
4 25 1.08611
4 26 1.07769
4 27 1.0735
4 28 1.10016
4 29 1.10016
4 30 1.10016
4 31 1.10016
4 32 1.10016
4 33 1.08651
4 34 1.07971
4 35 1.0734
4 36 1.07024
4 37 1.14707
4 38 1.14707
4 39 1.14707
4 40 1.14707
4 41 1.14707
4 42 1.10584
4 43 1.09387
4 44 1.08354
4 45 1.07808
4 46 1.12835
4 47 1.12835
4 48 1.12835
4 49 1.12835
4 50 1.12835
4 51 1.10197
4 52 1.09048
4 53 1.08069
4 54 1.07659
4 55 1.11091
4 56 1.11091
4 57 1.11091
4 58 1.11091
4 59 1.11091
4 60 1.09359
4 61 1.08546
4 62 1.07771
4 63 1.07376
4 64 1.0971
4 65 1.0971
4 66 1.0971
4 67 1.0971
4 68 1.0971
4 69 1.0855
4 70 1.07933
4 71 1.07341
4 72 1.07042
4 73 1.11881
4 74 1.11881
4 75 1.11881
4 76 1.11881
4 77 1.11881
4 78 1.09538
4 79 1.08754
4 80 1.08054
4 81 1.07625
4 82 1.11104
4 83 1.11104
4 84 1.11104
4 85 1.11104
4 86 1.11104
4 87 1.09363
4 88 1.08605
4 89 1.07851
4 90 1.07494
4 91 1.10106
4 92 1.10106
4 93 1.10106
4 94 1.10106
4 95 1.10106
4 96 1.08916
4 97 1.08251
4 98 1.07581
4 99 1.07231
4 100 1.09128
4 101 1.09128
4 102 1.09128
4 103 1.09128
4 104 1.09128
4 105 1.08203
4 106 1.07687
4 107 1.07177
4 108 1.06916
4 109 1.10132
4 110 1.10132
4 111 1.10132
4 112 1.10132
4 113 1.10132
4 114 1.08632
4 115 1.08133
4 116 1.07656
4 117 1.07304
4 118 1.09709
4 119 1.09709
4 120 1.09709
4 121 1.09709
4 122 1.09709
4 123 1.08525
4 124 1.08009
4 125 1.075
4 126 1.07198
4 127 1.09106
4 128 1.09106
4 129 1.09106
4 130 1.09106
4 131 1.09106
4 132 1.08244
4 133 1.07757
4 134 1.07259
4 135 1.0697
4 136 1.08431
4 137 1.08431
4 138 1.08431
4 139 1.08431
4 140 1.08431
4 141 1.07707
4 142 1.07308
4 143 1.06901
4 144 1.06688
5 1 1.3042
5 2 1.3042
5 3 1.3042
5 4 1.3042
5 5 1.3042
5 6 1.1178
5 7 1.09854
5 8 1.08454
5 9 1.07779
5 10 1.14609
5 11 1.14609
5 12 1.14609
5 13 1.14609
5 14 1.14609
5 15 1.10773
5 16 1.09246
5 17 1.08111
5 18 1.07626
5 19 1.11756
5 20 1.11756
5 21 1.11756
5 22 1.11756
5 23 1.11756
5 24 1.09595
5 25 1.08611
5 26 1.07769
5 27 1.0735
5 28 1.10016
5 29 1.10016
5 30 1.10016
5 31 1.10016
5 32 1.10016
5 33 1.08651
5 34 1.07971
5 35 1.0734
5 36 1.07024
5 37 1.14707
5 38 1.14707
5 39 1.14707
5 40 1.14707
5 41 1.14707
5 42 1.10584
5 43 1.09387
5 44 1.08354
5 45 1.07808
5 46 1.12835
5 47 1.12835
5 48 1.12835
5 49 1.12835
5 50 1.12835
5 51 1.10197
5 52 1.09048
5 53 1.08069
5 54 1.07659
5 55 1.11091
5 56 1.11091
5 57 1.11091
5 58 1.11091
5 59 1.11091
5 60 1.09359
5 61 1.08546
5 62 1.07771
5 63 1.07376
5 64 1.0971
5 65 1.0971
5 66 1.0971
5 67 1.0971
5 68 1.0971
5 69 1.0855
5 70 1.07933
5 71 1.07341
5 72 1.07042
5 73 1.11881
5 74 1.11881
5 75 1.11881
5 76 1.11881
5 77 1.11881
5 78 1.09538
5 79 1.08754
5 80 1.08054
5 81 1.07625
5 82 1.11104
5 83 1.11104
5 84 1.11104
5 85 1.11104
5 86 1.11104
5 87 1.09363
5 88 1.08605
5 89 1.07851
5 90 1.07494
5 91 1.10106
5 92 1.10106
5 93 1.10106
5 94 1.10106
5 95 1.10106
5 96 1.08916
5 97 1.08251
5 98 1.07581
5 99 1.07231
5 100 1.09128
5 101 1.09128
5 102 1.09128
5 103 1.09128
5 104 1.09128
5 105 1.08203
5 106 1.07687
5 107 1.07177
5 108 1.06916
5 109 1.10132
5 110 1.10132
5 111 1.10132
5 112 1.10132
5 113 1.10132
5 114 1.08632
5 115 1.08133
5 116 1.07656
5 117 1.07304
5 118 1.09709
5 119 1.09709
5 120 1.09709
5 121 1.09709
5 122 1.09709
5 123 1.08525
5 124 1.08009
5 125 1.075
5 126 1.07198
5 127 1.09106
5 128 1.09106
5 129 1.09106
5 130 1.09106
5 131 1.09106
5 132 1.08244
5 133 1.07757
5 134 1.07259
5 135 1.0697
5 136 1.08431
5 137 1.08431
5 138 1.08431
5 139 1.08431
5 140 1.08431
5 141 1.07707
5 142 1.07308
5 143 1.06901
5 144 1.06688
6 1 1.1178
6 2 1.1178
6 3 1.1178
6 4 1.1178
6 5 1.1178
6 6 5.67877
6 7 1.95425
6 8 1.36205
6 9 1.20119
6 10 1.1071
6 11 1.1071
6 12 1.1071
6 13 1.1071
6 14 1.1071
6 15 1.39247
6 16 1.32576
6 17 1.22501
6 18 1.179
6 19 1.09576
6 20 1.09576
6 21 1.09576
6 22 1.09576
6 23 1.09576
6 24 1.17922
6 25 1.1808
6 26 1.16395
6 27 1.15006
6 28 1.08621
6 29 1.08621
6 30 1.08621
6 31 1.08621
6 32 1.08621
6 33 1.12199
6 34 1.12823
6 35 1.12758
6 36 1.12579
6 37 1.10928
6 38 1.10928
6 39 1.10928
6 40 1.10928
6 41 1.10928
6 42 1.38226
6 43 1.32459
6 44 1.23337
6 45 1.18304
6 46 1.10356
6 47 1.10356
6 48 1.10356
6 49 1.10356
6 50 1.10356
6 51 1.22956
6 52 1.2243
6 53 1.18797
6 54 1.16707
6 55 1.09415
6 56 1.09415
6 57 1.09415
6 58 1.09415
6 59 1.09415
6 60 1.15267
6 61 1.15802
6 62 1.15189
6 63 1.14377
6 64 1.08544
6 65 1.08544
6 66 1.08544
6 67 1.08544
6 68 1.08544
6 69 1.11683
6 70 1.12261
6 71 1.12333
6 72 1.12257
6 73 1.09873
6 74 1.09873
6 75 1.09873
6 76 1.09873
6 77 1.09873
6 78 1.19146
6 79 1.18854
6 80 1.17076
6 81 1.15585
6 82 1.09555
6 83 1.09555
6 84 1.09555
6 85 1.09555
6 86 1.09555
6 87 1.15784
6 88 1.16062
6 89 1.15332
6 90 1.14617
6 91 1.08912
6 92 1.08912
6 93 1.08912
6 94 1.08912
6 95 1.08912
6 96 1.13053
6 97 1.1342
6 98 1.13355
6 99 1.13052
6 100 1.08217
6 101 1.08217
6 102 1.08217
6 103 1.08217
6 104 1.08217
6 105 1.10668
6 106 1.11207
6 107 1.11414
6 108 1.11451
6 109 1.08906
6 110 1.08906
6 111 1.08906
6 112 1.08906
6 113 1.08906
6 114 1.13241
6 115 1.13699
6 116 1.13511
6 117 1.13126
6 118 1.08693
6 119 1.08693
6 120 1.08693
6 121 1.08693
6 122 1.08693
6 123 1.12377
6 124 1.12637
6 125 1.12712
6 126 1.12556
6 127 1.08264
6 128 1.08264
6 129 1.08264
6 130 1.08264
6 131 1.08264
6 132 1.11128
6 133 1.11464
6 134 1.11622
6 135 1.11567
6 136 1.0775
6 137 1.0775
6 138 1.0775
6 139 1.0775
6 140 1.0775
6 141 1.09558
6 142 1.10064
6 143 1.10337
6 144 1.10434
7 1 1.09854
7 2 1.09854
7 3 1.09854
7 4 1.09854
7 5 1.09854
7 6 1.95425
7 7 5.68151
7 8 1.86954
7 9 1.29705
7 10 1.09345
7 11 1.09345
7 12 1.09345
7 13 1.09345
7 14 1.09345
7 15 1.32786
7 16 1.4138
7 17 1.30842
7 18 1.24194
7 19 1.08643
7 20 1.08643
7 21 1.08643
7 22 1.08643
7 23 1.08643
7 24 1.17971
7 25 1.2056
7 26 1.20275
7 27 1.19104
7 28 1.07973
7 29 1.07973
7 30 1.07973
7 31 1.07973
7 32 1.07973
7 33 1.12788
7 34 1.14349
7 35 1.15139
7 36 1.15347
7 37 1.09573
7 38 1.09573
7 39 1.09573
7 40 1.09573
7 41 1.09573
7 42 1.32944
7 43 1.39989
7 44 1.3105
7 45 1.24428
7 46 1.09243
7 47 1.09243
7 48 1.09243
7 49 1.09243
7 50 1.09243
7 51 1.21799
7 52 1.2548
7 53 1.23597
7 54 1.21521
7 55 1.08597
7 56 1.08597
7 57 1.08597
7 58 1.08597
7 59 1.08597
7 60 1.15584
7 61 1.17605
7 62 1.18297
7 63 1.17855
7 64 1.07952
7 65 1.07952
7 66 1.07952
7 67 1.07952
7 68 1.07952
7 69 1.12237
7 70 1.13606
7 71 1.14448
7 72 1.14738
7 73 1.08957
7 74 1.08957
7 75 1.08957
7 76 1.08957
7 77 1.08957
7 78 1.19421
7 79 1.21117
7 80 1.20556
7 81 1.1948
7 82 1.08749
7 83 1.08749
7 84 1.08749
7 85 1.08749
7 86 1.08749
7 87 1.16053
7 88 1.17706
7 89 1.18268
7 90 1.17971
7 91 1.08266
7 92 1.08266
7 93 1.08266
7 94 1.08266
7 95 1.08266
7 96 1.13518
7 97 1.1476
7 98 1.15648
7 99 1.15738
7 100 1.07718
7 101 1.07718
7 102 1.07718
7 103 1.07718
7 104 1.07718
7 105 1.11189
7 106 1.12341
7 107 1.13167
7 108 1.13512
7 109 1.08278
7 110 1.08278
7 111 1.08278
7 112 1.08278
7 113 1.08278
7 114 1.14016
7 115 1.15169
7 116 1.15689
7 117 1.15725
7 118 1.08122
7 119 1.08122
7 120 1.08122
7 121 1.08122
7 122 1.08122
7 123 1.12996
7 124 1.13879
7 125 1.14684
7 126 1.14891
7 127 1.07776
7 128 1.07776
7 129 1.07776
7 130 1.07776
7 131 1.07776
7 132 1.11687
7 133 1.12559
7 134 1.13323
7 135 1.13569
7 136 1.07351
7 137 1.07351
7 138 1.07351
7 139 1.07351
7 140 1.07351
7 141 1.10032
7 142 1.11003
7 143 1.11736
7 144 1.12069
8 1 1.08454
8 2 1.08454
8 3 1.08454
8 4 1.08454
8 5 1.08454
8 6 1.36205
8 7 1.86954
8 8 5.85066
8 9 1.52202
8 10 1.08201
8 11 1.08201
8 12 1.08201
8 13 1.08201
8 14 1.08201
8 15 1.23064
8 16 1.3235
8 17 1.37334
8 18 1.32439
8 19 1.07796
8 20 1.07796
8 21 1.07796
8 22 1.07796
8 23 1.07796
8 24 1.16261
8 25 1.20368
8 26 1.2338
8 27 1.23697
8 28 1.0736
8 29 1.0736
8 30 1.0736
8 31 1.0736
8 32 1.0736
8 33 1.12781
8 34 1.15255
8 35 1.17346
8 36 1.18273
8 37 1.08397
8 38 1.08397
8 39 1.08397
8 40 1.08397
8 41 1.08397
8 42 1.23259
8 43 1.30455
8 44 1.35524
8 45 1.32107
8 46 1.08221
8 47 1.08221
8 48 1.08221
8 49 1.08221
8 50 1.08221
8 51 1.18085
8 52 1.23504
8 53 1.26972
8 54 1.26856
8 55 1.07815
8 56 1.07815
8 57 1.07815
8 58 1.07815
8 59 1.07815
8 60 1.14733
8 61 1.17973
8 62 1.2085
8 63 1.21478
8 64 1.07373
8 65 1.07373
8 66 1.07373
8 67 1.07373
8 68 1.07373
8 69 1.12304
8 70 1.14469
8 71 1.16376
8 72 1.17251
8 73 1.08072
8 74 1.08072
8 75 1.08072
8 76 1.08072
8 77 1.08072
8 78 1.17218
8 79 1.2008
8 80 1.22578
8 81 1.23407
8 82 1.07949
8 83 1.07949
8 84 1.07949
8 85 1.07949
8 86 1.07949
8 87 1.14919
8 88 1.17737
8 89 1.20456
8 90 1.21255
8 91 1.07614
8 92 1.07614
8 93 1.07614
8 94 1.07614
8 95 1.07614
8 96 1.1321
8 97 1.15336
8 98 1.1756
8 99 1.18353
8 100 1.07212
8 101 1.07212
8 102 1.07212
8 103 1.07212
8 104 1.07212
8 105 1.11363
8 106 1.13141
8 107 1.14744
8 108 1.15515
8 109 1.07631
8 110 1.07631
8 111 1.07631
8 112 1.07631
8 113 1.07631
8 114 1.13775
8 115 1.15528
8 116 1.17218
8 117 1.18118
8 118 1.07524
8 119 1.07524
8 120 1.07524
8 121 1.07524
8 122 1.07524
8 123 1.12876
8 124 1.14404
8 125 1.16214
8 126 1.1702
8 127 1.07263
8 128 1.07263
8 129 1.07263
8 130 1.07263
8 131 1.07263
8 132 1.11775
8 133 1.13209
8 134 1.14741
8 135 1.15418
8 136 1.06933
8 137 1.06933
8 138 1.06933
8 139 1.06933
8 140 1.06933
8 141 1.10277
8 142 1.1171
8 143 1.12975
8 144 1.13597
9 1 1.07779
9 2 1.07779
9 3 1.07779
9 4 1.07779
9 5 1.07779
9 6 1.20119
9 7 1.29705
9 8 1.52202
9 9 2.12961
9 10 1.0762
9 11 1.0762
9 12 1.0762
9 13 1.0762
9 14 1.0762
9 15 1.17696
9 16 1.24836
9 17 1.32765
9 18 1.37339
9 19 1.07348
9 20 1.07348
9 21 1.07348
9 22 1.07348
9 23 1.07348
9 24 1.14889
9 25 1.19345
9 26 1.2401
9 27 1.25992
9 28 1.07025
9 29 1.07025
9 30 1.07025
9 31 1.07025
9 32 1.07025
9 33 1.12547
9 34 1.1543
9 35 1.18261
9 36 1.19681
9 37 1.07801
9 38 1.07801
9 39 1.07801
9 40 1.07801
9 41 1.07801
9 42 1.17992
9 43 1.23483
9 44 1.31144
9 45 1.36966
9 46 1.07685
9 47 1.07685
9 48 1.07685
9 49 1.07685
9 50 1.07685
9 51 1.15665
9 52 1.21107
9 53 1.26868
9 54 1.29476
9 55 1.07392
9 56 1.07392
9 57 1.07392
9 58 1.07392
9 59 1.07392
9 60 1.13927
9 61 1.17581
9 62 1.21598
9 63 1.23143
9 64 1.07051
9 65 1.07051
9 66 1.07051
9 67 1.07051
9 68 1.07051
9 69 1.12135
9 70 1.14663
9 71 1.17156
9 72 1.18397
9 73 1.07605
9 74 1.07605
9 75 1.07605
9 76 1.07605
9 77 1.07605
9 78 1.1564
9 79 1.18839
9 80 1.22931
9 81 1.2545
9 82 1.07515
9 83 1.07515
9 84 1.07515
9 85 1.07515
9 86 1.07515
9 87 1.14
9 88 1.17258
9 89 1.21113
9 90 1.22765
9 91 1.07253
9 92 1.07253
9 93 1.07253
9 94 1.07253
9 95 1.07253
9 96 1.12806
9 97 1.15327
9 98 1.18268
9 99 1.19521
9 100 1.06926
9 101 1.06926
9 102 1.06926
9 103 1.06926
9 104 1.06926
9 105 1.11303
9 106 1.13376
9 107 1.15393
9 108 1.16407
9 109 1.0728
9 110 1.0728
9 111 1.0728
9 112 1.0728
9 113 1.0728
9 114 1.13427
9 115 1.15451
9 116 1.1782
9 117 1.19296
9 118 1.07192
9 119 1.07192
9 120 1.07192
9 121 1.07192
9 122 1.07192
9 123 1.12615
9 124 1.14455
9 125 1.16809
9 126 1.17982
9 127 1.06973
9 128 1.06973
9 129 1.06973
9 130 1.06973
9 131 1.06973
9 132 1.11663
9 133 1.13372
9 134 1.1531
9 135 1.16235
9 136 1.06692
9 137 1.06692
9 138 1.06692
9 139 1.06692
9 140 1.06692
9 141 1.10299
9 142 1.11952
9 143 1.13492
9 144 1.14269
10 1 1.14609
10 2 1.14609
10 3 1.14609
10 4 1.14609
10 5 1.14609
10 6 1.1071
10 7 1.09345
10 8 1.08201
10 9 1.0762
10 10 1.30315
10 11 1.30315
10 12 1.30315
10 13 1.30315
10 14 1.30315
10 15 1.11819
10 16 1.09654
10 17 1.08273
10 18 1.07713
10 19 1.16088
10 20 1.16088
10 21 1.16088
10 22 1.16088
10 23 1.16088
10 24 1.11029
10 25 1.094
10 26 1.08161
10 27 1.07591
10 28 1.12527
10 29 1.12527
10 30 1.12527
10 31 1.12527
10 32 1.12527
10 33 1.09936
10 34 1.08816
10 35 1.07846
10 36 1.07375
10 37 1.12846
10 38 1.12846
10 39 1.12846
10 40 1.12846
10 41 1.12846
10 42 1.10105
10 43 1.09077
10 44 1.08164
10 45 1.07662
10 46 1.14588
10 47 1.14588
10 48 1.14588
10 49 1.14588
10 50 1.14588
10 51 1.10719
10 52 1.09316
10 53 1.08193
10 54 1.0774
10 55 1.1343
10 56 1.1343
10 57 1.1343
10 58 1.1343
10 59 1.1343
10 60 1.10334
10 61 1.09161
10 62 1.08103
10 63 1.076
10 64 1.11642
10 65 1.11642
10 66 1.11642
10 67 1.11642
10 68 1.11642
10 69 1.09602
10 70 1.08657
10 71 1.07798
10 72 1.07374
10 73 1.11114
10 74 1.11114
10 75 1.11114
10 76 1.11114
10 77 1.11114
10 78 1.093
10 79 1.08565
10 80 1.0791
10 81 1.07496
10 82 1.11767
10 83 1.11767
10 84 1.11767
10 85 1.11767
10 86 1.11767
10 87 1.09665
10 88 1.08787
10 89 1.07946
10 90 1.07562
10 91 1.11354
10 92 1.11354
10 93 1.11354
10 94 1.11354
10 95 1.11354
10 96 1.0953
10 97 1.08685
10 98 1.07846
10 99 1.07429
10 100 1.10451
10 101 1.10451
10 102 1.10451
10 103 1.10451
10 104 1.10451
10 105 1.08983
10 106 1.08254
10 107 1.07564
10 108 1.07216
10 109 1.09715
10 110 1.09715
10 111 1.09715
10 112 1.09715
10 113 1.09715
10 114 1.08471
10 115 1.08003
10 116 1.07541
10 117 1.07191
10 118 1.10026
10 119 1.10026
10 120 1.10026
10 121 1.10026
10 122 1.10026
10 123 1.087
10 124 1.08119
10 125 1.07572
10 126 1.07252
10 127 1.09822
10 128 1.09822
10 129 1.09822
10 130 1.09822
10 131 1.09822
10 132 1.08633
10 133 1.08045
10 134 1.07463
10 135 1.07138
10 136 1.09319
10 137 1.09319
10 138 1.09319
10 139 1.09319
10 140 1.09319
10 141 1.08271
10 142 1.07737
10 143 1.07217
10 144 1.06949
11 1 1.14609
11 2 1.14609
11 3 1.14609
11 4 1.14609
11 5 1.14609
11 6 1.1071
11 7 1.09345
11 8 1.08201
11 9 1.0762
11 10 1.30315
11 11 1.30315
11 12 1.30315
11 13 1.30315
11 14 1.30315
11 15 1.11819
11 16 1.09654
11 17 1.08273
11 18 1.07713
11 19 1.16088
11 20 1.16088
11 21 1.16088
11 22 1.16088
11 23 1.16088
11 24 1.11029
11 25 1.094
11 26 1.08161
11 27 1.07591
11 28 1.12527
11 29 1.12527
11 30 1.12527
11 31 1.12527
11 32 1.12527
11 33 1.09936
11 34 1.08816
11 35 1.07846
11 36 1.07375
11 37 1.12846
11 38 1.12846
11 39 1.12846
11 40 1.12846
11 41 1.12846
11 42 1.10105
11 43 1.09077
11 44 1.08164
11 45 1.07662
11 46 1.14588
11 47 1.14588
11 48 1.14588
11 49 1.14588
11 50 1.14588
11 51 1.10719
11 52 1.09316
11 53 1.08193
11 54 1.0774
11 55 1.1343
11 56 1.1343
11 57 1.1343
11 58 1.1343
11 59 1.1343
11 60 1.10334
11 61 1.09161
11 62 1.08103
11 63 1.076
11 64 1.11642
11 65 1.11642
11 66 1.11642
11 67 1.11642
11 68 1.11642
11 69 1.09602
11 70 1.08657
11 71 1.07798
11 72 1.07374
11 73 1.11114
11 74 1.11114
11 75 1.11114
11 76 1.11114
11 77 1.11114
11 78 1.093
11 79 1.08565
11 80 1.0791
11 81 1.07496
11 82 1.11767
11 83 1.11767
11 84 1.11767
11 85 1.11767
11 86 1.11767
11 87 1.09665
11 88 1.08787
11 89 1.07946
11 90 1.07562
11 91 1.11354
11 92 1.11354
11 93 1.11354
11 94 1.11354
11 95 1.11354
11 96 1.0953
11 97 1.08685
11 98 1.07846
11 99 1.07429
11 100 1.10451
11 101 1.10451
11 102 1.10451
11 103 1.10451
11 104 1.10451
11 105 1.08983
11 106 1.08254
11 107 1.07564
11 108 1.07216
11 109 1.09715
11 110 1.09715
11 111 1.09715
11 112 1.09715
11 113 1.09715
11 114 1.08471
11 115 1.08003
11 116 1.07541
11 117 1.07191
11 118 1.10026
11 119 1.10026
11 120 1.10026
11 121 1.10026
11 122 1.10026
11 123 1.087
11 124 1.08119
11 125 1.07572
11 126 1.07252
11 127 1.09822
11 128 1.09822
11 129 1.09822
11 130 1.09822
11 131 1.09822
11 132 1.08633
11 133 1.08045
11 134 1.07463
11 135 1.07138
11 136 1.09319
11 137 1.09319
11 138 1.09319
11 139 1.09319
11 140 1.09319
11 141 1.08271
11 142 1.07737
11 143 1.07217
11 144 1.06949
12 1 1.14609
12 2 1.14609
12 3 1.14609
12 4 1.14609
12 5 1.14609
12 6 1.1071
12 7 1.09345
12 8 1.08201
12 9 1.0762
12 10 1.30315
12 11 1.30315
12 12 1.30315
12 13 1.30315
12 14 1.30315
12 15 1.11819
12 16 1.09654
12 17 1.08273
12 18 1.07713
12 19 1.16088
12 20 1.16088
12 21 1.16088
12 22 1.16088
12 23 1.16088
12 24 1.11029
12 25 1.094
12 26 1.08161
12 27 1.07591
12 28 1.12527
12 29 1.12527
12 30 1.12527
12 31 1.12527
12 32 1.12527
12 33 1.09936
12 34 1.08816
12 35 1.07846
12 36 1.07375
12 37 1.12846
12 38 1.12846
12 39 1.12846
12 40 1.12846
12 41 1.12846
12 42 1.10105
12 43 1.09077
12 44 1.08164
12 45 1.07662
12 46 1.14588
12 47 1.14588
12 48 1.14588
12 49 1.14588
12 50 1.14588
12 51 1.10719
12 52 1.09316
12 53 1.08193
12 54 1.0774
12 55 1.1343
12 56 1.1343
12 57 1.1343
12 58 1.1343
12 59 1.1343
12 60 1.10334
12 61 1.09161
12 62 1.08103
12 63 1.076
12 64 1.11642
12 65 1.11642
12 66 1.11642
12 67 1.11642
12 68 1.11642
12 69 1.09602
12 70 1.08657
12 71 1.07798
12 72 1.07374
12 73 1.11114
12 74 1.11114
12 75 1.11114
12 76 1.11114
12 77 1.11114
12 78 1.093
12 79 1.08565
12 80 1.0791
12 81 1.07496
12 82 1.11767
12 83 1.11767
12 84 1.11767
12 85 1.11767
12 86 1.11767
12 87 1.09665
12 88 1.08787
12 89 1.07946
12 90 1.07562
12 91 1.11354
12 92 1.11354
12 93 1.11354
12 94 1.11354
12 95 1.11354
12 96 1.0953
12 97 1.08685
12 98 1.07846
12 99 1.07429
12 100 1.10451
12 101 1.10451
12 102 1.10451
12 103 1.10451
12 104 1.10451
12 105 1.08983
12 106 1.08254
12 107 1.07564
12 108 1.07216
12 109 1.09715
12 110 1.09715
12 111 1.09715
12 112 1.09715
12 113 1.09715
12 114 1.08471
12 115 1.08003
12 116 1.07541
12 117 1.07191
12 118 1.10026
12 119 1.10026
12 120 1.10026
12 121 1.10026
12 122 1.10026
12 123 1.087
12 124 1.08119
12 125 1.07572
12 126 1.07252
12 127 1.09822
12 128 1.09822
12 129 1.09822
12 130 1.09822
12 131 1.09822
12 132 1.08633
12 133 1.08045
12 134 1.07463
12 135 1.07138
12 136 1.09319
12 137 1.09319
12 138 1.09319
12 139 1.09319
12 140 1.09319
12 141 1.08271
12 142 1.07737
12 143 1.07217
12 144 1.06949
13 1 1.14609
13 2 1.14609
13 3 1.14609
13 4 1.14609
13 5 1.14609
13 6 1.1071
13 7 1.09345
13 8 1.08201
13 9 1.0762
13 10 1.30315
13 11 1.30315
13 12 1.30315
13 13 1.30315
13 14 1.30315
13 15 1.11819
13 16 1.09654
13 17 1.08273
13 18 1.07713
13 19 1.16088
13 20 1.16088
13 21 1.16088
13 22 1.16088
13 23 1.16088
13 24 1.11029
13 25 1.094
13 26 1.08161
13 27 1.07591
13 28 1.12527
13 29 1.12527
13 30 1.12527
13 31 1.12527
13 32 1.12527
13 33 1.09936
13 34 1.08816
13 35 1.07846
13 36 1.07375
13 37 1.12846
13 38 1.12846
13 39 1.12846
13 40 1.12846
13 41 1.12846
13 42 1.10105
13 43 1.09077
13 44 1.08164
13 45 1.07662
13 46 1.14588
13 47 1.14588
13 48 1.14588
13 49 1.14588
13 50 1.14588
13 51 1.10719
13 52 1.09316
13 53 1.08193
13 54 1.0774
13 55 1.1343
13 56 1.1343
13 57 1.1343
13 58 1.1343
13 59 1.1343
13 60 1.10334
13 61 1.09161
13 62 1.08103
13 63 1.076
13 64 1.11642
13 65 1.11642
13 66 1.11642
13 67 1.11642
13 68 1.11642
13 69 1.09602
13 70 1.08657
13 71 1.07798
13 72 1.07374
13 73 1.11114
13 74 1.11114
13 75 1.11114
13 76 1.11114
13 77 1.11114
13 78 1.093
13 79 1.08565
13 80 1.0791
13 81 1.07496
13 82 1.11767
13 83 1.11767
13 84 1.11767
13 85 1.11767
13 86 1.11767
13 87 1.09665
13 88 1.08787
13 89 1.07946
13 90 1.07562
13 91 1.11354
13 92 1.11354
13 93 1.11354
13 94 1.11354
13 95 1.11354
13 96 1.0953
13 97 1.08685
13 98 1.07846
13 99 1.07429
13 100 1.10451
13 101 1.10451
13 102 1.10451
13 103 1.10451
13 104 1.10451
13 105 1.08983
13 106 1.08254
13 107 1.07564
13 108 1.07216
13 109 1.09715
13 110 1.09715
13 111 1.09715
13 112 1.09715
13 113 1.09715
13 114 1.08471
13 115 1.08003
13 116 1.07541
13 117 1.07191
13 118 1.10026
13 119 1.10026
13 120 1.10026
13 121 1.10026
13 122 1.10026
13 123 1.087
13 124 1.08119
13 125 1.07572
13 126 1.07252
13 127 1.09822
13 128 1.09822
13 129 1.09822
13 130 1.09822
13 131 1.09822
13 132 1.08633
13 133 1.08045
13 134 1.07463
13 135 1.07138
13 136 1.09319
13 137 1.09319
13 138 1.09319
13 139 1.09319
13 140 1.09319
13 141 1.08271
13 142 1.07737
13 143 1.07217
13 144 1.06949
14 1 1.14609
14 2 1.14609
14 3 1.14609
14 4 1.14609
14 5 1.14609
14 6 1.1071
14 7 1.09345
14 8 1.08201
14 9 1.0762
14 10 1.30315
14 11 1.30315
14 12 1.30315
14 13 1.30315
14 14 1.30315
14 15 1.11819
14 16 1.09654
14 17 1.08273
14 18 1.07713
14 19 1.16088
14 20 1.16088
14 21 1.16088
14 22 1.16088
14 23 1.16088
14 24 1.11029
14 25 1.094
14 26 1.08161
14 27 1.07591
14 28 1.12527
14 29 1.12527
14 30 1.12527
14 31 1.12527
14 32 1.12527
14 33 1.09936
14 34 1.08816
14 35 1.07846
14 36 1.07375
14 37 1.12846
14 38 1.12846
14 39 1.12846
14 40 1.12846
14 41 1.12846
14 42 1.10105
14 43 1.09077
14 44 1.08164
14 45 1.07662
14 46 1.14588
14 47 1.14588
14 48 1.14588
14 49 1.14588
14 50 1.14588
14 51 1.10719
14 52 1.09316
14 53 1.08193
14 54 1.0774
14 55 1.1343
14 56 1.1343
14 57 1.1343
14 58 1.1343
14 59 1.1343
14 60 1.10334
14 61 1.09161
14 62 1.08103
14 63 1.076
14 64 1.11642
14 65 1.11642
14 66 1.11642
14 67 1.11642
14 68 1.11642
14 69 1.09602
14 70 1.08657
14 71 1.07798
14 72 1.07374
14 73 1.11114
14 74 1.11114
14 75 1.11114
14 76 1.11114
14 77 1.11114
14 78 1.093
14 79 1.08565
14 80 1.0791
14 81 1.07496
14 82 1.11767
14 83 1.11767
14 84 1.11767
14 85 1.11767
14 86 1.11767
14 87 1.09665
14 88 1.08787
14 89 1.07946
14 90 1.07562
14 91 1.11354
14 92 1.11354
14 93 1.11354
14 94 1.11354
14 95 1.11354
14 96 1.0953
14 97 1.08685
14 98 1.07846
14 99 1.07429
14 100 1.10451
14 101 1.10451
14 102 1.10451
14 103 1.10451
14 104 1.10451
14 105 1.08983
14 106 1.08254
14 107 1.07564
14 108 1.07216
14 109 1.09715
14 110 1.09715
14 111 1.09715
14 112 1.09715
14 113 1.09715
14 114 1.08471
14 115 1.08003
14 116 1.07541
14 117 1.07191
14 118 1.10026
14 119 1.10026
14 120 1.10026
14 121 1.10026
14 122 1.10026
14 123 1.087
14 124 1.08119
14 125 1.07572
14 126 1.07252
14 127 1.09822
14 128 1.09822
14 129 1.09822
14 130 1.09822
14 131 1.09822
14 132 1.08633
14 133 1.08045
14 134 1.07463
14 135 1.07138
14 136 1.09319
14 137 1.09319
14 138 1.09319
14 139 1.09319
14 140 1.09319
14 141 1.08271
14 142 1.07737
14 143 1.07217
14 144 1.06949
15 1 1.10773
15 2 1.10773
15 3 1.10773
15 4 1.10773
15 5 1.10773
15 6 1.39247
15 7 1.32786
15 8 1.23064
15 9 1.17696
15 10 1.11819
15 11 1.11819
15 12 1.11819
15 13 1.11819
15 14 1.11819
15 15 6.45029
15 16 1.98578
15 17 1.33615
15 18 1.20187
15 19 1.10965
15 20 1.10965
15 21 1.10965
15 22 1.10965
15 23 1.10965
15 24 1.59561
15 25 1.42273
15 26 1.25696
15 27 1.18292
15 28 1.09825
15 29 1.09825
15 30 1.09825
15 31 1.09825
15 32 1.09825
15 33 1.22387
15 34 1.2143
15 35 1.17711
15 36 1.15454
15 37 1.10339
15 38 1.10339
15 39 1.10339
15 40 1.10339
15 41 1.10339
15 42 1.23898
15 43 1.22329
15 44 1.18808
15 45 1.1644
15 46 1.10982
15 47 1.10982
15 48 1.10982
15 49 1.10982
15 50 1.10982
15 51 1.33379
15 52 1.29192
15 53 1.21541
15 54 1.179
15 55 1.10421
15 56 1.10421
15 57 1.10421
15 58 1.10421
15 59 1.10421
15 60 1.25833
15 61 1.244
15 62 1.19633
15 63 1.16659
15 64 1.09544
15 65 1.09544
15 66 1.09544
15 67 1.09544
15 68 1.09544
15 69 1.1738
15 70 1.17421
15 71 1.15702
15 72 1.14536
15 73 1.09523
15 74 1.09523
15 75 1.09523
15 76 1.09523
15 77 1.09523
15 78 1.16224
15 79 1.16029
15 80 1.15217
15 81 1.14366
15 82 1.09888
15 83 1.09888
15 84 1.09888
15 85 1.09888
15 86 1.09888
15 87 1.17276
15 88 1.17192
15 89 1.16019
15 90 1.15107
15 91 1.09566
15 92 1.09566
15 93 1.09566
15 94 1.09566
15 95 1.09566
15 96 1.16102
15 97 1.16222
15 98 1.15222
15 99 1.14392
15 100 1.08965
15 101 1.08965
15 102 1.08965
15 103 1.08965
15 104 1.08965
15 105 1.13258
15 106 1.13738
15 107 1.13376
15 108 1.13034
15 109 1.08672
15 110 1.08672
15 111 1.08672
15 112 1.08672
15 113 1.08672
15 114 1.12297
15 115 1.12651
15 116 1.12604
15 117 1.12345
15 118 1.08873
15 119 1.08873
15 120 1.08873
15 121 1.08873
15 122 1.08873
15 123 1.12751
15 124 1.12861
15 125 1.12904
15 126 1.12737
15 127 1.0868
15 128 1.0868
15 129 1.0868
15 130 1.0868
15 131 1.0868
15 132 1.12182
15 133 1.12455
15 134 1.12461
15 135 1.12319
15 136 1.08288
15 137 1.08288
15 138 1.08288
15 139 1.08288
15 140 1.08288
15 141 1.10754
15 142 1.113
15 143 1.11458
15 144 1.11467
16 1 1.09246
16 2 1.09246
16 3 1.09246
16 4 1.09246
16 5 1.09246
16 6 1.32576
16 7 1.4138
16 8 1.3235
16 9 1.24836
16 10 1.09654
16 11 1.09654
16 12 1.09654
16 13 1.09654
16 14 1.09654
16 15 1.98578
16 16 6.36389
16 17 1.82575
16 18 1.31754
16 19 1.09281
16 20 1.09281
16 21 1.09281
16 22 1.09281
16 23 1.09281
16 24 1.419
16 25 1.61452
16 26 1.39897
16 27 1.26622
16 28 1.08664
16 29 1.08664
16 30 1.08664
16 31 1.08664
16 32 1.08664
16 33 1.21481
16 34 1.24912
16 35 1.22914
16 36 1.20796
16 37 1.09083
16 38 1.09083
16 39 1.09083
16 40 1.09083
16 41 1.09083
16 42 1.22762
16 43 1.25377
16 44 1.23923
16 45 1.21897
16 46 1.0942
16 47 1.0942
16 48 1.0942
16 49 1.0942
16 50 1.0942
16 51 1.27644
16 52 1.36754
16 53 1.30364
16 54 1.25095
16 55 1.09082
16 56 1.09082
16 57 1.09082
16 58 1.09082
16 59 1.09082
16 60 1.23725
16 61 1.28738
16 62 1.26197
16 63 1.22812
16 64 1.08538
16 65 1.08538
16 66 1.08538
16 67 1.08538
16 68 1.08538
16 69 1.17472
16 70 1.198
16 71 1.19661
16 72 1.19004
16 73 1.08597
16 74 1.08597
16 75 1.08597
16 76 1.08597
16 77 1.08597
16 78 1.16666
16 79 1.17895
16 80 1.18416
16 81 1.18166
16 82 1.08832
16 83 1.08832
16 84 1.08832
16 85 1.08832
16 86 1.08832
16 87 1.17131
16 88 1.19241
16 89 1.19947
16 90 1.19558
16 91 1.08597
16 92 1.08597
16 93 1.08597
16 94 1.08597
16 95 1.08597
16 96 1.16227
16 97 1.18151
16 98 1.18793
16 99 1.18536
16 100 1.08172
16 101 1.08172
16 102 1.08172
16 103 1.08172
16 104 1.08172
16 105 1.13793
16 106 1.15466
16 107 1.16237
16 108 1.16418
16 109 1.08007
16 110 1.08007
16 111 1.08007
16 112 1.08007
16 113 1.08007
16 114 1.13063
16 115 1.14086
16 116 1.14797
16 117 1.14996
16 118 1.08151
16 119 1.08151
16 120 1.08151
16 121 1.08151
16 122 1.08151
16 123 1.13345
16 124 1.14279
16 125 1.15319
16 126 1.15649
16 127 1.07993
16 128 1.07993
16 129 1.07993
16 130 1.07993
16 131 1.07993
16 132 1.12764
16 133 1.13861
16 134 1.14804
16 135 1.15136
16 136 1.0769
16 137 1.0769
16 138 1.0769
16 139 1.0769
16 140 1.0769
16 141 1.11352
16 142 1.12637
16 143 1.13549
16 144 1.13943
17 1 1.08111
17 2 1.08111
17 3 1.08111
17 4 1.08111
17 5 1.08111
17 6 1.22501
17 7 1.30842
17 8 1.37334
17 9 1.32765
17 10 1.08273
17 11 1.08273
17 12 1.08273
17 13 1.08273
17 14 1.08273
17 15 1.33615
17 16 1.82575
17 17 4.53725
17 18 1.53905
17 19 1.08091
17 20 1.08091
17 21 1.08091
17 22 1.08091
17 23 1.08091
17 24 1.25173
17 25 1.38454
17 26 1.50788
17 27 1.36951
17 28 1.07765
17 29 1.07765
17 30 1.07765
17 31 1.07765
17 32 1.07765
17 33 1.17802
17 34 1.22691
17 35 1.2598
17 36 1.26229
17 37 1.08104
17 38 1.08104
17 39 1.08104
17 40 1.08104
17 41 1.08104
17 42 1.19014
17 43 1.23307
17 44 1.26914
17 45 1.27306
17 46 1.08279
17 47 1.08279
17 48 1.08279
17 49 1.08279
17 50 1.08279
17 51 1.20469
17 52 1.29778
17 53 1.37131
17 54 1.3324
17 55 1.08074
17 56 1.08074
17 57 1.08074
17 58 1.08074
17 59 1.08074
17 60 1.19091
17 61 1.25489
17 62 1.30496
17 63 1.29418
17 64 1.07745
17 65 1.07745
17 66 1.07745
17 67 1.07745
17 68 1.07745
17 69 1.15882
17 70 1.19614
17 71 1.22492
17 72 1.23425
17 73 1.07842
17 74 1.07842
17 75 1.07842
17 76 1.07842
17 77 1.07842
17 78 1.15808
17 79 1.18163
17 80 1.20661
17 81 1.21631
17 82 1.07991
17 83 1.07991
17 84 1.07991
17 85 1.07991
17 86 1.07991
17 87 1.15759
17 88 1.19295
17 89 1.22921
17 90 1.23863
17 91 1.07825
17 92 1.07825
17 93 1.07825
17 94 1.07825
17 95 1.07825
17 96 1.15185
17 97 1.18385
17 98 1.21534
17 99 1.22565
17 100 1.07532
17 101 1.07532
17 102 1.07532
17 103 1.07532
17 104 1.07532
17 105 1.13548
17 106 1.1623
17 107 1.18568
17 108 1.19633
17 109 1.0745
17 110 1.0745
17 111 1.0745
17 112 1.0745
17 113 1.0745
17 114 1.13234
17 115 1.14844
17 116 1.16479
17 117 1.17319
17 118 1.07552
17 119 1.07552
17 120 1.07552
17 121 1.07552
17 122 1.07552
17 123 1.13337
17 124 1.15046
17 125 1.17265
17 126 1.18282
17 127 1.07428
17 128 1.07428
17 129 1.07428
17 130 1.07428
17 131 1.07428
17 132 1.12823
17 133 1.14687
17 134 1.1675
17 135 1.17727
17 136 1.072
17 137 1.072
17 138 1.072
17 139 1.072
17 140 1.072
17 141 1.11612
17 142 1.13573
17 143 1.15346
17 144 1.16223
18 1 1.07626
18 2 1.07626
18 3 1.07626
18 4 1.07626
18 5 1.07626
18 6 1.179
18 7 1.24194
18 8 1.32439
18 9 1.37339
18 10 1.07713
18 11 1.07713
18 12 1.07713
18 13 1.07713
18 14 1.07713
18 15 1.20187
18 16 1.31754
18 17 1.53905
18 18 2.11791
18 19 1.07594
18 20 1.07594
18 21 1.07594
18 22 1.07594
18 23 1.07594
18 24 1.1863
18 25 1.2665
18 26 1.37401
18 27 1.44082
18 28 1.07377
18 29 1.07377
18 30 1.07377
18 31 1.07377
18 32 1.07377
18 33 1.15841
18 34 1.20798
18 35 1.26206
18 36 1.29123
18 37 1.07659
18 38 1.07659
18 39 1.07659
18 40 1.07659
18 41 1.07659
18 42 1.167
18 43 1.21002
18 44 1.26373
18 45 1.29456
18 46 1.07773
18 47 1.07773
18 48 1.07773
18 49 1.07773
18 50 1.07773
18 51 1.16847
18 52 1.23964
18 53 1.32414
18 54 1.367
18 55 1.07624
18 56 1.07624
18 57 1.07624
18 58 1.07624
18 59 1.07624
18 60 1.16412
18 61 1.22109
18 62 1.2902
18 63 1.3226
18 64 1.07384
18 65 1.07384
18 66 1.07384
18 67 1.07384
18 68 1.07384
18 69 1.14757
18 70 1.18815
18 71 1.23114
18 72 1.25359
18 73 1.07478
18 74 1.07478
18 75 1.07478
18 76 1.07478
18 77 1.07478
18 78 1.14924
18 79 1.17609
18 80 1.20981
18 81 1.22776
18 82 1.0759
18 83 1.0759
18 84 1.0759
18 85 1.0759
18 86 1.0759
18 87 1.14633
18 88 1.18405
18 89 1.23114
18 90 1.25275
18 91 1.07457
18 92 1.07457
18 93 1.07457
18 94 1.07457
18 95 1.07457
18 96 1.14253
18 97 1.17745
18 98 1.21969
18 99 1.24011
18 100 1.07227
18 101 1.07227
18 102 1.07227
18 103 1.07227
18 104 1.07227
18 105 1.13139
18 106 1.16172
18 107 1.19272
18 108 1.20878
18 109 1.07166
18 110 1.07166
18 111 1.07166
18 112 1.07166
18 113 1.07166
18 114 1.12995
18 115 1.14805
18 116 1.16856
18 117 1.18033
18 118 1.07249
18 119 1.07249
18 120 1.07249
18 121 1.07249
18 122 1.07249
18 123 1.13001
18 124 1.14986
18 125 1.17704
18 126 1.19093
18 127 1.07144
18 128 1.07144
18 129 1.07144
18 130 1.07144
18 131 1.07144
18 132 1.12558
18 133 1.14702
18 134 1.17263
18 135 1.18586
18 136 1.06954
18 137 1.06954
18 138 1.06954
18 139 1.06954
18 140 1.06954
18 141 1.11535
18 142 1.13753
18 143 1.1592
18 144 1.17039
19 1 1.11756
19 2 1.11756
19 3 1.11756
19 4 1.11756
19 5 1.11756
19 6 1.09576
19 7 1.08643
19 8 1.07796
19 9 1.07348
19 10 1.16088
19 11 1.16088
19 12 1.16088
19 13 1.16088
19 14 1.16088
19 15 1.10965
19 16 1.09281
19 17 1.08091
19 18 1.07594
19 19 1.30356
19 20 1.30356
19 21 1.30356
19 22 1.30356
19 23 1.30356
19 24 1.11721
19 25 1.09658
19 26 1.08242
19 27 1.07621
19 28 1.16147
19 29 1.16147
19 30 1.16147
19 31 1.16147
19 32 1.16147
19 33 1.11047
19 34 1.09412
19 35 1.08136
19 36 1.07539
19 37 1.1109
19 38 1.1109
19 39 1.1109
19 40 1.1109
19 41 1.1109
19 42 1.09292
19 43 1.08515
19 44 1.078
19 45 1.07394
19 46 1.13417
19 47 1.13417
19 48 1.13417
19 49 1.13417
19 50 1.13417
19 51 1.10228
19 52 1.09015
19 53 1.08019
19 54 1.07616
19 55 1.1463
19 56 1.1463
19 57 1.1463
19 58 1.1463
19 59 1.1463
19 60 1.10603
19 61 1.09292
19 62 1.08141
19 63 1.07617
19 64 1.13495
19 65 1.13495
19 66 1.13495
19 67 1.13495
19 68 1.13495
19 69 1.10343
19 70 1.09098
19 71 1.08033
19 72 1.0752
19 73 1.10107
19 74 1.10107
19 75 1.10107
19 76 1.10107
19 77 1.10107
19 78 1.08762
19 79 1.08153
19 80 1.07607
19 81 1.07253
19 82 1.11345
19 83 1.11345
19 84 1.11345
19 85 1.11345
19 86 1.11345
19 87 1.0938
19 88 1.08568
19 89 1.07795
19 90 1.07448
19 91 1.11792
19 92 1.11792
19 93 1.11792
19 94 1.11792
19 95 1.11792
19 96 1.09608
19 97 1.0873
19 98 1.07858
19 99 1.07437
19 100 1.11413
19 101 1.11413
19 102 1.11413
19 103 1.11413
19 104 1.11413
19 105 1.09436
19 106 1.0855
19 107 1.07742
19 108 1.07341
19 109 1.09107
19 110 1.09107
19 111 1.09107
19 112 1.09107
19 113 1.09107
19 114 1.08105
19 115 1.07702
19 116 1.07294
19 117 1.06981
19 118 1.09817
19 119 1.09817
19 120 1.09817
19 121 1.09817
19 122 1.09817
19 123 1.08518
19 124 1.07961
19 125 1.07449
19 126 1.07154
19 127 1.1004
19 128 1.1004
19 129 1.1004
19 130 1.1004
19 131 1.1004
19 132 1.08662
19 133 1.08053
19 134 1.07464
19 135 1.07142
19 136 1.09869
19 137 1.09869
19 138 1.09869
19 139 1.09869
19 140 1.09869
19 141 1.08562
19 142 1.07939
19 143 1.07353
19 144 1.07055
20 1 1.11756
20 2 1.11756
20 3 1.11756
20 4 1.11756
20 5 1.11756
20 6 1.09576
20 7 1.08643
20 8 1.07796
20 9 1.07348
20 10 1.16088
20 11 1.16088
20 12 1.16088
20 13 1.16088
20 14 1.16088
20 15 1.10965
20 16 1.09281
20 17 1.08091
20 18 1.07594
20 19 1.30356
20 20 1.30356
20 21 1.30356
20 22 1.30356
20 23 1.30356
20 24 1.11721
20 25 1.09658
20 26 1.08242
20 27 1.07621
20 28 1.16147
20 29 1.16147
20 30 1.16147
20 31 1.16147
20 32 1.16147
20 33 1.11047
20 34 1.09412
20 35 1.08136
20 36 1.07539
20 37 1.1109
20 38 1.1109
20 39 1.1109
20 40 1.1109
20 41 1.1109
20 42 1.09292
20 43 1.08515
20 44 1.078
20 45 1.07394
20 46 1.13417
20 47 1.13417
20 48 1.13417
20 49 1.13417
20 50 1.13417
20 51 1.10228
20 52 1.09015
20 53 1.08019
20 54 1.07616
20 55 1.1463
20 56 1.1463
20 57 1.1463
20 58 1.1463
20 59 1.1463
20 60 1.10603
20 61 1.09292
20 62 1.08141
20 63 1.07617
20 64 1.13495
20 65 1.13495
20 66 1.13495
20 67 1.13495
20 68 1.13495
20 69 1.10343
20 70 1.09098
20 71 1.08033
20 72 1.0752
20 73 1.10107
20 74 1.10107
20 75 1.10107
20 76 1.10107
20 77 1.10107
20 78 1.08762
20 79 1.08153
20 80 1.07607
20 81 1.07253
20 82 1.11345
20 83 1.11345
20 84 1.11345
20 85 1.11345
20 86 1.11345
20 87 1.0938
20 88 1.08568
20 89 1.07795
20 90 1.07448
20 91 1.11792
20 92 1.11792
20 93 1.11792
20 94 1.11792
20 95 1.11792
20 96 1.09608
20 97 1.0873
20 98 1.07858
20 99 1.07437
20 100 1.11413
20 101 1.11413
20 102 1.11413
20 103 1.11413
20 104 1.11413
20 105 1.09436
20 106 1.0855
20 107 1.07742
20 108 1.07341
20 109 1.09107
20 110 1.09107
20 111 1.09107
20 112 1.09107
20 113 1.09107
20 114 1.08105
20 115 1.07702
20 116 1.07294
20 117 1.06981
20 118 1.09817
20 119 1.09817
20 120 1.09817
20 121 1.09817
20 122 1.09817
20 123 1.08518
20 124 1.07961
20 125 1.07449
20 126 1.07154
20 127 1.1004
20 128 1.1004
20 129 1.1004
20 130 1.1004
20 131 1.1004
20 132 1.08662
20 133 1.08053
20 134 1.07464
20 135 1.07142
20 136 1.09869
20 137 1.09869
20 138 1.09869
20 139 1.09869
20 140 1.09869
20 141 1.08562
20 142 1.07939
20 143 1.07353
20 144 1.07055
21 1 1.11756
21 2 1.11756
21 3 1.11756
21 4 1.11756
21 5 1.11756
21 6 1.09576
21 7 1.08643
21 8 1.07796
21 9 1.07348
21 10 1.16088
21 11 1.16088
21 12 1.16088
21 13 1.16088
21 14 1.16088
21 15 1.10965
21 16 1.09281
21 17 1.08091
21 18 1.07594
21 19 1.30356
21 20 1.30356
21 21 1.30356
21 22 1.30356
21 23 1.30356
21 24 1.11721
21 25 1.09658
21 26 1.08242
21 27 1.07621
21 28 1.16147
21 29 1.16147
21 30 1.16147
21 31 1.16147
21 32 1.16147
21 33 1.11047
21 34 1.09412
21 35 1.08136
21 36 1.07539
21 37 1.1109
21 38 1.1109
21 39 1.1109
21 40 1.1109
21 41 1.1109
