injected_el measured_el potential
1 1 1.30401
1 2 1.30401
1 3 1.30401
1 4 1.30401
1 5 1.30401
1 6 1.11548
1 7 1.09892
1 8 1.08568
1 9 1.07863
1 10 1.14552
1 11 1.14552
1 12 1.14552
1 13 1.14552
1 14 1.14552
1 15 1.10751
1 16 1.09483
1 17 1.08319
1 18 1.07802
1 19 1.11718
1 20 1.11718
1 21 1.11718
1 22 1.11718
1 23 1.11718
1 24 1.09721
1 25 1.08825
1 26 1.07989
1 27 1.07526
1 28 1.09999
1 29 1.09999
1 30 1.09999
1 31 1.09999
1 32 1.09999
1 33 1.08833
1 34 1.08165
1 35 1.07496
1 36 1.07153
1 37 1.14709
1 38 1.14709
1 39 1.14709
1 40 1.14709
1 41 1.14709
1 42 1.10516
1 43 1.09368
1 44 1.08414
1 45 1.07852
1 46 1.1281
1 47 1.1281
1 48 1.1281
1 49 1.1281
1 50 1.1281
1 51 1.09976
1 52 1.09211
1 53 1.08373
1 54 1.07821
1 55 1.11066
1 56 1.11066
1 57 1.11066
1 58 1.11066
1 59 1.11066
1 60 1.09549
1 61 1.08884
1 62 1.08059
1 63 1.0754
1 64 1.09698
1 65 1.09698
1 66 1.09698
1 67 1.09698
1 68 1.09698
1 69 1.08694
1 70 1.08116
1 71 1.07493
1 72 1.07163
1 73 1.1189
1 74 1.1189
1 75 1.1189
1 76 1.1189
1 77 1.1189
1 78 1.09567
1 79 1.0879
1 80 1.08091
1 81 1.07626
1 82 1.11109
1 83 1.11109
1 84 1.11109
1 85 1.11109
1 86 1.11109
1 87 1.09254
1 88 1.0871
1 89 1.08088
1 90 1.07581
1 91 1.10101
1 92 1.10101
1 93 1.10101
1 94 1.10101
1 95 1.10101
1 96 1.08974
1 97 1.08471
1 98 1.07792
1 99 1.07339
1 100 1.09123
1 101 1.09123
1 102 1.09123
1 103 1.09123
1 104 1.09123
1 105 1.08265
1 106 1.07798
1 107 1.07283
1 108 1.07005
1 109 1.10142
1 110 1.10142
1 111 1.10142
1 112 1.10142
1 113 1.10142
1 114 1.08732
1 115 1.08214
1 116 1.07636
1 117 1.07278
1 118 1.09719
1 119 1.09719
1 120 1.09719
1 121 1.09719
1 122 1.09719
1 123 1.08508
1 124 1.08172
1 125 1.07629
1 126 1.07214
1 127 1.09109
1 128 1.09109
1 129 1.09109
1 130 1.09109
1 131 1.09109
1 132 1.08251
1 133 1.0793
1 134 1.07374
1 135 1.07016
1 136 1.08431
1 137 1.08431
1 138 1.08431
1 139 1.08431
1 140 1.08431
1 141 1.0773
1 142 1.07366
1 143 1.06958
1 144 1.06737
2 1 1.30401
2 2 1.30401
2 3 1.30401
2 4 1.30401
2 5 1.30401
2 6 1.11548
2 7 1.09892
2 8 1.08568
2 9 1.07863
2 10 1.14552
2 11 1.14552
2 12 1.14552
2 13 1.14552
2 14 1.14552
2 15 1.10751
2 16 1.09483
2 17 1.08319
2 18 1.07802
2 19 1.11718
2 20 1.11718
2 21 1.11718
2 22 1.11718
2 23 1.11718
2 24 1.09721
2 25 1.08825
2 26 1.07989
2 27 1.07526
2 28 1.09999
2 29 1.09999
2 30 1.09999
2 31 1.09999
2 32 1.09999
2 33 1.08833
2 34 1.08165
2 35 1.07496
2 36 1.07153
2 37 1.14709
2 38 1.14709
2 39 1.14709
2 40 1.14709
2 41 1.14709
2 42 1.10516
2 43 1.09368
2 44 1.08414
2 45 1.07852
2 46 1.1281
2 47 1.1281
2 48 1.1281
2 49 1.1281
2 50 1.1281
2 51 1.09976
2 52 1.09211
2 53 1.08373
2 54 1.07821
2 55 1.11066
2 56 1.11066
2 57 1.11066
2 58 1.11066
2 59 1.11066
2 60 1.09549
2 61 1.08884
2 62 1.08059
2 63 1.0754
2 64 1.09698
2 65 1.09698
2 66 1.09698
2 67 1.09698
2 68 1.09698
2 69 1.08694
2 70 1.08116
2 71 1.07493
2 72 1.07163
2 73 1.1189
2 74 1.1189
2 75 1.1189
2 76 1.1189
2 77 1.1189
2 78 1.09567
2 79 1.0879
2 80 1.08091
2 81 1.07626
2 82 1.11109
2 83 1.11109
2 84 1.11109
2 85 1.11109
2 86 1.11109
2 87 1.09254
2 88 1.0871
2 89 1.08088
2 90 1.07581
2 91 1.10101
2 92 1.10101
2 93 1.10101
2 94 1.10101
2 95 1.10101
2 96 1.08974
2 97 1.08471
2 98 1.07792
2 99 1.07339
2 100 1.09123
2 101 1.09123
2 102 1.09123
2 103 1.09123
2 104 1.09123
2 105 1.08265
2 106 1.07798
2 107 1.07283
2 108 1.07005
2 109 1.10142
2 110 1.10142
2 111 1.10142
2 112 1.10142
2 113 1.10142
2 114 1.08732
2 115 1.08214
2 116 1.07636
2 117 1.07278
2 118 1.09719
2 119 1.09719
2 120 1.09719
2 121 1.09719
2 122 1.09719
2 123 1.08508
2 124 1.08172
2 125 1.07629
2 126 1.07214
2 127 1.09109
2 128 1.09109
2 129 1.09109
2 130 1.09109
2 131 1.09109
2 132 1.08251
2 133 1.0793
2 134 1.07374
2 135 1.07016
2 136 1.08431
2 137 1.08431
2 138 1.08431
2 139 1.08431
2 140 1.08431
2 141 1.0773
2 142 1.07366
2 143 1.06958
2 144 1.06737
3 1 1.30401
3 2 1.30401
3 3 1.30401
3 4 1.30401
3 5 1.30401
3 6 1.11548
3 7 1.09892
3 8 1.08568
3 9 1.07863
3 10 1.14552
3 11 1.14552
3 12 1.14552
3 13 1.14552
3 14 1.14552
3 15 1.10751
3 16 1.09483
3 17 1.08319
3 18 1.07802
3 19 1.11718
3 20 1.11718
3 21 1.11718
3 22 1.11718
3 23 1.11718
3 24 1.09721
3 25 1.08825
3 26 1.07989
3 27 1.07526
3 28 1.09999
3 29 1.09999
3 30 1.09999
3 31 1.09999
3 32 1.09999
3 33 1.08833
3 34 1.08165
3 35 1.07496
3 36 1.07153
3 37 1.14709
3 38 1.14709
3 39 1.14709
3 40 1.14709
3 41 1.14709
3 42 1.10516
3 43 1.09368
3 44 1.08414
3 45 1.07852
3 46 1.1281
3 47 1.1281
3 48 1.1281
3 49 1.1281
3 50 1.1281
3 51 1.09976
3 52 1.09211
3 53 1.08373
3 54 1.07821
3 55 1.11066
3 56 1.11066
3 57 1.11066
3 58 1.11066
3 59 1.11066
3 60 1.09549
3 61 1.08884
3 62 1.08059
3 63 1.0754
3 64 1.09698
3 65 1.09698
3 66 1.09698
3 67 1.09698
3 68 1.09698
3 69 1.08694
3 70 1.08116
3 71 1.07493
3 72 1.07163
3 73 1.1189
3 74 1.1189
3 75 1.1189
3 76 1.1189
3 77 1.1189
3 78 1.09567
3 79 1.0879
3 80 1.08091
3 81 1.07626
3 82 1.11109
3 83 1.11109
3 84 1.11109
3 85 1.11109
3 86 1.11109
3 87 1.09254
3 88 1.0871
3 89 1.08088
3 90 1.07581
3 91 1.10101
3 92 1.10101
3 93 1.10101
3 94 1.10101
3 95 1.10101
3 96 1.08974
3 97 1.08471
3 98 1.07792
3 99 1.07339
3 100 1.09123
3 101 1.09123
3 102 1.09123
3 103 1.09123
3 104 1.09123
3 105 1.08265
3 106 1.07798
3 107 1.07283
3 108 1.07005
3 109 1.10142
3 110 1.10142
3 111 1.10142
3 112 1.10142
3 113 1.10142
3 114 1.08732
3 115 1.08214
3 116 1.07636
3 117 1.07278
3 118 1.09719
3 119 1.09719
3 120 1.09719
3 121 1.09719
3 122 1.09719
3 123 1.08508
3 124 1.08172
3 125 1.07629
3 126 1.07214
3 127 1.09109
3 128 1.09109
3 129 1.09109
3 130 1.09109
3 131 1.09109
3 132 1.08251
3 133 1.0793
3 134 1.07374
3 135 1.07016
3 136 1.08431
3 137 1.08431
3 138 1.08431
3 139 1.08431
3 140 1.08431
3 141 1.0773
3 142 1.07366
3 143 1.06958
3 144 1.06737
4 1 1.30401
4 2 1.30401
4 3 1.30401
4 4 1.30401
4 5 1.30401
4 6 1.11548
4 7 1.09892
4 8 1.08568
4 9 1.07863
4 10 1.14552
4 11 1.14552
4 12 1.14552
4 13 1.14552
4 14 1.14552
4 15 1.10751
4 16 1.09483
4 17 1.08319
4 18 1.07802
4 19 1.11718
4 20 1.11718
4 21 1.11718
4 22 1.11718
4 23 1.11718
4 24 1.09721
4 25 1.08825
4 26 1.07989
4 27 1.07526
4 28 1.09999
4 29 1.09999
4 30 1.09999
4 31 1.09999
4 32 1.09999
4 33 1.08833
4 34 1.08165
4 35 1.07496
4 36 1.07153
4 37 1.14709
4 38 1.14709
4 39 1.14709
4 40 1.14709
4 41 1.14709
4 42 1.10516
4 43 1.09368
4 44 1.08414
4 45 1.07852
4 46 1.1281
4 47 1.1281
4 48 1.1281
4 49 1.1281
4 50 1.1281
4 51 1.09976
4 52 1.09211
4 53 1.08373
4 54 1.07821
4 55 1.11066
4 56 1.11066
4 57 1.11066
4 58 1.11066
4 59 1.11066
4 60 1.09549
4 61 1.08884
4 62 1.08059
4 63 1.0754
4 64 1.09698
4 65 1.09698
4 66 1.09698
4 67 1.09698
4 68 1.09698
4 69 1.08694
4 70 1.08116
4 71 1.07493
4 72 1.07163
4 73 1.1189
4 74 1.1189
4 75 1.1189
4 76 1.1189
4 77 1.1189
4 78 1.09567
4 79 1.0879
4 80 1.08091
4 81 1.07626
4 82 1.11109
4 83 1.11109
4 84 1.11109
4 85 1.11109
4 86 1.11109
4 87 1.09254
4 88 1.0871
4 89 1.08088
4 90 1.07581
4 91 1.10101
4 92 1.10101
4 93 1.10101
4 94 1.10101
4 95 1.10101
4 96 1.08974
4 97 1.08471
4 98 1.07792
4 99 1.07339
4 100 1.09123
4 101 1.09123
4 102 1.09123
4 103 1.09123
4 104 1.09123
4 105 1.08265
4 106 1.07798
4 107 1.07283
4 108 1.07005
4 109 1.10142
4 110 1.10142
4 111 1.10142
4 112 1.10142
4 113 1.10142
4 114 1.08732
4 115 1.08214
4 116 1.07636
4 117 1.07278
4 118 1.09719
4 119 1.09719
4 120 1.09719
4 121 1.09719
4 122 1.09719
4 123 1.08508
4 124 1.08172
4 125 1.07629
4 126 1.07214
4 127 1.09109
4 128 1.09109
4 129 1.09109
4 130 1.09109
4 131 1.09109
4 132 1.08251
4 133 1.0793
4 134 1.07374
4 135 1.07016
4 136 1.08431
4 137 1.08431
4 138 1.08431
4 139 1.08431
4 140 1.08431
4 141 1.0773
4 142 1.07366
4 143 1.06958
4 144 1.06737
5 1 1.30401
5 2 1.30401
5 3 1.30401
5 4 1.30401
5 5 1.30401
5 6 1.11548
5 7 1.09892
5 8 1.08568
5 9 1.07863
5 10 1.14552
5 11 1.14552
5 12 1.14552
5 13 1.14552
5 14 1.14552
5 15 1.10751
5 16 1.09483
5 17 1.08319
5 18 1.07802
5 19 1.11718
5 20 1.11718
5 21 1.11718
5 22 1.11718
5 23 1.11718
5 24 1.09721
5 25 1.08825
5 26 1.07989
5 27 1.07526
5 28 1.09999
5 29 1.09999
5 30 1.09999
5 31 1.09999
5 32 1.09999
5 33 1.08833
5 34 1.08165
5 35 1.07496
5 36 1.07153
5 37 1.14709
5 38 1.14709
5 39 1.14709
5 40 1.14709
5 41 1.14709
5 42 1.10516
5 43 1.09368
5 44 1.08414
5 45 1.07852
5 46 1.1281
5 47 1.1281
5 48 1.1281
5 49 1.1281
5 50 1.1281
5 51 1.09976
5 52 1.09211
5 53 1.08373
5 54 1.07821
5 55 1.11066
5 56 1.11066
5 57 1.11066
5 58 1.11066
5 59 1.11066
5 60 1.09549
5 61 1.08884
5 62 1.08059
5 63 1.0754
5 64 1.09698
5 65 1.09698
5 66 1.09698
5 67 1.09698
5 68 1.09698
5 69 1.08694
5 70 1.08116
5 71 1.07493
5 72 1.07163
5 73 1.1189
5 74 1.1189
5 75 1.1189
5 76 1.1189
5 77 1.1189
5 78 1.09567
5 79 1.0879
5 80 1.08091
5 81 1.07626
5 82 1.11109
5 83 1.11109
5 84 1.11109
5 85 1.11109
5 86 1.11109
5 87 1.09254
5 88 1.0871
5 89 1.08088
5 90 1.07581
5 91 1.10101
5 92 1.10101
5 93 1.10101
5 94 1.10101
5 95 1.10101
5 96 1.08974
5 97 1.08471
5 98 1.07792
5 99 1.07339
5 100 1.09123
5 101 1.09123
5 102 1.09123
5 103 1.09123
5 104 1.09123
5 105 1.08265
5 106 1.07798
5 107 1.07283
5 108 1.07005
5 109 1.10142
5 110 1.10142
5 111 1.10142
5 112 1.10142
5 113 1.10142
5 114 1.08732
5 115 1.08214
5 116 1.07636
5 117 1.07278
5 118 1.09719
5 119 1.09719
5 120 1.09719
5 121 1.09719
5 122 1.09719
5 123 1.08508
5 124 1.08172
5 125 1.07629
5 126 1.07214
5 127 1.09109
5 128 1.09109
5 129 1.09109
5 130 1.09109
5 131 1.09109
5 132 1.08251
5 133 1.0793
5 134 1.07374
5 135 1.07016
5 136 1.08431
5 137 1.08431
5 138 1.08431
5 139 1.08431
5 140 1.08431
5 141 1.0773
5 142 1.07366
5 143 1.06958
5 144 1.06737
6 1 1.11548
6 2 1.11548
6 3 1.11548
6 4 1.11548
6 5 1.11548
6 6 4.95361
6 7 1.86446
6 8 1.35411
6 9 1.1998
6 10 1.10902
6 11 1.10902
6 12 1.10902
6 13 1.10902
6 14 1.10902
6 15 1.38828
6 16 1.33759
6 17 1.23132
6 18 1.18617
6 19 1.09827
6 20 1.09827
6 21 1.09827
6 22 1.09827
6 23 1.09827
6 24 1.18839
6 25 1.19205
6 26 1.1769
6 27 1.15871
6 28 1.08828
6 29 1.08828
6 30 1.08828
6 31 1.08828
6 32 1.08828
6 33 1.13545
6 34 1.14018
6 35 1.13657
6 36 1.13281
6 37 1.10664
6 38 1.10664
6 39 1.10664
6 40 1.10664
6 41 1.10664
6 42 1.36376
6 43 1.31228
6 44 1.23114
6 45 1.18147
6 46 1.10406
6 47 1.10406
6 48 1.10406
6 49 1.10406
6 50 1.10406
6 51 1.24373
6 52 1.23622
6 53 1.20217
6 54 1.17452
6 55 1.09626
6 56 1.09626
6 57 1.09626
6 58 1.09626
6 59 1.09626
6 60 1.18056
6 61 1.1835
6 62 1.16779
6 63 1.15264
6 64 1.08732
6 65 1.08732
6 66 1.08732
6 67 1.08732
6 68 1.08732
6 69 1.13164
6 70 1.13712
6 71 1.13348
6 72 1.12999
6 73 1.09675
6 74 1.09675
6 75 1.09675
6 76 1.09675
6 77 1.09675
6 78 1.18751
6 79 1.19061
6 80 1.1718
6 81 1.15563
6 82 1.09508
6 83 1.09508
6 84 1.09508
6 85 1.09508
6 86 1.09508
6 87 1.17838
6 88 1.17946
6 89 1.16664
6 90 1.15216
6 91 1.09002
6 92 1.09002
6 93 1.09002
6 94 1.09002
6 95 1.09002
6 96 1.15296
6 97 1.15747
6 98 1.14698
6 99 1.13797
6 100 1.08347
6 101 1.08347
6 102 1.08347
6 103 1.08347
6 104 1.08347
6 105 1.11705
6 106 1.1236
6 107 1.12274
6 108 1.12107
6 109 1.08761
6 110 1.08761
6 111 1.08761
6 112 1.08761
6 113 1.08761
6 114 1.13212
6 115 1.14248
6 116 1.13682
6 117 1.13206
6 118 1.08635
6 119 1.08635
6 120 1.08635
6 121 1.08635
6 122 1.08635
6 123 1.13483
6 124 1.14294
6 125 1.13631
6 126 1.13004
6 127 1.08293
6 128 1.08293
6 129 1.08293
6 130 1.08293
6 131 1.08293
6 132 1.12265
6 133 1.13103
6 134 1.1254
6 135 1.12125
6 136 1.07829
6 137 1.07829
6 138 1.07829
6 139 1.07829
6 140 1.07829
6 141 1.10176
6 142 1.10827
6 143 1.10964
6 144 1.10952
7 1 1.09892
7 2 1.09892
7 3 1.09892
7 4 1.09892
7 5 1.09892
7 6 1.86446
7 7 5.00273
7 8 1.80958
7 9 1.28187
7 10 1.09711
7 11 1.09711
7 12 1.09711
7 13 1.09711
7 14 1.09711
7 15 1.33441
7 16 1.4072
7 17 1.29611
7 18 1.23913
7 19 1.09019
7 20 1.09019
7 21 1.09019
7 22 1.09019
7 23 1.09019
7 24 1.18853
7 25 1.21191
7 26 1.21046
7 27 1.19333
7 28 1.08271
7 29 1.08271
7 30 1.08271
7 31 1.08271
7 32 1.08271
7 33 1.14018
7 34 1.15284
7 35 1.15672
7 36 1.15628
7 37 1.09546
7 38 1.09546
7 39 1.09546
7 40 1.09546
7 41 1.09546
7 42 1.32407
7 43 1.3908
7 44 1.30334
7 45 1.2346
7 46 1.09494
7 47 1.09494
7 48 1.09494
7 49 1.09494
7 50 1.09494
7 51 1.2431
7 52 1.26383
7 53 1.24174
7 54 1.21563
7 55 1.08949
7 56 1.08949
7 57 1.08949
7 58 1.08949
7 59 1.08949
7 60 1.18548
7 61 1.19975
7 62 1.19405
7 63 1.18233
7 64 1.08238
7 65 1.08238
7 66 1.08238
7 67 1.08238
7 68 1.08238
7 69 1.1371
7 70 1.14919
7 71 1.1518
7 72 1.15132
7 73 1.08925
7 74 1.08925
7 75 1.08925
7 76 1.08925
7 77 1.08925
7 78 1.19442
7 79 1.21471
7 80 1.20405
7 81 1.19035
7 82 1.08856
7 83 1.08856
7 84 1.08856
7 85 1.08856
7 86 1.08856
7 87 1.18776
7 88 1.19805
7 89 1.19251
7 90 1.18175
7 91 1.08476
7 92 1.08476
7 93 1.08476
7 94 1.08476
7 95 1.08476
7 96 1.16094
7 97 1.17195
7 98 1.16731
7 99 1.16151
7 100 1.07939
7 101 1.07939
7 102 1.07939
7 103 1.07939
7 104 1.07939
7 105 1.12277
7 106 1.13448
7 107 1.13839
7 108 1.13913
7 109 1.08248
7 110 1.08248
7 111 1.08248
7 112 1.08248
7 113 1.08248
7 114 1.14044
7 115 1.15793
7 116 1.15753
7 117 1.1558
7 118 1.08172
7 119 1.08172
7 120 1.08172
7 121 1.08172
7 122 1.08172
7 123 1.14422
7 124 1.15717
7 125 1.1547
7 126 1.1514
7 127 1.07898
7 128 1.07898
7 129 1.07898
7 130 1.07898
7 131 1.07898
7 132 1.13036
7 133 1.14326
7 134 1.14117
7 135 1.13934
7 136 1.07507
7 137 1.07507
7 138 1.07507
7 139 1.07507
7 140 1.07507
7 141 1.10693
7 142 1.11748
7 143 1.12243
7 144 1.12416
8 1 1.08568
8 2 1.08568
8 3 1.08568
8 4 1.08568
8 5 1.08568
8 6 1.35411
8 7 1.80958
8 8 5.98778
8 9 1.50984
8 10 1.08498
8 11 1.08498
8 12 1.08498
8 13 1.08498
8 14 1.08498
8 15 1.23339
8 16 1.30701
8 17 1.33847
8 18 1.31274
8 19 1.08081
8 20 1.08081
8 21 1.08081
8 22 1.08081
8 23 1.08081
8 24 1.16547
8 25 1.20182
8 26 1.23332
8 27 1.23143
8 28 1.07572
8 29 1.07572
8 30 1.07572
8 31 1.07572
8 32 1.07572
8 33 1.13409
8 34 1.1553
8 35 1.17279
8 36 1.18002
8 37 1.08442
8 38 1.08442
8 39 1.08442
8 40 1.08442
8 41 1.08442
8 42 1.23352
8 43 1.30021
8 44 1.3528
8 45 1.3124
8 46 1.08431
8 47 1.08431
8 48 1.08431
8 49 1.08431
8 50 1.08431
8 51 1.19817
8 52 1.22918
8 53 1.2562
8 54 1.26041
8 55 1.08076
8 56 1.08076
8 57 1.08076
8 58 1.08076
8 59 1.08076
8 60 1.16507
8 61 1.18819
8 62 1.20692
8 63 1.21054
8 64 1.0757
8 65 1.0757
8 66 1.0757
8 67 1.0757
8 68 1.0757
8 69 1.13108
8 70 1.15015
8 71 1.16436
8 72 1.17066
8 73 1.08079
8 74 1.08079
8 75 1.08079
8 76 1.08079
8 77 1.08079
8 78 1.17296
8 79 1.20237
8 80 1.22326
8 81 1.23044
8 82 1.08027
8 83 1.08027
8 84 1.08027
8 85 1.08027
8 86 1.08027
8 87 1.16973
8 88 1.18713
8 89 1.203
8 90 1.20964
8 91 1.07757
8 92 1.07757
8 93 1.07757
8 94 1.07757
8 95 1.07757
8 96 1.15015
8 97 1.1671
8 98 1.17729
8 99 1.18188
8 100 1.07356
8 101 1.07356
8 102 1.07356
8 103 1.07356
8 104 1.07356
8 105 1.11979
8 106 1.13669
8 107 1.14878
8 108 1.15439
8 109 1.07617
8 110 1.07617
8 111 1.07617
8 112 1.07617
8 113 1.07617
8 114 1.13671
8 115 1.15961
8 116 1.17259
8 117 1.1801
8 118 1.07545
8 119 1.07545
8 120 1.07545
8 121 1.07545
8 122 1.07545
8 123 1.13971
8 124 1.15607
8 125 1.16453
8 126 1.1702
8 127 1.07331
8 128 1.07331
8 129 1.07331
8 130 1.07331
8 131 1.07331
8 132 1.12741
8 133 1.14385
8 134 1.15012
8 135 1.15424
8 136 1.07023
8 137 1.07023
8 138 1.07023
8 139 1.07023
8 140 1.07023
8 141 1.10638
8 142 1.12078
8 143 1.13111
8 144 1.13598
9 1 1.07863
9 2 1.07863
9 3 1.07863
9 4 1.07863
9 5 1.07863
9 6 1.1998
9 7 1.28187
9 8 1.50984
9 9 2.12559
9 10 1.07828
9 11 1.07828
9 12 1.07828
9 13 1.07828
9 14 1.07828
9 15 1.17723
9 16 1.23475
9 17 1.30676
9 18 1.36342
9 19 1.07547
9 20 1.07547
9 21 1.07547
9 22 1.07547
9 23 1.07547
9 24 1.14969
9 25 1.1903
9 26 1.239
9 27 1.25346
9 28 1.07169
9 29 1.07169
9 30 1.07169
9 31 1.07169
9 32 1.07169
9 33 1.12907
9 34 1.15479
9 35 1.18069
9 36 1.19339
9 37 1.07829
9 38 1.07829
9 39 1.07829
9 40 1.07829
9 41 1.07829
9 42 1.18061
9 43 1.23053
9 44 1.30881
9 45 1.36874
9 46 1.07828
9 47 1.07828
9 48 1.07828
9 49 1.07828
9 50 1.07828
9 51 1.16899
9 52 1.20124
9 53 1.25232
9 54 1.28766
9 55 1.07572
9 56 1.07572
9 57 1.07572
9 58 1.07572
9 59 1.07572
9 60 1.15066
9 61 1.17754
9 62 1.21086
9 63 1.22641
9 64 1.0718
9 65 1.0718
9 66 1.0718
9 67 1.0718
9 68 1.0718
9 69 1.12622
9 70 1.14906
9 71 1.17047
9 72 1.18133
9 73 1.07596
9 74 1.07596
9 75 1.07596
9 76 1.07596
9 77 1.07596
9 78 1.15705
9 79 1.18924
9 80 1.22875
9 81 1.25559
9 82 1.07548
9 83 1.07548
9 84 1.07548
9 85 1.07548
9 86 1.07548
9 87 1.15624
9 88 1.17676
9 89 1.20597
9 90 1.22583
9 91 1.07336
9 92 1.07336
9 93 1.07336
9 94 1.07336
9 95 1.07336
9 96 1.14175
9 97 1.1617
9 98 1.18139
9 99 1.1932
9 100 1.07012
9 101 1.07012
9 102 1.07012
9 103 1.07012
9 104 1.07012
9 105 1.11702
9 106 1.1368
9 107 1.15397
9 108 1.16273
9 109 1.0725
9 110 1.0725
9 111 1.0725
9 112 1.0725
9 113 1.0725
9 114 1.13289
9 115 1.15847
9 116 1.18041
9 117 1.19465
9 118 1.07177
9 119 1.07177
9 120 1.07177
9 121 1.07177
9 122 1.07177
9 123 1.13535
9 124 1.15336
9 125 1.16906
9 126 1.18092
9 127 1.06997
9 128 1.06997
9 129 1.06997
9 130 1.06997
9 131 1.06997
9 132 1.1244
9 133 1.14267
9 134 1.1544
9 135 1.16247
9 136 1.06737
9 137 1.06737
9 138 1.06737
9 139 1.06737
9 140 1.06737
9 141 1.10539
9 142 1.12194
9 143 1.13557
9 144 1.14242
10 1 1.14552
10 2 1.14552
10 3 1.14552
10 4 1.14552
10 5 1.14552
10 6 1.10902
10 7 1.09711
10 8 1.08498
10 9 1.07828
10 10 1.30155
10 11 1.30155
10 12 1.30155
10 13 1.30155
10 14 1.30155
10 15 1.1201
10 16 1.10107
10 17 1.08672
10 18 1.08031
10 19 1.15985
10 20 1.15985
10 21 1.15985
10 22 1.15985
10 23 1.15985
10 24 1.11269
10 25 1.09755
10 26 1.08499
10 27 1.07886
10 28 1.12472
10 29 1.12472
10 30 1.12472
10 31 1.12472
10 32 1.12472
10 33 1.10184
10 34 1.091
10 35 1.08092
10 36 1.07591
10 37 1.12816
10 38 1.12816
10 39 1.12816
10 40 1.12816
10 41 1.12816
10 42 1.10262
10 43 1.09355
10 44 1.08413
10 45 1.07837
10 46 1.14521
10 47 1.14521
10 48 1.14521
10 49 1.14521
10 50 1.14521
10 51 1.10777
10 52 1.09746
10 53 1.08717
10 54 1.08051
10 55 1.13361
10 56 1.13361
10 57 1.13361
10 58 1.13361
10 59 1.13361
10 60 1.10651
10 61 1.0965
10 62 1.08549
10 63 1.07889
10 64 1.116
10 65 1.116
10 66 1.116
10 67 1.116
10 68 1.116
10 69 1.09813
10 70 1.08926
10 71 1.08043
10 72 1.07586
10 73 1.11103
10 74 1.11103
10 75 1.11103
10 76 1.11103
10 77 1.11103
10 78 1.09419
10 79 1.08807
10 80 1.0809
10 81 1.07609
10 82 1.11751
10 83 1.11751
10 84 1.11751
10 85 1.11751
10 86 1.11751
10 87 1.09758
10 88 1.09093
10 89 1.08369
10 90 1.07776
10 91 1.11329
10 92 1.11329
10 93 1.11329
10 94 1.11329
10 95 1.11329
10 96 1.09706
10 97 1.09012
10 98 1.08187
10 99 1.07645
10 100 1.10427
10 101 1.10427
10 102 1.10427
10 103 1.10427
10 104 1.10427
10 105 1.09107
10 106 1.08438
10 107 1.07751
10 108 1.07387
10 109 1.09711
10 110 1.09711
10 111 1.09711
10 112 1.09711
10 113 1.09711
10 114 1.08606
10 115 1.08197
10 116 1.07613
10 117 1.07251
10 118 1.10024
10 119 1.10024
10 120 1.10024
10 121 1.10024
10 122 1.10024
10 123 1.08801
10 124 1.08436
10 125 1.0783
10 126 1.07365
10 127 1.09813
10 128 1.09813
10 129 1.09813
10 130 1.09813
10 131 1.09813
10 132 1.08725
10 133 1.08311
10 134 1.0768
10 135 1.0727
10 136 1.09307
10 137 1.09307
10 138 1.09307
10 139 1.09307
10 140 1.09307
10 141 1.08344
10 142 1.07858
10 143 1.07344
10 144 1.07069
11 1 1.14552
11 2 1.14552
11 3 1.14552
11 4 1.14552
11 5 1.14552
11 6 1.10902
11 7 1.09711
11 8 1.08498
11 9 1.07828
11 10 1.30155
11 11 1.30155
11 12 1.30155
11 13 1.30155
11 14 1.30155
11 15 1.1201
11 16 1.10107
11 17 1.08672
11 18 1.08031
11 19 1.15985
11 20 1.15985
11 21 1.15985
11 22 1.15985
11 23 1.15985
11 24 1.11269
11 25 1.09755
11 26 1.08499
11 27 1.07886
11 28 1.12472
11 29 1.12472
11 30 1.12472
11 31 1.12472
11 32 1.12472
11 33 1.10184
11 34 1.091
11 35 1.08092
11 36 1.07591
11 37 1.12816
11 38 1.12816
11 39 1.12816
11 40 1.12816
11 41 1.12816
11 42 1.10262
11 43 1.09355
11 44 1.08413
11 45 1.07837
11 46 1.14521
11 47 1.14521
11 48 1.14521
11 49 1.14521
11 50 1.14521
11 51 1.10777
11 52 1.09746
11 53 1.08717
11 54 1.08051
11 55 1.13361
11 56 1.13361
11 57 1.13361
11 58 1.13361
11 59 1.13361
11 60 1.10651
11 61 1.0965
11 62 1.08549
11 63 1.07889
11 64 1.116
11 65 1.116
11 66 1.116
11 67 1.116
11 68 1.116
11 69 1.09813
11 70 1.08926
11 71 1.08043
11 72 1.07586
11 73 1.11103
11 74 1.11103
11 75 1.11103
11 76 1.11103
11 77 1.11103
11 78 1.09419
11 79 1.08807
11 80 1.0809
11 81 1.07609
11 82 1.11751
11 83 1.11751
11 84 1.11751
11 85 1.11751
11 86 1.11751
11 87 1.09758
11 88 1.09093
11 89 1.08369
11 90 1.07776
11 91 1.11329
11 92 1.11329
11 93 1.11329
11 94 1.11329
11 95 1.11329
11 96 1.09706
11 97 1.09012
11 98 1.08187
11 99 1.07645
11 100 1.10427
11 101 1.10427
11 102 1.10427
11 103 1.10427
11 104 1.10427
11 105 1.09107
11 106 1.08438
11 107 1.07751
11 108 1.07387
11 109 1.09711
11 110 1.09711
11 111 1.09711
11 112 1.09711
11 113 1.09711
11 114 1.08606
11 115 1.08197
11 116 1.07613
11 117 1.07251
11 118 1.10024
11 119 1.10024
11 120 1.10024
11 121 1.10024
11 122 1.10024
11 123 1.08801
11 124 1.08436
11 125 1.0783
11 126 1.07365
11 127 1.09813
11 128 1.09813
11 129 1.09813
11 130 1.09813
11 131 1.09813
11 132 1.08725
11 133 1.08311
11 134 1.0768
11 135 1.0727
11 136 1.09307
11 137 1.09307
11 138 1.09307
11 139 1.09307
11 140 1.09307
11 141 1.08344
11 142 1.07858
11 143 1.07344
11 144 1.07069
12 1 1.14552
12 2 1.14552
12 3 1.14552
12 4 1.14552
12 5 1.14552
12 6 1.10902
12 7 1.09711
12 8 1.08498
12 9 1.07828
12 10 1.30155
12 11 1.30155
12 12 1.30155
12 13 1.30155
12 14 1.30155
12 15 1.1201
12 16 1.10107
12 17 1.08672
12 18 1.08031
12 19 1.15985
12 20 1.15985
12 21 1.15985
12 22 1.15985
12 23 1.15985
12 24 1.11269
12 25 1.09755
12 26 1.08499
12 27 1.07886
12 28 1.12472
12 29 1.12472
12 30 1.12472
12 31 1.12472
12 32 1.12472
12 33 1.10184
12 34 1.091
12 35 1.08092
12 36 1.07591
12 37 1.12816
12 38 1.12816
12 39 1.12816
12 40 1.12816
12 41 1.12816
12 42 1.10262
12 43 1.09355
12 44 1.08413
12 45 1.07837
12 46 1.14521
12 47 1.14521
12 48 1.14521
12 49 1.14521
12 50 1.14521
12 51 1.10777
12 52 1.09746
12 53 1.08717
12 54 1.08051
12 55 1.13361
12 56 1.13361
12 57 1.13361
12 58 1.13361
12 59 1.13361
12 60 1.10651
12 61 1.0965
12 62 1.08549
12 63 1.07889
12 64 1.116
12 65 1.116
12 66 1.116
12 67 1.116
12 68 1.116
12 69 1.09813
12 70 1.08926
12 71 1.08043
12 72 1.07586
12 73 1.11103
12 74 1.11103
12 75 1.11103
12 76 1.11103
12 77 1.11103
12 78 1.09419
12 79 1.08807
12 80 1.0809
12 81 1.07609
12 82 1.11751
12 83 1.11751
12 84 1.11751
12 85 1.11751
12 86 1.11751
12 87 1.09758
12 88 1.09093
12 89 1.08369
12 90 1.07776
12 91 1.11329
12 92 1.11329
12 93 1.11329
12 94 1.11329
12 95 1.11329
12 96 1.09706
12 97 1.09012
12 98 1.08187
12 99 1.07645
12 100 1.10427
12 101 1.10427
12 102 1.10427
12 103 1.10427
12 104 1.10427
12 105 1.09107
12 106 1.08438
12 107 1.07751
12 108 1.07387
12 109 1.09711
12 110 1.09711
12 111 1.09711
12 112 1.09711
12 113 1.09711
12 114 1.08606
12 115 1.08197
12 116 1.07613
12 117 1.07251
12 118 1.10024
12 119 1.10024
12 120 1.10024
12 121 1.10024
12 122 1.10024
12 123 1.08801
12 124 1.08436
12 125 1.0783
12 126 1.07365
12 127 1.09813
12 128 1.09813
12 129 1.09813
12 130 1.09813
12 131 1.09813
12 132 1.08725
12 133 1.08311
12 134 1.0768
12 135 1.0727
12 136 1.09307
12 137 1.09307
12 138 1.09307
12 139 1.09307
12 140 1.09307
12 141 1.08344
12 142 1.07858
12 143 1.07344
12 144 1.07069
13 1 1.14552
13 2 1.14552
13 3 1.14552
13 4 1.14552
13 5 1.14552
13 6 1.10902
13 7 1.09711
13 8 1.08498
13 9 1.07828
13 10 1.30155
13 11 1.30155
13 12 1.30155
13 13 1.30155
13 14 1.30155
13 15 1.1201
13 16 1.10107
13 17 1.08672
13 18 1.08031
13 19 1.15985
13 20 1.15985
13 21 1.15985
13 22 1.15985
13 23 1.15985
13 24 1.11269
13 25 1.09755
13 26 1.08499
13 27 1.07886
13 28 1.12472
13 29 1.12472
13 30 1.12472
13 31 1.12472
13 32 1.12472
13 33 1.10184
13 34 1.091
13 35 1.08092
13 36 1.07591
13 37 1.12816
13 38 1.12816
13 39 1.12816
13 40 1.12816
13 41 1.12816
13 42 1.10262
13 43 1.09355
13 44 1.08413
13 45 1.07837
13 46 1.14521
13 47 1.14521
13 48 1.14521
13 49 1.14521
13 50 1.14521
13 51 1.10777
13 52 1.09746
13 53 1.08717
13 54 1.08051
13 55 1.13361
13 56 1.13361
13 57 1.13361
13 58 1.13361
13 59 1.13361
13 60 1.10651
13 61 1.0965
13 62 1.08549
13 63 1.07889
13 64 1.116
13 65 1.116
13 66 1.116
13 67 1.116
13 68 1.116
13 69 1.09813
13 70 1.08926
13 71 1.08043
13 72 1.07586
13 73 1.11103
13 74 1.11103
13 75 1.11103
13 76 1.11103
13 77 1.11103
13 78 1.09419
13 79 1.08807
13 80 1.0809
13 81 1.07609
13 82 1.11751
13 83 1.11751
13 84 1.11751
13 85 1.11751
13 86 1.11751
13 87 1.09758
13 88 1.09093
13 89 1.08369
13 90 1.07776
13 91 1.11329
13 92 1.11329
13 93 1.11329
13 94 1.11329
13 95 1.11329
13 96 1.09706
13 97 1.09012
13 98 1.08187
13 99 1.07645
13 100 1.10427
13 101 1.10427
13 102 1.10427
13 103 1.10427
13 104 1.10427
13 105 1.09107
13 106 1.08438
13 107 1.07751
13 108 1.07387
13 109 1.09711
13 110 1.09711
13 111 1.09711
13 112 1.09711
13 113 1.09711
13 114 1.08606
13 115 1.08197
13 116 1.07613
13 117 1.07251
13 118 1.10024
13 119 1.10024
13 120 1.10024
13 121 1.10024
13 122 1.10024
13 123 1.08801
13 124 1.08436
13 125 1.0783
13 126 1.07365
13 127 1.09813
13 128 1.09813
13 129 1.09813
13 130 1.09813
13 131 1.09813
13 132 1.08725
13 133 1.08311
13 134 1.0768
13 135 1.0727
13 136 1.09307
13 137 1.09307
13 138 1.09307
13 139 1.09307
13 140 1.09307
13 141 1.08344
13 142 1.07858
13 143 1.07344
13 144 1.07069
14 1 1.14552
14 2 1.14552
14 3 1.14552
14 4 1.14552
14 5 1.14552
14 6 1.10902
14 7 1.09711
14 8 1.08498
14 9 1.07828
14 10 1.30155
14 11 1.30155
14 12 1.30155
14 13 1.30155
14 14 1.30155
14 15 1.1201
14 16 1.10107
14 17 1.08672
14 18 1.08031
14 19 1.15985
14 20 1.15985
14 21 1.15985
14 22 1.15985
14 23 1.15985
14 24 1.11269
14 25 1.09755
14 26 1.08499
14 27 1.07886
14 28 1.12472
14 29 1.12472
14 30 1.12472
14 31 1.12472
14 32 1.12472
14 33 1.10184
14 34 1.091
14 35 1.08092
14 36 1.07591
14 37 1.12816
14 38 1.12816
14 39 1.12816
14 40 1.12816
14 41 1.12816
14 42 1.10262
14 43 1.09355
14 44 1.08413
14 45 1.07837
14 46 1.14521
14 47 1.14521
14 48 1.14521
14 49 1.14521
14 50 1.14521
14 51 1.10777
14 52 1.09746
14 53 1.08717
14 54 1.08051
14 55 1.13361
14 56 1.13361
14 57 1.13361
14 58 1.13361
14 59 1.13361
14 60 1.10651
14 61 1.0965
14 62 1.08549
14 63 1.07889
14 64 1.116
14 65 1.116
14 66 1.116
14 67 1.116
14 68 1.116
14 69 1.09813
14 70 1.08926
14 71 1.08043
14 72 1.07586
14 73 1.11103
14 74 1.11103
14 75 1.11103
14 76 1.11103
14 77 1.11103
14 78 1.09419
14 79 1.08807
14 80 1.0809
14 81 1.07609
14 82 1.11751
14 83 1.11751
14 84 1.11751
14 85 1.11751
14 86 1.11751
14 87 1.09758
14 88 1.09093
14 89 1.08369
14 90 1.07776
14 91 1.11329
14 92 1.11329
14 93 1.11329
14 94 1.11329
14 95 1.11329
14 96 1.09706
14 97 1.09012
14 98 1.08187
14 99 1.07645
14 100 1.10427
14 101 1.10427
14 102 1.10427
14 103 1.10427
14 104 1.10427
14 105 1.09107
14 106 1.08438
14 107 1.07751
14 108 1.07387
14 109 1.09711
14 110 1.09711
14 111 1.09711
14 112 1.09711
14 113 1.09711
14 114 1.08606
14 115 1.08197
14 116 1.07613
14 117 1.07251
14 118 1.10024
14 119 1.10024
14 120 1.10024
14 121 1.10024
14 122 1.10024
14 123 1.08801
14 124 1.08436
14 125 1.0783
14 126 1.07365
14 127 1.09813
14 128 1.09813
14 129 1.09813
14 130 1.09813
14 131 1.09813
14 132 1.08725
14 133 1.08311
14 134 1.0768
14 135 1.0727
14 136 1.09307
14 137 1.09307
14 138 1.09307
14 139 1.09307
14 140 1.09307
14 141 1.08344
14 142 1.07858
14 143 1.07344
14 144 1.07069
15 1 1.10751
15 2 1.10751
15 3 1.10751
15 4 1.10751
15 5 1.10751
15 6 1.38828
15 7 1.33441
15 8 1.23339
15 9 1.17723
15 10 1.1201
15 11 1.1201
15 12 1.1201
15 13 1.1201
15 14 1.1201
15 15 3.80223
15 16 1.67808
15 17 1.2961
15 18 1.20124
15 19 1.11089
15 20 1.11089
15 21 1.11089
15 22 1.11089
15 23 1.11089
15 24 1.3939
15 25 1.31804
15 26 1.23121
15 27 1.18174
15 28 1.09867
15 29 1.09867
15 30 1.09867
15 31 1.09867
15 32 1.09867
15 33 1.20273
15 34 1.19567
15 35 1.16927
15 36 1.15278
15 37 1.10345
15 38 1.10345
15 39 1.10345
15 40 1.10345
15 41 1.10345
15 42 1.2577
15 43 1.24977
15 44 1.20206
15 45 1.16938
15 46 1.11187
15 47 1.11187
15 48 1.11187
15 49 1.11187
15 50 1.11187
15 51 1.3386
15 52 1.29346
15 53 1.23109
15 54 1.18683
15 55 1.10687
15 56 1.10687
15 57 1.10687
15 58 1.10687
15 59 1.10687
15 60 1.26403
15 61 1.24924
15 62 1.20502
15 63 1.17204
15 64 1.09683
15 65 1.09683
15 66 1.09683
15 67 1.09683
15 68 1.09683
15 69 1.17672
15 70 1.17723
15 71 1.15986
15 72 1.14811
15 73 1.09561
15 74 1.09561
15 75 1.09561
15 76 1.09561
15 77 1.09561
15 78 1.17631
15 79 1.18454
15 80 1.16547
15 81 1.15015
15 82 1.1
15 83 1.1
15 84 1.1
15 85 1.1
15 86 1.1
15 87 1.21137
15 88 1.20484
15 89 1.18308
15 90 1.16073
15 91 1.09737
15 92 1.09737
15 93 1.09737
15 94 1.09737
15 95 1.09737
15 96 1.19017
15 97 1.18914
15 98 1.1682
15 99 1.15173
15 100 1.09105
15 101 1.09105
15 102 1.09105
15 103 1.09105
15 104 1.09105
15 105 1.1414
15 106 1.14706
15 107 1.14062
15 108 1.13524
15 109 1.08727
15 110 1.08727
15 111 1.08727
15 112 1.08727
15 113 1.08727
15 114 1.1317
15 115 1.14329
15 116 1.13556
15 117 1.1297
15 118 1.08963
15 119 1.08963
15 120 1.08963
15 121 1.08963
15 122 1.08963
15 123 1.14842
15 124 1.15641
15 125 1.14555
15 126 1.1358
15 127 1.08802
15 128 1.08802
15 129 1.08802
15 130 1.08802
15 131 1.08802
15 132 1.13879
15 133 1.14714
15 134 1.13768
15 135 1.13064
15 136 1.08407
15 137 1.08407
15 138 1.08407
15 139 1.08407
15 140 1.08407
15 141 1.11493
15 142 1.12182
15 143 1.12141
15 144 1.11996
16 1 1.09483
16 2 1.09483
16 3 1.09483
16 4 1.09483
16 5 1.09483
16 6 1.33759
16 7 1.4072
16 8 1.30701
16 9 1.23475
16 10 1.10107
16 11 1.10107
16 12 1.10107
16 13 1.10107
16 14 1.10107
16 15 1.67808
16 16 4.3784
16 17 1.63785
16 18 1.29759
16 19 1.09643
16 20 1.09643
16 21 1.09643
16 22 1.09643
16 23 1.09643
16 24 1.31772
16 25 1.44454
16 26 1.3425
16 27 1.25197
16 28 1.0889
16 29 1.0889
16 30 1.0889
16 31 1.0889
16 32 1.0889
16 33 1.20035
16 34 1.224
16 35 1.21189
16 36 1.19719
16 37 1.09298
16 38 1.09298
16 39 1.09298
16 40 1.09298
16 41 1.09298
16 42 1.25017
16 43 1.27902
16 44 1.24425
16 45 1.2132
16 46 1.09841
16 47 1.09841
16 48 1.09841
16 49 1.09841
16 50 1.09841
16 51 1.2991
16 52 1.3333
16 53 1.29193
16 54 1.24323
16 55 1.09514
16 56 1.09514
16 57 1.09514
16 58 1.09514
16 59 1.09514
16 60 1.24798
16 61 1.27508
16 62 1.25315
16 63 1.22114
16 64 1.08816
16 65 1.08816
16 66 1.08816
16 67 1.08816
16 68 1.08816
16 69 1.1774
16 70 1.19526
16 71 1.19117
16 72 1.18429
16 73 1.08778
16 74 1.08778
16 75 1.08778
16 76 1.08778
16 77 1.08778
16 78 1.18145
16 79 1.20164
16 80 1.19164
16 81 1.18112
16 82 1.09092
16 83 1.09092
16 84 1.09092
16 85 1.09092
16 86 1.09092
16 87 1.21222
16 88 1.22147
16 89 1.21238
16 90 1.19606
16 91 1.08895
16 92 1.08895
16 93 1.08895
16 94 1.08895
16 95 1.08895
16 96 1.19155
16 97 1.20377
16 98 1.19502
16 99 1.18466
16 100 1.08417
16 101 1.08417
16 102 1.08417
16 103 1.08417
16 104 1.08417
16 105 1.14553
16 106 1.16061
16 107 1.16335
16 108 1.16245
16 109 1.08155
16 110 1.08155
16 111 1.08155
16 112 1.08155
16 113 1.08155
16 114 1.13811
16 115 1.15614
16 116 1.15401
16 117 1.15164
16 118 1.08334
16 119 1.08334
16 120 1.08334
16 121 1.08334
16 122 1.08334
16 123 1.15543
16 124 1.16935
16 125 1.1648
16 126 1.1596
16 127 1.08202
16 128 1.08202
16 129 1.08202
16 130 1.08202
16 131 1.08202
16 132 1.14478
16 133 1.15935
16 134 1.15631
16 135 1.1534
16 136 1.07886
16 137 1.07886
16 138 1.07886
16 139 1.07886
16 140 1.07886
16 141 1.11983
16 142 1.13271
16 143 1.13828
16 144 1.13996
17 1 1.08319
17 2 1.08319
17 3 1.08319
17 4 1.08319
17 5 1.08319
17 6 1.23132
17 7 1.29611
17 8 1.33847
17 9 1.30676
17 10 1.08672
17 11 1.08672
17 12 1.08672
17 13 1.08672
17 14 1.08672
17 15 1.2961
17 16 1.63785
17 17 3.63602
17 18 1.51614
17 19 1.08456
17 20 1.08456
17 21 1.08456
17 22 1.08456
17 23 1.08456
17 24 1.23285
17 25 1.34718
17 26 1.49253
17 27 1.3641
17 28 1.08029
17 29 1.08029
17 30 1.08029
17 31 1.08029
17 32 1.08029
17 33 1.18037
17 34 1.22342
17 35 1.25543
17 36 1.25758
17 37 1.08259
17 38 1.08259
17 39 1.08259
17 40 1.08259
17 41 1.08259
17 42 1.2
17 43 1.23916
17 44 1.25973
17 45 1.25916
17 46 1.08612
17 47 1.08612
17 48 1.08612
17 49 1.08612
17 50 1.08612
17 51 1.22555
17 52 1.27175
17 53 1.33149
17 54 1.3142
17 55 1.08437
17 56 1.08437
17 57 1.08437
17 58 1.08437
17 59 1.08437
17 60 1.20486
17 61 1.24825
17 62 1.29156
17 63 1.28429
17 64 1.08005
17 65 1.08005
17 66 1.08005
17 67 1.08005
17 68 1.08005
17 69 1.16474
17 70 1.19742
17 71 1.22154
17 72 1.22926
17 73 1.07944
17 74 1.07944
17 75 1.07944
17 76 1.07944
17 77 1.07944
17 78 1.16422
17 79 1.19128
17 80 1.20412
17 81 1.20974
17 82 1.08167
17 83 1.08167
17 84 1.08167
17 85 1.08167
17 86 1.08167
17 87 1.1864
17 88 1.20588
17 89 1.2263
17 90 1.23163
17 91 1.08052
17 92 1.08052
17 93 1.08052
17 94 1.08052
17 95 1.08052
17 96 1.17341
17 97 1.19573
17 98 1.21337
17 99 1.22037
17 100 1.07737
17 101 1.07737
17 102 1.07737
17 103 1.07737
17 104 1.07737
17 105 1.14143
17 106 1.16604
17 107 1.18467
17 108 1.19302
17 109 1.07511
17 110 1.07511
17 111 1.07511
17 112 1.07511
17 113 1.07511
17 114 1.13376
17 115 1.15613
17 116 1.1651
17 117 1.17047
17 118 1.0765
17 119 1.0765
17 120 1.0765
17 121 1.0765
17 122 1.0765
17 123 1.14894
17 124 1.1669
17 125 1.17562
17 126 1.18116
17 127 1.07564
17 128 1.07564
17 129 1.07564
17 130 1.07564
17 131 1.07564
17 132 1.1405
17 133 1.16003
17 134 1.16962
17 135 1.17556
17 136 1.07345
17 137 1.07345
17 138 1.07345
17 139 1.07345
17 140 1.07345
17 141 1.12017
17 142 1.1392
17 143 1.15372
17 144 1.16064
18 1 1.07802
18 2 1.07802
18 3 1.07802
18 4 1.07802
18 5 1.07802
18 6 1.18617
18 7 1.23913
18 8 1.31274
18 9 1.36342
18 10 1.08031
18 11 1.08031
18 12 1.08031
18 13 1.08031
18 14 1.08031
18 15 1.20124
18 16 1.29759
18 17 1.51614
18 18 2.09161
18 19 1.07887
18 20 1.07887
18 21 1.07887
18 22 1.07887
18 23 1.07887
18 24 1.1852
18 25 1.25992
18 26 1.3731
18 27 1.42452
18 28 1.07585
18 29 1.07585
18 30 1.07585
18 31 1.07585
18 32 1.07585
18 33 1.16131
18 34 1.20596
18 35 1.25633
18 36 1.28258
18 37 1.07783
18 38 1.07783
18 39 1.07783
18 40 1.07783
18 41 1.07783
18 42 1.17477
18 43 1.21484
18 44 1.26082
18 45 1.28893
18 46 1.0803
18 47 1.0803
18 48 1.0803
18 49 1.0803
18 50 1.0803
18 51 1.1874
18 52 1.2279
18 53 1.30194
18 54 1.35349
18 55 1.07903
18 56 1.07903
18 57 1.07903
18 58 1.07903
18 59 1.07903
18 60 1.17626
18 61 1.21728
18 62 1.27919
18 63 1.31134
18 64 1.07582
18 65 1.07582
18 66 1.07582
18 67 1.07582
18 68 1.07582
18 69 1.15203
18 70 1.18834
18 71 1.22649
18 72 1.2467
18 73 1.0755
18 74 1.0755
18 75 1.0755
18 76 1.0755
18 77 1.0755
18 78 1.15388
18 79 1.18324
18 80 1.20919
18 81 1.22591
18 82 1.07713
18 83 1.07713
18 84 1.07713
18 85 1.07713
18 86 1.07713
18 87 1.1693
18 88 1.19179
18 89 1.22628
18 90 1.24803
18 91 1.07621
18 92 1.07621
18 93 1.07621
18 94 1.07621
18 95 1.07621
18 96 1.15944
18 97 1.18477
18 98 1.2156
18 99 1.23481
18 100 1.07374
18 101 1.07374
18 102 1.07374
18 103 1.07374
18 104 1.07374
18 105 1.13561
18 106 1.16368
18 107 1.1905
18 108 1.20462
18 109 1.07201
18 110 1.07201
18 111 1.07201
18 112 1.07201
18 113 1.07201
18 114 1.13042
18 115 1.15456
18 116 1.17013
18 117 1.18026
18 118 1.07304
18 119 1.07304
18 120 1.07304
18 121 1.07304
18 122 1.07304
18 123 1.14305
18 124 1.16241
18 125 1.17858
18 126 1.19062
18 127 1.07231
18 128 1.07231
18 129 1.07231
18 130 1.07231
18 131 1.07231
18 132 1.13561
18 133 1.15694
18 134 1.17332
18 135 1.18436
18 136 1.07051
18 137 1.07051
18 138 1.07051
18 139 1.07051
18 140 1.07051
18 141 1.11818
18 142 1.13971
18 143 1.15869
18 144 1.16843
19 1 1.11718
19 2 1.11718
19 3 1.11718
19 4 1.11718
19 5 1.11718
19 6 1.09827
19 7 1.09019
19 8 1.08081
19 9 1.07547
19 10 1.15985
19 11 1.15985
19 12 1.15985
19 13 1.15985
19 14 1.15985
19 15 1.11089
19 16 1.09643
19 17 1.08456
19 18 1.07887
19 19 1.30235
19 20 1.30235
19 21 1.30235
19 22 1.30235
19 23 1.30235
19 24 1.1184
19 25 1.09939
19 26 1.08516
19 27 1.07886
19 28 1.1608
19 29 1.1608
19 30 1.1608
19 31 1.1608
19 32 1.1608
19 33 1.11178
19 34 1.09623
19 35 1.0834
19 36 1.07729
19 37 1.11071
19 38 1.11071
19 39 1.11071
19 40 1.11071
19 41 1.11071
19 42 1.09501
19 43 1.08843
19 44 1.08061
19 45 1.07569
19 46 1.13362
19 47 1.13362
19 48 1.13362
19 49 1.13362
19 50 1.13362
19 51 1.10361
19 52 1.0944
19 53 1.08512
19 54 1.07909
19 55 1.14555
19 56 1.14555
19 57 1.14555
19 58 1.14555
19 59 1.14555
19 60 1.10764
19 61 1.09659
19 62 1.08534
19 63 1.0788
19 64 1.13445
19 65 1.13445
19 66 1.13445
19 67 1.13445
19 68 1.13445
19 69 1.1046
19 70 1.09291
19 71 1.08236
19 72 1.07707
19 73 1.10101
19 74 1.10101
19 75 1.10101
19 76 1.10101
19 77 1.10101
19 78 1.08894
19 79 1.08432
19 80 1.07798
19 81 1.07371
19 82 1.11333
19 83 1.11333
19 84 1.11333
19 85 1.11333
19 86 1.11333
19 87 1.09511
19 88 1.08881
19 89 1.08207
19 90 1.07654
19 91 1.11766
19 92 1.11766
19 93 1.11766
19 94 1.11766
19 95 1.11766
19 96 1.09738
19 97 1.08976
19 98 1.08166
19 99 1.07637
19 100 1.11385
19 101 1.11385
19 102 1.11385
19 103 1.11385
19 104 1.11385
19 105 1.09528
19 106 1.08693
19 107 1.07903
19 108 1.07495
19 109 1.09106
19 110 1.09106
19 111 1.09106
19 112 1.09106
19 113 1.09106
19 114 1.08229
19 115 1.07905
19 116 1.07374
19 117 1.07045
19 118 1.09817
19 119 1.09817
19 120 1.09817
19 121 1.09817
19 122 1.09817
19 123 1.08641
19 124 1.08284
19 125 1.07707
19 126 1.07266
19 127 1.10032
19 128 1.10032
19 129 1.10032
19 130 1.10032
19 131 1.10032
19 132 1.08754
19 133 1.08286
19 134 1.0767
19 135 1.07267
19 136 1.09855
19 137 1.09855
19 138 1.09855
19 139 1.09855
19 140 1.09855
19 141 1.0863
19 142 1.08045
19 143 1.07468
19 144 1.07164
20 1 1.11718
20 2 1.11718
20 3 1.11718
20 4 1.11718
20 5 1.11718
20 6 1.09827
20 7 1.09019
20 8 1.08081
20 9 1.07547
20 10 1.15985
20 11 1.15985
20 12 1.15985
20 13 1.15985
20 14 1.15985
20 15 1.11089
20 16 1.09643
20 17 1.08456
20 18 1.07887
20 19 1.30235
20 20 1.30235
20 21 1.30235
20 22 1.30235
20 23 1.30235
20 24 1.1184
20 25 1.09939
20 26 1.08516
20 27 1.07886
20 28 1.1608
20 29 1.1608
20 30 1.1608
20 31 1.1608
20 32 1.1608
20 33 1.11178
20 34 1.09623
20 35 1.0834
20 36 1.07729
20 37 1.11071
20 38 1.11071
20 39 1.11071
20 40 1.11071
20 41 1.11071
20 42 1.09501
20 43 1.08843
20 44 1.08061
20 45 1.07569
20 46 1.13362
20 47 1.13362
20 48 1.13362
20 49 1.13362
20 50 1.13362
20 51 1.10361
20 52 1.0944
20 53 1.08512
20 54 1.07909
20 55 1.14555
20 56 1.14555
20 57 1.14555
20 58 1.14555
20 59 1.14555
20 60 1.10764
20 61 1.09659
20 62 1.08534
20 63 1.0788
20 64 1.13445
20 65 1.13445
20 66 1.13445
20 67 1.13445
20 68 1.13445
20 69 1.1046
20 70 1.09291
20 71 1.08236
20 72 1.07707
20 73 1.10101
20 74 1.10101
20 75 1.10101
20 76 1.10101
20 77 1.10101
20 78 1.08894
20 79 1.08432
20 80 1.07798
20 81 1.07371
20 82 1.11333
20 83 1.11333
20 84 1.11333
20 85 1.11333
20 86 1.11333
20 87 1.09511
20 88 1.08881
20 89 1.08207
20 90 1.07654
20 91 1.11766
20 92 1.11766
20 93 1.11766
20 94 1.11766
20 95 1.11766
20 96 1.09738
20 97 1.08976
20 98 1.08166
20 99 1.07637
20 100 1.11385
20 101 1.11385
20 102 1.11385
20 103 1.11385
20 104 1.11385
20 105 1.09528
20 106 1.08693
20 107 1.07903
20 108 1.07495
20 109 1.09106
20 110 1.09106
20 111 1.09106
20 112 1.09106
20 113 1.09106
20 114 1.08229
20 115 1.07905
20 116 1.07374
20 117 1.07045
20 118 1.09817
20 119 1.09817
20 120 1.09817
20 121 1.09817
20 122 1.09817
20 123 1.08641
20 124 1.08284
20 125 1.07707
20 126 1.07266
20 127 1.10032
20 128 1.10032
20 129 1.10032
20 130 1.10032
20 131 1.10032
20 132 1.08754
20 133 1.08286
20 134 1.0767
20 135 1.07267
20 136 1.09855
20 137 1.09855
20 138 1.09855
20 139 1.09855
20 140 1.09855
20 141 1.0863
20 142 1.08045
20 143 1.07468
20 144 1.07164
21 1 1.11718
21 2 1.11718
21 3 1.11718
21 4 1.11718
21 5 1.11718
21 6 1.09827
21 7 1.09019
21 8 1.08081
21 9 1.07547
21 10 1.15985
21 11 1.15985
21 12 1.15985
21 13 1.15985
21 14 1.15985
21 15 1.11089
21 16 1.09643
21 17 1.08456
21 18 1.07887
21 19 1.30235
21 20 1.30235
21 21 1.30235
21 22 1.30235
21 23 1.30235
21 24 1.1184
21 25 1.09939
21 26 1.08516
21 27 1.07886
21 28 1.1608
21 29 1.1608
21 30 1.1608
21 31 1.1608
21 32 1.1608
21 33 1.11178
21 34 1.09623
21 35 1.0834
21 36 1.07729
21 37 1.11071
21 38 1.11071
21 39 1.11071
21 40 1.11071
