injected_el measured_el potential
1 1 1.30411
1 2 1.30411
1 3 1.30411
1 4 1.30411
1 5 1.30411
1 6 1.11748
1 7 1.09879
1 8 1.08488
1 9 1.07802
1 10 1.14598
1 11 1.14598
1 12 1.14598
1 13 1.14598
1 14 1.14598
1 15 1.10802
1 16 1.09277
1 17 1.08139
1 18 1.07661
1 19 1.11749
1 20 1.11749
1 21 1.11749
1 22 1.11749
1 23 1.11749
1 24 1.09614
1 25 1.08638
1 26 1.07802
1 27 1.07381
1 28 1.10012
1 29 1.10012
1 30 1.10012
1 31 1.10012
1 32 1.10012
1 33 1.08676
1 34 1.07999
1 35 1.07366
1 36 1.07048
1 37 1.14704
1 38 1.14704
1 39 1.14704
1 40 1.14704
1 41 1.14704
1 42 1.10549
1 43 1.09383
1 44 1.0838
1 45 1.07828
1 46 1.12825
1 47 1.12825
1 48 1.12825
1 49 1.12825
1 50 1.12825
1 51 1.1018
1 52 1.0909
1 53 1.08118
1 54 1.07697
1 55 1.11085
1 56 1.11085
1 57 1.11085
1 58 1.11085
1 59 1.11085
1 60 1.09395
1 61 1.08599
1 62 1.07817
1 63 1.0741
1 64 1.09707
1 65 1.09707
1 66 1.09707
1 67 1.09707
1 68 1.09707
1 69 1.0858
1 70 1.07968
1 71 1.07371
1 72 1.07068
1 73 1.11881
1 74 1.11881
1 75 1.11881
1 76 1.11881
1 77 1.11881
1 78 1.09517
1 79 1.08749
1 80 1.0808
1 81 1.07637
1 82 1.11102
1 83 1.11102
1 84 1.11102
1 85 1.11102
1 86 1.11102
1 87 1.0934
1 88 1.08625
1 89 1.07903
1 90 1.07525
1 91 1.10103
1 92 1.10103
1 93 1.10103
1 94 1.10103
1 95 1.10103
1 96 1.08942
1 97 1.08295
1 98 1.07625
1 99 1.07261
1 100 1.09126
1 101 1.09126
1 102 1.09126
1 103 1.09126
1 104 1.09126
1 105 1.08222
1 106 1.07714
1 107 1.07203
1 108 1.06939
1 109 1.10133
1 110 1.10133
1 111 1.10133
1 112 1.10133
1 113 1.10133
1 114 1.08635
1 115 1.08154
1 116 1.07673
1 117 1.0731
1 118 1.0971
1 119 1.0971
1 120 1.0971
1 121 1.0971
1 122 1.0971
1 123 1.08497
1 124 1.08035
1 125 1.07545
1 126 1.07217
1 127 1.09106
1 128 1.09106
1 129 1.09106
1 130 1.09106
1 131 1.09106
1 132 1.08248
1 133 1.07791
1 134 1.07294
1 135 1.06991
1 136 1.0843
1 137 1.0843
1 138 1.0843
1 139 1.0843
1 140 1.0843
1 141 1.07716
1 142 1.07326
1 143 1.0692
1 144 1.06705
2 1 1.30411
2 2 1.30411
2 3 1.30411
2 4 1.30411
2 5 1.30411
2 6 1.11748
2 7 1.09879
2 8 1.08488
2 9 1.07802
2 10 1.14598
2 11 1.14598
2 12 1.14598
2 13 1.14598
2 14 1.14598
2 15 1.10802
2 16 1.09277
2 17 1.08139
2 18 1.07661
2 19 1.11749
2 20 1.11749
2 21 1.11749
2 22 1.11749
2 23 1.11749
2 24 1.09614
2 25 1.08638
2 26 1.07802
2 27 1.07381
2 28 1.10012
2 29 1.10012
2 30 1.10012
2 31 1.10012
2 32 1.10012
2 33 1.08676
2 34 1.07999
2 35 1.07366
2 36 1.07048
2 37 1.14704
2 38 1.14704
2 39 1.14704
2 40 1.14704
2 41 1.14704
2 42 1.10549
2 43 1.09383
2 44 1.0838
2 45 1.07828
2 46 1.12825
2 47 1.12825
2 48 1.12825
2 49 1.12825
2 50 1.12825
2 51 1.1018
2 52 1.0909
2 53 1.08118
2 54 1.07697
2 55 1.11085
2 56 1.11085
2 57 1.11085
2 58 1.11085
2 59 1.11085
2 60 1.09395
2 61 1.08599
2 62 1.07817
2 63 1.0741
2 64 1.09707
2 65 1.09707
2 66 1.09707
2 67 1.09707
2 68 1.09707
2 69 1.0858
2 70 1.07968
2 71 1.07371
2 72 1.07068
2 73 1.11881
2 74 1.11881
2 75 1.11881
2 76 1.11881
2 77 1.11881
2 78 1.09517
2 79 1.08749
2 80 1.0808
2 81 1.07637
2 82 1.11102
2 83 1.11102
2 84 1.11102
2 85 1.11102
2 86 1.11102
2 87 1.0934
2 88 1.08625
2 89 1.07903
2 90 1.07525
2 91 1.10103
2 92 1.10103
2 93 1.10103
2 94 1.10103
2 95 1.10103
2 96 1.08942
2 97 1.08295
2 98 1.07625
2 99 1.07261
2 100 1.09126
2 101 1.09126
2 102 1.09126
2 103 1.09126
2 104 1.09126
2 105 1.08222
2 106 1.07714
2 107 1.07203
2 108 1.06939
2 109 1.10133
2 110 1.10133
2 111 1.10133
2 112 1.10133
2 113 1.10133
2 114 1.08635
2 115 1.08154
2 116 1.07673
2 117 1.0731
2 118 1.0971
2 119 1.0971
2 120 1.0971
2 121 1.0971
2 122 1.0971
2 123 1.08497
2 124 1.08035
2 125 1.07545
2 126 1.07217
2 127 1.09106
2 128 1.09106
2 129 1.09106
2 130 1.09106
2 131 1.09106
2 132 1.08248
2 133 1.07791
2 134 1.07294
2 135 1.06991
2 136 1.0843
2 137 1.0843
2 138 1.0843
2 139 1.0843
2 140 1.0843
2 141 1.07716
2 142 1.07326
2 143 1.0692
2 144 1.06705
3 1 1.30411
3 2 1.30411
3 3 1.30411
3 4 1.30411
3 5 1.30411
3 6 1.11748
3 7 1.09879
3 8 1.08488
3 9 1.07802
3 10 1.14598
3 11 1.14598
3 12 1.14598
3 13 1.14598
3 14 1.14598
3 15 1.10802
3 16 1.09277
3 17 1.08139
3 18 1.07661
3 19 1.11749
3 20 1.11749
3 21 1.11749
3 22 1.11749
3 23 1.11749
3 24 1.09614
3 25 1.08638
3 26 1.07802
3 27 1.07381
3 28 1.10012
3 29 1.10012
3 30 1.10012
3 31 1.10012
3 32 1.10012
3 33 1.08676
3 34 1.07999
3 35 1.07366
3 36 1.07048
3 37 1.14704
3 38 1.14704
3 39 1.14704
3 40 1.14704
3 41 1.14704
3 42 1.10549
3 43 1.09383
3 44 1.0838
3 45 1.07828
3 46 1.12825
3 47 1.12825
3 48 1.12825
3 49 1.12825
3 50 1.12825
3 51 1.1018
3 52 1.0909
3 53 1.08118
3 54 1.07697
3 55 1.11085
3 56 1.11085
3 57 1.11085
3 58 1.11085
3 59 1.11085
3 60 1.09395
3 61 1.08599
3 62 1.07817
3 63 1.0741
3 64 1.09707
3 65 1.09707
3 66 1.09707
3 67 1.09707
3 68 1.09707
3 69 1.0858
3 70 1.07968
3 71 1.07371
3 72 1.07068
3 73 1.11881
3 74 1.11881
3 75 1.11881
3 76 1.11881
3 77 1.11881
3 78 1.09517
3 79 1.08749
3 80 1.0808
3 81 1.07637
3 82 1.11102
3 83 1.11102
3 84 1.11102
3 85 1.11102
3 86 1.11102
3 87 1.0934
3 88 1.08625
3 89 1.07903
3 90 1.07525
3 91 1.10103
3 92 1.10103
3 93 1.10103
3 94 1.10103
3 95 1.10103
3 96 1.08942
3 97 1.08295
3 98 1.07625
3 99 1.07261
3 100 1.09126
3 101 1.09126
3 102 1.09126
3 103 1.09126
3 104 1.09126
3 105 1.08222
3 106 1.07714
3 107 1.07203
3 108 1.06939
3 109 1.10133
3 110 1.10133
3 111 1.10133
3 112 1.10133
3 113 1.10133
3 114 1.08635
3 115 1.08154
3 116 1.07673
3 117 1.0731
3 118 1.0971
3 119 1.0971
3 120 1.0971
3 121 1.0971
3 122 1.0971
3 123 1.08497
3 124 1.08035
3 125 1.07545
3 126 1.07217
3 127 1.09106
3 128 1.09106
3 129 1.09106
3 130 1.09106
3 131 1.09106
3 132 1.08248
3 133 1.07791
3 134 1.07294
3 135 1.06991
3 136 1.0843
3 137 1.0843
3 138 1.0843
3 139 1.0843
3 140 1.0843
3 141 1.07716
3 142 1.07326
3 143 1.0692
3 144 1.06705
4 1 1.30411
4 2 1.30411
4 3 1.30411
4 4 1.30411
4 5 1.30411
4 6 1.11748
4 7 1.09879
4 8 1.08488
4 9 1.07802
4 10 1.14598
4 11 1.14598
4 12 1.14598
4 13 1.14598
4 14 1.14598
4 15 1.10802
4 16 1.09277
4 17 1.08139
4 18 1.07661
4 19 1.11749
4 20 1.11749
4 21 1.11749
4 22 1.11749
4 23 1.11749
4 24 1.09614
4 25 1.08638
4 26 1.07802
4 27 1.07381
4 28 1.10012
4 29 1.10012
4 30 1.10012
4 31 1.10012
4 32 1.10012
4 33 1.08676
4 34 1.07999
4 35 1.07366
4 36 1.07048
4 37 1.14704
4 38 1.14704
4 39 1.14704
4 40 1.14704
4 41 1.14704
4 42 1.10549
4 43 1.09383
4 44 1.0838
4 45 1.07828
4 46 1.12825
4 47 1.12825
4 48 1.12825
4 49 1.12825
4 50 1.12825
4 51 1.1018
4 52 1.0909
4 53 1.08118
4 54 1.07697
4 55 1.11085
4 56 1.11085
4 57 1.11085
4 58 1.11085
4 59 1.11085
4 60 1.09395
4 61 1.08599
4 62 1.07817
4 63 1.0741
4 64 1.09707
4 65 1.09707
4 66 1.09707
4 67 1.09707
4 68 1.09707
4 69 1.0858
4 70 1.07968
4 71 1.07371
4 72 1.07068
4 73 1.11881
4 74 1.11881
4 75 1.11881
4 76 1.11881
4 77 1.11881
4 78 1.09517
4 79 1.08749
4 80 1.0808
4 81 1.07637
4 82 1.11102
4 83 1.11102
4 84 1.11102
4 85 1.11102
4 86 1.11102
4 87 1.0934
4 88 1.08625
4 89 1.07903
4 90 1.07525
4 91 1.10103
4 92 1.10103
4 93 1.10103
4 94 1.10103
4 95 1.10103
4 96 1.08942
4 97 1.08295
4 98 1.07625
4 99 1.07261
4 100 1.09126
4 101 1.09126
4 102 1.09126
4 103 1.09126
4 104 1.09126
4 105 1.08222
4 106 1.07714
4 107 1.07203
4 108 1.06939
4 109 1.10133
4 110 1.10133
4 111 1.10133
4 112 1.10133
4 113 1.10133
4 114 1.08635
4 115 1.08154
4 116 1.07673
4 117 1.0731
4 118 1.0971
4 119 1.0971
4 120 1.0971
4 121 1.0971
4 122 1.0971
4 123 1.08497
4 124 1.08035
4 125 1.07545
4 126 1.07217
4 127 1.09106
4 128 1.09106
4 129 1.09106
4 130 1.09106
4 131 1.09106
4 132 1.08248
4 133 1.07791
4 134 1.07294
4 135 1.06991
4 136 1.0843
4 137 1.0843
4 138 1.0843
4 139 1.0843
4 140 1.0843
4 141 1.07716
4 142 1.07326
4 143 1.0692
4 144 1.06705
5 1 1.30411
5 2 1.30411
5 3 1.30411
5 4 1.30411
5 5 1.30411
5 6 1.11748
5 7 1.09879
5 8 1.08488
5 9 1.07802
5 10 1.14598
5 11 1.14598
5 12 1.14598
5 13 1.14598
5 14 1.14598
5 15 1.10802
5 16 1.09277
5 17 1.08139
5 18 1.07661
5 19 1.11749
5 20 1.11749
5 21 1.11749
5 22 1.11749
5 23 1.11749
5 24 1.09614
5 25 1.08638
5 26 1.07802
5 27 1.07381
5 28 1.10012
5 29 1.10012
5 30 1.10012
5 31 1.10012
5 32 1.10012
5 33 1.08676
5 34 1.07999
5 35 1.07366
5 36 1.07048
5 37 1.14704
5 38 1.14704
5 39 1.14704
5 40 1.14704
5 41 1.14704
5 42 1.10549
5 43 1.09383
5 44 1.0838
5 45 1.07828
5 46 1.12825
5 47 1.12825
5 48 1.12825
5 49 1.12825
5 50 1.12825
5 51 1.1018
5 52 1.0909
5 53 1.08118
5 54 1.07697
5 55 1.11085
5 56 1.11085
5 57 1.11085
5 58 1.11085
5 59 1.11085
5 60 1.09395
5 61 1.08599
5 62 1.07817
5 63 1.0741
5 64 1.09707
5 65 1.09707
5 66 1.09707
5 67 1.09707
5 68 1.09707
5 69 1.0858
5 70 1.07968
5 71 1.07371
5 72 1.07068
5 73 1.11881
5 74 1.11881
5 75 1.11881
5 76 1.11881
5 77 1.11881
5 78 1.09517
5 79 1.08749
5 80 1.0808
5 81 1.07637
5 82 1.11102
5 83 1.11102
5 84 1.11102
5 85 1.11102
5 86 1.11102
5 87 1.0934
5 88 1.08625
5 89 1.07903
5 90 1.07525
5 91 1.10103
5 92 1.10103
5 93 1.10103
5 94 1.10103
5 95 1.10103
5 96 1.08942
5 97 1.08295
5 98 1.07625
5 99 1.07261
5 100 1.09126
5 101 1.09126
5 102 1.09126
5 103 1.09126
5 104 1.09126
5 105 1.08222
5 106 1.07714
5 107 1.07203
5 108 1.06939
5 109 1.10133
5 110 1.10133
5 111 1.10133
5 112 1.10133
5 113 1.10133
5 114 1.08635
5 115 1.08154
5 116 1.07673
5 117 1.0731
5 118 1.0971
5 119 1.0971
5 120 1.0971
5 121 1.0971
5 122 1.0971
5 123 1.08497
5 124 1.08035
5 125 1.07545
5 126 1.07217
5 127 1.09106
5 128 1.09106
5 129 1.09106
5 130 1.09106
5 131 1.09106
5 132 1.08248
5 133 1.07791
5 134 1.07294
5 135 1.06991
5 136 1.0843
5 137 1.0843
5 138 1.0843
5 139 1.0843
5 140 1.0843
5 141 1.07716
5 142 1.07326
5 143 1.0692
5 144 1.06705
6 1 1.11748
6 2 1.11748
6 3 1.11748
6 4 1.11748
6 5 1.11748
6 6 5.39836
6 7 1.92708
6 8 1.36059
6 9 1.20111
6 10 1.10741
6 11 1.10741
6 12 1.10741
6 13 1.10741
6 14 1.10741
6 15 1.39001
6 16 1.32514
6 17 1.22464
6 18 1.18015
6 19 1.09609
6 20 1.09609
6 21 1.09609
6 22 1.09609
6 23 1.09609
6 24 1.17916
6 25 1.18119
6 26 1.16534
6 27 1.15121
6 28 1.08649
6 29 1.08649
6 30 1.08649
6 31 1.08649
6 32 1.08649
6 33 1.12318
6 34 1.12932
6 35 1.12859
6 36 1.12672
6 37 1.10893
6 38 1.10893
6 39 1.10893
6 40 1.10893
6 41 1.10893
6 42 1.37969
6 43 1.32337
6 44 1.23419
6 45 1.18341
6 46 1.10389
6 47 1.10389
6 48 1.10389
6 49 1.10389
6 50 1.10389
6 51 1.23117
6 52 1.22616
6 53 1.1899
6 54 1.16859
6 55 1.09458
6 56 1.09458
6 57 1.09458
6 58 1.09458
6 59 1.09458
6 60 1.15553
6 61 1.16029
6 62 1.15392
6 63 1.14523
6 64 1.08578
6 65 1.08578
6 66 1.08578
6 67 1.08578
6 68 1.08578
6 69 1.11886
6 70 1.12445
6 71 1.12474
6 72 1.12372
6 73 1.09849
6 74 1.09849
6 75 1.09849
6 76 1.09849
6 77 1.09849
6 78 1.19223
6 79 1.18915
6 80 1.17197
6 81 1.15639
6 82 1.09567
6 83 1.09567
6 84 1.09567
6 85 1.09567
6 86 1.09567
6 87 1.16238
6 88 1.16354
6 89 1.15564
6 90 1.14762
6 91 1.08943
6 92 1.08943
6 93 1.08943
6 94 1.08943
6 95 1.08943
6 96 1.13451
6 97 1.13736
6 98 1.13568
6 99 1.13194
6 100 1.08246
6 101 1.08246
6 102 1.08246
6 103 1.08246
6 104 1.08246
6 105 1.10854
6 106 1.11392
6 107 1.11557
6 108 1.11567
6 109 1.08891
6 110 1.08891
6 111 1.08891
6 112 1.08891
6 113 1.08891
6 114 1.13343
6 115 1.13916
6 116 1.13627
6 117 1.13193
6 118 1.08698
6 119 1.08698
6 120 1.08698
6 121 1.08698
6 122 1.08698
6 123 1.12656
6 124 1.12923
6 125 1.12901
6 126 1.12681
6 127 1.08282
6 128 1.08282
6 129 1.08282
6 130 1.08282
6 131 1.08282
6 132 1.11402
6 133 1.11742
6 134 1.118
6 135 1.11692
6 136 1.07772
6 137 1.07772
6 138 1.07772
6 139 1.07772
6 140 1.07772
6 141 1.09693
6 142 1.10216
6 143 1.10461
6 144 1.10539
7 1 1.09879
7 2 1.09879
7 3 1.09879
7 4 1.09879
7 5 1.09879
7 6 1.92708
7 7 5.43946
7 8 1.8518
7 9 1.29369
7 10 1.09409
7 11 1.09409
7 12 1.09409
7 13 1.09409
7 14 1.09409
7 15 1.32665
7 16 1.40943
7 17 1.30404
7 18 1.24098
7 19 1.08699
7 20 1.08699
7 21 1.08699
7 22 1.08699
7 23 1.08699
7 24 1.1794
7 25 1.20498
7 26 1.20306
7 27 1.19083
7 28 1.08017
7 29 1.08017
7 30 1.08017
7 31 1.08017
7 32 1.08017
7 33 1.12875
7 34 1.14398
7 35 1.15159
7 36 1.15347
7 37 1.09588
7 38 1.09588
7 39 1.09588
7 40 1.09588
7 41 1.09588
7 42 1.33088
7 43 1.39936
7 44 1.30975
7 45 1.24279
7 46 1.09311
7 47 1.09311
7 48 1.09311
7 49 1.09311
7 50 1.09311
7 51 1.22053
7 52 1.25511
7 53 1.23593
7 54 1.21511
7 55 1.08664
7 56 1.08664
7 57 1.08664
7 58 1.08664
7 59 1.08664
7 60 1.15844
7 61 1.17737
7 62 1.18391
7 63 1.17883
7 64 1.08003
7 65 1.08003
7 66 1.08003
7 67 1.08003
7 68 1.08003
7 69 1.12415
7 70 1.13738
7 71 1.14517
7 72 1.14772
7 73 1.08968
7 74 1.08968
7 75 1.08968
7 76 1.08968
7 77 1.08968
7 78 1.19632
7 79 1.21206
7 80 1.20601
7 81 1.19431
7 82 1.0879
7 83 1.0879
7 84 1.0879
7 85 1.0879
7 86 1.0879
7 87 1.16588
7 88 1.17973
7 89 1.1839
7 90 1.1801
7 91 1.08318
7 92 1.08318
7 93 1.08318
7 94 1.08318
7 95 1.08318
7 96 1.13931
7 97 1.15039
7 98 1.15782
7 99 1.15793
7 100 1.07763
7 101 1.07763
7 102 1.07763
7 103 1.07763
7 104 1.07763
7 105 1.11365
7 106 1.12494
7 107 1.13254
7 108 1.13563
7 109 1.08287
7 110 1.08287
7 111 1.08287
7 112 1.08287
7 113 1.08287
7 114 1.14159
7 115 1.15402
7 116 1.15761
7 117 1.15734
7 118 1.08147
7 119 1.08147
7 120 1.08147
7 121 1.08147
7 122 1.08147
7 123 1.1335
7 124 1.14169
7 125 1.14807
7 126 1.14954
7 127 1.07811
7 128 1.07811
7 129 1.07811
7 130 1.07811
7 131 1.07811
7 132 1.11996
7 133 1.12833
7 134 1.1345
7 135 1.13638
7 136 1.07387
7 137 1.07387
7 138 1.07387
7 139 1.07387
7 140 1.07387
7 141 1.10167
7 142 1.11137
7 143 1.11822
7 144 1.12127
8 1 1.08488
8 2 1.08488
8 3 1.08488
8 4 1.08488
8 5 1.08488
8 6 1.36059
8 7 1.8518
8 8 5.85683
8 9 1.51848
8 10 1.08256
8 11 1.08256
8 12 1.08256
8 13 1.08256
8 14 1.08256
8 15 1.23032
8 16 1.32116
8 17 1.36696
8 18 1.32214
8 19 1.07843
8 20 1.07843
8 21 1.07843
8 22 1.07843
8 23 1.07843
8 24 1.16236
8 25 1.20307
8 26 1.2337
8 27 1.23582
8 28 1.07396
8 29 1.07396
8 30 1.07396
8 31 1.07396
8 32 1.07396
8 33 1.12829
8 34 1.15256
8 35 1.17307
8 36 1.18207
8 37 1.0842
8 38 1.0842
8 39 1.0842
8 40 1.0842
8 41 1.0842
8 42 1.23432
8 43 1.30381
8 44 1.35286
8 45 1.31885
8 46 1.08278
8 47 1.08278
8 48 1.08278
8 49 1.08278
8 50 1.08278
8 51 1.18244
8 52 1.23332
8 53 1.26709
8 54 1.26679
8 55 1.07869
8 56 1.07869
8 57 1.07869
8 58 1.07869
8 59 1.07869
8 60 1.14877
8 61 1.17965
8 62 1.2081
8 63 1.21382
8 64 1.07412
8 65 1.07412
8 66 1.07412
8 67 1.07412
8 68 1.07412
8 69 1.12408
8 70 1.14518
8 71 1.16361
8 72 1.17201
8 73 1.08086
8 74 1.08086
8 75 1.08086
8 76 1.08086
8 77 1.08086
8 78 1.17398
8 79 1.20084
8 80 1.22493
8 81 1.23308
8 82 1.07982
8 83 1.07982
8 84 1.07982
8 85 1.07982
8 86 1.07982
8 87 1.15338
8 88 1.17822
8 89 1.2037
8 90 1.21165
8 91 1.07654
8 92 1.07654
8 93 1.07654
8 94 1.07654
8 95 1.07654
8 96 1.13508
8 97 1.15473
8 98 1.17557
8 99 1.183
8 100 1.07246
8 101 1.07246
8 102 1.07246
8 103 1.07246
8 104 1.07246
8 105 1.11473
8 106 1.13214
8 107 1.1475
8 108 1.15487
8 109 1.07639
8 110 1.07639
8 111 1.07639
8 112 1.07639
8 113 1.07639
8 114 1.13883
8 115 1.15677
8 116 1.17212
8 117 1.18091
8 118 1.07541
8 119 1.07541
8 120 1.07541
8 121 1.07541
8 122 1.07541
8 123 1.13194
8 124 1.14582
8 125 1.16199
8 126 1.17001
8 127 1.07288
8 128 1.07288
8 129 1.07288
8 130 1.07288
8 131 1.07288
8 132 1.12029
8 133 1.13391
8 134 1.14765
8 135 1.15407
8 136 1.06958
8 137 1.06958
8 138 1.06958
8 139 1.06958
8 140 1.06958
8 141 1.10365
8 142 1.11784
8 143 1.12996
8 144 1.13591
9 1 1.07802
9 2 1.07802
9 3 1.07802
9 4 1.07802
9 5 1.07802
9 6 1.20111
9 7 1.29369
9 8 1.51848
9 9 2.1282
9 10 1.07657
9 11 1.07657
9 12 1.07657
9 13 1.07657
9 14 1.07657
9 15 1.17657
9 16 1.24733
9 17 1.32497
9 18 1.37125
9 19 1.07381
9 20 1.07381
9 21 1.07381
9 22 1.07381
9 23 1.07381
9 24 1.14871
9 25 1.19311
9 26 1.24011
9 27 1.25868
9 28 1.0705
9 29 1.0705
9 30 1.0705
9 31 1.0705
9 32 1.0705
9 33 1.12576
9 34 1.15418
9 35 1.18216
9 36 1.1961
9 37 1.07815
9 38 1.07815
9 39 1.07815
9 40 1.07815
9 41 1.07815
9 42 1.18095
9 43 1.23384
9 44 1.3097
9 45 1.36861
9 46 1.07725
9 47 1.07725
9 48 1.07725
9 49 1.07725
9 50 1.07725
9 51 1.15765
9 52 1.20904
9 53 1.26607
9 54 1.29293
9 55 1.0743
9 56 1.0743
9 57 1.0743
9 58 1.0743
9 59 1.0743
9 60 1.14014
9 61 1.17531
9 62 1.21532
9 63 1.23028
9 64 1.07078
9 65 1.07078
9 66 1.07078
9 67 1.07078
9 68 1.07078
9 69 1.12203
9 70 1.1468
9 71 1.17121
9 72 1.18334
9 73 1.07612
9 74 1.07612
9 75 1.07612
9 76 1.07612
9 77 1.07612
9 78 1.15786
9 79 1.1881
9 80 1.22834
9 81 1.25412
9 82 1.07535
9 83 1.07535
9 84 1.07535
9 85 1.07535
9 86 1.07535
9 87 1.14339
9 88 1.17264
9 89 1.20964
9 90 1.22666
9 91 1.0728
9 92 1.0728
9 93 1.0728
9 94 1.0728
9 95 1.0728
9 96 1.13037
9 97 1.15401
9 98 1.18223
9 99 1.1945
9 100 1.06948
9 101 1.06948
9 102 1.06948
9 103 1.06948
9 104 1.06948
9 105 1.1138
9 106 1.13418
9 107 1.15378
9 108 1.16364
9 109 1.07281
9 110 1.07281
9 111 1.07281
9 112 1.07281
9 113 1.07281
9 114 1.13517
9 115 1.1556
9 116 1.17807
9 117 1.19301
9 118 1.07199
9 119 1.07199
9 120 1.07199
9 121 1.07199
9 122 1.07199
9 123 1.12909
9 124 1.14578
9 125 1.16748
9 126 1.17959
9 127 1.06987
9 128 1.06987
9 129 1.06987
9 130 1.06987
9 131 1.06987
9 132 1.11886
9 133 1.13512
9 134 1.15303
9 135 1.16211
9 136 1.06707
9 137 1.06707
9 138 1.06707
9 139 1.06707
9 140 1.06707
9 141 1.10366
9 142 1.12004
9 143 1.13497
9 144 1.14251
10 1 1.14598
10 2 1.14598
10 3 1.14598
10 4 1.14598
10 5 1.14598
10 6 1.10741
10 7 1.09409
10 8 1.08256
10 9 1.07657
10 10 1.30291
10 11 1.30291
10 12 1.30291
10 13 1.30291
10 14 1.30291
10 15 1.11867
10 16 1.09697
10 17 1.08318
10 18 1.07763
10 19 1.16073
10 20 1.16073
10 21 1.16073
10 22 1.16073
10 23 1.16073
10 24 1.11054
10 25 1.09436
10 26 1.08203
10 27 1.07634
10 28 1.12518
10 29 1.12518
10 30 1.12518
10 31 1.12518
10 32 1.12518
10 33 1.09964
10 34 1.0885
10 35 1.0788
10 36 1.07407
10 37 1.12839
10 38 1.12839
10 39 1.12839
10 40 1.12839
10 41 1.12839
10 42 1.10128
10 43 1.09127
10 44 1.08219
10 45 1.07701
10 46 1.14572
10 47 1.14572
10 48 1.14572
10 49 1.14572
10 50 1.14572
10 51 1.10734
10 52 1.09384
10 53 1.08265
10 54 1.07795
10 55 1.13416
10 56 1.13416
10 57 1.13416
10 58 1.13416
10 59 1.13416
10 60 1.10375
10 61 1.09227
10 62 1.08164
10 63 1.07649
10 64 1.11634
10 65 1.11634
10 66 1.11634
10 67 1.11634
10 68 1.11634
10 69 1.09636
10 70 1.08699
10 71 1.07837
10 72 1.07409
10 73 1.11112
10 74 1.11112
10 75 1.11112
10 76 1.11112
10 77 1.11112
10 78 1.09309
10 79 1.08601
10 80 1.07961
10 81 1.07526
10 82 1.11762
10 83 1.11762
10 84 1.11762
10 85 1.11762
10 86 1.11762
10 87 1.09671
10 88 1.08828
10 89 1.08021
10 90 1.0761
10 91 1.11347
10 92 1.11347
10 93 1.11347
10 94 1.11347
10 95 1.11347
10 96 1.09567
10 97 1.08738
10 98 1.07905
10 99 1.07472
10 100 1.10446
10 101 1.10446
10 102 1.10446
10 103 1.10446
10 104 1.10446
10 105 1.09007
10 106 1.08287
10 107 1.07598
10 108 1.07248
10 109 1.09714
10 110 1.09714
10 111 1.09714
10 112 1.09714
10 113 1.09714
10 114 1.08486
10 115 1.08052
10 116 1.07576
10 117 1.07211
10 118 1.10026
10 119 1.10026
10 120 1.10026
10 121 1.10026
10 122 1.10026
10 123 1.08687
10 124 1.08161
10 125 1.07634
10 126 1.07286
10 127 1.0982
10 128 1.0982
10 129 1.0982
10 130 1.0982
10 131 1.0982
10 132 1.08642
10 133 1.08083
10 134 1.0751
10 135 1.0717
10 136 1.09316
10 137 1.09316
10 138 1.09316
10 139 1.09316
10 140 1.09316
10 141 1.08285
10 142 1.07761
10 143 1.07244
10 144 1.06975
11 1 1.14598
11 2 1.14598
11 3 1.14598
11 4 1.14598
11 5 1.14598
11 6 1.10741
11 7 1.09409
11 8 1.08256
11 9 1.07657
11 10 1.30291
11 11 1.30291
11 12 1.30291
11 13 1.30291
11 14 1.30291
11 15 1.11867
11 16 1.09697
11 17 1.08318
11 18 1.07763
11 19 1.16073
11 20 1.16073
11 21 1.16073
11 22 1.16073
11 23 1.16073
11 24 1.11054
11 25 1.09436
11 26 1.08203
11 27 1.07634
11 28 1.12518
11 29 1.12518
11 30 1.12518
11 31 1.12518
11 32 1.12518
11 33 1.09964
11 34 1.0885
11 35 1.0788
11 36 1.07407
11 37 1.12839
11 38 1.12839
11 39 1.12839
11 40 1.12839
11 41 1.12839
11 42 1.10128
11 43 1.09127
11 44 1.08219
11 45 1.07701
11 46 1.14572
11 47 1.14572
11 48 1.14572
11 49 1.14572
11 50 1.14572
11 51 1.10734
11 52 1.09384
11 53 1.08265
11 54 1.07795
11 55 1.13416
11 56 1.13416
11 57 1.13416
11 58 1.13416
11 59 1.13416
11 60 1.10375
11 61 1.09227
11 62 1.08164
11 63 1.07649
11 64 1.11634
11 65 1.11634
11 66 1.11634
11 67 1.11634
11 68 1.11634
11 69 1.09636
11 70 1.08699
11 71 1.07837
11 72 1.07409
11 73 1.11112
11 74 1.11112
11 75 1.11112
11 76 1.11112
11 77 1.11112
11 78 1.09309
11 79 1.08601
11 80 1.07961
11 81 1.07526
11 82 1.11762
11 83 1.11762
11 84 1.11762
11 85 1.11762
11 86 1.11762
11 87 1.09671
11 88 1.08828
11 89 1.08021
11 90 1.0761
11 91 1.11347
11 92 1.11347
11 93 1.11347
11 94 1.11347
11 95 1.11347
11 96 1.09567
11 97 1.08738
11 98 1.07905
11 99 1.07472
11 100 1.10446
11 101 1.10446
11 102 1.10446
11 103 1.10446
11 104 1.10446
11 105 1.09007
11 106 1.08287
11 107 1.07598
11 108 1.07248
11 109 1.09714
11 110 1.09714
11 111 1.09714
11 112 1.09714
11 113 1.09714
11 114 1.08486
11 115 1.08052
11 116 1.07576
11 117 1.07211
11 118 1.10026
11 119 1.10026
11 120 1.10026
11 121 1.10026
11 122 1.10026
11 123 1.08687
11 124 1.08161
11 125 1.07634
11 126 1.07286
11 127 1.0982
11 128 1.0982
11 129 1.0982
11 130 1.0982
11 131 1.0982
11 132 1.08642
11 133 1.08083
11 134 1.0751
11 135 1.0717
11 136 1.09316
11 137 1.09316
11 138 1.09316
11 139 1.09316
11 140 1.09316
11 141 1.08285
11 142 1.07761
11 143 1.07244
11 144 1.06975
12 1 1.14598
12 2 1.14598
12 3 1.14598
12 4 1.14598
12 5 1.14598
12 6 1.10741
12 7 1.09409
12 8 1.08256
12 9 1.07657
12 10 1.30291
12 11 1.30291
12 12 1.30291
12 13 1.30291
12 14 1.30291
12 15 1.11867
12 16 1.09697
12 17 1.08318
12 18 1.07763
12 19 1.16073
12 20 1.16073
12 21 1.16073
12 22 1.16073
12 23 1.16073
12 24 1.11054
12 25 1.09436
12 26 1.08203
12 27 1.07634
12 28 1.12518
12 29 1.12518
12 30 1.12518
12 31 1.12518
12 32 1.12518
12 33 1.09964
12 34 1.0885
12 35 1.0788
12 36 1.07407
12 37 1.12839
12 38 1.12839
12 39 1.12839
12 40 1.12839
12 41 1.12839
12 42 1.10128
12 43 1.09127
12 44 1.08219
12 45 1.07701
12 46 1.14572
12 47 1.14572
12 48 1.14572
12 49 1.14572
12 50 1.14572
12 51 1.10734
12 52 1.09384
12 53 1.08265
12 54 1.07795
12 55 1.13416
12 56 1.13416
12 57 1.13416
12 58 1.13416
12 59 1.13416
12 60 1.10375
12 61 1.09227
12 62 1.08164
12 63 1.07649
12 64 1.11634
12 65 1.11634
12 66 1.11634
12 67 1.11634
12 68 1.11634
12 69 1.09636
12 70 1.08699
12 71 1.07837
12 72 1.07409
12 73 1.11112
12 74 1.11112
12 75 1.11112
12 76 1.11112
12 77 1.11112
12 78 1.09309
12 79 1.08601
12 80 1.07961
12 81 1.07526
12 82 1.11762
12 83 1.11762
12 84 1.11762
12 85 1.11762
12 86 1.11762
12 87 1.09671
12 88 1.08828
12 89 1.08021
12 90 1.0761
12 91 1.11347
12 92 1.11347
12 93 1.11347
12 94 1.11347
12 95 1.11347
12 96 1.09567
12 97 1.08738
12 98 1.07905
12 99 1.07472
12 100 1.10446
12 101 1.10446
12 102 1.10446
12 103 1.10446
12 104 1.10446
12 105 1.09007
12 106 1.08287
12 107 1.07598
12 108 1.07248
12 109 1.09714
12 110 1.09714
12 111 1.09714
12 112 1.09714
12 113 1.09714
12 114 1.08486
12 115 1.08052
12 116 1.07576
12 117 1.07211
12 118 1.10026
12 119 1.10026
12 120 1.10026
12 121 1.10026
12 122 1.10026
12 123 1.08687
12 124 1.08161
12 125 1.07634
12 126 1.07286
12 127 1.0982
12 128 1.0982
12 129 1.0982
12 130 1.0982
12 131 1.0982
12 132 1.08642
12 133 1.08083
12 134 1.0751
12 135 1.0717
12 136 1.09316
12 137 1.09316
12 138 1.09316
12 139 1.09316
12 140 1.09316
12 141 1.08285
12 142 1.07761
12 143 1.07244
12 144 1.06975
13 1 1.14598
13 2 1.14598
13 3 1.14598
13 4 1.14598
13 5 1.14598
13 6 1.10741
13 7 1.09409
13 8 1.08256
13 9 1.07657
13 10 1.30291
13 11 1.30291
13 12 1.30291
13 13 1.30291
13 14 1.30291
13 15 1.11867
13 16 1.09697
13 17 1.08318
13 18 1.07763
13 19 1.16073
13 20 1.16073
13 21 1.16073
13 22 1.16073
13 23 1.16073
13 24 1.11054
13 25 1.09436
13 26 1.08203
13 27 1.07634
13 28 1.12518
13 29 1.12518
13 30 1.12518
13 31 1.12518
13 32 1.12518
13 33 1.09964
13 34 1.0885
13 35 1.0788
13 36 1.07407
13 37 1.12839
13 38 1.12839
13 39 1.12839
13 40 1.12839
13 41 1.12839
13 42 1.10128
13 43 1.09127
13 44 1.08219
13 45 1.07701
13 46 1.14572
13 47 1.14572
13 48 1.14572
13 49 1.14572
13 50 1.14572
13 51 1.10734
13 52 1.09384
13 53 1.08265
13 54 1.07795
13 55 1.13416
13 56 1.13416
13 57 1.13416
13 58 1.13416
13 59 1.13416
13 60 1.10375
13 61 1.09227
13 62 1.08164
13 63 1.07649
13 64 1.11634
13 65 1.11634
13 66 1.11634
13 67 1.11634
13 68 1.11634
13 69 1.09636
13 70 1.08699
13 71 1.07837
13 72 1.07409
13 73 1.11112
13 74 1.11112
13 75 1.11112
13 76 1.11112
13 77 1.11112
13 78 1.09309
13 79 1.08601
13 80 1.07961
13 81 1.07526
13 82 1.11762
13 83 1.11762
13 84 1.11762
13 85 1.11762
13 86 1.11762
13 87 1.09671
13 88 1.08828
13 89 1.08021
13 90 1.0761
13 91 1.11347
13 92 1.11347
13 93 1.11347
13 94 1.11347
13 95 1.11347
13 96 1.09567
13 97 1.08738
13 98 1.07905
13 99 1.07472
13 100 1.10446
13 101 1.10446
13 102 1.10446
13 103 1.10446
13 104 1.10446
13 105 1.09007
13 106 1.08287
13 107 1.07598
13 108 1.07248
13 109 1.09714
13 110 1.09714
13 111 1.09714
13 112 1.09714
13 113 1.09714
13 114 1.08486
13 115 1.08052
13 116 1.07576
13 117 1.07211
13 118 1.10026
13 119 1.10026
13 120 1.10026
13 121 1.10026
13 122 1.10026
13 123 1.08687
13 124 1.08161
13 125 1.07634
13 126 1.07286
13 127 1.0982
13 128 1.0982
13 129 1.0982
13 130 1.0982
13 131 1.0982
13 132 1.08642
13 133 1.08083
13 134 1.0751
13 135 1.0717
13 136 1.09316
13 137 1.09316
13 138 1.09316
13 139 1.09316
13 140 1.09316
13 141 1.08285
13 142 1.07761
13 143 1.07244
13 144 1.06975
14 1 1.14598
14 2 1.14598
14 3 1.14598
14 4 1.14598
14 5 1.14598
14 6 1.10741
14 7 1.09409
14 8 1.08256
14 9 1.07657
14 10 1.30291
14 11 1.30291
14 12 1.30291
14 13 1.30291
14 14 1.30291
14 15 1.11867
14 16 1.09697
14 17 1.08318
14 18 1.07763
14 19 1.16073
14 20 1.16073
14 21 1.16073
14 22 1.16073
14 23 1.16073
14 24 1.11054
14 25 1.09436
14 26 1.08203
14 27 1.07634
14 28 1.12518
14 29 1.12518
14 30 1.12518
14 31 1.12518
14 32 1.12518
14 33 1.09964
14 34 1.0885
14 35 1.0788
14 36 1.07407
14 37 1.12839
14 38 1.12839
14 39 1.12839
14 40 1.12839
14 41 1.12839
14 42 1.10128
14 43 1.09127
14 44 1.08219
14 45 1.07701
14 46 1.14572
14 47 1.14572
14 48 1.14572
14 49 1.14572
14 50 1.14572
14 51 1.10734
14 52 1.09384
14 53 1.08265
14 54 1.07795
14 55 1.13416
14 56 1.13416
14 57 1.13416
14 58 1.13416
14 59 1.13416
14 60 1.10375
14 61 1.09227
14 62 1.08164
14 63 1.07649
14 64 1.11634
14 65 1.11634
14 66 1.11634
14 67 1.11634
14 68 1.11634
14 69 1.09636
14 70 1.08699
14 71 1.07837
14 72 1.07409
14 73 1.11112
14 74 1.11112
14 75 1.11112
14 76 1.11112
14 77 1.11112
14 78 1.09309
14 79 1.08601
14 80 1.07961
14 81 1.07526
14 82 1.11762
14 83 1.11762
14 84 1.11762
14 85 1.11762
14 86 1.11762
14 87 1.09671
14 88 1.08828
14 89 1.08021
14 90 1.0761
14 91 1.11347
14 92 1.11347
14 93 1.11347
14 94 1.11347
14 95 1.11347
14 96 1.09567
14 97 1.08738
14 98 1.07905
14 99 1.07472
14 100 1.10446
14 101 1.10446
14 102 1.10446
14 103 1.10446
14 104 1.10446
14 105 1.09007
14 106 1.08287
14 107 1.07598
14 108 1.07248
14 109 1.09714
14 110 1.09714
14 111 1.09714
14 112 1.09714
14 113 1.09714
14 114 1.08486
14 115 1.08052
14 116 1.07576
14 117 1.07211
14 118 1.10026
14 119 1.10026
14 120 1.10026
14 121 1.10026
14 122 1.10026
14 123 1.08687
14 124 1.08161
14 125 1.07634
14 126 1.07286
14 127 1.0982
14 128 1.0982
14 129 1.0982
14 130 1.0982
14 131 1.0982
14 132 1.08642
14 133 1.08083
14 134 1.0751
14 135 1.0717
14 136 1.09316
14 137 1.09316
14 138 1.09316
14 139 1.09316
14 140 1.09316
14 141 1.08285
14 142 1.07761
14 143 1.07244
14 144 1.06975
15 1 1.10802
15 2 1.10802
15 3 1.10802
15 4 1.10802
15 5 1.10802
15 6 1.39001
15 7 1.32665
15 8 1.23032
15 9 1.17657
15 10 1.11867
15 11 1.11867
15 12 1.11867
15 13 1.11867
15 14 1.11867
15 15 6.16895
15 16 1.93566
15 17 1.32498
15 18 1.20114
15 19 1.10976
15 20 1.10976
15 21 1.10976
15 22 1.10976
15 23 1.10976
15 24 1.56253
15 25 1.40273
15 26 1.25049
15 27 1.18171
15 28 1.09825
15 29 1.09825
15 30 1.09825
15 31 1.09825
15 32 1.09825
15 33 1.21874
15 34 1.20951
15 35 1.17459
15 36 1.15339
15 37 1.10373
15 38 1.10373
15 39 1.10373
15 40 1.10373
15 41 1.10373
15 42 1.24382
15 43 1.22752
15 44 1.19027
15 45 1.16495
15 46 1.11058
15 47 1.11058
15 48 1.11058
15 49 1.11058
15 50 1.11058
15 51 1.32361
15 52 1.28434
15 53 1.21415
15 54 1.17923
15 55 1.10473
15 56 1.10473
15 57 1.10473
15 58 1.10473
15 59 1.10473
15 60 1.25175
15 61 1.23841
15 62 1.19474
15 63 1.16638
15 64 1.09567
15 65 1.09567
15 66 1.09567
15 67 1.09567
15 68 1.09567
15 69 1.17259
15 70 1.17273
15 71 1.15613
15 72 1.14492
15 73 1.09554
15 74 1.09554
15 75 1.09554
15 76 1.09554
15 77 1.09554
15 78 1.16599
15 79 1.16389
15 80 1.15446
15 81 1.14457
15 82 1.09936
15 83 1.09936
15 84 1.09936
15 85 1.09936
15 86 1.09936
15 87 1.17833
15 88 1.17417
15 89 1.16212
15 90 1.152
15 91 1.09612
15 92 1.09612
15 93 1.09612
15 94 1.09612
15 95 1.09612
15 96 1.16417
15 97 1.16365
15 98 1.15315
15 99 1.14438
15 100 1.08994
15 101 1.08994
15 102 1.08994
15 103 1.08994
15 104 1.08994
15 105 1.13323
15 106 1.13781
15 107 1.13395
15 108 1.13044
15 109 1.087
15 110 1.087
15 111 1.087
15 112 1.087
15 113 1.087
15 114 1.12519
15 115 1.12996
15 116 1.1279
15 117 1.12445
15 118 1.08907
15 119 1.08907
15 120 1.08907
15 121 1.08907
15 122 1.08907
15 123 1.13096
15 124 1.13178
15 125 1.13103
15 126 1.12847
15 127 1.08714
15 128 1.08714
15 129 1.08714
15 130 1.08714
15 131 1.08714
15 132 1.12452
15 133 1.12692
15 134 1.12599
15 135 1.12396
15 136 1.08315
15 137 1.08315
15 138 1.08315
15 139 1.08315
15 140 1.08315
15 141 1.1085
15 142 1.11395
15 143 1.1152
15 144 1.11508
16 1 1.09277
16 2 1.09277
16 3 1.09277
16 4 1.09277
16 5 1.09277
16 6 1.32514
16 7 1.40943
16 8 1.32116
16 9 1.24733
16 10 1.09697
16 11 1.09697
16 12 1.09697
16 13 1.09697
16 14 1.09697
16 15 1.93566
16 16 6.14795
16 17 1.79036
16 18 1.31723
16 19 1.09303
16 20 1.09303
16 21 1.09303
16 22 1.09303
16 23 1.09303
16 24 1.40018
16 25 1.58876
16 26 1.39081
16 27 1.26516
16 28 1.08675
16 29 1.08675
16 30 1.08675
16 31 1.08675
16 32 1.08675
16 33 1.21113
16 34 1.24437
16 35 1.22647
16 36 1.20677
16 37 1.09113
16 38 1.09113
16 39 1.09113
16 40 1.09113
16 41 1.09113
16 42 1.23196
16 43 1.2573
16 44 1.24041
16 45 1.21879
16 46 1.09484
16 47 1.09484
16 48 1.09484
16 49 1.09484
16 50 1.09484
16 51 1.27004
16 52 1.35196
16 53 1.29902
16 54 1.25033
16 55 1.0913
16 56 1.0913
16 57 1.0913
16 58 1.0913
16 59 1.0913
16 60 1.23216
16 61 1.27906
16 62 1.25912
16 63 1.22746
16 64 1.08562
16 65 1.08562
16 66 1.08562
16 67 1.08562
16 68 1.08562
16 69 1.17366
16 70 1.19614
16 71 1.19534
16 72 1.18935
16 73 1.08622
16 74 1.08622
16 75 1.08622
16 76 1.08622
16 77 1.08622
16 78 1.17031
16 79 1.18211
16 80 1.18568
16 81 1.18204
16 82 1.08872
16 83 1.08872
16 84 1.08872
16 85 1.08872
16 86 1.08872
16 87 1.1766
16 88 1.19319
16 89 1.2
16 90 1.19576
16 91 1.08638
16 92 1.08638
16 93 1.08638
16 94 1.08638
16 95 1.08638
16 96 1.16502
16 97 1.18192
16 98 1.18796
16 99 1.18528
16 100 1.08199
16 101 1.08199
16 102 1.08199
16 103 1.08199
16 104 1.08199
16 105 1.13842
16 106 1.15474
16 107 1.16218
16 108 1.16395
16 109 1.08028
16 110 1.08028
16 111 1.08028
16 112 1.08028
16 113 1.08028
16 114 1.13281
16 115 1.14417
16 116 1.14937
16 117 1.15063
16 118 1.08176
16 119 1.08176
16 120 1.08176
16 121 1.08176
16 122 1.08176
16 123 1.13729
16 124 1.1456
16 125 1.15436
16 126 1.15712
16 127 1.08021
16 128 1.08021
16 129 1.08021
16 130 1.08021
16 131 1.08021
16 132 1.13041
16 133 1.14065
16 134 1.14886
16 135 1.15173
16 136 1.07714
16 137 1.07714
16 138 1.07714
16 139 1.07714
16 140 1.07714
16 141 1.11437
16 142 1.12711
16 143 1.13582
16 144 1.13956
17 1 1.08139
17 2 1.08139
17 3 1.08139
17 4 1.08139
17 5 1.08139
17 6 1.22464
17 7 1.30404
17 8 1.36696
17 9 1.32497
17 10 1.08318
17 11 1.08318
17 12 1.08318
17 13 1.08318
17 14 1.08318
17 15 1.32498
17 16 1.79036
17 17 4.25856
17 18 1.53786
17 19 1.08127
17 20 1.08127
17 21 1.08127
17 22 1.08127
17 23 1.08127
17 24 1.24662
17 25 1.37722
17 26 1.504
17 27 1.36919
17 28 1.07792
17 29 1.07792
17 30 1.07792
17 31 1.07792
17 32 1.07792
17 33 1.17733
17 34 1.22559
17 35 1.25889
17 36 1.26178
17 37 1.08128
17 38 1.08128
17 39 1.08128
17 40 1.08128
17 41 1.08128
17 42 1.19269
17 43 1.23411
17 44 1.26801
17 45 1.27145
17 46 1.08335
17 47 1.08335
17 48 1.08335
17 49 1.08335
17 50 1.08335
17 51 1.20324
17 52 1.28936
17 53 1.36492
17 54 1.33063
17 55 1.08124
17 56 1.08124
17 57 1.08124
17 58 1.08124
17 59 1.08124
17 60 1.18979
17 61 1.25132
17 62 1.30356
17 63 1.29347
17 64 1.07778
17 65 1.07778
17 66 1.07778
17 67 1.07778
17 68 1.07778
17 69 1.15908
17 70 1.19577
17 71 1.22446
17 72 1.23383
17 73 1.07859
17 74 1.07859
17 75 1.07859
17 76 1.07859
17 77 1.07859
17 78 1.16073
17 79 1.18325
17 80 1.20653
17 81 1.21574
17 82 1.08025
17 83 1.08025
17 84 1.08025
17 85 1.08025
17 86 1.08025
17 87 1.16216
17 88 1.19292
17 89 1.22815
17 90 1.23783
17 91 1.07864
17 92 1.07864
17 93 1.07864
17 94 1.07864
17 95 1.07864
17 96 1.15451
17 97 1.18422
17 98 1.21491
17 99 1.22517
17 100 1.07562
17 101 1.07562
17 102 1.07562
17 103 1.07562
17 104 1.07562
17 105 1.13626
17 106 1.16266
17 107 1.18559
17 108 1.19608
17 109 1.07462
17 110 1.07462
17 111 1.07462
17 112 1.07462
17 113 1.07462
17 114 1.13398
17 115 1.15081
17 116 1.16523
17 117 1.17322
17 118 1.07571
17 119 1.07571
17 120 1.07571
17 121 1.07571
17 122 1.07571
17 123 1.13708
17 124 1.15238
17 125 1.17261
17 126 1.18281
17 127 1.07453
17 128 1.07453
17 129 1.07453
17 130 1.07453
17 131 1.07453
17 132 1.13089
17 133 1.14843
17 134 1.16767
17 135 1.17723
17 136 1.07224
17 137 1.07224
17 138 1.07224
17 139 1.07224
17 140 1.07224
17 141 1.11696
17 142 1.13638
17 143 1.15365
17 144 1.1622
18 1 1.07661
18 2 1.07661
18 3 1.07661
18 4 1.07661
18 5 1.07661
18 6 1.18015
18 7 1.24098
18 8 1.32214
18 9 1.37125
18 10 1.07763
18 11 1.07763
18 12 1.07763
18 13 1.07763
18 14 1.07763
18 15 1.20114
18 16 1.31723
18 17 1.53786
18 18 2.11227
18 19 1.07638
18 20 1.07638
18 21 1.07638
18 22 1.07638
18 23 1.07638
18 24 1.1859
18 25 1.26617
18 26 1.37434
18 27 1.43791
18 28 1.07409
18 29 1.07409
18 30 1.07409
18 31 1.07409
18 32 1.07409
18 33 1.15855
18 34 1.20751
18 35 1.261
18 36 1.28962
18 37 1.07688
18 38 1.07688
18 39 1.07688
18 40 1.07688
18 41 1.07688
18 42 1.1694
18 43 1.21101
18 44 1.26296
18 45 1.29305
18 46 1.0783
18 47 1.0783
18 48 1.0783
18 49 1.0783
18 50 1.0783
18 51 1.16944
18 52 1.23653
18 53 1.32092
18 54 1.36407
18 55 1.07674
18 56 1.07674
18 57 1.07674
18 58 1.07674
18 59 1.07674
18 60 1.16452
18 61 1.21963
18 62 1.28887
18 63 1.32035
18 64 1.07419
18 65 1.07419
18 66 1.07419
18 67 1.07419
18 68 1.07419
18 69 1.14804
18 70 1.18788
18 71 1.23017
18 72 1.25221
18 73 1.07498
18 74 1.07498
18 75 1.07498
18 76 1.07498
18 77 1.07498
18 78 1.15159
18 79 1.17722
18 80 1.20933
18 81 1.22709
18 82 1.07624
18 83 1.07624
18 84 1.07624
18 85 1.07624
18 86 1.07624
18 87 1.15044
18 88 1.18392
18 89 1.22946
18 90 1.25125
18 91 1.07496
18 92 1.07496
18 93 1.07496
18 94 1.07496
18 95 1.07496
18 96 1.1449
18 97 1.17759
18 98 1.21862
18 99 1.23877
18 100 1.07257
18 101 1.07257
18 102 1.07257
18 103 1.07257
18 104 1.07257
18 105 1.13204
18 106 1.1618
18 107 1.1921
18 108 1.20783
18 109 1.07178
18 110 1.07178
18 111 1.07178
18 112 1.07178
18 113 1.07178
18 114 1.13134
18 115 1.14993
18 116 1.16864
18 117 1.1802
18 118 1.07268
18 119 1.07268
18 120 1.07268
18 121 1.07268
18 122 1.07268
18 123 1.13347
18 124 1.15122
18 125 1.17632
18 126 1.19047
18 127 1.07167
18 128 1.07167
18 129 1.07167
18 130 1.07167
18 131 1.07167
18 132 1.12796
18 133 1.14809
18 134 1.17221
18 135 1.18529
18 136 1.06976
18 137 1.06976
18 138 1.06976
18 139 1.06976
18 140 1.06976
18 141 1.11598
18 142 1.13786
18 143 1.15896
18 144 1.16987
19 1 1.11749
19 2 1.11749
19 3 1.11749
19 4 1.11749
19 5 1.11749
19 6 1.09609
19 7 1.08699
19 8 1.07843
19 9 1.07381
19 10 1.16073
19 11 1.16073
19 12 1.16073
19 13 1.16073
19 14 1.16073
19 15 1.10976
19 16 1.09303
19 17 1.08127
19 18 1.07638
19 19 1.30341
19 20 1.30341
19 21 1.30341
19 22 1.30341
19 23 1.30341
19 24 1.11724
19 25 1.09679
19 26 1.0827
19 27 1.07657
19 28 1.16137
19 29 1.16137
19 30 1.16137
19 31 1.16137
19 32 1.16137
19 33 1.11058
19 34 1.09435
19 35 1.08162
19 36 1.07565
19 37 1.11086
19 38 1.11086
19 39 1.11086
19 40 1.11086
19 41 1.11086
19 42 1.09325
19 43 1.0857
19 44 1.07853
19 45 1.07429
19 46 1.13404
19 47 1.13404
19 48 1.13404
19 49 1.13404
19 50 1.13404
19 51 1.10238
19 52 1.09069
19 53 1.0808
19 54 1.07664
19 55 1.14617
19 56 1.14617
19 57 1.14617
19 58 1.14617
19 59 1.14617
19 60 1.10611
19 61 1.09339
19 62 1.08189
19 63 1.07658
19 64 1.13487
19 65 1.13487
19 66 1.13487
19 67 1.13487
19 68 1.13487
19 69 1.10356
19 70 1.09125
19 71 1.08063
19 72 1.07549
19 73 1.10106
19 74 1.10106
19 75 1.10106
19 76 1.10106
19 77 1.10106
19 78 1.08778
19 79 1.08196
19 80 1.07656
19 81 1.0728
19 82 1.11341
19 83 1.11341
19 84 1.11341
19 85 1.11341
19 86 1.11341
19 87 1.09388
19 88 1.08603
19 89 1.07863
19 90 1.0749
19 91 1.11786
19 92 1.11786
19 93 1.11786
19 94 1.11786
19 95 1.11786
19 96 1.09627
19 97 1.08766
19 98 1.07907
19 99 1.07474
19 100 1.11407
19 101 1.11407
19 102 1.11407
19 103 1.11407
19 104 1.11407
19 105 1.09448
19 106 1.08572
19 107 1.07769
19 108 1.07368
19 109 1.09107
19 110 1.09107
19 111 1.09107
19 112 1.09107
19 113 1.09107
19 114 1.08122
19 115 1.07754
19 116 1.07329
19 117 1.07
19 118 1.09817
19 119 1.09817
19 120 1.09817
19 121 1.09817
19 122 1.09817
19 123 1.08508
19 124 1.07999
19 125 1.07507
19 126 1.07184
19 127 1.10038
19 128 1.10038
19 129 1.10038
19 130 1.10038
19 131 1.10038
19 132 1.08663
19 133 1.08079
19 134 1.07504
19 135 1.0717
19 136 1.09866
19 137 1.09866
19 138 1.09866
19 139 1.09866
19 140 1.09866
19 141 1.08571
19 142 1.07956
19 143 1.07375
19 144 1.07077
20 1 1.11749
20 2 1.11749
20 3 1.11749
20 4 1.11749
20 5 1.11749
20 6 1.09609
20 7 1.08699
20 8 1.07843
20 9 1.07381
20 10 1.16073
20 11 1.16073
20 12 1.16073
20 13 1.16073
20 14 1.16073
20 15 1.10976
20 16 1.09303
20 17 1.08127
20 18 1.07638
20 19 1.30341
20 20 1.30341
20 21 1.30341
20 22 1.30341
20 23 1.30341
20 24 1.11724
20 25 1.09679
20 26 1.0827
20 27 1.07657
20 28 1.16137
20 29 1.16137
20 30 1.16137
20 31 1.16137
20 32 1.16137
20 33 1.11058
20 34 1.09435
20 35 1.08162
20 36 1.07565
20 37 1.11086
20 38 1.11086
20 39 1.11086
20 40 1.11086
20 41 1.11086
20 42 1.09325
20 43 1.0857
20 44 1.07853
20 45 1.07429
20 46 1.13404
20 47 1.13404
20 48 1.13404
20 49 1.13404
20 50 1.13404
20 51 1.10238
20 52 1.09069
20 53 1.0808
20 54 1.07664
20 55 1.14617
20 56 1.14617
20 57 1.14617
20 58 1.14617
20 59 1.14617
20 60 1.10611
20 61 1.09339
20 62 1.08189
20 63 1.07658
20 64 1.13487
20 65 1.13487
20 66 1.13487
20 67 1.13487
20 68 1.13487
20 69 1.10356
20 70 1.09125
20 71 1.08063
20 72 1.07549
20 73 1.10106
20 74 1.10106
20 75 1.10106
20 76 1.10106
20 77 1.10106
20 78 1.08778
20 79 1.08196
20 80 1.07656
20 81 1.0728
20 82 1.11341
20 83 1.11341
20 84 1.11341
20 85 1.11341
20 86 1.11341
20 87 1.09388
20 88 1.08603
20 89 1.07863
20 90 1.0749
20 91 1.11786
20 92 1.11786
20 93 1.11786
20 94 1.11786
20 95 1.11786
20 96 1.09627
20 97 1.08766
20 98 1.07907
20 99 1.07474
20 100 1.11407
20 101 1.11407
20 102 1.11407
20 103 1.11407
20 104 1.11407
20 105 1.09448
20 106 1.08572
20 107 1.07769
20 108 1.07368
20 109 1.09107
20 110 1.09107
20 111 1.09107
20 112 1.09107
20 113 1.09107
20 114 1.08122
20 115 1.07754
20 116 1.07329
20 117 1.07
20 118 1.09817
20 119 1.09817
20 120 1.09817
20 121 1.09817
20 122 1.09817
20 123 1.08508
20 124 1.07999
20 125 1.07507
20 126 1.07184
20 127 1.10038
20 128 1.10038
20 129 1.10038
20 130 1.10038
20 131 1.10038
20 132 1.08663
20 133 1.08079
20 134 1.07504
20 135 1.0717
20 136 1.09866
20 137 1.09866
20 138 1.09866
20 139 1.09866
20 140 1.09866
20 141 1.08571
20 142 1.07956
20 143 1.07375
20 144 1.07077
21 1 1.11749
21 2 1.11749
21 3 1.11749
21 4 1.11749
21 5 1.11749
21 6 1.09609
21 7 1.08699
21 8 1.07843
21 9 1.07381
21 10 1.16073
21 11 1.16073
21 12 1.16073
21 13 1.16073
21 14 1.16073
21 15 1.10976
21 16 1.09303
21 17 1.08127
21 18 1.07638
21 19 1.30341
21 20 1.30341
21 21 1.30341
21 22 1.30341
21 23 1.30341
21 24 1.11724
21 25 1.09679
21 26 1.0827
21 27 1.07657
21 28 1.16137
21 29 1.16137
21 30 1.16137
21 31 1.16137
21 32 1.16137
21 33 1.11058
21 34 1.09435
