injected_el measured_el potential
1 1 1.30424
1 2 1.30424
1 3 1.30424
1 4 1.30424
1 5 1.30424
1 6 1.11792
1 7 1.09841
1 8 1.08438
1 9 1.07768
1 10 1.14614
1 11 1.14614
1 12 1.14614
1 13 1.14614
1 14 1.14614
1 15 1.10759
1 16 1.09235
1 17 1.08099
1 18 1.07609
1 19 1.11759
1 20 1.11759
1 21 1.11759
1 22 1.11759
1 23 1.11759
1 24 1.09587
1 25 1.086
1 26 1.07755
1 27 1.07336
1 28 1.10018
1 29 1.10018
1 30 1.10018
1 31 1.10018
1 32 1.10018
1 33 1.08642
1 34 1.0796
1 35 1.07329
1 36 1.07014
1 37 1.14709
1 38 1.14709
1 39 1.14709
1 40 1.14709
1 41 1.14709
1 42 1.10601
1 43 1.09387
1 44 1.0834
1 45 1.07797
1 46 1.1284
1 47 1.1284
1 48 1.1284
1 49 1.1284
1 50 1.1284
1 51 1.10199
1 52 1.09027
1 53 1.08048
1 54 1.07641
1 55 1.11094
1 56 1.11094
1 57 1.11094
1 58 1.11094
1 59 1.11094
1 60 1.09343
1 61 1.08524
1 62 1.07751
1 63 1.07359
1 64 1.09712
1 65 1.09712
1 66 1.09712
1 67 1.09712
1 68 1.09712
1 69 1.08536
1 70 1.07918
1 71 1.07328
1 72 1.0703
1 73 1.11881
1 74 1.11881
1 75 1.11881
1 76 1.11881
1 77 1.11881
1 78 1.09551
1 79 1.08757
1 80 1.0804
1 81 1.07617
1 82 1.11105
1 83 1.11105
1 84 1.11105
1 85 1.11105
1 86 1.11105
1 87 1.0937
1 88 1.08595
1 89 1.07827
1 90 1.07478
1 91 1.10107
1 92 1.10107
1 93 1.10107
1 94 1.10107
1 95 1.10107
1 96 1.08901
1 97 1.08231
1 98 1.07561
1 99 1.07216
1 100 1.09129
1 101 1.09129
1 102 1.09129
1 103 1.09129
1 104 1.09129
1 105 1.08193
1 106 1.07674
1 107 1.07165
1 108 1.06905
1 109 1.10132
1 110 1.10132
1 111 1.10132
1 112 1.10132
1 113 1.10132
1 114 1.08636
1 115 1.08125
1 116 1.07645
1 117 1.07299
1 118 1.09709
1 119 1.09709
1 120 1.09709
1 121 1.09709
1 122 1.09709
1 123 1.08539
1 124 1.08
1 125 1.07479
1 126 1.07186
1 127 1.09107
1 128 1.09107
1 129 1.09107
1 130 1.09107
1 131 1.09107
1 132 1.08241
1 133 1.07741
1 134 1.07242
1 135 1.06959
1 136 1.08432
1 137 1.08432
1 138 1.08432
1 139 1.08432
1 140 1.08432
1 141 1.07702
1 142 1.07299
1 143 1.06891
1 144 1.06679
2 1 1.30424
2 2 1.30424
2 3 1.30424
2 4 1.30424
2 5 1.30424
2 6 1.11792
2 7 1.09841
2 8 1.08438
2 9 1.07768
2 10 1.14614
2 11 1.14614
2 12 1.14614
2 13 1.14614
2 14 1.14614
2 15 1.10759
2 16 1.09235
2 17 1.08099
2 18 1.07609
2 19 1.11759
2 20 1.11759
2 21 1.11759
2 22 1.11759
2 23 1.11759
2 24 1.09587
2 25 1.086
2 26 1.07755
2 27 1.07336
2 28 1.10018
2 29 1.10018
2 30 1.10018
2 31 1.10018
2 32 1.10018
2 33 1.08642
2 34 1.0796
2 35 1.07329
2 36 1.07014
2 37 1.14709
2 38 1.14709
2 39 1.14709
2 40 1.14709
2 41 1.14709
2 42 1.10601
2 43 1.09387
2 44 1.0834
2 45 1.07797
2 46 1.1284
2 47 1.1284
2 48 1.1284
2 49 1.1284
2 50 1.1284
2 51 1.10199
2 52 1.09027
2 53 1.08048
2 54 1.07641
2 55 1.11094
2 56 1.11094
2 57 1.11094
2 58 1.11094
2 59 1.11094
2 60 1.09343
2 61 1.08524
2 62 1.07751
2 63 1.07359
2 64 1.09712
2 65 1.09712
2 66 1.09712
2 67 1.09712
2 68 1.09712
2 69 1.08536
2 70 1.07918
2 71 1.07328
2 72 1.0703
2 73 1.11881
2 74 1.11881
2 75 1.11881
2 76 1.11881
2 77 1.11881
2 78 1.09551
2 79 1.08757
2 80 1.0804
2 81 1.07617
2 82 1.11105
2 83 1.11105
2 84 1.11105
2 85 1.11105
2 86 1.11105
2 87 1.0937
2 88 1.08595
2 89 1.07827
2 90 1.07478
2 91 1.10107
2 92 1.10107
2 93 1.10107
2 94 1.10107
2 95 1.10107
2 96 1.08901
2 97 1.08231
2 98 1.07561
2 99 1.07216
2 100 1.09129
2 101 1.09129
2 102 1.09129
2 103 1.09129
2 104 1.09129
2 105 1.08193
2 106 1.07674
2 107 1.07165
2 108 1.06905
2 109 1.10132
2 110 1.10132
2 111 1.10132
2 112 1.10132
2 113 1.10132
2 114 1.08636
2 115 1.08125
2 116 1.07645
2 117 1.07299
2 118 1.09709
2 119 1.09709
2 120 1.09709
2 121 1.09709
2 122 1.09709
2 123 1.08539
2 124 1.08
2 125 1.07479
2 126 1.07186
2 127 1.09107
2 128 1.09107
2 129 1.09107
2 130 1.09107
2 131 1.09107
2 132 1.08241
2 133 1.07741
2 134 1.07242
2 135 1.06959
2 136 1.08432
2 137 1.08432
2 138 1.08432
2 139 1.08432
2 140 1.08432
2 141 1.07702
2 142 1.07299
2 143 1.06891
2 144 1.06679
3 1 1.30424
3 2 1.30424
3 3 1.30424
3 4 1.30424
3 5 1.30424
3 6 1.11792
3 7 1.09841
3 8 1.08438
3 9 1.07768
3 10 1.14614
3 11 1.14614
3 12 1.14614
3 13 1.14614
3 14 1.14614
3 15 1.10759
3 16 1.09235
3 17 1.08099
3 18 1.07609
3 19 1.11759
3 20 1.11759
3 21 1.11759
3 22 1.11759
3 23 1.11759
3 24 1.09587
3 25 1.086
3 26 1.07755
3 27 1.07336
3 28 1.10018
3 29 1.10018
3 30 1.10018
3 31 1.10018
3 32 1.10018
3 33 1.08642
3 34 1.0796
3 35 1.07329
3 36 1.07014
3 37 1.14709
3 38 1.14709
3 39 1.14709
3 40 1.14709
3 41 1.14709
3 42 1.10601
3 43 1.09387
3 44 1.0834
3 45 1.07797
3 46 1.1284
3 47 1.1284
3 48 1.1284
3 49 1.1284
3 50 1.1284
3 51 1.10199
3 52 1.09027
3 53 1.08048
3 54 1.07641
3 55 1.11094
3 56 1.11094
3 57 1.11094
3 58 1.11094
3 59 1.11094
3 60 1.09343
3 61 1.08524
3 62 1.07751
3 63 1.07359
3 64 1.09712
3 65 1.09712
3 66 1.09712
3 67 1.09712
3 68 1.09712
3 69 1.08536
3 70 1.07918
3 71 1.07328
3 72 1.0703
3 73 1.11881
3 74 1.11881
3 75 1.11881
3 76 1.11881
3 77 1.11881
3 78 1.09551
3 79 1.08757
3 80 1.0804
3 81 1.07617
3 82 1.11105
3 83 1.11105
3 84 1.11105
3 85 1.11105
3 86 1.11105
3 87 1.0937
3 88 1.08595
3 89 1.07827
3 90 1.07478
3 91 1.10107
3 92 1.10107
3 93 1.10107
3 94 1.10107
3 95 1.10107
3 96 1.08901
3 97 1.08231
3 98 1.07561
3 99 1.07216
3 100 1.09129
3 101 1.09129
3 102 1.09129
3 103 1.09129
3 104 1.09129
3 105 1.08193
3 106 1.07674
3 107 1.07165
3 108 1.06905
3 109 1.10132
3 110 1.10132
3 111 1.10132
3 112 1.10132
3 113 1.10132
3 114 1.08636
3 115 1.08125
3 116 1.07645
3 117 1.07299
3 118 1.09709
3 119 1.09709
3 120 1.09709
3 121 1.09709
3 122 1.09709
3 123 1.08539
3 124 1.08
3 125 1.07479
3 126 1.07186
3 127 1.09107
3 128 1.09107
3 129 1.09107
3 130 1.09107
3 131 1.09107
3 132 1.08241
3 133 1.07741
3 134 1.07242
3 135 1.06959
3 136 1.08432
3 137 1.08432
3 138 1.08432
3 139 1.08432
3 140 1.08432
3 141 1.07702
3 142 1.07299
3 143 1.06891
3 144 1.06679
4 1 1.30424
4 2 1.30424
4 3 1.30424
4 4 1.30424
4 5 1.30424
4 6 1.11792
4 7 1.09841
4 8 1.08438
4 9 1.07768
4 10 1.14614
4 11 1.14614
4 12 1.14614
4 13 1.14614
4 14 1.14614
4 15 1.10759
4 16 1.09235
4 17 1.08099
4 18 1.07609
4 19 1.11759
4 20 1.11759
4 21 1.11759
4 22 1.11759
4 23 1.11759
4 24 1.09587
4 25 1.086
4 26 1.07755
4 27 1.07336
4 28 1.10018
4 29 1.10018
4 30 1.10018
4 31 1.10018
4 32 1.10018
4 33 1.08642
4 34 1.0796
4 35 1.07329
4 36 1.07014
4 37 1.14709
4 38 1.14709
4 39 1.14709
4 40 1.14709
4 41 1.14709
4 42 1.10601
4 43 1.09387
4 44 1.0834
4 45 1.07797
4 46 1.1284
4 47 1.1284
4 48 1.1284
4 49 1.1284
4 50 1.1284
4 51 1.10199
4 52 1.09027
4 53 1.08048
4 54 1.07641
4 55 1.11094
4 56 1.11094
4 57 1.11094
4 58 1.11094
4 59 1.11094
4 60 1.09343
4 61 1.08524
4 62 1.07751
4 63 1.07359
4 64 1.09712
4 65 1.09712
4 66 1.09712
4 67 1.09712
4 68 1.09712
4 69 1.08536
4 70 1.07918
4 71 1.07328
4 72 1.0703
4 73 1.11881
4 74 1.11881
4 75 1.11881
4 76 1.11881
4 77 1.11881
4 78 1.09551
4 79 1.08757
4 80 1.0804
4 81 1.07617
4 82 1.11105
4 83 1.11105
4 84 1.11105
4 85 1.11105
4 86 1.11105
4 87 1.0937
4 88 1.08595
4 89 1.07827
4 90 1.07478
4 91 1.10107
4 92 1.10107
4 93 1.10107
4 94 1.10107
4 95 1.10107
4 96 1.08901
4 97 1.08231
4 98 1.07561
4 99 1.07216
4 100 1.09129
4 101 1.09129
4 102 1.09129
4 103 1.09129
4 104 1.09129
4 105 1.08193
4 106 1.07674
4 107 1.07165
4 108 1.06905
4 109 1.10132
4 110 1.10132
4 111 1.10132
4 112 1.10132
4 113 1.10132
4 114 1.08636
4 115 1.08125
4 116 1.07645
4 117 1.07299
4 118 1.09709
4 119 1.09709
4 120 1.09709
4 121 1.09709
4 122 1.09709
4 123 1.08539
4 124 1.08
4 125 1.07479
4 126 1.07186
4 127 1.09107
4 128 1.09107
4 129 1.09107
4 130 1.09107
4 131 1.09107
4 132 1.08241
4 133 1.07741
4 134 1.07242
4 135 1.06959
4 136 1.08432
4 137 1.08432
4 138 1.08432
4 139 1.08432
4 140 1.08432
4 141 1.07702
4 142 1.07299
4 143 1.06891
4 144 1.06679
5 1 1.30424
5 2 1.30424
5 3 1.30424
5 4 1.30424
5 5 1.30424
5 6 1.11792
5 7 1.09841
5 8 1.08438
5 9 1.07768
5 10 1.14614
5 11 1.14614
5 12 1.14614
5 13 1.14614
5 14 1.14614
5 15 1.10759
5 16 1.09235
5 17 1.08099
5 18 1.07609
5 19 1.11759
5 20 1.11759
5 21 1.11759
5 22 1.11759
5 23 1.11759
5 24 1.09587
5 25 1.086
5 26 1.07755
5 27 1.07336
5 28 1.10018
5 29 1.10018
5 30 1.10018
5 31 1.10018
5 32 1.10018
5 33 1.08642
5 34 1.0796
5 35 1.07329
5 36 1.07014
5 37 1.14709
5 38 1.14709
5 39 1.14709
5 40 1.14709
5 41 1.14709
5 42 1.10601
5 43 1.09387
5 44 1.0834
5 45 1.07797
5 46 1.1284
5 47 1.1284
5 48 1.1284
5 49 1.1284
5 50 1.1284
5 51 1.10199
5 52 1.09027
5 53 1.08048
5 54 1.07641
5 55 1.11094
5 56 1.11094
5 57 1.11094
5 58 1.11094
5 59 1.11094
5 60 1.09343
5 61 1.08524
5 62 1.07751
5 63 1.07359
5 64 1.09712
5 65 1.09712
5 66 1.09712
5 67 1.09712
5 68 1.09712
5 69 1.08536
5 70 1.07918
5 71 1.07328
5 72 1.0703
5 73 1.11881
5 74 1.11881
5 75 1.11881
5 76 1.11881
5 77 1.11881
5 78 1.09551
5 79 1.08757
5 80 1.0804
5 81 1.07617
5 82 1.11105
5 83 1.11105
5 84 1.11105
5 85 1.11105
5 86 1.11105
5 87 1.0937
5 88 1.08595
5 89 1.07827
5 90 1.07478
5 91 1.10107
5 92 1.10107
5 93 1.10107
5 94 1.10107
5 95 1.10107
5 96 1.08901
5 97 1.08231
5 98 1.07561
5 99 1.07216
5 100 1.09129
5 101 1.09129
5 102 1.09129
5 103 1.09129
5 104 1.09129
5 105 1.08193
5 106 1.07674
5 107 1.07165
5 108 1.06905
5 109 1.10132
5 110 1.10132
5 111 1.10132
5 112 1.10132
5 113 1.10132
5 114 1.08636
5 115 1.08125
5 116 1.07645
5 117 1.07299
5 118 1.09709
5 119 1.09709
5 120 1.09709
5 121 1.09709
5 122 1.09709
5 123 1.08539
5 124 1.08
5 125 1.07479
5 126 1.07186
5 127 1.09107
5 128 1.09107
5 129 1.09107
5 130 1.09107
5 131 1.09107
5 132 1.08241
5 133 1.07741
5 134 1.07242
5 135 1.06959
5 136 1.08432
5 137 1.08432
5 138 1.08432
5 139 1.08432
5 140 1.08432
5 141 1.07702
5 142 1.07299
5 143 1.06891
5 144 1.06679
6 1 1.11792
6 2 1.11792
6 3 1.11792
6 4 1.11792
6 5 1.11792
6 6 5.81819
6 7 1.96813
6 8 1.36295
6 9 1.20126
6 10 1.10697
6 11 1.10697
6 12 1.10697
6 13 1.10697
6 14 1.10697
6 15 1.39445
6 16 1.32678
6 17 1.22548
6 18 1.17857
6 19 1.09563
6 20 1.09563
6 21 1.09563
6 22 1.09563
6 23 1.09563
6 24 1.17953
6 25 1.18089
6 26 1.16351
6 27 1.14964
6 28 1.08609
6 29 1.08609
6 30 1.08609
6 31 1.08609
6 32 1.08609
6 33 1.12164
6 34 1.1279
6 35 1.12724
6 36 1.12545
6 37 1.10939
6 38 1.10939
6 39 1.10939
6 40 1.10939
6 41 1.10939
6 42 1.38323
6 43 1.32501
6 44 1.23289
6 45 1.1828
6 46 1.10337
6 47 1.10337
6 48 1.10337
6 49 1.10337
6 50 1.10337
6 51 1.22931
6 52 1.22373
6 53 1.1873
6 54 1.16643
6 55 1.09395
6 56 1.09395
6 57 1.09395
6 58 1.09395
6 59 1.09395
6 60 1.15178
6 61 1.15731
6 62 1.15111
6 63 1.14318
6 64 1.08529
6 65 1.08529
6 66 1.08529
6 67 1.08529
6 68 1.08529
6 69 1.11606
6 70 1.12193
6 71 1.12278
6 72 1.12211
6 73 1.0988
6 74 1.0988
6 75 1.0988
6 76 1.0988
6 77 1.0988
6 78 1.19083
6 79 1.18821
6 80 1.17009
6 81 1.15554
6 82 1.09545
6 83 1.09545
6 84 1.09545
6 85 1.09545
6 86 1.09545
6 87 1.15583
6 88 1.15939
6 89 1.15236
6 90 1.14552
6 91 1.08896
6 92 1.08896
6 93 1.08896
6 94 1.08896
6 95 1.08896
6 96 1.12886
6 97 1.13296
6 98 1.13267
6 99 1.12991
6 100 1.08203
6 101 1.08203
6 102 1.08203
6 103 1.08203
6 104 1.08203
6 105 1.10589
6 106 1.11131
6 107 1.11355
6 108 1.11402
6 109 1.08909
6 110 1.08909
6 111 1.08909
6 112 1.08909
6 113 1.08909
6 114 1.13184
6 115 1.13601
6 116 1.13453
6 117 1.1309
6 118 1.08688
6 119 1.08688
6 120 1.08688
6 121 1.08688
6 122 1.08688
6 123 1.12246
6 124 1.12521
6 125 1.12631
6 126 1.12499
6 127 1.08254
6 128 1.08254
6 129 1.08254
6 130 1.08254
6 131 1.08254
6 132 1.11003
6 133 1.11349
6 134 1.11546
6 135 1.11512
6 136 1.07738
6 137 1.07738
6 138 1.07738
6 139 1.07738
6 140 1.07738
6 141 1.09496
6 142 1.09997
6 143 1.10283
6 144 1.10388
7 1 1.09841
7 2 1.09841
7 3 1.09841
7 4 1.09841
7 5 1.09841
7 6 1.96813
7 7 5.80075
7 8 1.87821
7 9 1.29861
7 10 1.09318
7 11 1.09318
7 12 1.09318
7 13 1.09318
7 14 1.09318
7 15 1.32903
7 16 1.41644
7 17 1.31069
7 18 1.24244
7 19 1.0862
7 20 1.0862
7 21 1.0862
7 22 1.0862
7 23 1.0862
7 24 1.18008
7 25 1.20611
7 26 1.20277
7 27 1.19122
7 28 1.07954
7 29 1.07954
7 30 1.07954
7 31 1.07954
7 32 1.07954
7 33 1.12765
7 34 1.14341
7 35 1.1514
7 36 1.15355
7 37 1.09563
7 38 1.09563
7 39 1.09563
7 40 1.09563
7 41 1.09563
7 42 1.32859
7 43 1.40019
7 44 1.31087
7 45 1.24491
7 46 1.0921
7 47 1.0921
7 48 1.0921
7 49 1.0921
7 50 1.0921
7 51 1.21746
7 52 1.25506
7 53 1.2362
7 54 1.21532
7 55 1.08567
7 56 1.08567
7 57 1.08567
7 58 1.08567
7 59 1.08567
7 60 1.1551
7 61 1.17579
7 62 1.18267
7 63 1.17849
7 64 1.0793
7 65 1.0793
7 66 1.0793
7 67 1.0793
7 68 1.0793
7 69 1.12172
7 70 1.13561
7 71 1.14426
7 72 1.1473
7 73 1.0895
7 74 1.0895
7 75 1.0895
7 76 1.0895
7 77 1.0895
7 78 1.19296
7 79 1.21075
7 80 1.20528
7 81 1.19498
7 82 1.08728
7 83 1.08728
7 84 1.08728
7 85 1.08728
7 86 1.08728
7 87 1.15825
7 88 1.17606
7 89 1.18225
7 90 1.17957
7 91 1.08241
7 92 1.08241
7 93 1.08241
7 94 1.08241
7 95 1.08241
7 96 1.13352
7 97 1.14659
7 98 1.15598
7 99 1.15718
7 100 1.07697
7 101 1.07697
7 102 1.07697
7 103 1.07697
7 104 1.07697
7 105 1.11117
7 106 1.12282
7 107 1.13134
7 108 1.13494
7 109 1.08271
7 110 1.08271
7 111 1.08271
7 112 1.08271
7 113 1.08271
7 114 1.13937
7 115 1.15066
7 116 1.15655
7 117 1.15717
7 118 1.08108
7 119 1.08108
7 120 1.08108
7 121 1.08108
7 122 1.08108
7 123 1.12832
7 124 1.13766
7 125 1.14638
7 126 1.14865
7 127 1.07759
7 128 1.07759
7 129 1.07759
7 130 1.07759
7 131 1.07759
7 132 1.1155
7 133 1.1245
7 134 1.13272
7 135 1.13542
7 136 1.07334
7 137 1.07334
7 138 1.07334
7 139 1.07334
7 140 1.07334
7 141 1.09973
7 142 1.10946
7 143 1.11701
7 144 1.12046
8 1 1.08438
8 2 1.08438
8 3 1.08438
8 4 1.08438
8 5 1.08438
8 6 1.36295
8 7 1.87821
8 8 5.85113
8 9 1.52376
8 10 1.08177
8 11 1.08177
8 12 1.08177
8 13 1.08177
8 14 1.08177
8 15 1.23095
8 16 1.32455
8 17 1.37613
8 18 1.32538
8 19 1.07776
8 20 1.07776
8 21 1.07776
8 22 1.07776
8 23 1.07776
8 24 1.16277
8 25 1.20396
8 26 1.23387
8 27 1.2375
8 28 1.07344
8 29 1.07344
8 30 1.07344
8 31 1.07344
8 32 1.07344
8 33 1.12767
8 34 1.15259
8 35 1.17365
8 36 1.18304
8 37 1.08384
8 38 1.08384
8 39 1.08384
8 40 1.08384
8 41 1.08384
8 42 1.23168
8 43 1.30497
8 44 1.35665
8 45 1.32214
8 46 1.08193
8 47 1.08193
8 48 1.08193
8 49 1.08193
8 50 1.08193
8 51 1.18054
8 52 1.23593
8 53 1.27089
8 54 1.26938
8 55 1.07791
8 56 1.07791
8 57 1.07791
8 58 1.07791
8 59 1.07791
8 60 1.14693
8 61 1.1799
8 62 1.20866
8 63 1.21522
8 64 1.07355
8 65 1.07355
8 66 1.07355
8 67 1.07355
8 68 1.07355
8 69 1.12265
8 70 1.14454
8 71 1.16386
8 72 1.17275
8 73 1.08064
8 74 1.08064
8 75 1.08064
8 76 1.08064
8 77 1.08064
8 78 1.17112
8 79 1.2008
8 80 1.2262
8 81 1.23457
8 82 1.07931
8 83 1.07931
8 84 1.07931
8 85 1.07931
8 86 1.07931
8 87 1.14743
8 88 1.17711
8 89 1.20497
8 90 1.21299
8 91 1.07594
8 92 1.07594
8 93 1.07594
8 94 1.07594
8 95 1.07594
8 96 1.13091
8 97 1.15291
8 98 1.17564
8 99 1.1838
8 100 1.07196
8 101 1.07196
8 102 1.07196
8 103 1.07196
8 104 1.07196
8 105 1.11317
8 106 1.13113
8 107 1.14744
8 108 1.1553
8 109 1.07625
8 110 1.07625
8 111 1.07625
8 112 1.07625
8 113 1.07625
8 114 1.13709
8 115 1.15466
8 116 1.17228
8 117 1.18133
8 118 1.07514
8 119 1.07514
8 120 1.07514
8 121 1.07514
8 122 1.07514
8 123 1.12726
8 124 1.14339
8 125 1.1623
8 126 1.17033
8 127 1.0725
8 128 1.0725
8 129 1.0725
8 130 1.0725
8 131 1.0725
8 132 1.1166
8 133 1.13139
8 134 1.14734
8 135 1.15426
8 136 1.0692
8 137 1.0692
8 138 1.0692
8 139 1.0692
8 140 1.0692
8 141 1.10237
8 142 1.11678
8 143 1.12968
8 144 1.13602
9 1 1.07768
9 2 1.07768
9 3 1.07768
9 4 1.07768
9 5 1.07768
9 6 1.20126
9 7 1.29861
9 8 1.52376
9 9 2.13035
9 10 1.07603
9 11 1.07603
9 12 1.07603
9 13 1.07603
9 14 1.07603
9 15 1.17715
9 16 1.24866
9 17 1.3287
9 18 1.3744
9 19 1.07334
9 20 1.07334
9 21 1.07334
9 22 1.07334
9 23 1.07334
9 24 1.14898
9 25 1.19358
9 26 1.24011
9 27 1.2605
9 28 1.07014
9 29 1.07014
9 30 1.07014
9 31 1.07014
9 32 1.07014
9 33 1.12538
9 34 1.15437
9 35 1.18283
9 36 1.19715
9 37 1.07793
9 38 1.07793
9 39 1.07793
9 40 1.07793
9 41 1.07793
9 42 1.17936
9 43 1.23531
9 44 1.31242
9 45 1.37029
9 46 1.07665
9 47 1.07665
9 48 1.07665
9 49 1.07665
9 50 1.07665
9 51 1.15648
9 52 1.21198
9 53 1.26976
9 54 1.29565
9 55 1.07374
9 56 1.07374
9 57 1.07374
9 58 1.07374
9 59 1.07374
9 60 1.13904
9 61 1.1761
9 62 1.21624
9 63 1.23199
9 64 1.07038
9 65 1.07038
9 66 1.07038
9 67 1.07038
9 68 1.07038
9 69 1.12109
9 70 1.14659
9 71 1.17174
9 72 1.18429
9 73 1.07601
9 74 1.07601
9 75 1.07601
9 76 1.07601
9 77 1.07601
9 78 1.15554
9 79 1.18856
9 80 1.22985
9 81 1.25478
9 82 1.07503
9 83 1.07503
9 84 1.07503
9 85 1.07503
9 86 1.07503
9 87 1.13859
9 88 1.17264
9 89 1.21179
9 90 1.22818
9 91 1.07239
9 92 1.07239
9 93 1.07239
9 94 1.07239
9 95 1.07239
9 96 1.12715
9 97 1.15308
9 98 1.1829
9 99 1.19558
9 100 1.06915
9 101 1.06915
9 102 1.06915
9 103 1.06915
9 104 1.06915
9 105 1.1127
9 106 1.13361
9 107 1.15403
9 108 1.16429
9 109 1.07278
9 110 1.07278
9 111 1.07278
9 112 1.07278
9 113 1.07278
9 114 1.13368
9 115 1.15408
9 116 1.1784
9 117 1.193
9 118 1.07186
9 119 1.07186
9 120 1.07186
9 121 1.07186
9 122 1.07186
9 123 1.12476
9 124 1.14413
9 125 1.16847
9 126 1.18
9 127 1.06964
9 128 1.06964
9 129 1.06964
9 130 1.06964
9 131 1.06964
9 132 1.11562
9 133 1.13319
9 134 1.15318
9 135 1.1625
9 136 1.06684
9 137 1.06684
9 138 1.06684
9 139 1.06684
9 140 1.06684
9 141 1.10268
9 142 1.1193
9 143 1.13493
9 144 1.1428
10 1 1.14614
10 2 1.14614
10 3 1.14614
10 4 1.14614
10 5 1.14614
10 6 1.10697
10 7 1.09318
10 8 1.08177
10 9 1.07603
10 10 1.30326
10 11 1.30326
10 12 1.30326
10 13 1.30326
10 14 1.30326
10 15 1.11799
10 16 1.09639
10 17 1.08255
10 18 1.07691
10 19 1.16095
10 20 1.16095
10 21 1.16095
10 22 1.16095
10 23 1.16095
10 24 1.1102
10 25 1.09386
10 26 1.08144
10 27 1.07572
10 28 1.12531
10 29 1.12531
10 30 1.12531
10 31 1.12531
10 32 1.12531
10 33 1.09926
10 34 1.08802
10 35 1.07832
10 36 1.07361
10 37 1.12849
10 38 1.12849
10 39 1.12849
10 40 1.12849
10 41 1.12849
10 42 1.10095
10 43 1.09056
10 44 1.08138
10 45 1.07644
10 46 1.14596
10 47 1.14596
10 48 1.14596
10 49 1.14596
10 50 1.14596
10 51 1.10712
10 52 1.09288
10 53 1.08164
10 54 1.07715
10 55 1.13436
10 56 1.13436
10 57 1.13436
10 58 1.13436
10 59 1.13436
10 60 1.10319
10 61 1.09134
10 62 1.08078
10 63 1.07579
10 64 1.11645
10 65 1.11645
10 66 1.11645
10 67 1.11645
10 68 1.11645
10 69 1.09588
10 70 1.08639
10 71 1.07781
10 72 1.07359
10 73 1.11116
10 74 1.11116
10 75 1.11116
10 76 1.11116
10 77 1.11116
10 78 1.09297
10 79 1.0855
10 80 1.07885
10 81 1.07481
10 82 1.11769
10 83 1.11769
10 84 1.11769
10 85 1.11769
10 86 1.11769
10 87 1.0966
10 88 1.08768
10 89 1.07914
10 90 1.0754
10 91 1.11357
10 92 1.11357
10 93 1.11357
10 94 1.11357
10 95 1.11357
10 96 1.09513
10 97 1.0866
10 98 1.0782
10 99 1.07409
10 100 1.10454
10 101 1.10454
10 102 1.10454
10 103 1.10454
10 104 1.10454
10 105 1.08972
10 106 1.08239
10 107 1.07548
10 108 1.07201
10 109 1.09715
10 110 1.09715
10 111 1.09715
10 112 1.09715
10 113 1.09715
10 114 1.08468
10 115 1.07984
10 116 1.07522
10 117 1.07181
10 118 1.10027
10 119 1.10027
10 120 1.10027
10 121 1.10027
10 122 1.10027
10 123 1.08708
10 124 1.08104
10 125 1.07544
10 126 1.07236
10 127 1.09823
10 128 1.09823
10 129 1.09823
10 130 1.09823
10 131 1.09823
10 132 1.08628
10 133 1.08028
10 134 1.07442
10 135 1.07122
10 136 1.0932
10 137 1.0932
10 138 1.0932
10 139 1.0932
10 140 1.0932
10 141 1.08264
10 142 1.07726
10 143 1.07205
10 144 1.06937
11 1 1.14614
11 2 1.14614
11 3 1.14614
11 4 1.14614
11 5 1.14614
11 6 1.10697
11 7 1.09318
11 8 1.08177
11 9 1.07603
11 10 1.30326
11 11 1.30326
11 12 1.30326
11 13 1.30326
11 14 1.30326
11 15 1.11799
11 16 1.09639
11 17 1.08255
11 18 1.07691
11 19 1.16095
11 20 1.16095
11 21 1.16095
11 22 1.16095
11 23 1.16095
11 24 1.1102
11 25 1.09386
11 26 1.08144
11 27 1.07572
11 28 1.12531
11 29 1.12531
11 30 1.12531
11 31 1.12531
11 32 1.12531
11 33 1.09926
11 34 1.08802
11 35 1.07832
11 36 1.07361
11 37 1.12849
11 38 1.12849
11 39 1.12849
11 40 1.12849
11 41 1.12849
11 42 1.10095
11 43 1.09056
11 44 1.08138
11 45 1.07644
11 46 1.14596
11 47 1.14596
11 48 1.14596
11 49 1.14596
11 50 1.14596
11 51 1.10712
11 52 1.09288
11 53 1.08164
11 54 1.07715
11 55 1.13436
11 56 1.13436
11 57 1.13436
11 58 1.13436
11 59 1.13436
11 60 1.10319
11 61 1.09134
11 62 1.08078
11 63 1.07579
11 64 1.11645
11 65 1.11645
11 66 1.11645
11 67 1.11645
11 68 1.11645
11 69 1.09588
11 70 1.08639
11 71 1.07781
11 72 1.07359
11 73 1.11116
11 74 1.11116
11 75 1.11116
11 76 1.11116
11 77 1.11116
11 78 1.09297
11 79 1.0855
11 80 1.07885
11 81 1.07481
11 82 1.11769
11 83 1.11769
11 84 1.11769
11 85 1.11769
11 86 1.11769
11 87 1.0966
11 88 1.08768
11 89 1.07914
11 90 1.0754
11 91 1.11357
11 92 1.11357
11 93 1.11357
11 94 1.11357
11 95 1.11357
11 96 1.09513
11 97 1.0866
11 98 1.0782
11 99 1.07409
11 100 1.10454
11 101 1.10454
11 102 1.10454
11 103 1.10454
11 104 1.10454
11 105 1.08972
11 106 1.08239
11 107 1.07548
11 108 1.07201
11 109 1.09715
11 110 1.09715
11 111 1.09715
11 112 1.09715
11 113 1.09715
11 114 1.08468
11 115 1.07984
11 116 1.07522
11 117 1.07181
11 118 1.10027
11 119 1.10027
11 120 1.10027
11 121 1.10027
11 122 1.10027
11 123 1.08708
11 124 1.08104
11 125 1.07544
11 126 1.07236
11 127 1.09823
11 128 1.09823
11 129 1.09823
11 130 1.09823
11 131 1.09823
11 132 1.08628
11 133 1.08028
11 134 1.07442
11 135 1.07122
11 136 1.0932
11 137 1.0932
11 138 1.0932
11 139 1.0932
11 140 1.0932
11 141 1.08264
11 142 1.07726
11 143 1.07205
11 144 1.06937
12 1 1.14614
12 2 1.14614
12 3 1.14614
12 4 1.14614
12 5 1.14614
12 6 1.10697
12 7 1.09318
12 8 1.08177
12 9 1.07603
12 10 1.30326
12 11 1.30326
12 12 1.30326
12 13 1.30326
12 14 1.30326
12 15 1.11799
12 16 1.09639
12 17 1.08255
12 18 1.07691
12 19 1.16095
12 20 1.16095
12 21 1.16095
12 22 1.16095
12 23 1.16095
12 24 1.1102
12 25 1.09386
12 26 1.08144
12 27 1.07572
12 28 1.12531
12 29 1.12531
12 30 1.12531
12 31 1.12531
12 32 1.12531
12 33 1.09926
12 34 1.08802
12 35 1.07832
12 36 1.07361
12 37 1.12849
12 38 1.12849
12 39 1.12849
12 40 1.12849
12 41 1.12849
12 42 1.10095
12 43 1.09056
12 44 1.08138
12 45 1.07644
12 46 1.14596
12 47 1.14596
12 48 1.14596
12 49 1.14596
12 50 1.14596
12 51 1.10712
12 52 1.09288
12 53 1.08164
12 54 1.07715
12 55 1.13436
12 56 1.13436
12 57 1.13436
12 58 1.13436
12 59 1.13436
12 60 1.10319
12 61 1.09134
12 62 1.08078
12 63 1.07579
12 64 1.11645
12 65 1.11645
12 66 1.11645
12 67 1.11645
12 68 1.11645
12 69 1.09588
12 70 1.08639
12 71 1.07781
12 72 1.07359
12 73 1.11116
12 74 1.11116
12 75 1.11116
12 76 1.11116
12 77 1.11116
12 78 1.09297
12 79 1.0855
12 80 1.07885
12 81 1.07481
12 82 1.11769
12 83 1.11769
12 84 1.11769
12 85 1.11769
12 86 1.11769
12 87 1.0966
12 88 1.08768
12 89 1.07914
12 90 1.0754
12 91 1.11357
12 92 1.11357
12 93 1.11357
12 94 1.11357
12 95 1.11357
12 96 1.09513
12 97 1.0866
12 98 1.0782
12 99 1.07409
12 100 1.10454
12 101 1.10454
12 102 1.10454
12 103 1.10454
12 104 1.10454
12 105 1.08972
12 106 1.08239
12 107 1.07548
12 108 1.07201
12 109 1.09715
12 110 1.09715
12 111 1.09715
12 112 1.09715
12 113 1.09715
12 114 1.08468
12 115 1.07984
12 116 1.07522
12 117 1.07181
12 118 1.10027
12 119 1.10027
12 120 1.10027
12 121 1.10027
12 122 1.10027
12 123 1.08708
12 124 1.08104
12 125 1.07544
12 126 1.07236
12 127 1.09823
12 128 1.09823
12 129 1.09823
12 130 1.09823
12 131 1.09823
12 132 1.08628
12 133 1.08028
12 134 1.07442
12 135 1.07122
12 136 1.0932
12 137 1.0932
12 138 1.0932
12 139 1.0932
12 140 1.0932
12 141 1.08264
12 142 1.07726
12 143 1.07205
12 144 1.06937
13 1 1.14614
13 2 1.14614
13 3 1.14614
13 4 1.14614
13 5 1.14614
13 6 1.10697
13 7 1.09318
13 8 1.08177
13 9 1.07603
13 10 1.30326
13 11 1.30326
13 12 1.30326
13 13 1.30326
13 14 1.30326
13 15 1.11799
13 16 1.09639
13 17 1.08255
13 18 1.07691
13 19 1.16095
13 20 1.16095
13 21 1.16095
13 22 1.16095
13 23 1.16095
13 24 1.1102
13 25 1.09386
13 26 1.08144
13 27 1.07572
13 28 1.12531
13 29 1.12531
13 30 1.12531
13 31 1.12531
13 32 1.12531
13 33 1.09926
13 34 1.08802
13 35 1.07832
13 36 1.07361
13 37 1.12849
13 38 1.12849
13 39 1.12849
13 40 1.12849
13 41 1.12849
13 42 1.10095
13 43 1.09056
13 44 1.08138
13 45 1.07644
13 46 1.14596
13 47 1.14596
13 48 1.14596
13 49 1.14596
13 50 1.14596
13 51 1.10712
13 52 1.09288
13 53 1.08164
13 54 1.07715
13 55 1.13436
13 56 1.13436
13 57 1.13436
13 58 1.13436
13 59 1.13436
13 60 1.10319
13 61 1.09134
13 62 1.08078
13 63 1.07579
13 64 1.11645
13 65 1.11645
13 66 1.11645
13 67 1.11645
13 68 1.11645
13 69 1.09588
13 70 1.08639
13 71 1.07781
13 72 1.07359
13 73 1.11116
13 74 1.11116
13 75 1.11116
13 76 1.11116
13 77 1.11116
13 78 1.09297
13 79 1.0855
13 80 1.07885
13 81 1.07481
13 82 1.11769
13 83 1.11769
13 84 1.11769
13 85 1.11769
13 86 1.11769
13 87 1.0966
13 88 1.08768
13 89 1.07914
13 90 1.0754
13 91 1.11357
13 92 1.11357
13 93 1.11357
13 94 1.11357
13 95 1.11357
13 96 1.09513
13 97 1.0866
13 98 1.0782
13 99 1.07409
13 100 1.10454
13 101 1.10454
13 102 1.10454
13 103 1.10454
13 104 1.10454
13 105 1.08972
13 106 1.08239
13 107 1.07548
13 108 1.07201
13 109 1.09715
13 110 1.09715
13 111 1.09715
13 112 1.09715
13 113 1.09715
13 114 1.08468
13 115 1.07984
13 116 1.07522
13 117 1.07181
13 118 1.10027
13 119 1.10027
13 120 1.10027
13 121 1.10027
13 122 1.10027
13 123 1.08708
13 124 1.08104
13 125 1.07544
13 126 1.07236
13 127 1.09823
13 128 1.09823
13 129 1.09823
13 130 1.09823
13 131 1.09823
13 132 1.08628
13 133 1.08028
13 134 1.07442
13 135 1.07122
13 136 1.0932
13 137 1.0932
13 138 1.0932
13 139 1.0932
13 140 1.0932
13 141 1.08264
13 142 1.07726
13 143 1.07205
13 144 1.06937
14 1 1.14614
14 2 1.14614
14 3 1.14614
14 4 1.14614
14 5 1.14614
14 6 1.10697
14 7 1.09318
14 8 1.08177
14 9 1.07603
14 10 1.30326
14 11 1.30326
14 12 1.30326
14 13 1.30326
14 14 1.30326
14 15 1.11799
14 16 1.09639
14 17 1.08255
14 18 1.07691
14 19 1.16095
14 20 1.16095
14 21 1.16095
14 22 1.16095
14 23 1.16095
14 24 1.1102
14 25 1.09386
14 26 1.08144
14 27 1.07572
14 28 1.12531
14 29 1.12531
14 30 1.12531
14 31 1.12531
14 32 1.12531
14 33 1.09926
14 34 1.08802
14 35 1.07832
14 36 1.07361
14 37 1.12849
14 38 1.12849
14 39 1.12849
14 40 1.12849
14 41 1.12849
14 42 1.10095
14 43 1.09056
14 44 1.08138
14 45 1.07644
14 46 1.14596
14 47 1.14596
14 48 1.14596
14 49 1.14596
14 50 1.14596
14 51 1.10712
14 52 1.09288
14 53 1.08164
14 54 1.07715
14 55 1.13436
14 56 1.13436
14 57 1.13436
14 58 1.13436
14 59 1.13436
14 60 1.10319
14 61 1.09134
14 62 1.08078
14 63 1.07579
14 64 1.11645
14 65 1.11645
14 66 1.11645
14 67 1.11645
14 68 1.11645
14 69 1.09588
14 70 1.08639
14 71 1.07781
14 72 1.07359
14 73 1.11116
14 74 1.11116
14 75 1.11116
14 76 1.11116
14 77 1.11116
14 78 1.09297
14 79 1.0855
14 80 1.07885
14 81 1.07481
14 82 1.11769
14 83 1.11769
14 84 1.11769
14 85 1.11769
14 86 1.11769
14 87 1.0966
14 88 1.08768
14 89 1.07914
14 90 1.0754
14 91 1.11357
14 92 1.11357
14 93 1.11357
14 94 1.11357
14 95 1.11357
14 96 1.09513
14 97 1.0866
14 98 1.0782
14 99 1.07409
14 100 1.10454
14 101 1.10454
14 102 1.10454
14 103 1.10454
14 104 1.10454
14 105 1.08972
14 106 1.08239
14 107 1.07548
14 108 1.07201
14 109 1.09715
14 110 1.09715
14 111 1.09715
14 112 1.09715
14 113 1.09715
14 114 1.08468
14 115 1.07984
14 116 1.07522
14 117 1.07181
14 118 1.10027
14 119 1.10027
14 120 1.10027
14 121 1.10027
14 122 1.10027
14 123 1.08708
14 124 1.08104
14 125 1.07544
14 126 1.07236
14 127 1.09823
14 128 1.09823
14 129 1.09823
14 130 1.09823
14 131 1.09823
14 132 1.08628
14 133 1.08028
14 134 1.07442
14 135 1.07122
14 136 1.0932
14 137 1.0932
14 138 1.0932
14 139 1.0932
14 140 1.0932
14 141 1.08264
14 142 1.07726
14 143 1.07205
14 144 1.06937
15 1 1.10759
15 2 1.10759
15 3 1.10759
15 4 1.10759
15 5 1.10759
15 6 1.39445
15 7 1.32903
15 8 1.23095
15 9 1.17715
15 10 1.11799
15 11 1.11799
15 12 1.11799
15 13 1.11799
15 14 1.11799
15 15 6.54891
15 16 2.00671
15 17 1.34143
15 18 1.20215
15 19 1.10962
15 20 1.10962
15 21 1.10962
15 22 1.10962
15 23 1.10962
15 24 1.60881
15 25 1.43105
15 26 1.25977
15 27 1.18347
15 28 1.09826
15 29 1.09826
15 30 1.09826
15 31 1.09826
15 32 1.09826
15 33 1.22608
15 34 1.21638
15 35 1.17823
15 36 1.15506
15 37 1.10322
15 38 1.10322
15 39 1.10322
15 40 1.10322
15 41 1.10322
15 42 1.23697
15 43 1.22174
15 44 1.18725
15 45 1.16419
15 46 1.10946
15 47 1.10946
15 48 1.10946
15 49 1.10946
15 50 1.10946
15 51 1.34052
15 52 1.29627
15 53 1.21639
15 54 1.17896
15 55 1.104
15 56 1.104
15 57 1.104
15 58 1.104
15 59 1.104
15 60 1.26216
15 61 1.24703
15 62 1.19726
15 63 1.16674
15 64 1.09535
15 65 1.09535
15 66 1.09535
15 67 1.09535
15 68 1.09535
15 69 1.17447
15 70 1.17501
15 71 1.1575
15 72 1.1456
15 73 1.09508
15 74 1.09508
15 75 1.09508
15 76 1.09508
15 77 1.09508
15 78 1.16046
15 79 1.15887
15 80 1.15121
15 81 1.14329
15 82 1.09865
15 83 1.09865
15 84 1.09865
15 85 1.09865
15 86 1.09865
15 87 1.17067
15 88 1.17137
15 89 1.15961
15 90 1.15075
15 91 1.09545
15 92 1.09545
15 93 1.09545
15 94 1.09545
15 95 1.09545
15 96 1.16
15 97 1.16195
15 98 1.15199
15 99 1.14379
15 100 1.08953
15 101 1.08953
15 102 1.08953
15 103 1.08953
15 104 1.08953
15 105 1.1324
15 106 1.13732
15 107 1.13376
15 108 1.13035
15 109 1.08659
15 110 1.08659
15 111 1.08659
15 112 1.08659
15 113 1.08659
15 114 1.12196
15 115 1.1251
15 116 1.12527
15 117 1.12303
15 118 1.08857
15 119 1.08857
15 120 1.08857
15 121 1.08857
15 122 1.08857
15 123 1.12603
15 124 1.12751
15 125 1.12832
15 126 1.12694
15 127 1.08664
15 128 1.08664
15 129 1.08664
15 130 1.08664
15 131 1.08664
15 132 1.12068
15 133 1.1237
15 134 1.12411
15 135 1.12291
15 136 1.08276
15 137 1.08276
15 138 1.08276
15 139 1.08276
15 140 1.08276
15 141 1.10716
15 142 1.11265
15 143 1.11437
15 144 1.11454
16 1 1.09235
16 2 1.09235
16 3 1.09235
16 4 1.09235
16 5 1.09235
16 6 1.32678
16 7 1.41644
16 8 1.32455
16 9 1.24866
16 10 1.09639
16 11 1.09639
16 12 1.09639
16 13 1.09639
16 14 1.09639
16 15 2.00671
16 16 6.4499
16 17 1.84217
16 18 1.31733
16 19 1.09275
16 20 1.09275
16 21 1.09275
16 22 1.09275
16 23 1.09275
16 24 1.42704
16 25 1.62528
16 26 1.40241
16 27 1.26654
16 28 1.08662
16 29 1.08662
16 30 1.08662
16 31 1.08662
16 32 1.08662
16 33 1.2165
16 34 1.25119
16 35 1.23026
16 36 1.2084
16 37 1.0907
16 38 1.0907
16 39 1.0907
16 40 1.0907
16 41 1.0907
16 42 1.22582
16 43 1.25254
16 44 1.23877
16 45 1.21895
16 46 1.09394
16 47 1.09394
16 48 1.09394
16 49 1.09394
16 50 1.09394
16 51 1.28104
16 52 1.37521
16 53 1.3058
16 54 1.25106
16 55 1.09064
16 56 1.09064
16 57 1.09064
16 58 1.09064
16 59 1.09064
16 60 1.24029
16 61 1.2915
16 62 1.26326
16 63 1.2283
16 64 1.08529
16 65 1.08529
16 66 1.08529
16 67 1.08529
16 68 1.08529
16 69 1.17533
16 70 1.19893
16 71 1.19717
16 72 1.19029
16 73 1.08587
16 74 1.08587
16 75 1.08587
16 76 1.08587
16 77 1.08587
16 78 1.16489
16 79 1.17769
16 80 1.18347
16 81 1.18143
16 82 1.08814
16 83 1.08814
16 84 1.08814
16 85 1.08814
16 86 1.08814
16 87 1.16935
16 88 1.19252
16 89 1.19937
16 90 1.19547
16 91 1.0858
16 92 1.0858
16 93 1.0858
16 94 1.0858
16 95 1.0858
16 96 1.16142
16 97 1.18165
16 98 1.18798
16 99 1.18536
16 100 1.08162
16 101 1.08162
16 102 1.08162
16 103 1.08162
16 104 1.08162
16 105 1.13781
16 106 1.15472
16 107 1.16246
16 108 1.16425
16 109 1.07998
16 110 1.07998
16 111 1.07998
16 112 1.07998
16 113 1.07998
16 114 1.12956
16 115 1.13947
16 116 1.14737
16 117 1.14963
16 118 1.08139
16 119 1.08139
16 120 1.08139
16 121 1.08139
16 122 1.08139
16 123 1.13178
16 124 1.14183
16 125 1.15279
16 126 1.1562
16 127 1.07981
16 128 1.07981
16 129 1.07981
16 130 1.07981
16 131 1.07981
16 132 1.12646
16 133 1.13788
16 134 1.14774
16 135 1.15119
16 136 1.07681
16 137 1.07681
16 138 1.07681
16 139 1.07681
16 140 1.07681
16 141 1.11317
16 142 1.12608
16 143 1.13534
16 144 1.13936
17 1 1.08099
17 2 1.08099
17 3 1.08099
17 4 1.08099
17 5 1.08099
17 6 1.22548
17 7 1.31069
17 8 1.37613
17 9 1.3287
17 10 1.08255
17 11 1.08255
17 12 1.08255
17 13 1.08255
17 14 1.08255
17 15 1.34143
17 16 1.84217
17 17 4.68123
17 18 1.53934
17 19 1.08077
17 20 1.08077
17 21 1.08077
17 22 1.08077
17 23 1.08077
17 24 1.25417
17 25 1.38805
17 26 1.51025
17 27 1.36971
17 28 1.07755
17 29 1.07755
17 30 1.07755
17 31 1.07755
17 32 1.07755
17 33 1.17847
17 34 1.22763
17 35 1.2603
17 36 1.26256
17 37 1.08092
17 38 1.08092
17 39 1.08092
17 40 1.08092
17 41 1.08092
17 42 1.18896
17 43 1.23268
17 44 1.2696
17 45 1.27364
17 46 1.08254
17 47 1.08254
17 48 1.08254
17 49 1.08254
17 50 1.08254
17 51 1.20618
17 52 1.30168
17 53 1.37382
17 54 1.33294
17 55 1.08053
17 56 1.08053
17 57 1.08053
17 58 1.08053
17 59 1.08053
17 60 1.19181
17 61 1.25664
17 62 1.30548
17 63 1.29438
17 64 1.07731
17 65 1.07731
17 66 1.07731
17 67 1.07731
17 68 1.07731
17 69 1.15881
17 70 1.19639
17 71 1.22514
17 72 1.23441
17 73 1.07833
17 74 1.07833
17 75 1.07833
17 76 1.07833
17 77 1.07833
17 78 1.15665
17 79 1.18093
17 80 1.20658
17 81 1.21648
17 82 1.07974
17 83 1.07974
17 84 1.07974
17 85 1.07974
17 86 1.07974
17 87 1.15579
17 88 1.19317
17 89 1.22962
17 90 1.2389
17 91 1.07807
17 92 1.07807
17 93 1.07807
17 94 1.07807
17 95 1.07807
17 96 1.15091
17 97 1.18386
17 98 1.21549
17 99 1.22581
17 100 1.07519
17 101 1.07519
17 102 1.07519
17 103 1.07519
17 104 1.07519
17 105 1.13518
17 106 1.16218
17 107 1.18572
17 108 1.19641
17 109 1.07444
17 110 1.07444
17 111 1.07444
17 112 1.07444
17 113 1.07444
17 114 1.13141
17 115 1.1474
17 116 1.16461
17 117 1.17311
17 118 1.07542
17 119 1.07542
17 120 1.07542
17 121 1.07542
17 122 1.07542
17 123 1.13167
17 124 1.1498
17 125 1.17273
17 126 1.18281
17 127 1.07416
17 128 1.07416
17 129 1.07416
17 130 1.07416
17 131 1.07416
17 132 1.12705
17 133 1.14629
17 134 1.16743
17 135 1.17726
17 136 1.07189
17 137 1.07189
17 138 1.07189
17 139 1.07189
17 140 1.07189
17 141 1.11575
17 142 1.13545
17 143 1.15336
17 144 1.16222
18 1 1.07609
18 2 1.07609
18 3 1.07609
18 4 1.07609
18 5 1.07609
18 6 1.17857
18 7 1.24244
18 8 1.32538
18 9 1.3744
18 10 1.07691
18 11 1.07691
18 12 1.07691
18 13 1.07691
18 14 1.07691
18 15 1.20215
18 16 1.31733
18 17 1.53934
18 18 2.12051
18 19 1.07576
18 20 1.07576
18 21 1.07576
18 22 1.07576
18 23 1.07576
18 24 1.18646
18 25 1.26658
18 26 1.37392
18 27 1.44213
18 28 1.07363
18 29 1.07363
18 30 1.07363
18 31 1.07363
18 32 1.07363
18 33 1.15839
18 34 1.20821
18 35 1.26256
18 36 1.29196
18 37 1.07644
18 38 1.07644
18 39 1.07644
18 40 1.07644
18 41 1.07644
18 42 1.16585
18 43 1.20962
18 44 1.26416
18 45 1.29533
18 46 1.07747
18 47 1.07747
18 48 1.07747
18 49 1.07747
18 50 1.07747
18 51 1.16846
18 52 1.24098
18 53 1.32536
18 54 1.36838
18 55 1.07601
18 56 1.07601
18 57 1.07601
18 58 1.07601
18 59 1.07601
18 60 1.16414
18 61 1.22177
18 62 1.29074
18 63 1.32365
18 64 1.07369
18 65 1.07369
18 66 1.07369
18 67 1.07369
18 68 1.07369
18 69 1.14742
18 70 1.18832
18 71 1.2316
18 72 1.25424
18 73 1.07468
18 74 1.07468
18 75 1.07468
18 76 1.07468
18 77 1.07468
18 78 1.14798
18 79 1.17564
18 80 1.21007
18 81 1.22814
18 82 1.07572
18 83 1.07572
18 84 1.07572
18 85 1.07572
18 86 1.07572
18 87 1.14468
18 88 1.18425
18 89 1.2319
18 90 1.25351
18 91 1.07439
18 92 1.07439
18 93 1.07439
18 94 1.07439
18 95 1.07439
18 96 1.14165
18 97 1.17754
18 98 1.22019
18 99 1.24076
18 100 1.07213
18 101 1.07213
18 102 1.07213
18 103 1.07213
18 104 1.07213
18 105 1.13114
18 106 1.16173
18 107 1.19303
18 108 1.20923
18 109 1.07159
18 110 1.07159
18 111 1.07159
18 112 1.07159
18 113 1.07159
18 114 1.12914
18 115 1.14726
18 116 1.16863
18 117 1.18043
18 118 1.07239
18 119 1.07239
18 120 1.07239
18 121 1.07239
18 122 1.07239
18 123 1.12842
18 124 1.14945
18 125 1.17749
18 126 1.19123
18 127 1.07132
18 128 1.07132
18 129 1.07132
18 130 1.07132
18 131 1.07132
18 132 1.12453
18 133 1.14666
18 134 1.17288
18 135 1.18617
18 136 1.06943
18 137 1.06943
18 138 1.06943
18 139 1.06943
18 140 1.06943
18 141 1.11507
18 142 1.13741
18 143 1.15934
18 144 1.17065
19 1 1.11759
19 2 1.11759
19 3 1.11759
19 4 1.11759
19 5 1.11759
19 6 1.09563
19 7 1.0862
19 8 1.07776
19 9 1.07334
19 10 1.16095
19 11 1.16095
19 12 1.16095
19 13 1.16095
19 14 1.16095
19 15 1.10962
19 16 1.09275
19 17 1.08077
19 18 1.07576
19 19 1.30362
19 20 1.30362
19 21 1.30362
19 22 1.30362
19 23 1.30362
19 24 1.11722
19 25 1.09651
19 26 1.08231
19 27 1.07606
19 28 1.16151
19 29 1.16151
19 30 1.16151
19 31 1.16151
19 32 1.16151
19 33 1.11043
19 34 1.09403
19 35 1.08126
19 36 1.07528
19 37 1.11093
19 38 1.11093
19 39 1.11093
19 40 1.11093
19 41 1.11093
19 42 1.09278
19 43 1.08491
19 44 1.07776
19 45 1.07378
19 46 1.13424
19 47 1.13424
19 48 1.13424
19 49 1.13424
19 50 1.13424
19 51 1.10224
19 52 1.08994
19 53 1.07995
19 54 1.07594
19 55 1.14636
19 56 1.14636
19 57 1.14636
19 58 1.14636
19 59 1.14636
19 60 1.10603
19 61 1.09274
19 62 1.08122
19 63 1.07599
19 64 1.13499
19 65 1.13499
19 66 1.13499
19 67 1.13499
19 68 1.13499
19 69 1.10338
19 70 1.09086
19 71 1.08021
19 72 1.07507
19 73 1.10108
19 74 1.10108
19 75 1.10108
19 76 1.10108
19 77 1.10108
19 78 1.08755
19 79 1.08135
19 80 1.07583
19 81 1.07239
19 82 1.11347
19 83 1.11347
19 84 1.11347
19 85 1.11347
19 86 1.11347
19 87 1.09376
19 88 1.08552
19 89 1.07767
19 90 1.07428
19 91 1.11795
19 92 1.11795
19 93 1.11795
19 94 1.11795
19 95 1.11795
19 96 1.096
19 97 1.08713
19 98 1.07837
19 99 1.0742
19 100 1.11415
19 101 1.11415
19 102 1.11415
19 103 1.11415
19 104 1.11415
19 105 1.0943
19 106 1.0854
19 107 1.0773
19 108 1.07329
19 109 1.09107
19 110 1.09107
19 111 1.09107
19 112 1.09107
19 113 1.09107
19 114 1.08101
19 115 1.0768
19 116 1.07276
19 117 1.06971
19 118 1.09817
19 119 1.09817
19 120 1.09817
19 121 1.09817
19 122 1.09817
19 123 1.08525
19 124 1.07947
19 125 1.07423
19 126 1.07139
19 127 1.10041
19 128 1.10041
19 129 1.10041
19 130 1.10041
19 131 1.10041
19 132 1.08661
19 133 1.08042
19 134 1.07445
19 135 1.07129
19 136 1.0987
19 137 1.0987
19 138 1.0987
19 139 1.0987
19 140 1.0987
19 141 1.08557
19 142 1.07931
19 143 1.07343
19 144 1.07045
20 1 1.11759
20 2 1.11759
20 3 1.11759
20 4 1.11759
20 5 1.11759
20 6 1.09563
20 7 1.0862
20 8 1.07776
20 9 1.07334
20 10 1.16095
20 11 1.16095
20 12 1.16095
20 13 1.16095
20 14 1.16095
20 15 1.10962
20 16 1.09275
20 17 1.08077
20 18 1.07576
20 19 1.30362
20 20 1.30362
20 21 1.30362
20 22 1.30362
20 23 1.30362
20 24 1.11722
20 25 1.09651
20 26 1.08231
20 27 1.07606
20 28 1.16151
20 29 1.16151
20 30 1.16151
20 31 1.16151
20 32 1.16151
20 33 1.11043
20 34 1.09403
20 35 1.08126
20 36 1.07528
20 37 1.11093
20 38 1.11093
20 39 1.11093
20 40 1.11093
20 41 1.11093
20 42 1.09278
20 43 1.08491
20 44 1.07776
20 45 1.07378
20 46 1.13424
20 47 1.13424
20 48 1.13424
20 49 1.13424
20 50 1.13424
20 51 1.10224
20 52 1.08994
20 53 1.07995
20 54 1.07594
20 55 1.14636
20 56 1.14636
20 57 1.14636
20 58 1.14636
20 59 1.14636
20 60 1.10603
20 61 1.09274
20 62 1.08122
20 63 1.07599
20 64 1.13499
20 65 1.13499
20 66 1.13499
20 67 1.13499
20 68 1.13499
20 69 1.10338
20 70 1.09086
20 71 1.08021
20 72 1.07507
20 73 1.10108
20 74 1.10108
20 75 1.10108
20 76 1.10108
20 77 1.10108
20 78 1.08755
20 79 1.08135
20 80 1.07583
20 81 1.07239
20 82 1.11347
20 83 1.11347
20 84 1.11347
20 85 1.11347
20 86 1.11347
20 87 1.09376
20 88 1.08552
20 89 1.07767
20 90 1.07428
20 91 1.11795
20 92 1.11795
20 93 1.11795
20 94 1.11795
20 95 1.11795
20 96 1.096
20 97 1.08713
20 98 1.07837
20 99 1.0742
20 100 1.11415
20 101 1.11415
20 102 1.11415
20 103 1.11415
20 104 1.11415
20 105 1.0943
20 106 1.0854
20 107 1.0773
20 108 1.07329
20 109 1.09107
20 110 1.09107
20 111 1.09107
20 112 1.09107
20 113 1.09107
20 114 1.08101
20 115 1.0768
20 116 1.07276
20 117 1.06971
20 118 1.09817
20 119 1.09817
20 120 1.09817
20 121 1.09817
20 122 1.09817
20 123 1.08525
20 124 1.07947
20 125 1.07423
20 126 1.07139
20 127 1.10041
20 128 1.10041
20 129 1.10041
20 130 1.10041
20 131 1.10041
20 132 1.08661
20 133 1.08042
20 134 1.07445
20 135 1.07129
20 136 1.0987
20 137 1.0987
20 138 1.0987
20 139 1.0987
20 140 1.0987
20 141 1.08557
20 142 1.07931
20 143 1.07343
20 144 1.07045
21 1 1.11759
21 2 1.11759
21 3 1.11759
21 4 1.11759
21 5 1.11759
21 6 1.09563
21 7 1.0862
21 8 1.07776
21 9 1.07334
21 10 1.16095
21 11 1.16095
21 12 1.16095
21 13 1.16095
21 14 1.16095
21 15 1.10962
21 16 1.09275
21 17 1.08077
21 18 1.07576
21 19 1.30362
21 20 1.30362
21 21 1.30362
21 22 1.30362
21 23 1.30362
21 24 1.11722
21 25 1.09651
21 26 1.08231
21 27 1.07606
21 28 1.16151
21 29 1.16151
21 30 1.16151
21 31 1.16151
21 32 1.16151
21 33 1.11043
21 34 1.09403
21 35 1.08126
