injected_el measured_el potential
1 1 1.30463
1 2 1.30463
1 3 1.30463
1 4 1.30463
1 5 1.30463
1 6 1.1182
1 7 1.09748
1 8 1.08322
1 9 1.07679
1 10 1.14649
1 11 1.14649
1 12 1.14649
1 13 1.14649
1 14 1.14649
1 15 1.10679
1 16 1.09186
1 17 1.08028
1 18 1.07497
1 19 1.11782
1 20 1.11782
1 21 1.11782
1 22 1.11782
1 23 1.11782
1 24 1.09545
1 25 1.0854
1 26 1.07669
1 27 1.07242
1 28 1.10032
1 29 1.10032
1 30 1.10032
1 31 1.10032
1 32 1.10032
1 33 1.08594
1 34 1.07898
1 35 1.0726
1 36 1.06942
1 37 1.14735
1 38 1.14735
1 39 1.14735
1 40 1.14735
1 41 1.14735
1 42 1.107
1 43 1.09348
1 44 1.08211
1 45 1.0769
1 46 1.12879
1 47 1.12879
1 48 1.12879
1 49 1.12879
1 50 1.12879
1 51 1.10144
1 52 1.08912
1 53 1.07931
1 54 1.07504
1 55 1.11119
1 56 1.11119
1 57 1.11119
1 58 1.11119
1 59 1.11119
1 60 1.09264
1 61 1.084
1 62 1.07626
1 63 1.07245
1 64 1.09725
1 65 1.09725
1 66 1.09725
1 67 1.09725
1 68 1.09725
1 69 1.08455
1 70 1.07824
1 71 1.07239
1 72 1.06946
1 73 1.11892
1 74 1.11892
1 75 1.11892
1 76 1.11892
1 77 1.11892
1 78 1.09646
1 79 1.08752
1 80 1.07904
1 81 1.07522
1 82 1.11127
1 83 1.11127
1 84 1.11127
1 85 1.11127
1 86 1.11127
1 87 1.09355
1 88 1.08474
1 89 1.07681
1 90 1.07346
1 91 1.10124
1 92 1.10124
1 93 1.10124
1 94 1.10124
1 95 1.10124
1 96 1.08771
1 97 1.08076
1 98 1.07422
1 99 1.07103
1 100 1.09138
1 101 1.09138
1 102 1.09138
1 103 1.09138
1 104 1.09138
1 105 1.0811
1 106 1.07577
1 107 1.07074
1 108 1.06821
1 109 1.10134
1 110 1.10134
1 111 1.10134
1 112 1.10134
1 113 1.10134
1 114 1.08726
1 115 1.08106
1 116 1.07521
1 117 1.07229
1 118 1.09716
1 119 1.09716
1 120 1.09716
1 121 1.09716
1 122 1.09716
1 123 1.08582
1 124 1.07928
1 125 1.07333
1 126 1.07077
1 127 1.09114
1 128 1.09114
1 129 1.09114
1 130 1.09114
1 131 1.09114
1 132 1.08162
1 133 1.0762
1 134 1.07113
1 135 1.0686
1 136 1.08437
1 137 1.08437
1 138 1.08437
1 139 1.08437
1 140 1.08437
1 141 1.07642
1 142 1.07218
1 143 1.06811
1 144 1.06603
2 1 1.30463
2 2 1.30463
2 3 1.30463
2 4 1.30463
2 5 1.30463
2 6 1.1182
2 7 1.09748
2 8 1.08322
2 9 1.07679
2 10 1.14649
2 11 1.14649
2 12 1.14649
2 13 1.14649
2 14 1.14649
2 15 1.10679
2 16 1.09186
2 17 1.08028
2 18 1.07497
2 19 1.11782
2 20 1.11782
2 21 1.11782
2 22 1.11782
2 23 1.11782
2 24 1.09545
2 25 1.0854
2 26 1.07669
2 27 1.07242
2 28 1.10032
2 29 1.10032
2 30 1.10032
2 31 1.10032
2 32 1.10032
2 33 1.08594
2 34 1.07898
2 35 1.0726
2 36 1.06942
2 37 1.14735
2 38 1.14735
2 39 1.14735
2 40 1.14735
2 41 1.14735
2 42 1.107
2 43 1.09348
2 44 1.08211
2 45 1.0769
2 46 1.12879
2 47 1.12879
2 48 1.12879
2 49 1.12879
2 50 1.12879
2 51 1.10144
2 52 1.08912
2 53 1.07931
2 54 1.07504
2 55 1.11119
2 56 1.11119
2 57 1.11119
2 58 1.11119
2 59 1.11119
2 60 1.09264
2 61 1.084
2 62 1.07626
2 63 1.07245
2 64 1.09725
2 65 1.09725
2 66 1.09725
2 67 1.09725
2 68 1.09725
2 69 1.08455
2 70 1.07824
2 71 1.07239
2 72 1.06946
2 73 1.11892
2 74 1.11892
2 75 1.11892
2 76 1.11892
2 77 1.11892
2 78 1.09646
2 79 1.08752
2 80 1.07904
2 81 1.07522
2 82 1.11127
2 83 1.11127
2 84 1.11127
2 85 1.11127
2 86 1.11127
2 87 1.09355
2 88 1.08474
2 89 1.07681
2 90 1.07346
2 91 1.10124
2 92 1.10124
2 93 1.10124
2 94 1.10124
2 95 1.10124
2 96 1.08771
2 97 1.08076
2 98 1.07422
2 99 1.07103
2 100 1.09138
2 101 1.09138
2 102 1.09138
2 103 1.09138
2 104 1.09138
2 105 1.0811
2 106 1.07577
2 107 1.07074
2 108 1.06821
2 109 1.10134
2 110 1.10134
2 111 1.10134
2 112 1.10134
2 113 1.10134
2 114 1.08726
2 115 1.08106
2 116 1.07521
2 117 1.07229
2 118 1.09716
2 119 1.09716
2 120 1.09716
2 121 1.09716
2 122 1.09716
2 123 1.08582
2 124 1.07928
2 125 1.07333
2 126 1.07077
2 127 1.09114
2 128 1.09114
2 129 1.09114
2 130 1.09114
2 131 1.09114
2 132 1.08162
2 133 1.0762
2 134 1.07113
2 135 1.0686
2 136 1.08437
2 137 1.08437
2 138 1.08437
2 139 1.08437
2 140 1.08437
2 141 1.07642
2 142 1.07218
2 143 1.06811
2 144 1.06603
3 1 1.30463
3 2 1.30463
3 3 1.30463
3 4 1.30463
3 5 1.30463
3 6 1.1182
3 7 1.09748
3 8 1.08322
3 9 1.07679
3 10 1.14649
3 11 1.14649
3 12 1.14649
3 13 1.14649
3 14 1.14649
3 15 1.10679
3 16 1.09186
3 17 1.08028
3 18 1.07497
3 19 1.11782
3 20 1.11782
3 21 1.11782
3 22 1.11782
3 23 1.11782
3 24 1.09545
3 25 1.0854
3 26 1.07669
3 27 1.07242
3 28 1.10032
3 29 1.10032
3 30 1.10032
3 31 1.10032
3 32 1.10032
3 33 1.08594
3 34 1.07898
3 35 1.0726
3 36 1.06942
3 37 1.14735
3 38 1.14735
3 39 1.14735
3 40 1.14735
3 41 1.14735
3 42 1.107
3 43 1.09348
3 44 1.08211
3 45 1.0769
3 46 1.12879
3 47 1.12879
3 48 1.12879
3 49 1.12879
3 50 1.12879
3 51 1.10144
3 52 1.08912
3 53 1.07931
3 54 1.07504
3 55 1.11119
3 56 1.11119
3 57 1.11119
3 58 1.11119
3 59 1.11119
3 60 1.09264
3 61 1.084
3 62 1.07626
3 63 1.07245
3 64 1.09725
3 65 1.09725
3 66 1.09725
3 67 1.09725
3 68 1.09725
3 69 1.08455
3 70 1.07824
3 71 1.07239
3 72 1.06946
3 73 1.11892
3 74 1.11892
3 75 1.11892
3 76 1.11892
3 77 1.11892
3 78 1.09646
3 79 1.08752
3 80 1.07904
3 81 1.07522
3 82 1.11127
3 83 1.11127
3 84 1.11127
3 85 1.11127
3 86 1.11127
3 87 1.09355
3 88 1.08474
3 89 1.07681
3 90 1.07346
3 91 1.10124
3 92 1.10124
3 93 1.10124
3 94 1.10124
3 95 1.10124
3 96 1.08771
3 97 1.08076
3 98 1.07422
3 99 1.07103
3 100 1.09138
3 101 1.09138
3 102 1.09138
3 103 1.09138
3 104 1.09138
3 105 1.0811
3 106 1.07577
3 107 1.07074
3 108 1.06821
3 109 1.10134
3 110 1.10134
3 111 1.10134
3 112 1.10134
3 113 1.10134
3 114 1.08726
3 115 1.08106
3 116 1.07521
3 117 1.07229
3 118 1.09716
3 119 1.09716
3 120 1.09716
3 121 1.09716
3 122 1.09716
3 123 1.08582
3 124 1.07928
3 125 1.07333
3 126 1.07077
3 127 1.09114
3 128 1.09114
3 129 1.09114
3 130 1.09114
3 131 1.09114
3 132 1.08162
3 133 1.0762
3 134 1.07113
3 135 1.0686
3 136 1.08437
3 137 1.08437
3 138 1.08437
3 139 1.08437
3 140 1.08437
3 141 1.07642
3 142 1.07218
3 143 1.06811
3 144 1.06603
4 1 1.30463
4 2 1.30463
4 3 1.30463
4 4 1.30463
4 5 1.30463
4 6 1.1182
4 7 1.09748
4 8 1.08322
4 9 1.07679
4 10 1.14649
4 11 1.14649
4 12 1.14649
4 13 1.14649
4 14 1.14649
4 15 1.10679
4 16 1.09186
4 17 1.08028
4 18 1.07497
4 19 1.11782
4 20 1.11782
4 21 1.11782
4 22 1.11782
4 23 1.11782
4 24 1.09545
4 25 1.0854
4 26 1.07669
4 27 1.07242
4 28 1.10032
4 29 1.10032
4 30 1.10032
4 31 1.10032
4 32 1.10032
4 33 1.08594
4 34 1.07898
4 35 1.0726
4 36 1.06942
4 37 1.14735
4 38 1.14735
4 39 1.14735
4 40 1.14735
4 41 1.14735
4 42 1.107
4 43 1.09348
4 44 1.08211
4 45 1.0769
4 46 1.12879
4 47 1.12879
4 48 1.12879
4 49 1.12879
4 50 1.12879
4 51 1.10144
4 52 1.08912
4 53 1.07931
4 54 1.07504
4 55 1.11119
4 56 1.11119
4 57 1.11119
4 58 1.11119
4 59 1.11119
4 60 1.09264
4 61 1.084
4 62 1.07626
4 63 1.07245
4 64 1.09725
4 65 1.09725
4 66 1.09725
4 67 1.09725
4 68 1.09725
4 69 1.08455
4 70 1.07824
4 71 1.07239
4 72 1.06946
4 73 1.11892
4 74 1.11892
4 75 1.11892
4 76 1.11892
4 77 1.11892
4 78 1.09646
4 79 1.08752
4 80 1.07904
4 81 1.07522
4 82 1.11127
4 83 1.11127
4 84 1.11127
4 85 1.11127
4 86 1.11127
4 87 1.09355
4 88 1.08474
4 89 1.07681
4 90 1.07346
4 91 1.10124
4 92 1.10124
4 93 1.10124
4 94 1.10124
4 95 1.10124
4 96 1.08771
4 97 1.08076
4 98 1.07422
4 99 1.07103
4 100 1.09138
4 101 1.09138
4 102 1.09138
4 103 1.09138
4 104 1.09138
4 105 1.0811
4 106 1.07577
4 107 1.07074
4 108 1.06821
4 109 1.10134
4 110 1.10134
4 111 1.10134
4 112 1.10134
4 113 1.10134
4 114 1.08726
4 115 1.08106
4 116 1.07521
4 117 1.07229
4 118 1.09716
4 119 1.09716
4 120 1.09716
4 121 1.09716
4 122 1.09716
4 123 1.08582
4 124 1.07928
4 125 1.07333
4 126 1.07077
4 127 1.09114
4 128 1.09114
4 129 1.09114
4 130 1.09114
4 131 1.09114
4 132 1.08162
4 133 1.0762
4 134 1.07113
4 135 1.0686
4 136 1.08437
4 137 1.08437
4 138 1.08437
4 139 1.08437
4 140 1.08437
4 141 1.07642
4 142 1.07218
4 143 1.06811
4 144 1.06603
5 1 1.30463
5 2 1.30463
5 3 1.30463
5 4 1.30463
5 5 1.30463
5 6 1.1182
5 7 1.09748
5 8 1.08322
5 9 1.07679
5 10 1.14649
5 11 1.14649
5 12 1.14649
5 13 1.14649
5 14 1.14649
5 15 1.10679
5 16 1.09186
5 17 1.08028
5 18 1.07497
5 19 1.11782
5 20 1.11782
5 21 1.11782
5 22 1.11782
5 23 1.11782
5 24 1.09545
5 25 1.0854
5 26 1.07669
5 27 1.07242
5 28 1.10032
5 29 1.10032
5 30 1.10032
5 31 1.10032
5 32 1.10032
5 33 1.08594
5 34 1.07898
5 35 1.0726
5 36 1.06942
5 37 1.14735
5 38 1.14735
5 39 1.14735
5 40 1.14735
5 41 1.14735
5 42 1.107
5 43 1.09348
5 44 1.08211
5 45 1.0769
5 46 1.12879
5 47 1.12879
5 48 1.12879
5 49 1.12879
5 50 1.12879
5 51 1.10144
5 52 1.08912
5 53 1.07931
5 54 1.07504
5 55 1.11119
5 56 1.11119
5 57 1.11119
5 58 1.11119
5 59 1.11119
5 60 1.09264
5 61 1.084
5 62 1.07626
5 63 1.07245
5 64 1.09725
5 65 1.09725
5 66 1.09725
5 67 1.09725
5 68 1.09725
5 69 1.08455
5 70 1.07824
5 71 1.07239
5 72 1.06946
5 73 1.11892
5 74 1.11892
5 75 1.11892
5 76 1.11892
5 77 1.11892
5 78 1.09646
5 79 1.08752
5 80 1.07904
5 81 1.07522
5 82 1.11127
5 83 1.11127
5 84 1.11127
5 85 1.11127
5 86 1.11127
5 87 1.09355
5 88 1.08474
5 89 1.07681
5 90 1.07346
5 91 1.10124
5 92 1.10124
5 93 1.10124
5 94 1.10124
5 95 1.10124
5 96 1.08771
5 97 1.08076
5 98 1.07422
5 99 1.07103
5 100 1.09138
5 101 1.09138
5 102 1.09138
5 103 1.09138
5 104 1.09138
5 105 1.0811
5 106 1.07577
5 107 1.07074
5 108 1.06821
5 109 1.10134
5 110 1.10134
5 111 1.10134
5 112 1.10134
5 113 1.10134
5 114 1.08726
5 115 1.08106
5 116 1.07521
5 117 1.07229
5 118 1.09716
5 119 1.09716
5 120 1.09716
5 121 1.09716
5 122 1.09716
5 123 1.08582
5 124 1.07928
5 125 1.07333
5 126 1.07077
5 127 1.09114
5 128 1.09114
5 129 1.09114
5 130 1.09114
5 131 1.09114
5 132 1.08162
5 133 1.0762
5 134 1.07113
5 135 1.0686
5 136 1.08437
5 137 1.08437
5 138 1.08437
5 139 1.08437
5 140 1.08437
5 141 1.07642
5 142 1.07218
5 143 1.06811
5 144 1.06603
6 1 1.1182
6 2 1.1182
6 3 1.1182
6 4 1.1182
6 5 1.1182
6 6 6.66339
6 7 2.07296
6 8 1.37442
6 9 1.20269
6 10 1.10642
6 11 1.10642
6 12 1.10642
6 13 1.10642
6 14 1.10642
6 15 1.4207
6 16 1.34502
6 17 1.23333
6 18 1.17767
6 19 1.09512
6 20 1.09512
6 21 1.09512
6 22 1.09512
6 23 1.09512
6 24 1.18581
6 25 1.18575
6 26 1.16389
6 27 1.14882
6 28 1.08563
6 29 1.08563
6 30 1.08563
6 31 1.08563
6 32 1.08563
6 33 1.12192
6 34 1.12821
6 35 1.12691
6 36 1.12477
6 37 1.10914
6 38 1.10914
6 39 1.10914
6 40 1.10914
6 41 1.10914
6 42 1.39156
6 43 1.33033
6 44 1.23064
6 45 1.18091
6 46 1.10183
6 47 1.10183
6 48 1.10183
6 49 1.10183
6 50 1.10183
6 51 1.23774
6 52 1.22775
6 53 1.18712
6 54 1.16347
6 55 1.09278
6 56 1.09278
6 57 1.09278
6 58 1.09278
6 59 1.09278
6 60 1.15237
6 61 1.15753
6 62 1.14873
6 63 1.14086
6 64 1.08444
6 65 1.08444
6 66 1.08444
6 67 1.08444
6 68 1.08444
6 69 1.11376
6 70 1.12009
6 71 1.12106
6 72 1.12044
6 73 1.09851
6 74 1.09851
6 75 1.09851
6 76 1.09851
6 77 1.09851
6 78 1.18369
6 79 1.18463
6 80 1.16493
6 81 1.15288
6 82 1.09416
6 83 1.09416
6 84 1.09416
6 85 1.09416
6 86 1.09416
6 87 1.14764
6 88 1.15509
6 89 1.14826
6 90 1.1421
6 91 1.0877
6 92 1.0877
6 93 1.0877
6 94 1.0877
6 95 1.0877
6 96 1.12218
6 97 1.12868
6 98 1.12888
6 99 1.12708
6 100 1.08107
6 101 1.08107
6 102 1.08107
6 103 1.08107
6 104 1.08107
6 105 1.10232
6 106 1.10818
6 107 1.11106
6 108 1.11188
6 109 1.08875
6 110 1.08875
6 111 1.08875
6 112 1.08875
6 113 1.08875
6 114 1.12612
6 115 1.13038
6 116 1.13021
6 117 1.12823
6 118 1.08598
6 119 1.08598
6 120 1.08598
6 121 1.08598
6 122 1.08598
6 123 1.11394
6 124 1.11952
6 125 1.12202
6 126 1.12169
6 127 1.08151
6 128 1.08151
6 129 1.08151
6 130 1.08151
6 131 1.08151
6 132 1.10278
6 133 1.10804
6 134 1.11153
6 135 1.11219
6 136 1.07648
6 137 1.07648
6 138 1.07648
6 139 1.07648
6 140 1.07648
6 141 1.09149
6 142 1.09656
6 143 1.10011
6 144 1.10158
7 1 1.09748
7 2 1.09748
7 3 1.09748
7 4 1.09748
7 5 1.09748
7 6 2.07296
7 7 6.57631
7 8 1.93974
7 9 1.30844
7 10 1.09187
7 11 1.09187
7 12 1.09187
7 13 1.09187
7 14 1.09187
7 15 1.34602
7 16 1.44213
7 17 1.32782
7 18 1.24622
7 19 1.08513
7 20 1.08513
7 21 1.08513
7 22 1.08513
7 23 1.08513
7 24 1.18569
7 25 1.21245
7 26 1.2053
7 27 1.19342
7 28 1.07867
7 29 1.07867
7 30 1.07867
7 31 1.07867
7 32 1.07867
7 33 1.12828
7 34 1.1448
7 35 1.15279
7 36 1.15494
7 37 1.09446
7 38 1.09446
7 39 1.09446
7 40 1.09446
7 41 1.09446
7 42 1.32634
7 43 1.41149
7 44 1.31674
7 45 1.24822
7 46 1.08998
7 47 1.08998
7 48 1.08998
7 49 1.08998
7 50 1.08998
7 51 1.2251
7 52 1.26441
7 53 1.2411
7 54 1.2165
7 55 1.08403
7 56 1.08403
7 57 1.08403
7 58 1.08403
7 59 1.08403
7 60 1.15642
7 61 1.17837
7 62 1.18257
7 63 1.17905
7 64 1.0781
7 65 1.0781
7 66 1.0781
7 67 1.0781
7 68 1.0781
7 69 1.12005
7 70 1.13504
7 71 1.14427
7 72 1.14763
7 73 1.08855
7 74 1.08855
7 75 1.08855
7 76 1.08855
7 77 1.08855
7 78 1.18281
7 79 1.20757
7 80 1.20321
7 81 1.19556
7 82 1.08547
7 83 1.08547
7 84 1.08547
7 85 1.08547
7 86 1.08547
7 87 1.15015
7 88 1.17446
7 89 1.18128
7 90 1.17931
7 91 1.08074
7 92 1.08074
7 93 1.08074
7 94 1.08074
7 95 1.08074
7 96 1.12765
7 97 1.14427
7 98 1.15433
7 99 1.15676
7 100 1.07571
7 101 1.07571
7 102 1.07571
7 103 1.07571
7 104 1.07571
7 105 1.10814
7 106 1.12078
7 107 1.13037
7 108 1.13455
7 109 1.08195
7 110 1.08195
7 111 1.08195
7 112 1.08195
7 113 1.08195
7 114 1.13184
7 115 1.14521
7 116 1.1544
7 117 1.15646
7 118 1.07981
7 119 1.07981
7 120 1.07981
7 121 1.07981
7 122 1.07981
7 123 1.11866
7 124 1.13299
7 125 1.14437
7 126 1.14751
7 127 1.07625
7 128 1.07625
7 129 1.07625
7 130 1.07625
7 131 1.07625
7 132 1.10806
7 133 1.11998
7 134 1.13045
7 135 1.13428
7 136 1.0722
7 137 1.0722
7 138 1.0722
7 139 1.0722
7 140 1.0722
7 141 1.09653
7 142 1.10677
7 143 1.11546
7 144 1.11953
8 1 1.08322
8 2 1.08322
8 3 1.08322
8 4 1.08322
8 5 1.08322
8 6 1.37442
8 7 1.93974
8 8 5.92411
8 9 1.53614
8 10 1.08039
8 11 1.08039
8 12 1.08039
8 13 1.08039
8 14 1.08039
8 15 1.23554
8 16 1.33171
8 17 1.39076
8 18 1.33112
8 19 1.07661
8 20 1.07661
8 21 1.07661
8 22 1.07661
8 23 1.07661
8 24 1.1646
8 25 1.20619
8 26 1.23488
8 27 1.24079
8 28 1.07252
8 29 1.07252
8 30 1.07252
8 31 1.07252
8 32 1.07252
8 33 1.12762
8 34 1.15343
8 35 1.1752
8 36 1.18515
8 37 1.08265
8 38 1.08265
8 39 1.08265
8 40 1.08265
8 41 1.08265
8 42 1.22711
8 43 1.31285
8 44 1.37199
8 45 1.32963
8 46 1.08003
8 47 1.08003
8 48 1.08003
8 49 1.08003
8 50 1.08003
8 51 1.18474
8 52 1.24269
8 53 1.27751
8 54 1.2744
8 55 1.07638
8 56 1.07638
8 57 1.07638
8 58 1.07638
8 59 1.07638
8 60 1.14753
8 61 1.18212
8 62 1.20938
8 63 1.21803
8 64 1.07243
8 65 1.07243
8 66 1.07243
8 67 1.07243
8 68 1.07243
8 69 1.12137
8 70 1.14455
8 71 1.16487
8 72 1.17444
8 73 1.07975
8 74 1.07975
8 75 1.07975
8 76 1.07975
8 77 1.07975
8 78 1.16244
8 79 1.20077
8 80 1.22948
8 81 1.23843
8 82 1.07772
8 83 1.07772
8 84 1.07772
8 85 1.07772
8 86 1.07772
8 87 1.14144
8 88 1.17853
8 89 1.20765
8 90 1.21632
8 91 1.07446
8 92 1.07446
8 93 1.07446
8 94 1.07446
8 95 1.07446
8 96 1.12683
8 97 1.15273
8 98 1.17623
8 99 1.18581
8 100 1.07084
8 101 1.07084
8 102 1.07084
8 103 1.07084
8 104 1.07084
8 105 1.11108
8 106 1.13028
8 107 1.14789
8 108 1.15646
8 109 1.07563
8 110 1.07563
8 111 1.07563
8 112 1.07563
8 113 1.07563
8 114 1.12998
8 115 1.15186
8 116 1.17385
8 117 1.18281
8 118 1.07408
8 119 1.07408
8 120 1.07408
8 121 1.07408
8 122 1.07408
8 123 1.11854
8 124 1.14134
8 125 1.16365
8 126 1.17188
8 127 1.07136
8 128 1.07136
8 129 1.07136
8 130 1.07136
8 131 1.07136
8 132 1.11036
8 133 1.12881
8 134 1.14731
8 135 1.15523
8 136 1.06824
8 137 1.06824
8 138 1.06824
8 139 1.06824
8 140 1.06824
8 141 1.10001
8 142 1.11526
8 143 1.12953
8 144 1.13657
9 1 1.07679
9 2 1.07679
9 3 1.07679
9 4 1.07679
9 5 1.07679
9 6 1.20269
9 7 1.30844
9 8 1.53614
9 9 2.13701
9 10 1.07494
9 11 1.07494
9 12 1.07494
9 13 1.07494
9 14 1.07494
9 15 1.17837
9 16 1.24882
9 17 1.33287
9 18 1.38156
9 19 1.07242
9 20 1.07242
9 21 1.07242
9 22 1.07242
9 23 1.07242
9 24 1.14957
9 25 1.19429
9 26 1.24092
9 27 1.26465
9 28 1.06941
9 29 1.06941
9 30 1.06941
9 31 1.06941
9 32 1.06941
9 33 1.12532
9 34 1.15521
9 35 1.18465
9 36 1.19973
9 37 1.07702
9 38 1.07702
9 39 1.07702
9 40 1.07702
9 41 1.07702
9 42 1.1756
9 43 1.23993
9 44 1.32207
9 45 1.37695
9 46 1.07516
9 47 1.07516
9 48 1.07516
9 49 1.07516
9 50 1.07516
9 51 1.15905
9 52 1.21632
9 53 1.27498
9 54 1.30264
9 55 1.07253
9 56 1.07253
9 57 1.07253
9 58 1.07253
9 59 1.07253
9 60 1.13947
9 61 1.17816
9 62 1.21765
9 63 1.2362
9 64 1.06951
9 65 1.06951
9 66 1.06951
9 67 1.06951
9 68 1.06951
9 69 1.12029
9 70 1.14711
9 71 1.17343
9 72 1.1868
9 73 1.07536
9 74 1.07536
9 75 1.07536
9 76 1.07536
9 77 1.07536
9 78 1.14825
9 79 1.18967
9 80 1.23459
9 81 1.2588
9 82 1.07378
9 83 1.07378
9 84 1.07378
9 85 1.07378
9 86 1.07378
9 87 1.13398
9 88 1.17522
9 89 1.21585
9 90 1.23302
9 91 1.07122
9 92 1.07122
9 93 1.07122
9 94 1.07122
9 95 1.07122
9 96 1.12427
9 97 1.15404
9 98 1.18466
9 99 1.19884
9 100 1.06829
9 101 1.06829
9 102 1.06829
9 103 1.06829
9 104 1.06829
9 105 1.11129
9 106 1.13352
9 107 1.15529
9 108 1.16629
9 109 1.07237
9 110 1.07237
9 111 1.07237
9 112 1.07237
9 113 1.07237
9 114 1.127
9 115 1.15262
9 116 1.18136
9 117 1.1947
9 118 1.07108
9 119 1.07108
9 120 1.07108
9 121 1.07108
9 122 1.07108
9 123 1.11684
9 124 1.14342
9 125 1.17132
9 126 1.18258
9 127 1.06878
9 128 1.06878
9 129 1.06878
9 130 1.06878
9 131 1.06878
9 132 1.11026
9 133 1.1317
9 134 1.15427
9 135 1.16442
9 136 1.06612
9 137 1.06612
9 138 1.06612
9 139 1.06612
9 140 1.06612
9 141 1.10091
9 142 1.11847
9 143 1.13551
9 144 1.14408
10 1 1.14649
10 2 1.14649
10 3 1.14649
10 4 1.14649
10 5 1.14649
10 6 1.10642
10 7 1.09187
10 8 1.08039
10 9 1.07494
10 10 1.3038
10 11 1.3038
10 12 1.3038
10 13 1.3038
10 14 1.3038
10 15 1.11734
10 16 1.09609
10 17 1.08182
10 18 1.07562
10 19 1.16132
10 20 1.16132
10 21 1.16132
10 22 1.16132
10 23 1.16132
10 24 1.10995
10 25 1.09336
10 26 1.08061
10 27 1.07468
10 28 1.12555
10 29 1.12555
10 30 1.12555
10 31 1.12555
10 32 1.12555
10 33 1.09886
10 34 1.08742
10 35 1.07759
10 36 1.07282
10 37 1.12877
10 38 1.12877
10 39 1.12877
10 40 1.12877
10 41 1.12877
10 42 1.10039
10 43 1.08918
10 44 1.0796
10 45 1.0751
10 46 1.14651
10 47 1.14651
10 48 1.14651
10 49 1.14651
10 50 1.14651
10 51 1.10664
10 52 1.09169
10 53 1.08032
10 54 1.07556
10 55 1.13475
10 56 1.13475
10 57 1.13475
10 58 1.13475
10 59 1.13475
10 60 1.10279
10 61 1.09014
10 62 1.07952
10 63 1.0745
10 64 1.11669
10 65 1.11669
10 66 1.11669
10 67 1.11669
10 68 1.11669
10 69 1.09522
10 70 1.08549
10 71 1.07687
10 72 1.07265
10 73 1.11129
10 74 1.11129
10 75 1.11129
10 76 1.11129
10 77 1.11129
10 78 1.09268
10 79 1.08452
10 80 1.07701
10 81 1.07357
10 82 1.11799
10 83 1.11799
10 84 1.11799
10 85 1.11799
10 86 1.11799
10 87 1.09608
10 88 1.08622
10 89 1.07742
10 90 1.07384
10 91 1.11384
10 92 1.11384
10 93 1.11384
10 94 1.11384
10 95 1.11384
10 96 1.09402
10 97 1.08503
10 98 1.07672
10 99 1.0728
10 100 1.10471
10 101 1.10471
10 102 1.10471
10 103 1.10471
10 104 1.10471
10 105 1.08901
10 106 1.08145
10 107 1.07451
10 108 1.07107
10 109 1.09719
10 110 1.09719
10 111 1.09719
10 112 1.09719
10 113 1.09719
10 114 1.08495
10 115 1.07897
10 116 1.07359
10 117 1.07084
10 118 1.10036
10 119 1.10036
10 120 1.10036
10 121 1.10036
10 122 1.10036
10 123 1.08718
10 124 1.08012
10 125 1.07371
10 126 1.07104
10 127 1.09835
10 128 1.09835
10 129 1.09835
10 130 1.09835
10 131 1.09835
10 132 1.08557
10 133 1.07908
10 134 1.073
10 135 1.07008
10 136 1.0933
10 137 1.0933
10 138 1.0933
10 139 1.0933
10 140 1.0933
10 141 1.08209
10 142 1.07646
10 143 1.07117
10 144 1.06852
11 1 1.14649
11 2 1.14649
11 3 1.14649
11 4 1.14649
11 5 1.14649
11 6 1.10642
11 7 1.09187
11 8 1.08039
11 9 1.07494
11 10 1.3038
11 11 1.3038
11 12 1.3038
11 13 1.3038
11 14 1.3038
11 15 1.11734
11 16 1.09609
11 17 1.08182
11 18 1.07562
11 19 1.16132
11 20 1.16132
11 21 1.16132
11 22 1.16132
11 23 1.16132
11 24 1.10995
11 25 1.09336
11 26 1.08061
11 27 1.07468
11 28 1.12555
11 29 1.12555
11 30 1.12555
11 31 1.12555
11 32 1.12555
11 33 1.09886
11 34 1.08742
11 35 1.07759
11 36 1.07282
11 37 1.12877
11 38 1.12877
11 39 1.12877
11 40 1.12877
11 41 1.12877
11 42 1.10039
11 43 1.08918
11 44 1.0796
11 45 1.0751
11 46 1.14651
11 47 1.14651
11 48 1.14651
11 49 1.14651
11 50 1.14651
11 51 1.10664
11 52 1.09169
11 53 1.08032
11 54 1.07556
11 55 1.13475
11 56 1.13475
11 57 1.13475
11 58 1.13475
11 59 1.13475
11 60 1.10279
11 61 1.09014
11 62 1.07952
11 63 1.0745
11 64 1.11669
11 65 1.11669
11 66 1.11669
11 67 1.11669
11 68 1.11669
11 69 1.09522
11 70 1.08549
11 71 1.07687
11 72 1.07265
11 73 1.11129
11 74 1.11129
11 75 1.11129
11 76 1.11129
11 77 1.11129
11 78 1.09268
11 79 1.08452
11 80 1.07701
11 81 1.07357
11 82 1.11799
11 83 1.11799
11 84 1.11799
11 85 1.11799
11 86 1.11799
11 87 1.09608
11 88 1.08622
11 89 1.07742
11 90 1.07384
11 91 1.11384
11 92 1.11384
11 93 1.11384
11 94 1.11384
11 95 1.11384
11 96 1.09402
11 97 1.08503
11 98 1.07672
11 99 1.0728
11 100 1.10471
11 101 1.10471
11 102 1.10471
11 103 1.10471
11 104 1.10471
11 105 1.08901
11 106 1.08145
11 107 1.07451
11 108 1.07107
11 109 1.09719
11 110 1.09719
11 111 1.09719
11 112 1.09719
11 113 1.09719
11 114 1.08495
11 115 1.07897
11 116 1.07359
11 117 1.07084
11 118 1.10036
11 119 1.10036
11 120 1.10036
11 121 1.10036
11 122 1.10036
11 123 1.08718
11 124 1.08012
11 125 1.07371
11 126 1.07104
11 127 1.09835
11 128 1.09835
11 129 1.09835
11 130 1.09835
11 131 1.09835
11 132 1.08557
11 133 1.07908
11 134 1.073
11 135 1.07008
11 136 1.0933
11 137 1.0933
11 138 1.0933
11 139 1.0933
11 140 1.0933
11 141 1.08209
11 142 1.07646
11 143 1.07117
11 144 1.06852
12 1 1.14649
12 2 1.14649
12 3 1.14649
12 4 1.14649
12 5 1.14649
12 6 1.10642
12 7 1.09187
12 8 1.08039
12 9 1.07494
12 10 1.3038
12 11 1.3038
12 12 1.3038
12 13 1.3038
12 14 1.3038
12 15 1.11734
12 16 1.09609
12 17 1.08182
12 18 1.07562
12 19 1.16132
12 20 1.16132
12 21 1.16132
12 22 1.16132
12 23 1.16132
12 24 1.10995
12 25 1.09336
12 26 1.08061
12 27 1.07468
12 28 1.12555
12 29 1.12555
12 30 1.12555
12 31 1.12555
12 32 1.12555
12 33 1.09886
12 34 1.08742
12 35 1.07759
12 36 1.07282
12 37 1.12877
12 38 1.12877
12 39 1.12877
12 40 1.12877
12 41 1.12877
12 42 1.10039
12 43 1.08918
12 44 1.0796
12 45 1.0751
12 46 1.14651
12 47 1.14651
12 48 1.14651
12 49 1.14651
12 50 1.14651
12 51 1.10664
12 52 1.09169
12 53 1.08032
12 54 1.07556
12 55 1.13475
12 56 1.13475
12 57 1.13475
12 58 1.13475
12 59 1.13475
12 60 1.10279
12 61 1.09014
12 62 1.07952
12 63 1.0745
12 64 1.11669
12 65 1.11669
12 66 1.11669
12 67 1.11669
12 68 1.11669
12 69 1.09522
12 70 1.08549
12 71 1.07687
12 72 1.07265
12 73 1.11129
12 74 1.11129
12 75 1.11129
12 76 1.11129
12 77 1.11129
12 78 1.09268
12 79 1.08452
12 80 1.07701
12 81 1.07357
12 82 1.11799
12 83 1.11799
12 84 1.11799
12 85 1.11799
12 86 1.11799
12 87 1.09608
12 88 1.08622
12 89 1.07742
12 90 1.07384
12 91 1.11384
12 92 1.11384
12 93 1.11384
12 94 1.11384
12 95 1.11384
12 96 1.09402
12 97 1.08503
12 98 1.07672
12 99 1.0728
12 100 1.10471
12 101 1.10471
12 102 1.10471
12 103 1.10471
12 104 1.10471
12 105 1.08901
12 106 1.08145
12 107 1.07451
12 108 1.07107
12 109 1.09719
12 110 1.09719
12 111 1.09719
12 112 1.09719
12 113 1.09719
12 114 1.08495
12 115 1.07897
12 116 1.07359
12 117 1.07084
12 118 1.10036
12 119 1.10036
12 120 1.10036
12 121 1.10036
12 122 1.10036
12 123 1.08718
12 124 1.08012
12 125 1.07371
12 126 1.07104
12 127 1.09835
12 128 1.09835
12 129 1.09835
12 130 1.09835
12 131 1.09835
12 132 1.08557
12 133 1.07908
12 134 1.073
12 135 1.07008
12 136 1.0933
12 137 1.0933
12 138 1.0933
12 139 1.0933
12 140 1.0933
12 141 1.08209
12 142 1.07646
12 143 1.07117
12 144 1.06852
13 1 1.14649
13 2 1.14649
13 3 1.14649
13 4 1.14649
13 5 1.14649
13 6 1.10642
13 7 1.09187
13 8 1.08039
13 9 1.07494
13 10 1.3038
13 11 1.3038
13 12 1.3038
13 13 1.3038
13 14 1.3038
13 15 1.11734
13 16 1.09609
13 17 1.08182
13 18 1.07562
13 19 1.16132
13 20 1.16132
13 21 1.16132
13 22 1.16132
13 23 1.16132
13 24 1.10995
13 25 1.09336
13 26 1.08061
13 27 1.07468
13 28 1.12555
13 29 1.12555
13 30 1.12555
13 31 1.12555
13 32 1.12555
13 33 1.09886
13 34 1.08742
13 35 1.07759
13 36 1.07282
13 37 1.12877
13 38 1.12877
13 39 1.12877
13 40 1.12877
13 41 1.12877
13 42 1.10039
13 43 1.08918
13 44 1.0796
13 45 1.0751
13 46 1.14651
13 47 1.14651
13 48 1.14651
13 49 1.14651
13 50 1.14651
13 51 1.10664
13 52 1.09169
13 53 1.08032
13 54 1.07556
13 55 1.13475
13 56 1.13475
13 57 1.13475
13 58 1.13475
13 59 1.13475
13 60 1.10279
13 61 1.09014
13 62 1.07952
13 63 1.0745
13 64 1.11669
13 65 1.11669
13 66 1.11669
13 67 1.11669
13 68 1.11669
13 69 1.09522
13 70 1.08549
13 71 1.07687
13 72 1.07265
13 73 1.11129
13 74 1.11129
13 75 1.11129
13 76 1.11129
13 77 1.11129
13 78 1.09268
13 79 1.08452
13 80 1.07701
13 81 1.07357
13 82 1.11799
13 83 1.11799
13 84 1.11799
13 85 1.11799
13 86 1.11799
13 87 1.09608
13 88 1.08622
13 89 1.07742
13 90 1.07384
13 91 1.11384
13 92 1.11384
13 93 1.11384
13 94 1.11384
13 95 1.11384
13 96 1.09402
13 97 1.08503
13 98 1.07672
13 99 1.0728
13 100 1.10471
13 101 1.10471
13 102 1.10471
13 103 1.10471
13 104 1.10471
13 105 1.08901
13 106 1.08145
13 107 1.07451
13 108 1.07107
13 109 1.09719
13 110 1.09719
13 111 1.09719
13 112 1.09719
13 113 1.09719
13 114 1.08495
13 115 1.07897
13 116 1.07359
13 117 1.07084
13 118 1.10036
13 119 1.10036
13 120 1.10036
13 121 1.10036
13 122 1.10036
13 123 1.08718
13 124 1.08012
13 125 1.07371
13 126 1.07104
13 127 1.09835
13 128 1.09835
13 129 1.09835
13 130 1.09835
13 131 1.09835
13 132 1.08557
13 133 1.07908
13 134 1.073
13 135 1.07008
13 136 1.0933
13 137 1.0933
13 138 1.0933
13 139 1.0933
13 140 1.0933
13 141 1.08209
13 142 1.07646
13 143 1.07117
13 144 1.06852
14 1 1.14649
14 2 1.14649
14 3 1.14649
14 4 1.14649
14 5 1.14649
14 6 1.10642
14 7 1.09187
14 8 1.08039
14 9 1.07494
14 10 1.3038
14 11 1.3038
14 12 1.3038
14 13 1.3038
14 14 1.3038
14 15 1.11734
14 16 1.09609
14 17 1.08182
14 18 1.07562
14 19 1.16132
14 20 1.16132
14 21 1.16132
14 22 1.16132
14 23 1.16132
14 24 1.10995
14 25 1.09336
14 26 1.08061
14 27 1.07468
14 28 1.12555
14 29 1.12555
14 30 1.12555
14 31 1.12555
14 32 1.12555
14 33 1.09886
14 34 1.08742
14 35 1.07759
14 36 1.07282
14 37 1.12877
14 38 1.12877
14 39 1.12877
14 40 1.12877
14 41 1.12877
14 42 1.10039
14 43 1.08918
14 44 1.0796
14 45 1.0751
14 46 1.14651
14 47 1.14651
14 48 1.14651
14 49 1.14651
14 50 1.14651
14 51 1.10664
14 52 1.09169
14 53 1.08032
14 54 1.07556
14 55 1.13475
14 56 1.13475
14 57 1.13475
14 58 1.13475
14 59 1.13475
14 60 1.10279
14 61 1.09014
14 62 1.07952
14 63 1.0745
14 64 1.11669
14 65 1.11669
14 66 1.11669
14 67 1.11669
14 68 1.11669
14 69 1.09522
14 70 1.08549
14 71 1.07687
14 72 1.07265
14 73 1.11129
14 74 1.11129
14 75 1.11129
14 76 1.11129
14 77 1.11129
14 78 1.09268
14 79 1.08452
14 80 1.07701
14 81 1.07357
14 82 1.11799
14 83 1.11799
14 84 1.11799
14 85 1.11799
14 86 1.11799
14 87 1.09608
14 88 1.08622
14 89 1.07742
14 90 1.07384
14 91 1.11384
14 92 1.11384
14 93 1.11384
14 94 1.11384
14 95 1.11384
14 96 1.09402
14 97 1.08503
14 98 1.07672
14 99 1.0728
14 100 1.10471
14 101 1.10471
14 102 1.10471
14 103 1.10471
14 104 1.10471
14 105 1.08901
14 106 1.08145
14 107 1.07451
14 108 1.07107
14 109 1.09719
14 110 1.09719
14 111 1.09719
14 112 1.09719
14 113 1.09719
14 114 1.08495
14 115 1.07897
14 116 1.07359
14 117 1.07084
14 118 1.10036
14 119 1.10036
14 120 1.10036
14 121 1.10036
14 122 1.10036
14 123 1.08718
14 124 1.08012
14 125 1.07371
14 126 1.07104
14 127 1.09835
14 128 1.09835
14 129 1.09835
14 130 1.09835
14 131 1.09835
14 132 1.08557
14 133 1.07908
14 134 1.073
14 135 1.07008
14 136 1.0933
14 137 1.0933
14 138 1.0933
14 139 1.0933
14 140 1.0933
14 141 1.08209
14 142 1.07646
14 143 1.07117
14 144 1.06852
15 1 1.10679
15 2 1.10679
15 3 1.10679
15 4 1.10679
15 5 1.10679
15 6 1.4207
15 7 1.34602
15 8 1.23554
15 9 1.17837
15 10 1.11734
15 11 1.11734
15 12 1.11734
15 13 1.11734
15 14 1.11734
15 15 6.87154
15 16 2.1088
15 17 1.37528
15 18 1.20324
15 19 1.10969
15 20 1.10969
15 21 1.10969
15 22 1.10969
15 23 1.10969
15 24 1.66546
15 25 1.47078
15 26 1.27463
15 27 1.18643
15 28 1.09846
15 29 1.09846
15 30 1.09846
15 31 1.09846
15 32 1.09846
15 33 1.23728
15 34 1.22712
15 35 1.18424
15 36 1.158
15 37 1.10194
15 38 1.10194
15 39 1.10194
15 40 1.10194
15 41 1.10194
15 42 1.23133
15 43 1.22073
15 44 1.18542
15 45 1.16327
15 46 1.10751
15 47 1.10751
15 48 1.10751
15 49 1.10751
15 50 1.10751
15 51 1.40327
15 52 1.33401
15 53 1.22767
15 54 1.17886
15 55 1.10306
15 56 1.10306
15 57 1.10306
15 58 1.10306
15 59 1.10306
15 60 1.29264
15 61 1.26926
15 62 1.20491
15 63 1.16798
15 64 1.095
15 65 1.095
15 66 1.095
15 67 1.095
15 68 1.095
15 69 1.17997
15 70 1.18111
15 71 1.16104
15 72 1.1473
15 73 1.09395
15 74 1.09395
15 75 1.09395
15 76 1.09395
15 77 1.09395
15 78 1.14956
15 79 1.15302
15 80 1.14674
15 81 1.14144
15 82 1.09701
15 83 1.09701
15 84 1.09701
15 85 1.09701
15 86 1.09701
15 87 1.16928
15 88 1.17582
15 89 1.15976
15 90 1.14969
15 91 1.09423
15 92 1.09423
15 93 1.09423
15 94 1.09423
15 95 1.09423
15 96 1.16116
15 97 1.16572
15 98 1.15306
15 99 1.14376
15 100 1.08888
15 101 1.08888
15 102 1.08888
15 103 1.08888
15 104 1.08888
15 105 1.13294
15 106 1.13867
15 107 1.13475
15 108 1.13091
15 109 1.08564
15 110 1.08564
15 111 1.08564
15 112 1.08564
15 113 1.08564
15 114 1.11497
15 115 1.11873
15 116 1.12129
15 117 1.12089
15 118 1.08741
15 119 1.08741
15 120 1.08741
15 121 1.08741
15 122 1.08741
15 123 1.11828
15 124 1.12421
15 125 1.12575
15 126 1.1252
15 127 1.08562
15 128 1.08562
15 129 1.08562
15 130 1.08562
15 131 1.08562
15 132 1.1155
15 133 1.12122
15 134 1.12251
15 135 1.12193
15 136 1.08205
15 137 1.08205
15 138 1.08205
15 139 1.08205
15 140 1.08205
15 141 1.10562
15 142 1.11157
15 143 1.11382
15 144 1.11422
16 1 1.09186
16 2 1.09186
16 3 1.09186
16 4 1.09186
16 5 1.09186
16 6 1.34502
16 7 1.44213
16 8 1.33171
16 9 1.24882
16 10 1.09609
16 11 1.09609
16 12 1.09609
16 13 1.09609
16 14 1.09609
16 15 2.1088
16 16 6.82613
16 17 1.94504
16 18 1.31331
16 19 1.09287
16 20 1.09287
16 21 1.09287
16 22 1.09287
16 23 1.09287
16 24 1.46845
16 25 1.67921
16 26 1.42096
16 27 1.26733
16 28 1.08683
16 29 1.08683
16 30 1.08683
16 31 1.08683
16 32 1.08683
16 33 1.22655
16 34 1.26266
16 35 1.23618
16 36 1.21035
16 37 1.08985
16 38 1.08985
16 39 1.08985
16 40 1.08985
16 41 1.08985
16 42 1.2206
16 43 1.25446
16 44 1.2386
16 45 1.2177
16 46 1.09259
16 47 1.09259
16 48 1.09259
16 49 1.09259
16 50 1.09259
16 51 1.32874
16 52 1.42873
16 53 1.32135
16 54 1.2494
16 55 1.08997
16 56 1.08997
16 57 1.08997
16 58 1.08997
16 59 1.08997
16 60 1.2661
16 61 1.31909
16 62 1.27149
16 63 1.22828
16 64 1.08505
16 65 1.08505
16 66 1.08505
16 67 1.08505
16 68 1.08505
16 69 1.1808
16 70 1.20572
16 71 1.20064
16 72 1.19132
16 73 1.08511
16 74 1.08511
16 75 1.08511
16 76 1.08511
16 77 1.08511
16 78 1.15354
16 79 1.17249
16 80 1.1798
16 81 1.17958
16 82 1.08689
16 83 1.08689
16 84 1.08689
16 85 1.08689
16 86 1.08689
16 87 1.16849
16 88 1.20078
16 89 1.20076
16 90 1.19443
16 91 1.08485
16 92 1.08485
16 93 1.08485
16 94 1.08485
16 95 1.08485
16 96 1.16338
16 97 1.18769
16 98 1.18961
16 99 1.18509
16 100 1.08113
16 101 1.08113
16 102 1.08113
16 103 1.08113
16 104 1.08113
16 105 1.13864
16 106 1.15651
16 107 1.16347
16 108 1.1645
16 109 1.07937
16 110 1.07937
16 111 1.07937
16 112 1.07937
16 113 1.07937
16 114 1.12124
16 115 1.1329
16 116 1.14409
16 117 1.14743
16 118 1.08052
16 119 1.08052
16 120 1.08052
16 121 1.08052
16 122 1.08052
16 123 1.1231
16 124 1.13939
16 125 1.15118
16 126 1.15468
16 127 1.07901
16 128 1.07901
16 129 1.07901
16 130 1.07901
16 131 1.07901
16 132 1.12113
16 133 1.13603
16 134 1.1466
16 135 1.15025
16 136 1.07626
16 137 1.07626
16 138 1.07626
16 139 1.07626
16 140 1.07626
16 141 1.11169
16 142 1.12512
16 143 1.1348
16 144 1.13892
17 1 1.08028
17 2 1.08028
17 3 1.08028
17 4 1.08028
17 5 1.08028
17 6 1.23333
17 7 1.32782
17 8 1.39076
17 9 1.33287
17 10 1.08182
17 11 1.08182
17 12 1.08182
17 13 1.08182
17 14 1.08182
17 15 1.37528
17 16 1.94504
17 17 5.73985
17 18 1.54035
17 19 1.08028
17 20 1.08028
17 21 1.08028
17 22 1.08028
17 23 1.08028
17 24 1.27081
17 25 1.41338
17 26 1.53478
17 27 1.37294
17 28 1.07721
17 29 1.07721
17 30 1.07721
17 31 1.07721
17 32 1.07721
17 33 1.18308
17 34 1.234
17 35 1.26527
17 36 1.26533
17 37 1.07996
17 38 1.07996
17 39 1.07996
17 40 1.07996
17 41 1.07996
17 42 1.1831
17 43 1.23395
17 44 1.27272
17 45 1.27535
17 46 1.08104
17 47 1.08104
17 48 1.08104
17 49 1.08104
17 50 1.08104
17 51 1.22512
17 52 1.32486
17 53 1.38505
17 54 1.33314
17 55 1.07947
17 56 1.07947
17 57 1.07947
17 58 1.07947
17 59 1.07947
17 60 1.20198
17 61 1.26878
17 62 1.30845
17 63 1.29509
17 64 1.07664
17 65 1.07664
17 66 1.07664
17 67 1.07664
17 68 1.07664
17 69 1.1606
17 70 1.19952
17 71 1.22731
17 72 1.23575
17 73 1.0775
17 74 1.0775
17 75 1.0775
17 76 1.0775
17 77 1.0775
17 78 1.14586
17 79 1.17707
17 80 1.20563
17 81 1.21666
17 82 1.07835
17 83 1.07835
17 84 1.07835
17 85 1.07835
17 86 1.07835
17 87 1.15213
17 88 1.19815
17 89 1.23121
17 90 1.23968
17 91 1.07687
17 92 1.07687
17 93 1.07687
17 94 1.07687
17 95 1.07687
17 96 1.15014
17 97 1.18718
17 98 1.2165
17 99 1.22645
17 100 1.0744
17 101 1.0744
17 102 1.0744
17 103 1.0744
17 104 1.0744
17 105 1.13461
17 106 1.16272
17 107 1.18643
17 108 1.19705
17 109 1.07379
17 110 1.07379
17 111 1.07379
17 112 1.07379
17 113 1.07379
17 114 1.12259
17 115 1.14198
17 116 1.16352
17 117 1.17217
17 118 1.07445
17 119 1.07445
17 120 1.07445
17 121 1.07445
17 122 1.07445
17 123 1.12229
17 124 1.14804
17 125 1.17287
17 126 1.18268
17 127 1.0732
17 128 1.0732
17 129 1.0732
17 130 1.0732
17 131 1.0732
17 132 1.12127
17 133 1.14461
17 134 1.16713
17 135 1.17721
17 136 1.07114
17 137 1.07114
17 138 1.07114
17 139 1.07114
17 140 1.07114
17 141 1.11386
17 142 1.13431
17 143 1.15305
17 144 1.16222
18 1 1.07497
18 2 1.07497
18 3 1.07497
18 4 1.07497
18 5 1.07497
18 6 1.17767
18 7 1.24622
18 8 1.33112
18 9 1.38156
18 10 1.07562
18 11 1.07562
18 12 1.07562
18 13 1.07562
18 14 1.07562
18 15 1.20324
18 16 1.31331
18 17 1.54035
18 18 2.13647
18 19 1.07469
18 20 1.07469
18 21 1.07469
18 22 1.07469
18 23 1.07469
18 24 1.18725
18 25 1.26698
18 26 1.37498
18 27 1.45035
18 28 1.07282
18 29 1.07282
18 30 1.07282
18 31 1.07282
18 32 1.07282
18 33 1.15879
18 34 1.20998
18 35 1.26599
18 36 1.2968
18 37 1.07524
18 38 1.07524
18 39 1.07524
18 40 1.07524
18 41 1.07524
18 42 1.15922
18 43 1.20951
18 44 1.269
18 45 1.30179
18 46 1.07571
18 47 1.07571
18 48 1.07571
18 49 1.07571
18 50 1.07571
18 51 1.17312
18 52 1.24667
18 53 1.33004
18 54 1.37836
18 55 1.07462
18 56 1.07462
18 57 1.07462
18 58 1.07462
18 59 1.07462
18 60 1.16636
18 61 1.22583
18 62 1.29388
18 63 1.33087
18 64 1.0727
18 65 1.0727
18 66 1.0727
18 67 1.0727
18 68 1.0727
18 69 1.14746
18 70 1.19018
18 71 1.23501
18 72 1.25879
18 73 1.07372
18 74 1.07372
18 75 1.07372
18 76 1.07372
18 77 1.07372
18 78 1.1385
18 79 1.17368
18 80 1.21269
18 81 1.2321
18 82 1.07421
18 83 1.07421
18 84 1.07421
18 85 1.07421
18 86 1.07421
18 87 1.14023
18 88 1.18831
18 89 1.23659
18 90 1.25975
18 91 1.07302
18 92 1.07302
18 93 1.07302
18 94 1.07302
18 95 1.07302
18 96 1.14021
18 97 1.18073
18 98 1.22394
18 99 1.24586
18 100 1.07116
18 101 1.07116
18 102 1.07116
18 103 1.07116
18 104 1.07116
18 105 1.13056
18 106 1.16291
18 107 1.19575
18 108 1.21276
18 109 1.07092
18 110 1.07092
18 111 1.07092
18 112 1.07092
18 113 1.07092
18 114 1.12124
18 115 1.14391
18 116 1.17051
18 117 1.18219
18 118 1.07138
18 119 1.07138
18 120 1.07138
18 121 1.07138
18 122 1.07138
18 123 1.11989
18 124 1.14949
18 125 1.18081
18 126 1.19451
18 127 1.07029
18 128 1.07029
18 129 1.07029
18 130 1.07029
18 131 1.07029
18 132 1.1196
18 133 1.14656
18 134 1.17522
18 135 1.18917
18 136 1.0686
18 137 1.0686
18 138 1.0686
18 139 1.0686
18 140 1.0686
18 141 1.11381
18 142 1.13746
18 143 1.16093
18 144 1.17296
19 1 1.11782
19 2 1.11782
19 3 1.11782
19 4 1.11782
19 5 1.11782
19 6 1.09512
19 7 1.08513
19 8 1.07661
19 9 1.07242
19 10 1.16132
19 11 1.16132
19 12 1.16132
19 13 1.16132
19 14 1.16132
19 15 1.10969
19 16 1.09287
19 17 1.08028
19 18 1.07469
19 19 1.30395
19 20 1.30395
19 21 1.30395
19 22 1.30395
19 23 1.30395
19 24 1.11737
19 25 1.09632
19 26 1.08177
19 27 1.07522
19 28 1.16174
19 29 1.16174
19 30 1.16174
19 31 1.16174
19 32 1.16174
19 33 1.11032
19 34 1.09366
19 35 1.08072
19 36 1.07466
19 37 1.11111
19 38 1.11111
19 39 1.11111
19 40 1.11111
19 41 1.11111
19 42 1.09195
19 43 1.08353
19 44 1.07616
19 45 1.07261
19 46 1.13468
19 47 1.13468
19 48 1.13468
19 49 1.13468
19 50 1.13468
19 51 1.10229
19 52 1.08924
19 53 1.07891
19 54 1.0746
19 55 1.14674
19 56 1.14674
19 57 1.14674
19 58 1.14674
19 59 1.14674
19 60 1.1064
19 61 1.09201
19 62 1.08032
19 63 1.07492
19 64 1.13523
19 65 1.13523
19 66 1.13523
19 67 1.13523
19 68 1.13523
19 69 1.10321
19 70 1.09032
19 71 1.07951
19 72 1.07432
19 73 1.10117
19 74 1.10117
19 75 1.10117
19 76 1.10117
19 77 1.10117
19 78 1.08692
19 79 1.08021
19 80 1.07412
19 81 1.07127
19 82 1.11372
19 83 1.11372
19 84 1.11372
19 85 1.11372
19 86 1.11372
19 87 1.09341
19 88 1.08438
19 89 1.07619
19 90 1.07293
19 91 1.11822
19 92 1.11822
19 93 1.11822
19 94 1.11822
19 95 1.11822
19 96 1.09562
19 97 1.08603
19 98 1.07721
19 99 1.07311
19 100 1.11433
19 101 1.11433
19 102 1.11433
19 103 1.11433
19 104 1.11433
19 105 1.09401
19 106 1.0848
19 107 1.07656
19 108 1.07252
19 109 1.09109
19 110 1.09109
19 111 1.09109
19 112 1.09109
19 113 1.09109
19 114 1.08104
19 115 1.07579
19 116 1.07121
19 117 1.06882
19 118 1.09825
19 119 1.09825
19 120 1.09825
19 121 1.09825
19 122 1.09825
19 123 1.08534
19 124 1.07872
19 125 1.07268
19 126 1.07022
19 127 1.10053
19 128 1.10053
19 129 1.10053
19 130 1.10053
19 131 1.10053
19 132 1.08629
19 133 1.07958
19 134 1.07327
19 135 1.07031
19 136 1.09881
19 137 1.09881
19 138 1.09881
19 139 1.09881
19 140 1.09881
19 141 1.08526
19 142 1.07875
19 143 1.07274
19 144 1.06974
20 1 1.11782
20 2 1.11782
20 3 1.11782
20 4 1.11782
20 5 1.11782
20 6 1.09512
20 7 1.08513
20 8 1.07661
20 9 1.07242
20 10 1.16132
20 11 1.16132
20 12 1.16132
20 13 1.16132
20 14 1.16132
20 15 1.10969
20 16 1.09287
20 17 1.08028
20 18 1.07469
20 19 1.30395
20 20 1.30395
20 21 1.30395
20 22 1.30395
20 23 1.30395
20 24 1.11737
20 25 1.09632
20 26 1.08177
20 27 1.07522
20 28 1.16174
20 29 1.16174
20 30 1.16174
20 31 1.16174
20 32 1.16174
20 33 1.11032
20 34 1.09366
20 35 1.08072
20 36 1.07466
20 37 1.11111
20 38 1.11111
20 39 1.11111
20 40 1.11111
20 41 1.11111
20 42 1.09195
20 43 1.08353
20 44 1.07616
20 45 1.07261
20 46 1.13468
20 47 1.13468
20 48 1.13468
20 49 1.13468
20 50 1.13468
20 51 1.10229
20 52 1.08924
20 53 1.07891
20 54 1.0746
20 55 1.14674
20 56 1.14674
20 57 1.14674
20 58 1.14674
20 59 1.14674
20 60 1.1064
20 61 1.09201
20 62 1.08032
20 63 1.07492
20 64 1.13523
20 65 1.13523
20 66 1.13523
20 67 1.13523
20 68 1.13523
20 69 1.10321
20 70 1.09032
20 71 1.07951
20 72 1.07432
20 73 1.10117
20 74 1.10117
20 75 1.10117
20 76 1.10117
20 77 1.10117
20 78 1.08692
20 79 1.08021
20 80 1.07412
20 81 1.07127
20 82 1.11372
20 83 1.11372
20 84 1.11372
20 85 1.11372
20 86 1.11372
20 87 1.09341
20 88 1.08438
20 89 1.07619
20 90 1.07293
20 91 1.11822
20 92 1.11822
20 93 1.11822
20 94 1.11822
20 95 1.11822
20 96 1.09562
20 97 1.08603
20 98 1.07721
20 99 1.07311
20 100 1.11433
20 101 1.11433
20 102 1.11433
20 103 1.11433
20 104 1.11433
20 105 1.09401
20 106 1.0848
20 107 1.07656
20 108 1.07252
20 109 1.09109
20 110 1.09109
20 111 1.09109
20 112 1.09109
20 113 1.09109
20 114 1.08104
20 115 1.07579
20 116 1.07121
20 117 1.06882
20 118 1.09825
20 119 1.09825
20 120 1.09825
20 121 1.09825
20 122 1.09825
20 123 1.08534
20 124 1.07872
20 125 1.07268
20 126 1.07022
20 127 1.10053
20 128 1.10053
20 129 1.10053
20 130 1.10053
20 131 1.10053
20 132 1.08629
20 133 1.07958
20 134 1.07327
20 135 1.07031
20 136 1.09881
20 137 1.09881
20 138 1.09881
20 139 1.09881
20 140 1.09881
20 141 1.08526
20 142 1.07875
20 143 1.07274
20 144 1.06974
21 1 1.11782
21 2 1.11782
21 3 1.11782
21 4 1.11782
21 5 1.11782
21 6 1.09512
21 7 1.08513
21 8 1.07661
21 9 1.07242
21 10 1.16132
21 11 1.16132
21 12 1.16132
21 13 1.16132
21 14 1.16132
21 15 1.10969
21 16 1.09287
21 17 1.08028
21 18 1.07469
21 19 1.30395
21 20 1.30395
21 21 1.30395
21 22 1.30395
21 23 1.30395
21 24 1.11737
21 25 1.09632
21 26 1.08177
21 27 1.07522
21 28 1.16174
21 29 1.16174
21 30 1.16174
21 31 1.16174
21 32 1.16174
21 33 1.11032
21 34 1.09366
