injected_el measured_el potential
1 1 1.30517
1 2 1.30517
1 3 1.30517
1 4 1.30517
1 5 1.30517
1 6 1.11847
1 7 1.09722
1 8 1.08238
1 9 1.07562
1 10 1.14694
1 11 1.14694
1 12 1.14694
1 13 1.14694
1 14 1.14694
1 15 1.10664
1 16 1.0917
1 17 1.0796
1 18 1.07384
1 19 1.11815
1 20 1.11815
1 21 1.11815
1 22 1.11815
1 23 1.11815
1 24 1.09528
1 25 1.085
1 26 1.07594
1 27 1.0715
1 28 1.10057
1 29 1.10057
1 30 1.10057
1 31 1.10057
1 32 1.10057
1 33 1.08572
1 34 1.07855
1 35 1.07197
1 36 1.06868
1 37 1.14806
1 38 1.14806
1 39 1.14806
1 40 1.14806
1 41 1.14806
1 42 1.1077
1 43 1.09279
1 44 1.08077
1 45 1.0751
1 46 1.12938
1 47 1.12938
1 48 1.12938
1 49 1.12938
1 50 1.12938
1 51 1.10085
1 52 1.08874
1 53 1.07841
1 54 1.0734
1 55 1.11159
1 56 1.11159
1 57 1.11159
1 58 1.11159
1 59 1.11159
1 60 1.09225
1 61 1.08324
1 62 1.07517
1 63 1.07118
1 64 1.09752
1 65 1.09752
1 66 1.09752
1 67 1.09752
1 68 1.09752
1 69 1.0841
1 70 1.07756
1 71 1.07152
1 72 1.06849
1 73 1.11956
1 74 1.11956
1 75 1.11956
1 76 1.11956
1 77 1.11956
1 78 1.09661
1 79 1.08642
1 80 1.07746
1 81 1.07314
1 82 1.11188
1 83 1.11188
1 84 1.11188
1 85 1.11188
1 86 1.11188
1 87 1.09254
1 88 1.08355
1 89 1.07552
1 90 1.07156
1 91 1.10165
1 92 1.10165
1 93 1.10165
1 94 1.10165
1 95 1.10165
1 96 1.08667
1 97 1.07946
1 98 1.07285
1 99 1.06955
1 100 1.09164
1 101 1.09164
1 102 1.09164
1 103 1.09164
1 104 1.09164
1 105 1.08041
1 106 1.07486
1 107 1.0697
1 108 1.06711
1 109 1.10179
1 110 1.10179
1 111 1.10179
1 112 1.10179
1 113 1.10179
1 114 1.08693
1 115 1.07982
1 116 1.07331
1 117 1.07024
1 118 1.09763
1 119 1.09763
1 120 1.09763
1 121 1.09763
1 122 1.09763
1 123 1.08423
1 124 1.07771
1 125 1.07174
1 126 1.06879
1 127 1.09146
1 128 1.09146
1 129 1.09146
1 130 1.09146
1 131 1.09146
1 132 1.08024
1 133 1.07471
1 134 1.06958
1 135 1.06702
1 136 1.08458
1 137 1.08458
1 138 1.08458
1 139 1.08458
1 140 1.08458
1 141 1.07562
1 142 1.07115
1 143 1.06696
1 144 1.06485
2 1 1.30517
2 2 1.30517
2 3 1.30517
2 4 1.30517
2 5 1.30517
2 6 1.11847
2 7 1.09722
2 8 1.08238
2 9 1.07562
2 10 1.14694
2 11 1.14694
2 12 1.14694
2 13 1.14694
2 14 1.14694
2 15 1.10664
2 16 1.0917
2 17 1.0796
2 18 1.07384
2 19 1.11815
2 20 1.11815
2 21 1.11815
2 22 1.11815
2 23 1.11815
2 24 1.09528
2 25 1.085
2 26 1.07594
2 27 1.0715
2 28 1.10057
2 29 1.10057
2 30 1.10057
2 31 1.10057
2 32 1.10057
2 33 1.08572
2 34 1.07855
2 35 1.07197
2 36 1.06868
2 37 1.14806
2 38 1.14806
2 39 1.14806
2 40 1.14806
2 41 1.14806
2 42 1.1077
2 43 1.09279
2 44 1.08077
2 45 1.0751
2 46 1.12938
2 47 1.12938
2 48 1.12938
2 49 1.12938
2 50 1.12938
2 51 1.10085
2 52 1.08874
2 53 1.07841
2 54 1.0734
2 55 1.11159
2 56 1.11159
2 57 1.11159
2 58 1.11159
2 59 1.11159
2 60 1.09225
2 61 1.08324
2 62 1.07517
2 63 1.07118
2 64 1.09752
2 65 1.09752
2 66 1.09752
2 67 1.09752
2 68 1.09752
2 69 1.0841
2 70 1.07756
2 71 1.07152
2 72 1.06849
2 73 1.11956
2 74 1.11956
2 75 1.11956
2 76 1.11956
2 77 1.11956
2 78 1.09661
2 79 1.08642
2 80 1.07746
2 81 1.07314
2 82 1.11188
2 83 1.11188
2 84 1.11188
2 85 1.11188
2 86 1.11188
2 87 1.09254
2 88 1.08355
2 89 1.07552
2 90 1.07156
2 91 1.10165
2 92 1.10165
2 93 1.10165
2 94 1.10165
2 95 1.10165
2 96 1.08667
2 97 1.07946
2 98 1.07285
2 99 1.06955
2 100 1.09164
2 101 1.09164
2 102 1.09164
2 103 1.09164
2 104 1.09164
2 105 1.08041
2 106 1.07486
2 107 1.0697
2 108 1.06711
2 109 1.10179
2 110 1.10179
2 111 1.10179
2 112 1.10179
2 113 1.10179
2 114 1.08693
2 115 1.07982
2 116 1.07331
2 117 1.07024
2 118 1.09763
2 119 1.09763
2 120 1.09763
2 121 1.09763
2 122 1.09763
2 123 1.08423
2 124 1.07771
2 125 1.07174
2 126 1.06879
2 127 1.09146
2 128 1.09146
2 129 1.09146
2 130 1.09146
2 131 1.09146
2 132 1.08024
2 133 1.07471
2 134 1.06958
2 135 1.06702
2 136 1.08458
2 137 1.08458
2 138 1.08458
2 139 1.08458
2 140 1.08458
2 141 1.07562
2 142 1.07115
2 143 1.06696
2 144 1.06485
3 1 1.30517
3 2 1.30517
3 3 1.30517
3 4 1.30517
3 5 1.30517
3 6 1.11847
3 7 1.09722
3 8 1.08238
3 9 1.07562
3 10 1.14694
3 11 1.14694
3 12 1.14694
3 13 1.14694
3 14 1.14694
3 15 1.10664
3 16 1.0917
3 17 1.0796
3 18 1.07384
3 19 1.11815
3 20 1.11815
3 21 1.11815
3 22 1.11815
3 23 1.11815
3 24 1.09528
3 25 1.085
3 26 1.07594
3 27 1.0715
3 28 1.10057
3 29 1.10057
3 30 1.10057
3 31 1.10057
3 32 1.10057
3 33 1.08572
3 34 1.07855
3 35 1.07197
3 36 1.06868
3 37 1.14806
3 38 1.14806
3 39 1.14806
3 40 1.14806
3 41 1.14806
3 42 1.1077
3 43 1.09279
3 44 1.08077
3 45 1.0751
3 46 1.12938
3 47 1.12938
3 48 1.12938
3 49 1.12938
3 50 1.12938
3 51 1.10085
3 52 1.08874
3 53 1.07841
3 54 1.0734
3 55 1.11159
3 56 1.11159
3 57 1.11159
3 58 1.11159
3 59 1.11159
3 60 1.09225
3 61 1.08324
3 62 1.07517
3 63 1.07118
3 64 1.09752
3 65 1.09752
3 66 1.09752
3 67 1.09752
3 68 1.09752
3 69 1.0841
3 70 1.07756
3 71 1.07152
3 72 1.06849
3 73 1.11956
3 74 1.11956
3 75 1.11956
3 76 1.11956
3 77 1.11956
3 78 1.09661
3 79 1.08642
3 80 1.07746
3 81 1.07314
3 82 1.11188
3 83 1.11188
3 84 1.11188
3 85 1.11188
3 86 1.11188
3 87 1.09254
3 88 1.08355
3 89 1.07552
3 90 1.07156
3 91 1.10165
3 92 1.10165
3 93 1.10165
3 94 1.10165
3 95 1.10165
3 96 1.08667
3 97 1.07946
3 98 1.07285
3 99 1.06955
3 100 1.09164
3 101 1.09164
3 102 1.09164
3 103 1.09164
3 104 1.09164
3 105 1.08041
3 106 1.07486
3 107 1.0697
3 108 1.06711
3 109 1.10179
3 110 1.10179
3 111 1.10179
3 112 1.10179
3 113 1.10179
3 114 1.08693
3 115 1.07982
3 116 1.07331
3 117 1.07024
3 118 1.09763
3 119 1.09763
3 120 1.09763
3 121 1.09763
3 122 1.09763
3 123 1.08423
3 124 1.07771
3 125 1.07174
3 126 1.06879
3 127 1.09146
3 128 1.09146
3 129 1.09146
3 130 1.09146
3 131 1.09146
3 132 1.08024
3 133 1.07471
3 134 1.06958
3 135 1.06702
3 136 1.08458
3 137 1.08458
3 138 1.08458
3 139 1.08458
3 140 1.08458
3 141 1.07562
3 142 1.07115
3 143 1.06696
3 144 1.06485
4 1 1.30517
4 2 1.30517
4 3 1.30517
4 4 1.30517
4 5 1.30517
4 6 1.11847
4 7 1.09722
4 8 1.08238
4 9 1.07562
4 10 1.14694
4 11 1.14694
4 12 1.14694
4 13 1.14694
4 14 1.14694
4 15 1.10664
4 16 1.0917
4 17 1.0796
4 18 1.07384
4 19 1.11815
4 20 1.11815
4 21 1.11815
4 22 1.11815
4 23 1.11815
4 24 1.09528
4 25 1.085
4 26 1.07594
4 27 1.0715
4 28 1.10057
4 29 1.10057
4 30 1.10057
4 31 1.10057
4 32 1.10057
4 33 1.08572
4 34 1.07855
4 35 1.07197
4 36 1.06868
4 37 1.14806
4 38 1.14806
4 39 1.14806
4 40 1.14806
4 41 1.14806
4 42 1.1077
4 43 1.09279
4 44 1.08077
4 45 1.0751
4 46 1.12938
4 47 1.12938
4 48 1.12938
4 49 1.12938
4 50 1.12938
4 51 1.10085
4 52 1.08874
4 53 1.07841
4 54 1.0734
4 55 1.11159
4 56 1.11159
4 57 1.11159
4 58 1.11159
4 59 1.11159
4 60 1.09225
4 61 1.08324
4 62 1.07517
4 63 1.07118
4 64 1.09752
4 65 1.09752
4 66 1.09752
4 67 1.09752
4 68 1.09752
4 69 1.0841
4 70 1.07756
4 71 1.07152
4 72 1.06849
4 73 1.11956
4 74 1.11956
4 75 1.11956
4 76 1.11956
4 77 1.11956
4 78 1.09661
4 79 1.08642
4 80 1.07746
4 81 1.07314
4 82 1.11188
4 83 1.11188
4 84 1.11188
4 85 1.11188
4 86 1.11188
4 87 1.09254
4 88 1.08355
4 89 1.07552
4 90 1.07156
4 91 1.10165
4 92 1.10165
4 93 1.10165
4 94 1.10165
4 95 1.10165
4 96 1.08667
4 97 1.07946
4 98 1.07285
4 99 1.06955
4 100 1.09164
4 101 1.09164
4 102 1.09164
4 103 1.09164
4 104 1.09164
4 105 1.08041
4 106 1.07486
4 107 1.0697
4 108 1.06711
4 109 1.10179
4 110 1.10179
4 111 1.10179
4 112 1.10179
4 113 1.10179
4 114 1.08693
4 115 1.07982
4 116 1.07331
4 117 1.07024
4 118 1.09763
4 119 1.09763
4 120 1.09763
4 121 1.09763
4 122 1.09763
4 123 1.08423
4 124 1.07771
4 125 1.07174
4 126 1.06879
4 127 1.09146
4 128 1.09146
4 129 1.09146
4 130 1.09146
4 131 1.09146
4 132 1.08024
4 133 1.07471
4 134 1.06958
4 135 1.06702
4 136 1.08458
4 137 1.08458
4 138 1.08458
4 139 1.08458
4 140 1.08458
4 141 1.07562
4 142 1.07115
4 143 1.06696
4 144 1.06485
5 1 1.30517
5 2 1.30517
5 3 1.30517
5 4 1.30517
5 5 1.30517
5 6 1.11847
5 7 1.09722
5 8 1.08238
5 9 1.07562
5 10 1.14694
5 11 1.14694
5 12 1.14694
5 13 1.14694
5 14 1.14694
5 15 1.10664
5 16 1.0917
5 17 1.0796
5 18 1.07384
5 19 1.11815
5 20 1.11815
5 21 1.11815
5 22 1.11815
5 23 1.11815
5 24 1.09528
5 25 1.085
5 26 1.07594
5 27 1.0715
5 28 1.10057
5 29 1.10057
5 30 1.10057
5 31 1.10057
5 32 1.10057
5 33 1.08572
5 34 1.07855
5 35 1.07197
5 36 1.06868
5 37 1.14806
5 38 1.14806
5 39 1.14806
5 40 1.14806
5 41 1.14806
5 42 1.1077
5 43 1.09279
5 44 1.08077
5 45 1.0751
5 46 1.12938
5 47 1.12938
5 48 1.12938
5 49 1.12938
5 50 1.12938
5 51 1.10085
5 52 1.08874
5 53 1.07841
5 54 1.0734
5 55 1.11159
5 56 1.11159
5 57 1.11159
5 58 1.11159
5 59 1.11159
5 60 1.09225
5 61 1.08324
5 62 1.07517
5 63 1.07118
5 64 1.09752
5 65 1.09752
5 66 1.09752
5 67 1.09752
5 68 1.09752
5 69 1.0841
5 70 1.07756
5 71 1.07152
5 72 1.06849
5 73 1.11956
5 74 1.11956
5 75 1.11956
5 76 1.11956
5 77 1.11956
5 78 1.09661
5 79 1.08642
5 80 1.07746
5 81 1.07314
5 82 1.11188
5 83 1.11188
5 84 1.11188
5 85 1.11188
5 86 1.11188
5 87 1.09254
5 88 1.08355
5 89 1.07552
5 90 1.07156
5 91 1.10165
5 92 1.10165
5 93 1.10165
5 94 1.10165
5 95 1.10165
5 96 1.08667
5 97 1.07946
5 98 1.07285
5 99 1.06955
5 100 1.09164
5 101 1.09164
5 102 1.09164
5 103 1.09164
5 104 1.09164
5 105 1.08041
5 106 1.07486
5 107 1.0697
5 108 1.06711
5 109 1.10179
5 110 1.10179
5 111 1.10179
5 112 1.10179
5 113 1.10179
5 114 1.08693
5 115 1.07982
5 116 1.07331
5 117 1.07024
5 118 1.09763
5 119 1.09763
5 120 1.09763
5 121 1.09763
5 122 1.09763
5 123 1.08423
5 124 1.07771
5 125 1.07174
5 126 1.06879
5 127 1.09146
5 128 1.09146
5 129 1.09146
5 130 1.09146
5 131 1.09146
5 132 1.08024
5 133 1.07471
5 134 1.06958
5 135 1.06702
5 136 1.08458
5 137 1.08458
5 138 1.08458
5 139 1.08458
5 140 1.08458
5 141 1.07562
5 142 1.07115
5 143 1.06696
5 144 1.06485
6 1 1.11847
6 2 1.11847
6 3 1.11847
6 4 1.11847
6 5 1.11847
6 6 6.92106
6 7 2.14619
6 8 1.39519
6 9 1.20577
6 10 1.10662
6 11 1.10662
6 12 1.10662
6 13 1.10662
6 14 1.10662
6 15 1.44665
6 16 1.36772
6 17 1.24386
6 18 1.18001
6 19 1.09525
6 20 1.09525
6 21 1.09525
6 22 1.09525
6 23 1.09525
6 24 1.19404
6 25 1.19354
6 26 1.16803
6 27 1.15098
6 28 1.08569
6 29 1.08569
6 30 1.08569
6 31 1.08569
6 32 1.08569
6 33 1.12464
6 34 1.13111
6 35 1.12911
6 36 1.12645
6 37 1.10782
6 38 1.10782
6 39 1.10782
6 40 1.10782
6 41 1.10782
6 42 1.44564
6 43 1.36693
6 44 1.24396
6 45 1.18108
6 46 1.10086
6 47 1.10086
6 48 1.10086
6 49 1.10086
6 50 1.10086
6 51 1.25943
6 52 1.24639
6 53 1.19528
6 54 1.16419
6 55 1.09224
6 56 1.09224
6 57 1.09224
6 58 1.09224
6 59 1.09224
6 60 1.15992
6 61 1.16425
6 62 1.15159
6 63 1.14206
6 64 1.08409
6 65 1.08409
6 66 1.08409
6 67 1.08409
6 68 1.08409
6 69 1.11571
6 70 1.12231
6 71 1.12262
6 72 1.12153
6 73 1.09683
6 74 1.09683
6 75 1.09683
6 76 1.09683
6 77 1.09683
6 78 1.19318
6 79 1.19314
6 80 1.16841
6 81 1.15214
6 82 1.09259
6 83 1.09259
6 84 1.09259
6 85 1.09259
6 86 1.09259
6 87 1.1597
6 88 1.16408
6 89 1.15159
6 90 1.14221
6 91 1.08669
6 92 1.08669
6 93 1.08669
6 94 1.08669
6 95 1.08669
6 96 1.12575
6 97 1.13229
6 98 1.13028
6 99 1.1276
6 100 1.08041
6 101 1.08041
6 102 1.08041
6 103 1.08041
6 104 1.08041
6 105 1.10292
6 106 1.10921
6 107 1.11183
6 108 1.11244
6 109 1.08717
6 110 1.08717
6 111 1.08717
6 112 1.08717
6 113 1.08717
6 114 1.12374
6 115 1.13064
6 116 1.12916
6 117 1.12726
6 118 1.08434
6 119 1.08434
6 120 1.08434
6 121 1.08434
6 122 1.08434
6 123 1.11509
6 124 1.12175
6 125 1.12227
6 126 1.12136
6 127 1.0803
6 128 1.0803
6 129 1.0803
6 130 1.0803
6 131 1.0803
6 132 1.10251
6 133 1.10879
6 134 1.11147
6 135 1.11212
6 136 1.07564
6 137 1.07564
6 138 1.07564
6 139 1.07564
6 140 1.07564
6 141 1.09098
6 142 1.09645
6 143 1.1001
6 144 1.10161
7 1 1.09722
7 2 1.09722
7 3 1.09722
7 4 1.09722
7 5 1.09722
7 6 2.14619
7 7 6.92543
7 8 1.99797
7 9 1.31406
7 10 1.09167
7 11 1.09167
7 12 1.09167
7 13 1.09167
7 14 1.09167
7 15 1.36761
7 16 1.46928
7 17 1.34173
7 18 1.24989
7 19 1.08496
7 20 1.08496
7 21 1.08496
7 22 1.08496
7 23 1.08496
7 24 1.1935
7 25 1.22089
7 26 1.21027
7 27 1.19664
7 28 1.07851
7 29 1.07851
7 30 1.07851
7 31 1.07851
7 32 1.07851
7 33 1.1311
7 34 1.14812
7 35 1.15567
7 36 1.15744
7 37 1.09291
7 38 1.09291
7 39 1.09291
7 40 1.09291
7 41 1.09291
7 42 1.3668
7 43 1.4681
7 44 1.34151
7 45 1.25088
7 46 1.08875
7 47 1.08875
7 48 1.08875
7 49 1.08875
7 50 1.08875
7 51 1.24631
7 52 1.28584
7 53 1.25133
7 54 1.21896
7 55 1.08323
7 56 1.08323
7 57 1.08323
7 58 1.08323
7 59 1.08323
7 60 1.16422
7 61 1.18605
7 62 1.18629
7 63 1.18154
7 64 1.07754
7 65 1.07754
7 66 1.07754
7 67 1.07754
7 68 1.07754
7 69 1.1223
7 70 1.13786
7 71 1.14666
7 72 1.14969
7 73 1.0866
7 74 1.0866
7 75 1.0866
7 76 1.0866
7 77 1.0866
7 78 1.19256
7 79 1.22021
7 80 1.21034
7 81 1.19753
7 82 1.08361
7 83 1.08361
7 84 1.08361
7 85 1.08361
7 86 1.08361
7 87 1.16394
7 88 1.18579
7 89 1.18619
7 90 1.18156
7 91 1.07947
7 92 1.07947
7 93 1.07947
7 94 1.07947
7 95 1.07947
7 96 1.13224
7 97 1.14931
7 98 1.15695
7 99 1.15877
7 100 1.07486
7 101 1.07486
7 102 1.07486
7 103 1.07486
7 104 1.07486
7 105 1.1092
7 106 1.12257
7 107 1.13207
7 108 1.13615
7 109 1.08009
7 110 1.08009
7 111 1.08009
7 112 1.08009
7 113 1.08009
7 114 1.1298
7 115 1.14724
7 116 1.15528
7 117 1.15782
7 118 1.07784
7 119 1.07784
7 120 1.07784
7 121 1.07784
7 122 1.07784
7 123 1.1215
7 124 1.13712
7 125 1.14609
7 126 1.14927
7 127 1.07477
7 128 1.07477
7 129 1.07477
7 130 1.07477
7 131 1.07477
7 132 1.10872
7 133 1.12205
7 134 1.1316
7 135 1.13572
7 136 1.07117
7 137 1.07117
7 138 1.07117
7 139 1.07117
7 140 1.07117
7 141 1.09644
7 142 1.10738
7 143 1.11637
7 144 1.12061
8 1 1.08238
8 2 1.08238
8 3 1.08238
8 4 1.08238
8 5 1.08238
8 6 1.39519
8 7 1.99797
8 8 6.25794
8 9 1.54674
8 10 1.07958
8 11 1.07958
8 12 1.07958
8 13 1.07958
8 14 1.07958
8 15 1.24369
8 16 1.34148
8 17 1.39992
8 18 1.33631
8 19 1.07592
8 20 1.07592
8 21 1.07592
8 22 1.07592
8 23 1.07592
8 24 1.16797
8 25 1.21018
8 26 1.23827
8 27 1.24469
8 28 1.07194
8 29 1.07194
8 30 1.07194
8 31 1.07194
8 32 1.07194
8 33 1.12909
8 34 1.15563
8 35 1.17785
8 36 1.18805
8 37 1.08086
8 38 1.08086
8 39 1.08086
8 40 1.08086
8 41 1.08086
8 42 1.24399
8 43 1.34191
8 44 1.40033
8 45 1.33721
8 46 1.07842
8 47 1.07842
8 48 1.07842
8 49 1.07842
8 50 1.07842
8 51 1.19519
8 52 1.25125
8 53 1.28302
8 54 1.27955
8 55 1.07517
8 56 1.07517
8 57 1.07517
8 58 1.07517
8 59 1.07517
8 60 1.15154
8 61 1.18623
8 62 1.21207
8 63 1.22181
8 64 1.07151
8 65 1.07151
8 66 1.07151
8 67 1.07151
8 68 1.07151
8 69 1.1226
8 70 1.14662
8 71 1.16738
8 72 1.17724
8 73 1.07761
8 74 1.07761
8 75 1.07761
8 76 1.07761
8 77 1.07761
8 78 1.16776
8 79 1.21018
8 80 1.23851
8 81 1.24529
8 82 1.07558
8 83 1.07558
8 84 1.07558
8 85 1.07558
8 86 1.07558
8 87 1.15138
8 88 1.18608
8 89 1.21196
8 90 1.22173
8 91 1.07287
8 92 1.07287
8 93 1.07287
8 94 1.07287
8 95 1.07287
8 96 1.13021
8 97 1.15688
8 98 1.17926
8 99 1.18957
8 100 1.06971
8 101 1.06971
8 102 1.06971
8 103 1.06971
8 104 1.06971
8 105 1.11181
8 106 1.13204
8 107 1.15019
8 108 1.15908
8 109 1.0736
8 110 1.0736
8 111 1.0736
8 112 1.0736
8 113 1.0736
8 114 1.12794
8 115 1.15488
8 116 1.17729
8 117 1.18799
8 118 1.07186
8 119 1.07186
8 120 1.07186
8 121 1.07186
8 122 1.07186
8 123 1.1218
8 124 1.14585
8 125 1.16668
8 126 1.17659
8 127 1.06964
8 128 1.06964
8 129 1.06964
8 130 1.06964
8 131 1.06964
8 132 1.1113
8 133 1.13148
8 134 1.14963
8 135 1.15855
8 136 1.06699
8 137 1.06699
8 138 1.06699
8 139 1.06699
8 140 1.06699
8 141 1.10005
8 142 1.11632
8 143 1.13132
8 144 1.13881
9 1 1.07562
9 2 1.07562
9 3 1.07562
9 4 1.07562
9 5 1.07562
9 6 1.20577
9 7 1.31406
9 8 1.54674
9 9 2.14842
9 10 1.07384
9 11 1.07384
9 12 1.07384
9 13 1.07384
9 14 1.07384
9 15 1.18002
9 16 1.24985
9 17 1.33636
9 18 1.39027
9 19 1.07149
9 20 1.07149
9 21 1.07149
9 22 1.07149
9 23 1.07149
9 24 1.15098
9 25 1.1966
9 26 1.24469
9 27 1.2705
9 28 1.06867
9 29 1.06867
9 30 1.06867
9 31 1.06867
9 32 1.06867
9 33 1.12645
9 34 1.15741
9 35 1.18805
9 36 1.20388
9 37 1.07513
9 38 1.07513
9 39 1.07513
9 40 1.07513
9 41 1.07513
9 42 1.18071
9 43 1.25069
9 44 1.33697
9 45 1.39055
9 46 1.07342
9 47 1.07342
9 48 1.07342
9 49 1.07342
9 50 1.07342
9 51 1.1641
9 52 1.21884
9 53 1.27945
9 54 1.31308
9 55 1.07119
9 56 1.07119
9 57 1.07119
9 58 1.07119
9 59 1.07119
9 60 1.14203
9 61 1.18145
9 62 1.22175
9 63 1.24294
9 64 1.0685
9 65 1.0685
9 66 1.0685
9 67 1.0685
9 68 1.0685
9 69 1.12152
9 70 1.14963
9 71 1.1772
9 72 1.19138
9 73 1.07321
9 74 1.07321
9 75 1.07321
9 76 1.07321
9 77 1.07321
9 78 1.15111
9 79 1.19683
9 80 1.24482
9 81 1.2706
9 82 1.07161
9 83 1.07161
9 84 1.07161
9 85 1.07161
9 86 1.07161
9 87 1.1419
9 88 1.1813
9 89 1.22155
9 90 1.24269
9 91 1.06958
9 92 1.06958
9 93 1.06958
9 94 1.06958
9 95 1.06958
9 96 1.12748
9 97 1.15862
9 98 1.18946
9 99 1.2054
9 100 1.06712
9 101 1.06712
9 102 1.06712
9 103 1.06712
9 104 1.06712
9 105 1.11239
9 106 1.13607
9 107 1.15902
9 108 1.17076
9 109 1.07036
9 110 1.07036
9 111 1.07036
9 112 1.07036
9 113 1.07036
9 114 1.12538
9 115 1.15667
9 116 1.18727
9 117 1.20337
9 118 1.06887
9 119 1.06887
9 120 1.06887
9 121 1.06887
9 122 1.06887
9 123 1.1207
9 124 1.14881
9 125 1.17635
9 126 1.19051
9 127 1.06707
9 128 1.06707
9 129 1.06707
9 130 1.06707
9 131 1.06707
9 132 1.11186
9 133 1.13546
9 134 1.15839
9 135 1.17013
9 136 1.06488
9 137 1.06488
9 138 1.06488
9 139 1.06488
9 140 1.06488
9 141 1.10152
9 142 1.12049
9 143 1.13873
9 144 1.14802
10 1 1.14694
10 2 1.14694
10 3 1.14694
10 4 1.14694
10 5 1.14694
10 6 1.10662
10 7 1.09167
10 8 1.07958
10 9 1.07384
10 10 1.30426
10 11 1.30426
10 12 1.30426
10 13 1.30426
10 14 1.30426
10 15 1.11754
10 16 1.09627
10 17 1.08139
10 18 1.07459
10 19 1.16169
10 20 1.16169
10 21 1.16169
10 22 1.16169
10 23 1.16169
10 24 1.11002
10 25 1.09317
10 26 1.08004
10 27 1.07386
10 28 1.12584
10 29 1.12584
10 30 1.12584
10 31 1.12584
10 32 1.12584
10 33 1.09877
10 34 1.08711
10 35 1.07707
10 36 1.07218
10 37 1.12937
10 38 1.12937
10 39 1.12937
10 40 1.12937
10 41 1.12937
10 42 1.10075
10 43 1.08864
10 44 1.07834
10 45 1.0734
10 46 1.14715
10 47 1.14715
10 48 1.14715
10 49 1.14715
10 50 1.14715
10 51 1.10682
10 52 1.09188
10 53 1.07979
10 54 1.07405
10 55 1.13522
10 56 1.13522
10 57 1.13522
10 58 1.13522
10 59 1.13522
10 60 1.1029
10 61 1.08974
10 62 1.07869
10 63 1.07336
10 64 1.11702
10 65 1.11702
10 66 1.11702
10 67 1.11702
10 68 1.11702
10 69 1.09501
10 70 1.085
10 71 1.07615
10 72 1.0718
10 73 1.11186
10 74 1.11186
10 75 1.11186
10 76 1.11186
10 77 1.11186
10 78 1.09235
10 79 1.08343
10 80 1.07544
10 81 1.07157
10 82 1.11864
10 83 1.11864
10 84 1.11864
10 85 1.11864
10 86 1.11864
10 87 1.09574
10 88 1.08547
10 89 1.07647
10 90 1.07207
10 91 1.11432
10 92 1.11432
10 93 1.11432
10 94 1.11432
10 95 1.11432
10 96 1.0936
10 97 1.08408
10 98 1.07563
10 99 1.07146
10 100 1.10503
10 101 1.10503
10 102 1.10503
10 103 1.10503
10 104 1.10503
10 105 1.08861
10 106 1.08077
10 107 1.07364
10 108 1.07009
10 109 1.0976
10 110 1.0976
10 111 1.0976
10 112 1.0976
10 113 1.0976
10 114 1.08402
10 115 1.07757
10 116 1.07161
10 117 1.06882
10 118 1.10088
10 119 1.10088
10 120 1.10088
10 121 1.10088
10 122 1.10088
10 123 1.08598
10 124 1.07884
10 125 1.07235
10 126 1.06915
10 127 1.09874
10 128 1.09874
10 129 1.09874
10 130 1.09874
10 131 1.09874
10 132 1.08471
10 133 1.07793
10 134 1.07171
10 135 1.06861
10 136 1.09357
10 137 1.09357
10 138 1.09357
10 139 1.09357
10 140 1.09357
10 141 1.08155
10 142 1.07565
10 143 1.07019
10 144 1.06745
11 1 1.14694
11 2 1.14694
11 3 1.14694
11 4 1.14694
11 5 1.14694
11 6 1.10662
11 7 1.09167
11 8 1.07958
11 9 1.07384
11 10 1.30426
11 11 1.30426
11 12 1.30426
11 13 1.30426
11 14 1.30426
11 15 1.11754
11 16 1.09627
11 17 1.08139
11 18 1.07459
11 19 1.16169
11 20 1.16169
11 21 1.16169
11 22 1.16169
11 23 1.16169
11 24 1.11002
11 25 1.09317
11 26 1.08004
11 27 1.07386
11 28 1.12584
11 29 1.12584
11 30 1.12584
11 31 1.12584
11 32 1.12584
11 33 1.09877
11 34 1.08711
11 35 1.07707
11 36 1.07218
11 37 1.12937
11 38 1.12937
11 39 1.12937
11 40 1.12937
11 41 1.12937
11 42 1.10075
11 43 1.08864
11 44 1.07834
11 45 1.0734
11 46 1.14715
11 47 1.14715
11 48 1.14715
11 49 1.14715
11 50 1.14715
11 51 1.10682
11 52 1.09188
11 53 1.07979
11 54 1.07405
11 55 1.13522
11 56 1.13522
11 57 1.13522
11 58 1.13522
11 59 1.13522
11 60 1.1029
11 61 1.08974
11 62 1.07869
11 63 1.07336
11 64 1.11702
11 65 1.11702
11 66 1.11702
11 67 1.11702
11 68 1.11702
11 69 1.09501
11 70 1.085
11 71 1.07615
11 72 1.0718
11 73 1.11186
11 74 1.11186
11 75 1.11186
11 76 1.11186
11 77 1.11186
11 78 1.09235
11 79 1.08343
11 80 1.07544
11 81 1.07157
11 82 1.11864
11 83 1.11864
11 84 1.11864
11 85 1.11864
11 86 1.11864
11 87 1.09574
11 88 1.08547
11 89 1.07647
11 90 1.07207
11 91 1.11432
11 92 1.11432
11 93 1.11432
11 94 1.11432
11 95 1.11432
11 96 1.0936
11 97 1.08408
11 98 1.07563
11 99 1.07146
11 100 1.10503
11 101 1.10503
11 102 1.10503
11 103 1.10503
11 104 1.10503
11 105 1.08861
11 106 1.08077
11 107 1.07364
11 108 1.07009
11 109 1.0976
11 110 1.0976
11 111 1.0976
11 112 1.0976
11 113 1.0976
11 114 1.08402
11 115 1.07757
11 116 1.07161
11 117 1.06882
11 118 1.10088
11 119 1.10088
11 120 1.10088
11 121 1.10088
11 122 1.10088
11 123 1.08598
11 124 1.07884
11 125 1.07235
11 126 1.06915
11 127 1.09874
11 128 1.09874
11 129 1.09874
11 130 1.09874
11 131 1.09874
11 132 1.08471
11 133 1.07793
11 134 1.07171
11 135 1.06861
11 136 1.09357
11 137 1.09357
11 138 1.09357
11 139 1.09357
11 140 1.09357
11 141 1.08155
11 142 1.07565
11 143 1.07019
11 144 1.06745
12 1 1.14694
12 2 1.14694
12 3 1.14694
12 4 1.14694
12 5 1.14694
12 6 1.10662
12 7 1.09167
12 8 1.07958
12 9 1.07384
12 10 1.30426
12 11 1.30426
12 12 1.30426
12 13 1.30426
12 14 1.30426
12 15 1.11754
12 16 1.09627
12 17 1.08139
12 18 1.07459
12 19 1.16169
12 20 1.16169
12 21 1.16169
12 22 1.16169
12 23 1.16169
12 24 1.11002
12 25 1.09317
12 26 1.08004
12 27 1.07386
12 28 1.12584
12 29 1.12584
12 30 1.12584
12 31 1.12584
12 32 1.12584
12 33 1.09877
12 34 1.08711
12 35 1.07707
12 36 1.07218
12 37 1.12937
12 38 1.12937
12 39 1.12937
12 40 1.12937
12 41 1.12937
12 42 1.10075
12 43 1.08864
12 44 1.07834
12 45 1.0734
12 46 1.14715
12 47 1.14715
12 48 1.14715
12 49 1.14715
12 50 1.14715
12 51 1.10682
12 52 1.09188
12 53 1.07979
12 54 1.07405
12 55 1.13522
12 56 1.13522
12 57 1.13522
12 58 1.13522
12 59 1.13522
12 60 1.1029
12 61 1.08974
12 62 1.07869
12 63 1.07336
12 64 1.11702
12 65 1.11702
12 66 1.11702
12 67 1.11702
12 68 1.11702
12 69 1.09501
12 70 1.085
12 71 1.07615
12 72 1.0718
12 73 1.11186
12 74 1.11186
12 75 1.11186
12 76 1.11186
12 77 1.11186
12 78 1.09235
12 79 1.08343
12 80 1.07544
12 81 1.07157
12 82 1.11864
12 83 1.11864
12 84 1.11864
12 85 1.11864
12 86 1.11864
12 87 1.09574
12 88 1.08547
12 89 1.07647
12 90 1.07207
12 91 1.11432
12 92 1.11432
12 93 1.11432
12 94 1.11432
12 95 1.11432
12 96 1.0936
12 97 1.08408
12 98 1.07563
12 99 1.07146
12 100 1.10503
12 101 1.10503
12 102 1.10503
12 103 1.10503
12 104 1.10503
12 105 1.08861
12 106 1.08077
12 107 1.07364
12 108 1.07009
12 109 1.0976
12 110 1.0976
12 111 1.0976
12 112 1.0976
12 113 1.0976
12 114 1.08402
12 115 1.07757
12 116 1.07161
12 117 1.06882
12 118 1.10088
12 119 1.10088
12 120 1.10088
12 121 1.10088
12 122 1.10088
12 123 1.08598
12 124 1.07884
12 125 1.07235
12 126 1.06915
12 127 1.09874
12 128 1.09874
12 129 1.09874
12 130 1.09874
12 131 1.09874
12 132 1.08471
12 133 1.07793
12 134 1.07171
12 135 1.06861
12 136 1.09357
12 137 1.09357
12 138 1.09357
12 139 1.09357
12 140 1.09357
12 141 1.08155
12 142 1.07565
12 143 1.07019
12 144 1.06745
13 1 1.14694
13 2 1.14694
13 3 1.14694
13 4 1.14694
13 5 1.14694
13 6 1.10662
13 7 1.09167
13 8 1.07958
13 9 1.07384
13 10 1.30426
13 11 1.30426
13 12 1.30426
13 13 1.30426
13 14 1.30426
13 15 1.11754
13 16 1.09627
13 17 1.08139
13 18 1.07459
13 19 1.16169
13 20 1.16169
13 21 1.16169
13 22 1.16169
13 23 1.16169
13 24 1.11002
13 25 1.09317
13 26 1.08004
13 27 1.07386
13 28 1.12584
13 29 1.12584
13 30 1.12584
13 31 1.12584
13 32 1.12584
13 33 1.09877
13 34 1.08711
13 35 1.07707
13 36 1.07218
13 37 1.12937
13 38 1.12937
13 39 1.12937
13 40 1.12937
13 41 1.12937
13 42 1.10075
13 43 1.08864
13 44 1.07834
13 45 1.0734
13 46 1.14715
13 47 1.14715
13 48 1.14715
13 49 1.14715
13 50 1.14715
13 51 1.10682
13 52 1.09188
13 53 1.07979
13 54 1.07405
13 55 1.13522
13 56 1.13522
13 57 1.13522
13 58 1.13522
13 59 1.13522
13 60 1.1029
13 61 1.08974
13 62 1.07869
13 63 1.07336
13 64 1.11702
13 65 1.11702
13 66 1.11702
13 67 1.11702
13 68 1.11702
13 69 1.09501
13 70 1.085
13 71 1.07615
13 72 1.0718
13 73 1.11186
13 74 1.11186
13 75 1.11186
13 76 1.11186
13 77 1.11186
13 78 1.09235
13 79 1.08343
13 80 1.07544
13 81 1.07157
13 82 1.11864
13 83 1.11864
13 84 1.11864
13 85 1.11864
13 86 1.11864
13 87 1.09574
13 88 1.08547
13 89 1.07647
13 90 1.07207
13 91 1.11432
13 92 1.11432
13 93 1.11432
13 94 1.11432
13 95 1.11432
13 96 1.0936
13 97 1.08408
13 98 1.07563
13 99 1.07146
13 100 1.10503
13 101 1.10503
13 102 1.10503
13 103 1.10503
13 104 1.10503
13 105 1.08861
13 106 1.08077
13 107 1.07364
13 108 1.07009
13 109 1.0976
13 110 1.0976
13 111 1.0976
13 112 1.0976
13 113 1.0976
13 114 1.08402
13 115 1.07757
13 116 1.07161
13 117 1.06882
13 118 1.10088
13 119 1.10088
13 120 1.10088
13 121 1.10088
13 122 1.10088
13 123 1.08598
13 124 1.07884
13 125 1.07235
13 126 1.06915
13 127 1.09874
13 128 1.09874
13 129 1.09874
13 130 1.09874
13 131 1.09874
13 132 1.08471
13 133 1.07793
13 134 1.07171
13 135 1.06861
13 136 1.09357
13 137 1.09357
13 138 1.09357
13 139 1.09357
13 140 1.09357
13 141 1.08155
13 142 1.07565
13 143 1.07019
13 144 1.06745
14 1 1.14694
14 2 1.14694
14 3 1.14694
14 4 1.14694
14 5 1.14694
14 6 1.10662
14 7 1.09167
14 8 1.07958
14 9 1.07384
14 10 1.30426
14 11 1.30426
14 12 1.30426
14 13 1.30426
14 14 1.30426
14 15 1.11754
14 16 1.09627
14 17 1.08139
14 18 1.07459
14 19 1.16169
14 20 1.16169
14 21 1.16169
14 22 1.16169
14 23 1.16169
14 24 1.11002
14 25 1.09317
14 26 1.08004
14 27 1.07386
14 28 1.12584
14 29 1.12584
14 30 1.12584
14 31 1.12584
14 32 1.12584
14 33 1.09877
14 34 1.08711
14 35 1.07707
14 36 1.07218
14 37 1.12937
14 38 1.12937
14 39 1.12937
14 40 1.12937
14 41 1.12937
14 42 1.10075
14 43 1.08864
14 44 1.07834
14 45 1.0734
14 46 1.14715
14 47 1.14715
14 48 1.14715
14 49 1.14715
14 50 1.14715
14 51 1.10682
14 52 1.09188
14 53 1.07979
14 54 1.07405
14 55 1.13522
14 56 1.13522
14 57 1.13522
14 58 1.13522
14 59 1.13522
14 60 1.1029
14 61 1.08974
14 62 1.07869
14 63 1.07336
14 64 1.11702
14 65 1.11702
14 66 1.11702
14 67 1.11702
14 68 1.11702
14 69 1.09501
14 70 1.085
14 71 1.07615
14 72 1.0718
14 73 1.11186
14 74 1.11186
14 75 1.11186
14 76 1.11186
14 77 1.11186
14 78 1.09235
14 79 1.08343
14 80 1.07544
14 81 1.07157
14 82 1.11864
14 83 1.11864
14 84 1.11864
14 85 1.11864
14 86 1.11864
14 87 1.09574
14 88 1.08547
14 89 1.07647
14 90 1.07207
14 91 1.11432
14 92 1.11432
14 93 1.11432
14 94 1.11432
14 95 1.11432
14 96 1.0936
14 97 1.08408
14 98 1.07563
14 99 1.07146
14 100 1.10503
14 101 1.10503
14 102 1.10503
14 103 1.10503
14 104 1.10503
14 105 1.08861
14 106 1.08077
14 107 1.07364
14 108 1.07009
14 109 1.0976
14 110 1.0976
14 111 1.0976
14 112 1.0976
14 113 1.0976
14 114 1.08402
14 115 1.07757
14 116 1.07161
14 117 1.06882
14 118 1.10088
14 119 1.10088
14 120 1.10088
14 121 1.10088
14 122 1.10088
14 123 1.08598
14 124 1.07884
14 125 1.07235
14 126 1.06915
14 127 1.09874
14 128 1.09874
14 129 1.09874
14 130 1.09874
14 131 1.09874
14 132 1.08471
14 133 1.07793
14 134 1.07171
14 135 1.06861
14 136 1.09357
14 137 1.09357
14 138 1.09357
14 139 1.09357
14 140 1.09357
14 141 1.08155
14 142 1.07565
14 143 1.07019
14 144 1.06745
15 1 1.10664
15 2 1.10664
15 3 1.10664
15 4 1.10664
15 5 1.10664
15 6 1.44665
15 7 1.36761
15 8 1.24369
15 9 1.18002
15 10 1.11754
15 11 1.11754
15 12 1.11754
15 13 1.11754
15 14 1.11754
15 15 6.92096
15 16 2.14651
15 17 1.39505
15 18 1.20489
15 19 1.11001
15 20 1.11001
15 21 1.11001
15 22 1.11001
15 23 1.11001
15 24 1.68198
15 25 1.48553
15 26 1.28195
15 27 1.18897
15 28 1.09876
15 29 1.09876
15 30 1.09876
15 31 1.09876
15 32 1.09876
15 33 1.24216
15 34 1.23218
15 35 1.18773
15 36 1.16032
15 37 1.10089
15 38 1.10089
15 39 1.10089
15 40 1.10089
15 41 1.10089
15 42 1.2588
15 43 1.24583
15 44 1.1948
15 45 1.16416
15 46 1.10686
15 47 1.10686
15 48 1.10686
15 49 1.10686
15 50 1.10686
15 51 1.44676
15 52 1.36782
15 53 1.24392
15 54 1.18013
15 55 1.10292
15 56 1.10292
15 57 1.10292
15 58 1.10292
15 59 1.10292
15 60 1.31147
15 61 1.28437
15 62 1.21199
15 63 1.17028
15 64 1.095
15 65 1.095
15 66 1.095
15 67 1.095
15 68 1.095
15 69 1.18486
15 70 1.18622
15 71 1.16447
15 72 1.14947
15 73 1.09262
15 74 1.09262
15 75 1.09262
15 76 1.09262
15 77 1.09262
15 78 1.15856
15 79 1.16332
15 80 1.15107
15 81 1.14211
15 82 1.09583
15 83 1.09583
15 84 1.09583
15 85 1.09583
15 86 1.09583
15 87 1.19398
15 88 1.19351
15 89 1.16813
15 90 1.15124
15 91 1.09363
15 92 1.09363
15 93 1.09363
15 94 1.09363
15 95 1.09363
15 96 1.17227
15 97 1.17514
15 98 1.15797
15 99 1.14574
15 100 1.08862
15 101 1.08862
15 102 1.08862
15 103 1.08862
15 104 1.08862
15 105 1.1361
15 106 1.14225
15 107 1.13733
15 108 1.13271
15 109 1.08436
15 110 1.08436
15 111 1.08436
15 112 1.08436
15 113 1.08436
15 114 1.11378
15 115 1.12088
15 116 1.1216
15 117 1.12119
15 118 1.08614
15 119 1.08614
15 120 1.08614
15 121 1.08614
15 122 1.08614
15 123 1.12411
15 124 1.13065
15 125 1.12883
15 126 1.12638
15 127 1.08479
15 128 1.08479
15 129 1.08479
15 130 1.08479
15 131 1.08479
15 132 1.11887
15 133 1.12543
15 134 1.12493
15 135 1.12331
15 136 1.08159
15 137 1.08159
15 138 1.08159
15 139 1.08159
15 140 1.08159
15 141 1.10695
15 142 1.11339
15 143 1.11535
15 144 1.11547
16 1 1.0917
16 2 1.0917
16 3 1.0917
16 4 1.0917
16 5 1.0917
16 6 1.36772
16 7 1.46928
16 8 1.34148
16 9 1.24985
16 10 1.09627
16 11 1.09627
16 12 1.09627
16 13 1.09627
16 14 1.09627
16 15 2.14651
16 16 6.92785
16 17 1.99935
16 18 1.31314
16 19 1.09316
16 20 1.09316
16 21 1.09316
16 22 1.09316
16 23 1.09316
16 24 1.48551
16 25 1.70082
16 26 1.43125
16 27 1.2696
16 28 1.0871
16 29 1.0871
16 30 1.0871
16 31 1.0871
16 32 1.0871
16 33 1.23217
16 34 1.26892
16 35 1.24031
16 36 1.21277
16 37 1.08878
16 38 1.08878
16 39 1.08878
16 40 1.08878
16 41 1.08878
16 42 1.24578
16 43 1.28531
16 44 1.25069
16 45 1.21883
16 46 1.09193
16 47 1.09193
16 48 1.09193
16 49 1.09193
16 50 1.09193
16 51 1.36781
16 52 1.46948
16 53 1.34174
16 54 1.24991
16 55 1.08975
16 56 1.08975
16 57 1.08975
16 58 1.08975
16 59 1.08975
16 60 1.28435
16 61 1.33702
16 62 1.27951
16 63 1.23048
16 64 1.085
16 65 1.085
16 66 1.085
16 67 1.085
16 68 1.085
16 69 1.18621
16 70 1.21171
16 71 1.20458
16 72 1.19369
16 73 1.08365
16 74 1.08365
16 75 1.08365
16 76 1.08365
16 77 1.08365
16 78 1.16277
16 79 1.18494
16 80 1.18551
16 81 1.18134
16 82 1.08557
16 83 1.08557
16 84 1.08557
16 85 1.08557
16 86 1.08557
16 87 1.19339
16 88 1.22076
16 89 1.21018
16 90 1.1967
16 91 1.08412
16 92 1.08412
16 93 1.08412
16 94 1.08412
16 95 1.08412
16 96 1.1751
16 97 1.19876
16 98 1.19535
16 99 1.18756
16 100 1.08078
16 101 1.08078
16 102 1.08078
16 103 1.08078
16 104 1.08078
16 105 1.14224
16 106 1.16076
16 107 1.16656
16 108 1.16668
16 109 1.0779
16 110 1.0779
16 111 1.0779
16 112 1.0779
16 113 1.0779
16 114 1.11998
16 115 1.13607
16 116 1.14522
16 117 1.14895
16 118 1.07902
16 119 1.07902
16 120 1.07902
16 121 1.07902
16 122 1.07902
16 123 1.13037
16 124 1.14743
16 125 1.15511
16 126 1.15707
16 127 1.07802
16 128 1.07802
16 129 1.07802
16 130 1.07802
16 131 1.07802
16 132 1.12535
16 133 1.14144
16 134 1.14983
16 135 1.15245
16 136 1.07569
16 137 1.07569
16 138 1.07569
16 139 1.07569
16 140 1.07569
16 141 1.11337
16 142 1.12748
16 143 1.13687
16 144 1.14069
17 1 1.0796
17 2 1.0796
17 3 1.0796
17 4 1.0796
17 5 1.0796
17 6 1.24386
17 7 1.34173
17 8 1.39992
17 9 1.33636
17 10 1.08139
17 11 1.08139
17 12 1.08139
17 13 1.08139
17 14 1.08139
17 15 1.39505
17 16 1.99935
17 17 6.28253
17 18 1.54616
17 19 1.08003
17 20 1.08003
17 21 1.08003
17 22 1.08003
17 23 1.08003
17 24 1.28192
17 25 1.4312
17 26 1.55613
17 27 1.3796
17 28 1.07706
17 29 1.07706
17 30 1.07706
17 31 1.07706
17 32 1.07706
17 33 1.18772
17 34 1.2403
17 35 1.27141
17 36 1.27022
17 37 1.07844
17 38 1.07844
17 39 1.07844
17 40 1.07844
17 41 1.07844
17 42 1.19483
17 43 1.25096
17 44 1.28248
17 45 1.27936
17 46 1.07983
17 47 1.07983
17 48 1.07983
17 49 1.07983
17 50 1.07983
17 51 1.24389
17 52 1.34175
17 53 1.40011
17 54 1.3364
17 55 1.0787
17 56 1.0787
17 57 1.0787
17 58 1.0787
17 59 1.0787
17 60 1.21195
17 61 1.27947
17 62 1.31537
17 63 1.2996
17 64 1.07615
17 65 1.07615
17 66 1.07615
17 67 1.07615
17 68 1.07615
17 69 1.16445
17 70 1.20456
17 71 1.23201
17 72 1.23988
17 73 1.07561
17 74 1.07561
17 75 1.07561
17 76 1.07561
17 77 1.07561
17 78 1.15039
17 79 1.18532
17 80 1.21127
17 81 1.2214
17 82 1.07655
17 83 1.07655
17 84 1.07655
17 85 1.07655
17 86 1.07655
17 87 1.16791
17 88 1.2101
17 89 1.23816
17 90 1.24465
17 91 1.07566
17 92 1.07566
17 93 1.07566
17 94 1.07566
17 95 1.07566
17 96 1.15788
17 97 1.19528
17 98 1.22196
17 99 1.23081
17 100 1.07365
17 101 1.07365
17 102 1.07365
17 103 1.07365
17 104 1.07365
17 105 1.1373
17 106 1.16654
17 107 1.1902
17 108 1.20064
17 109 1.07192
17 110 1.07192
17 111 1.07192
17 112 1.07192
17 113 1.07192
17 114 1.12028
17 115 1.14479
17 116 1.16572
17 117 1.17613
17 118 1.07249
17 119 1.07249
17 120 1.07249
17 121 1.07249
17 122 1.07249
17 123 1.12832
17 124 1.15487
17 125 1.17712
17 126 1.18744
17 127 1.07178
17 128 1.07178
17 129 1.07178
17 130 1.07178
17 131 1.07178
17 132 1.12473
17 133 1.14969
17 134 1.17106
17 135 1.18113
17 136 1.07022
17 137 1.07022
17 138 1.07022
17 139 1.07022
17 140 1.07022
17 141 1.11529
17 142 1.13682
17 143 1.15592
17 144 1.16522
18 1 1.07384
18 2 1.07384
18 3 1.07384
18 4 1.07384
18 5 1.07384
18 6 1.18001
18 7 1.24989
18 8 1.33631
18 9 1.39027
18 10 1.07459
18 11 1.07459
18 12 1.07459
18 13 1.07459
18 14 1.07459
18 15 1.20489
18 16 1.31314
18 17 1.54616
18 18 2.14816
18 19 1.07386
18 20 1.07386
18 21 1.07386
18 22 1.07386
18 23 1.07386
18 24 1.18898
18 25 1.2696
18 26 1.37963
18 27 1.4578
18 28 1.07217
18 29 1.07217
18 30 1.07217
18 31 1.07217
18 32 1.07217
18 33 1.16032
18 34 1.21277
18 35 1.27023
18 36 1.30196
18 37 1.07343
18 38 1.07343
18 39 1.07343
18 40 1.07343
18 41 1.07343
18 42 1.16383
18 43 1.21871
18 44 1.27915
18 45 1.31293
18 46 1.07407
18 47 1.07407
18 48 1.07407
18 49 1.07407
18 50 1.07407
18 51 1.18003
18 52 1.24983
18 53 1.33635
18 54 1.39035
18 55 1.07338
18 56 1.07338
18 57 1.07338
18 58 1.07338
18 59 1.07338
18 60 1.17024
18 61 1.23045
18 62 1.29959
18 63 1.3392
18 64 1.0718
18 65 1.0718
18 66 1.0718
18 67 1.0718
18 68 1.0718
18 69 1.14947
18 70 1.19368
18 71 1.23988
18 72 1.26451
18 73 1.07164
18 74 1.07164
18 75 1.07164
18 76 1.07164
18 77 1.07164
18 78 1.14108
18 79 1.1807
18 80 1.221
18 81 1.24242
18 82 1.07212
18 83 1.07212
18 84 1.07212
18 85 1.07212
18 86 1.07212
18 87 1.15091
18 88 1.19648
18 89 1.24452
18 90 1.27037
18 91 1.07149
18 92 1.07149
18 93 1.07149
18 94 1.07149
18 95 1.07149
18 96 1.14562
18 97 1.18746
18 98 1.23077
18 99 1.25372
18 100 1.0701
18 101 1.0701
18 102 1.0701
18 103 1.0701
18 104 1.0701
18 105 1.13267
18 106 1.16664
18 107 1.20062
18 108 1.21827
18 109 1.06893
18 110 1.06893
18 111 1.06893
18 112 1.06893
18 113 1.06893
18 114 1.11927
18 115 1.14783
18 116 1.17547
18 117 1.19008
18 118 1.06924
18 119 1.06924
18 120 1.06924
18 121 1.06924
18 122 1.06924
18 123 1.12566
18 124 1.15661
18 125 1.18722
18 126 1.20312
18 127 1.06867
18 128 1.06867
18 129 1.06867
18 130 1.06867
18 131 1.06867
18 132 1.12303
18 133 1.15222
18 134 1.18103
18 135 1.1959
18 136 1.06748
18 137 1.06748
18 138 1.06748
18 139 1.06748
18 140 1.06748
18 141 1.11538
18 142 1.1406
18 143 1.16518
18 144 1.17778
19 1 1.11815
19 2 1.11815
19 3 1.11815
19 4 1.11815
19 5 1.11815
19 6 1.09525
19 7 1.08496
19 8 1.07592
19 9 1.07149
19 10 1.16169
19 11 1.16169
19 12 1.16169
19 13 1.16169
19 14 1.16169
19 15 1.11001
19 16 1.09316
19 17 1.08003
19 18 1.07386
19 19 1.30427
19 20 1.30427
19 21 1.30427
19 22 1.30427
19 23 1.30427
19 24 1.11755
19 25 1.09628
19 26 1.08138
19 27 1.07457
19 28 1.162
19 29 1.162
19 30 1.162
19 31 1.162
19 32 1.162
19 33 1.11033
19 34 1.09348
19 35 1.08034
19 36 1.07416
19 37 1.11158
19 38 1.11158
19 39 1.11158
19 40 1.11158
19 41 1.11158
19 42 1.09213
19 43 1.08313
19 44 1.0751
19 45 1.07118
19 46 1.13522
19 47 1.13522
19 48 1.13522
19 49 1.13522
19 50 1.13522
19 51 1.10287
19 52 1.0897
19 53 1.07867
19 54 1.07336
19 55 1.14717
19 56 1.14717
19 57 1.14717
19 58 1.14717
19 59 1.14717
19 60 1.10684
19 61 1.09189
19 62 1.07978
19 63 1.07401
19 64 1.13554
19 65 1.13554
19 66 1.13554
19 67 1.13554
19 68 1.13554
19 69 1.10322
19 70 1.09004
19 71 1.07898
19 72 1.07365
19 73 1.10162
19 74 1.10162
19 75 1.10162
19 76 1.10162
19 77 1.10162
19 78 1.08645
19 79 1.0793
19 80 1.07275
19 81 1.06956
19 82 1.11431
19 83 1.11431
19 84 1.11431
19 85 1.11431
19 86 1.11431
19 87 1.09354
19 88 1.08403
19 89 1.07559
19 90 1.07145
19 91 1.11867
19 92 1.11867
19 93 1.11867
19 94 1.11867
19 95 1.11867
19 96 1.09577
19 97 1.08549
19 98 1.07645
19 99 1.07202
19 100 1.11465
19 101 1.11465
19 102 1.11465
19 103 1.11465
19 104 1.11465
19 105 1.09392
19 106 1.08439
19 107 1.07591
19 108 1.07173
19 109 1.09142
19 110 1.09142
19 111 1.09142
19 112 1.09142
19 113 1.09142
19 114 1.07996
19 115 1.07452
19 116 1.06943
19 117 1.06704
19 118 1.09872
19 119 1.09872
19 120 1.09872
19 121 1.09872
19 122 1.09872
19 123 1.08462
19 124 1.07784
19 125 1.07166
19 126 1.06861
19 127 1.10091
19 128 1.10091
19 129 1.10091
19 130 1.10091
19 131 1.10091
19 132 1.08601
19 133 1.07886
19 134 1.07233
19 135 1.06908
19 136 1.09908
19 137 1.09908
19 138 1.09908
19 139 1.09908
19 140 1.09908
19 141 1.08504
19 142 1.07824
19 143 1.07199
19 144 1.06887
20 1 1.11815
20 2 1.11815
20 3 1.11815
20 4 1.11815
20 5 1.11815
20 6 1.09525
20 7 1.08496
20 8 1.07592
20 9 1.07149
20 10 1.16169
20 11 1.16169
20 12 1.16169
20 13 1.16169
20 14 1.16169
20 15 1.11001
20 16 1.09316
20 17 1.08003
20 18 1.07386
20 19 1.30427
20 20 1.30427
20 21 1.30427
20 22 1.30427
20 23 1.30427
20 24 1.11755
20 25 1.09628
20 26 1.08138
20 27 1.07457
20 28 1.162
20 29 1.162
20 30 1.162
20 31 1.162
20 32 1.162
20 33 1.11033
20 34 1.09348
20 35 1.08034
20 36 1.07416
20 37 1.11158
20 38 1.11158
20 39 1.11158
20 40 1.11158
20 41 1.11158
20 42 1.09213
20 43 1.08313
20 44 1.0751
20 45 1.07118
20 46 1.13522
20 47 1.13522
20 48 1.13522
20 49 1.13522
20 50 1.13522
20 51 1.10287
20 52 1.0897
20 53 1.07867
20 54 1.07336
20 55 1.14717
20 56 1.14717
20 57 1.14717
20 58 1.14717
20 59 1.14717
20 60 1.10684
20 61 1.09189
20 62 1.07978
20 63 1.07401
20 64 1.13554
20 65 1.13554
20 66 1.13554
20 67 1.13554
20 68 1.13554
20 69 1.10322
20 70 1.09004
20 71 1.07898
20 72 1.07365
20 73 1.10162
20 74 1.10162
20 75 1.10162
20 76 1.10162
20 77 1.10162
20 78 1.08645
20 79 1.0793
20 80 1.07275
20 81 1.06956
20 82 1.11431
20 83 1.11431
20 84 1.11431
20 85 1.11431
20 86 1.11431
20 87 1.09354
20 88 1.08403
20 89 1.07559
20 90 1.07145
20 91 1.11867
20 92 1.11867
20 93 1.11867
20 94 1.11867
20 95 1.11867
20 96 1.09577
20 97 1.08549
20 98 1.07645
20 99 1.07202
20 100 1.11465
20 101 1.11465
20 102 1.11465
20 103 1.11465
20 104 1.11465
20 105 1.09392
20 106 1.08439
20 107 1.07591
20 108 1.07173
20 109 1.09142
20 110 1.09142
20 111 1.09142
20 112 1.09142
20 113 1.09142
20 114 1.07996
20 115 1.07452
20 116 1.06943
20 117 1.06704
20 118 1.09872
20 119 1.09872
20 120 1.09872
20 121 1.09872
20 122 1.09872
20 123 1.08462
20 124 1.07784
20 125 1.07166
20 126 1.06861
20 127 1.10091
20 128 1.10091
20 129 1.10091
20 130 1.10091
20 131 1.10091
20 132 1.08601
20 133 1.07886
20 134 1.07233
20 135 1.06908
20 136 1.09908
20 137 1.09908
20 138 1.09908
20 139 1.09908
20 140 1.09908
20 141 1.08504
20 142 1.07824
20 143 1.07199
20 144 1.06887
21 1 1.11815
21 2 1.11815
21 3 1.11815
21 4 1.11815
21 5 1.11815
21 6 1.09525
21 7 1.08496
21 8 1.07592
21 9 1.07149
21 10 1.16169
21 11 1.16169
21 12 1.16169
21 13 1.16169
21 14 1.16169
21 15 1.11001
21 16 1.09316
21 17 1.08003
21 18 1.07386
21 19 1.30427
21 20 1.30427
21 21 1.30427
21 22 1.30427
21 23 1.30427
21 24 1.11755
21 25 1.09628
21 26 1.08138
21 27 1.07457
21 28 1.162
21 29 1.162
21 30 1.162
21 31 1.162
21 32 1.162
21 33 1.11033
21 34 1.09348
21 35 1.08034
