injected_el measured_el potential
1 1 1.30507
1 2 1.30507
1 3 1.30507
1 4 1.30507
1 5 1.30507
1 6 1.11838
1 7 1.09718
1 8 1.08245
1 9 1.07578
1 10 1.14685
1 11 1.14685
1 12 1.14685
1 13 1.14685
1 14 1.14685
1 15 1.10662
1 16 1.09172
1 17 1.07969
1 18 1.07398
1 19 1.11808
1 20 1.11808
1 21 1.11808
1 22 1.11808
1 23 1.11808
1 24 1.09528
1 25 1.08504
1 26 1.07603
1 27 1.07161
1 28 1.10051
1 29 1.10051
1 30 1.10051
1 31 1.10051
1 32 1.10051
1 33 1.08572
1 34 1.07859
1 35 1.07204
1 36 1.06878
1 37 1.14791
1 38 1.14791
1 39 1.14791
1 40 1.14791
1 41 1.14791
1 42 1.10748
1 43 1.09272
1 44 1.08087
1 45 1.07538
1 46 1.12927
1 47 1.12927
1 48 1.12927
1 49 1.12927
1 50 1.12927
1 51 1.10082
1 52 1.08876
1 53 1.07854
1 54 1.07361
1 55 1.1115
1 56 1.1115
1 57 1.1115
1 58 1.1115
1 59 1.1115
1 60 1.09226
1 61 1.08331
1 62 1.0753
1 63 1.07135
1 64 1.09746
1 65 1.09746
1 66 1.09746
1 67 1.09746
1 68 1.09746
1 69 1.08413
1 70 1.07763
1 71 1.07163
1 72 1.06863
1 73 1.11939
1 74 1.11939
1 75 1.11939
1 76 1.11939
1 77 1.11939
1 78 1.09653
1 79 1.08649
1 80 1.0776
1 81 1.07351
1 82 1.11175
1 83 1.11175
1 84 1.11175
1 85 1.11175
1 86 1.11175
1 87 1.09259
1 88 1.08362
1 89 1.07569
1 90 1.07185
1 91 1.10155
1 92 1.10155
1 93 1.10155
1 94 1.10155
1 95 1.10155
1 96 1.08672
1 97 1.07956
1 98 1.07302
1 99 1.06977
1 100 1.09157
1 101 1.09157
1 102 1.09157
1 103 1.09157
1 104 1.09157
1 105 1.08045
1 106 1.07496
1 107 1.06984
1 108 1.06728
1 109 1.10162
1 110 1.10162
1 111 1.10162
1 112 1.10162
1 113 1.10162
1 114 1.08712
1 115 1.08006
1 116 1.07352
1 117 1.07069
1 118 1.09749
1 119 1.09749
1 120 1.09749
1 121 1.09749
1 122 1.09749
1 123 1.08444
1 124 1.07786
1 125 1.07196
1 126 1.06914
1 127 1.09137
1 128 1.09137
1 129 1.09137
1 130 1.09137
1 131 1.09137
1 132 1.08034
1 133 1.07486
1 134 1.0698
1 135 1.06728
1 136 1.08451
1 137 1.08451
1 138 1.08451
1 139 1.08451
1 140 1.08451
1 141 1.07569
1 142 1.07127
1 143 1.06714
1 144 1.06506
2 1 1.30507
2 2 1.30507
2 3 1.30507
2 4 1.30507
2 5 1.30507
2 6 1.11838
2 7 1.09718
2 8 1.08245
2 9 1.07578
2 10 1.14685
2 11 1.14685
2 12 1.14685
2 13 1.14685
2 14 1.14685
2 15 1.10662
2 16 1.09172
2 17 1.07969
2 18 1.07398
2 19 1.11808
2 20 1.11808
2 21 1.11808
2 22 1.11808
2 23 1.11808
2 24 1.09528
2 25 1.08504
2 26 1.07603
2 27 1.07161
2 28 1.10051
2 29 1.10051
2 30 1.10051
2 31 1.10051
2 32 1.10051
2 33 1.08572
2 34 1.07859
2 35 1.07204
2 36 1.06878
2 37 1.14791
2 38 1.14791
2 39 1.14791
2 40 1.14791
2 41 1.14791
2 42 1.10748
2 43 1.09272
2 44 1.08087
2 45 1.07538
2 46 1.12927
2 47 1.12927
2 48 1.12927
2 49 1.12927
2 50 1.12927
2 51 1.10082
2 52 1.08876
2 53 1.07854
2 54 1.07361
2 55 1.1115
2 56 1.1115
2 57 1.1115
2 58 1.1115
2 59 1.1115
2 60 1.09226
2 61 1.08331
2 62 1.0753
2 63 1.07135
2 64 1.09746
2 65 1.09746
2 66 1.09746
2 67 1.09746
2 68 1.09746
2 69 1.08413
2 70 1.07763
2 71 1.07163
2 72 1.06863
2 73 1.11939
2 74 1.11939
2 75 1.11939
2 76 1.11939
2 77 1.11939
2 78 1.09653
2 79 1.08649
2 80 1.0776
2 81 1.07351
2 82 1.11175
2 83 1.11175
2 84 1.11175
2 85 1.11175
2 86 1.11175
2 87 1.09259
2 88 1.08362
2 89 1.07569
2 90 1.07185
2 91 1.10155
2 92 1.10155
2 93 1.10155
2 94 1.10155
2 95 1.10155
2 96 1.08672
2 97 1.07956
2 98 1.07302
2 99 1.06977
2 100 1.09157
2 101 1.09157
2 102 1.09157
2 103 1.09157
2 104 1.09157
2 105 1.08045
2 106 1.07496
2 107 1.06984
2 108 1.06728
2 109 1.10162
2 110 1.10162
2 111 1.10162
2 112 1.10162
2 113 1.10162
2 114 1.08712
2 115 1.08006
2 116 1.07352
2 117 1.07069
2 118 1.09749
2 119 1.09749
2 120 1.09749
2 121 1.09749
2 122 1.09749
2 123 1.08444
2 124 1.07786
2 125 1.07196
2 126 1.06914
2 127 1.09137
2 128 1.09137
2 129 1.09137
2 130 1.09137
2 131 1.09137
2 132 1.08034
2 133 1.07486
2 134 1.0698
2 135 1.06728
2 136 1.08451
2 137 1.08451
2 138 1.08451
2 139 1.08451
2 140 1.08451
2 141 1.07569
2 142 1.07127
2 143 1.06714
2 144 1.06506
3 1 1.30507
3 2 1.30507
3 3 1.30507
3 4 1.30507
3 5 1.30507
3 6 1.11838
3 7 1.09718
3 8 1.08245
3 9 1.07578
3 10 1.14685
3 11 1.14685
3 12 1.14685
3 13 1.14685
3 14 1.14685
3 15 1.10662
3 16 1.09172
3 17 1.07969
3 18 1.07398
3 19 1.11808
3 20 1.11808
3 21 1.11808
3 22 1.11808
3 23 1.11808
3 24 1.09528
3 25 1.08504
3 26 1.07603
3 27 1.07161
3 28 1.10051
3 29 1.10051
3 30 1.10051
3 31 1.10051
3 32 1.10051
3 33 1.08572
3 34 1.07859
3 35 1.07204
3 36 1.06878
3 37 1.14791
3 38 1.14791
3 39 1.14791
3 40 1.14791
3 41 1.14791
3 42 1.10748
3 43 1.09272
3 44 1.08087
3 45 1.07538
3 46 1.12927
3 47 1.12927
3 48 1.12927
3 49 1.12927
3 50 1.12927
3 51 1.10082
3 52 1.08876
3 53 1.07854
3 54 1.07361
3 55 1.1115
3 56 1.1115
3 57 1.1115
3 58 1.1115
3 59 1.1115
3 60 1.09226
3 61 1.08331
3 62 1.0753
3 63 1.07135
3 64 1.09746
3 65 1.09746
3 66 1.09746
3 67 1.09746
3 68 1.09746
3 69 1.08413
3 70 1.07763
3 71 1.07163
3 72 1.06863
3 73 1.11939
3 74 1.11939
3 75 1.11939
3 76 1.11939
3 77 1.11939
3 78 1.09653
3 79 1.08649
3 80 1.0776
3 81 1.07351
3 82 1.11175
3 83 1.11175
3 84 1.11175
3 85 1.11175
3 86 1.11175
3 87 1.09259
3 88 1.08362
3 89 1.07569
3 90 1.07185
3 91 1.10155
3 92 1.10155
3 93 1.10155
3 94 1.10155
3 95 1.10155
3 96 1.08672
3 97 1.07956
3 98 1.07302
3 99 1.06977
3 100 1.09157
3 101 1.09157
3 102 1.09157
3 103 1.09157
3 104 1.09157
3 105 1.08045
3 106 1.07496
3 107 1.06984
3 108 1.06728
3 109 1.10162
3 110 1.10162
3 111 1.10162
3 112 1.10162
3 113 1.10162
3 114 1.08712
3 115 1.08006
3 116 1.07352
3 117 1.07069
3 118 1.09749
3 119 1.09749
3 120 1.09749
3 121 1.09749
3 122 1.09749
3 123 1.08444
3 124 1.07786
3 125 1.07196
3 126 1.06914
3 127 1.09137
3 128 1.09137
3 129 1.09137
3 130 1.09137
3 131 1.09137
3 132 1.08034
3 133 1.07486
3 134 1.0698
3 135 1.06728
3 136 1.08451
3 137 1.08451
3 138 1.08451
3 139 1.08451
3 140 1.08451
3 141 1.07569
3 142 1.07127
3 143 1.06714
3 144 1.06506
4 1 1.30507
4 2 1.30507
4 3 1.30507
4 4 1.30507
4 5 1.30507
4 6 1.11838
4 7 1.09718
4 8 1.08245
4 9 1.07578
4 10 1.14685
4 11 1.14685
4 12 1.14685
4 13 1.14685
4 14 1.14685
4 15 1.10662
4 16 1.09172
4 17 1.07969
4 18 1.07398
4 19 1.11808
4 20 1.11808
4 21 1.11808
4 22 1.11808
4 23 1.11808
4 24 1.09528
4 25 1.08504
4 26 1.07603
4 27 1.07161
4 28 1.10051
4 29 1.10051
4 30 1.10051
4 31 1.10051
4 32 1.10051
4 33 1.08572
4 34 1.07859
4 35 1.07204
4 36 1.06878
4 37 1.14791
4 38 1.14791
4 39 1.14791
4 40 1.14791
4 41 1.14791
4 42 1.10748
4 43 1.09272
4 44 1.08087
4 45 1.07538
4 46 1.12927
4 47 1.12927
4 48 1.12927
4 49 1.12927
4 50 1.12927
4 51 1.10082
4 52 1.08876
4 53 1.07854
4 54 1.07361
4 55 1.1115
4 56 1.1115
4 57 1.1115
4 58 1.1115
4 59 1.1115
4 60 1.09226
4 61 1.08331
4 62 1.0753
4 63 1.07135
4 64 1.09746
4 65 1.09746
4 66 1.09746
4 67 1.09746
4 68 1.09746
4 69 1.08413
4 70 1.07763
4 71 1.07163
4 72 1.06863
4 73 1.11939
4 74 1.11939
4 75 1.11939
4 76 1.11939
4 77 1.11939
4 78 1.09653
4 79 1.08649
4 80 1.0776
4 81 1.07351
4 82 1.11175
4 83 1.11175
4 84 1.11175
4 85 1.11175
4 86 1.11175
4 87 1.09259
4 88 1.08362
4 89 1.07569
4 90 1.07185
4 91 1.10155
4 92 1.10155
4 93 1.10155
4 94 1.10155
4 95 1.10155
4 96 1.08672
4 97 1.07956
4 98 1.07302
4 99 1.06977
4 100 1.09157
4 101 1.09157
4 102 1.09157
4 103 1.09157
4 104 1.09157
4 105 1.08045
4 106 1.07496
4 107 1.06984
4 108 1.06728
4 109 1.10162
4 110 1.10162
4 111 1.10162
4 112 1.10162
4 113 1.10162
4 114 1.08712
4 115 1.08006
4 116 1.07352
4 117 1.07069
4 118 1.09749
4 119 1.09749
4 120 1.09749
4 121 1.09749
4 122 1.09749
4 123 1.08444
4 124 1.07786
4 125 1.07196
4 126 1.06914
4 127 1.09137
4 128 1.09137
4 129 1.09137
4 130 1.09137
4 131 1.09137
4 132 1.08034
4 133 1.07486
4 134 1.0698
4 135 1.06728
4 136 1.08451
4 137 1.08451
4 138 1.08451
4 139 1.08451
4 140 1.08451
4 141 1.07569
4 142 1.07127
4 143 1.06714
4 144 1.06506
5 1 1.30507
5 2 1.30507
5 3 1.30507
5 4 1.30507
5 5 1.30507
5 6 1.11838
5 7 1.09718
5 8 1.08245
5 9 1.07578
5 10 1.14685
5 11 1.14685
5 12 1.14685
5 13 1.14685
5 14 1.14685
5 15 1.10662
5 16 1.09172
5 17 1.07969
5 18 1.07398
5 19 1.11808
5 20 1.11808
5 21 1.11808
5 22 1.11808
5 23 1.11808
5 24 1.09528
5 25 1.08504
5 26 1.07603
5 27 1.07161
5 28 1.10051
5 29 1.10051
5 30 1.10051
5 31 1.10051
5 32 1.10051
5 33 1.08572
5 34 1.07859
5 35 1.07204
5 36 1.06878
5 37 1.14791
5 38 1.14791
5 39 1.14791
5 40 1.14791
5 41 1.14791
5 42 1.10748
5 43 1.09272
5 44 1.08087
5 45 1.07538
5 46 1.12927
5 47 1.12927
5 48 1.12927
5 49 1.12927
5 50 1.12927
5 51 1.10082
5 52 1.08876
5 53 1.07854
5 54 1.07361
5 55 1.1115
5 56 1.1115
5 57 1.1115
5 58 1.1115
5 59 1.1115
5 60 1.09226
5 61 1.08331
5 62 1.0753
5 63 1.07135
5 64 1.09746
5 65 1.09746
5 66 1.09746
5 67 1.09746
5 68 1.09746
5 69 1.08413
5 70 1.07763
5 71 1.07163
5 72 1.06863
5 73 1.11939
5 74 1.11939
5 75 1.11939
5 76 1.11939
5 77 1.11939
5 78 1.09653
5 79 1.08649
5 80 1.0776
5 81 1.07351
5 82 1.11175
5 83 1.11175
5 84 1.11175
5 85 1.11175
5 86 1.11175
5 87 1.09259
5 88 1.08362
5 89 1.07569
5 90 1.07185
5 91 1.10155
5 92 1.10155
5 93 1.10155
5 94 1.10155
5 95 1.10155
5 96 1.08672
5 97 1.07956
5 98 1.07302
5 99 1.06977
5 100 1.09157
5 101 1.09157
5 102 1.09157
5 103 1.09157
5 104 1.09157
5 105 1.08045
5 106 1.07496
5 107 1.06984
5 108 1.06728
5 109 1.10162
5 110 1.10162
5 111 1.10162
5 112 1.10162
5 113 1.10162
5 114 1.08712
5 115 1.08006
5 116 1.07352
5 117 1.07069
5 118 1.09749
5 119 1.09749
5 120 1.09749
5 121 1.09749
5 122 1.09749
5 123 1.08444
5 124 1.07786
5 125 1.07196
5 126 1.06914
5 127 1.09137
5 128 1.09137
5 129 1.09137
5 130 1.09137
5 131 1.09137
5 132 1.08034
5 133 1.07486
5 134 1.0698
5 135 1.06728
5 136 1.08451
5 137 1.08451
5 138 1.08451
5 139 1.08451
5 140 1.08451
5 141 1.07569
5 142 1.07127
5 143 1.06714
5 144 1.06506
6 1 1.11838
6 2 1.11838
6 3 1.11838
6 4 1.11838
6 5 1.11838
6 6 6.91643
6 7 2.14158
6 8 1.39264
6 9 1.20533
6 10 1.10655
6 11 1.10655
6 12 1.10655
6 13 1.10655
6 14 1.10655
6 15 1.4451
6 16 1.36608
6 17 1.24291
6 18 1.17954
6 19 1.0952
6 20 1.0952
6 21 1.0952
6 22 1.0952
6 23 1.0952
6 24 1.19338
6 25 1.19284
6 26 1.16749
6 27 1.15056
6 28 1.08565
6 29 1.08565
6 30 1.08565
6 31 1.08565
6 32 1.08565
6 33 1.12432
6 34 1.13074
6 35 1.12875
6 36 1.12611
6 37 1.10788
6 38 1.10788
6 39 1.10788
6 40 1.10788
6 41 1.10788
6 42 1.43644
6 43 1.36048
6 44 1.24081
6 45 1.18069
6 46 1.10087
6 47 1.10087
6 48 1.10087
6 49 1.10087
6 50 1.10087
6 51 1.25721
6 52 1.24423
6 53 1.19408
6 54 1.16369
6 55 1.09223
6 56 1.09223
6 57 1.09223
6 58 1.09223
6 59 1.09223
6 60 1.15907
6 61 1.16338
6 62 1.15097
6 63 1.14161
6 64 1.08408
6 65 1.08408
6 66 1.08408
6 67 1.08408
6 68 1.08408
6 69 1.11535
6 70 1.12189
6 71 1.12223
6 72 1.12118
6 73 1.09703
6 74 1.09703
6 75 1.09703
6 76 1.09703
6 77 1.09703
6 78 1.18811
6 79 1.18926
6 80 1.16623
6 81 1.15169
6 82 1.09269
6 83 1.09269
6 84 1.09269
6 85 1.09269
6 86 1.09269
6 87 1.15753
6 88 1.16223
6 89 1.15052
6 90 1.1417
6 91 1.08674
6 92 1.08674
6 93 1.08674
6 94 1.08674
6 95 1.08674
6 96 1.12494
6 97 1.13147
6 98 1.12969
6 99 1.12716
6 100 1.08044
6 101 1.08044
6 102 1.08044
6 103 1.08044
6 104 1.08044
6 105 1.1026
6 106 1.10882
6 107 1.11146
6 108 1.1121
6 109 1.08745
6 110 1.08745
6 111 1.08745
6 112 1.08745
6 113 1.08745
6 114 1.1214
6 115 1.12858
6 116 1.12795
6 117 1.12682
6 118 1.08451
6 119 1.08451
6 120 1.08451
6 121 1.08451
6 122 1.08451
6 123 1.1135
6 124 1.12045
6 125 1.12147
6 126 1.12089
6 127 1.08041
6 128 1.08041
6 129 1.08041
6 130 1.08041
6 131 1.08041
6 132 1.10185
6 133 1.10812
6 134 1.11096
6 135 1.11173
6 136 1.0757
6 137 1.0757
6 138 1.0757
6 139 1.0757
6 140 1.0757
6 141 1.09072
6 142 1.09613
6 143 1.09979
6 144 1.10131
7 1 1.09718
7 2 1.09718
7 3 1.09718
7 4 1.09718
7 5 1.09718
7 6 2.14158
7 7 6.91332
7 8 1.99146
7 9 1.31364
7 10 1.09163
7 11 1.09163
7 12 1.09163
7 13 1.09163
7 14 1.09163
7 15 1.36581
7 16 1.46708
7 17 1.34052
7 18 1.24932
7 19 1.08493
7 20 1.08493
7 21 1.08493
7 22 1.08493
7 23 1.08493
7 24 1.19273
7 25 1.22002
7 26 1.20959
7 27 1.1961
7 28 1.07849
7 29 1.07849
7 30 1.07849
7 31 1.07849
7 32 1.07849
7 33 1.13073
7 34 1.14766
7 35 1.15521
7 36 1.157
7 37 1.09302
7 38 1.09302
7 39 1.09302
7 40 1.09302
7 41 1.09302
7 42 1.35896
7 43 1.45968
7 44 1.33713
7 45 1.25033
7 46 1.0888
7 47 1.0888
7 48 1.0888
7 49 1.0888
7 50 1.0888
7 51 1.24397
7 52 1.28335
7 53 1.24989
7 54 1.21827
7 55 1.08326
7 56 1.08326
7 57 1.08326
7 58 1.08326
7 59 1.08326
7 60 1.16327
7 61 1.18502
7 62 1.1855
7 63 1.18091
7 64 1.07756
7 65 1.07756
7 66 1.07756
7 67 1.07756
7 68 1.07756
7 69 1.12187
7 70 1.13734
7 71 1.14614
7 72 1.14919
7 73 1.08688
7 74 1.08688
7 75 1.08688
7 76 1.08688
7 77 1.08688
7 78 1.18728
7 79 1.21554
7 80 1.20752
7 81 1.19665
7 82 1.08378
7 83 1.08378
7 84 1.08378
7 85 1.08378
7 86 1.08378
7 87 1.16155
7 88 1.18369
7 89 1.18485
7 90 1.18074
7 91 1.07958
7 92 1.07958
7 93 1.07958
7 94 1.07958
7 95 1.07958
7 96 1.13129
7 97 1.14831
7 98 1.15615
7 99 1.15809
7 100 1.07493
7 101 1.07493
7 102 1.07493
7 103 1.07493
7 104 1.07493
7 105 1.1088
7 106 1.12205
7 107 1.13155
7 108 1.13563
7 109 1.08047
7 110 1.08047
7 111 1.08047
7 112 1.08047
7 113 1.08047
7 114 1.12689
7 115 1.1446
7 116 1.15361
7 117 1.15683
7 118 1.07811
7 119 1.07811
7 120 1.07811
7 121 1.07811
7 122 1.07811
7 123 1.11951
7 124 1.13552
7 125 1.14499
7 126 1.14839
7 127 1.07495
7 128 1.07495
7 129 1.07495
7 130 1.07495
7 131 1.07495
7 132 1.10787
7 133 1.12116
7 134 1.13085
7 135 1.13503
7 136 1.07128
7 137 1.07128
7 138 1.07128
7 139 1.07128
7 140 1.07128
7 141 1.09609
7 142 1.10692
7 143 1.11588
7 144 1.1201
8 1 1.08245
8 2 1.08245
8 3 1.08245
8 4 1.08245
8 5 1.08245
8 6 1.39264
8 7 1.99146
8 8 6.19346
8 9 1.54556
8 10 1.07964
8 11 1.07964
8 12 1.07964
8 13 1.07964
8 14 1.07964
8 15 1.24256
8 16 1.33996
8 17 1.39848
8 18 1.33533
8 19 1.07597
8 20 1.07597
8 21 1.07597
8 22 1.07597
8 23 1.07597
8 24 1.16739
8 25 1.20942
8 26 1.23746
8 27 1.24389
8 28 1.07199
8 29 1.07199
8 30 1.07199
8 31 1.07199
8 32 1.07199
8 33 1.12875
8 34 1.15514
8 35 1.17726
8 36 1.18742
8 37 1.08109
8 38 1.08109
8 39 1.08109
8 40 1.08109
8 41 1.08109
8 42 1.24023
8 43 1.3379
8 44 1.39666
8 45 1.33608
8 46 1.07859
8 47 1.07859
8 48 1.07859
8 49 1.07859
8 50 1.07859
8 51 1.19384
8 52 1.24982
8 53 1.28186
8 54 1.27848
8 55 1.07529
8 56 1.07529
8 57 1.07529
8 58 1.07529
8 59 1.07529
8 60 1.15087
8 61 1.1854
8 62 1.21122
8 63 1.22092
8 64 1.0716
8 65 1.0716
8 66 1.0716
8 67 1.0716
8 68 1.0716
8 69 1.12223
8 70 1.14609
8 71 1.16673
8 72 1.17655
8 73 1.078
8 74 1.078
8 75 1.078
8 76 1.078
8 77 1.078
8 78 1.16419
8 79 1.20703
8 80 1.23599
8 81 1.24366
8 82 1.07585
8 83 1.07585
8 84 1.07585
8 85 1.07585
8 86 1.07585
8 87 1.14963
8 88 1.18459
8 89 1.21068
8 90 1.22045
8 91 1.07307
8 92 1.07307
8 93 1.07307
8 94 1.07307
8 95 1.07307
8 96 1.12943
8 97 1.15597
8 98 1.17831
8 99 1.18859
8 100 1.06985
8 101 1.06985
8 102 1.06985
8 103 1.06985
8 104 1.06985
8 105 1.11142
8 106 1.13148
8 107 1.1495
8 108 1.15835
8 109 1.0741
8 110 1.0741
8 111 1.0741
8 112 1.0741
8 113 1.0741
8 114 1.12524
8 115 1.15246
8 116 1.17544
8 117 1.18623
8 118 1.07224
8 119 1.07224
8 120 1.07224
8 121 1.07224
8 122 1.07224
8 123 1.11989
8 124 1.1444
8 125 1.1654
8 126 1.1752
8 127 1.06991
8 128 1.06991
8 129 1.06991
8 130 1.06991
8 131 1.06991
8 132 1.11045
8 133 1.13053
8 134 1.14866
8 135 1.15752
8 136 1.06717
8 137 1.06717
8 138 1.06717
8 139 1.06717
8 140 1.06717
8 141 1.09968
8 142 1.11576
8 143 1.13064
8 144 1.13807
9 1 1.07578
9 2 1.07578
9 3 1.07578
9 4 1.07578
9 5 1.07578
9 6 1.20533
9 7 1.31364
9 8 1.54556
9 9 2.14649
9 10 1.07398
9 11 1.07398
9 12 1.07398
9 13 1.07398
9 14 1.07398
9 15 1.17965
9 16 1.24929
9 17 1.33547
9 18 1.38891
9 19 1.07161
9 20 1.07161
9 21 1.07161
9 22 1.07161
9 23 1.07161
9 24 1.15063
9 25 1.19601
9 26 1.24384
9 27 1.26947
9 28 1.06877
9 29 1.06877
9 30 1.06877
9 31 1.06877
9 32 1.06877
9 33 1.12616
9 34 1.15692
9 35 1.18736
9 36 1.20309
9 37 1.07543
9 38 1.07543
9 39 1.07543
9 40 1.07543
9 41 1.07543
9 42 1.17914
9 43 1.24921
9 44 1.33493
9 45 1.38807
9 46 1.07365
9 47 1.07365
9 48 1.07365
9 49 1.07365
9 50 1.07365
9 51 1.16335
9 52 1.21797
9 53 1.27822
9 54 1.31132
9 55 1.07137
9 56 1.07137
9 57 1.07137
9 58 1.07137
9 59 1.07137
9 60 1.14151
9 61 1.18067
9 62 1.22069
9 63 1.24166
9 64 1.06864
9 65 1.06864
9 66 1.06864
9 67 1.06864
9 68 1.06864
9 69 1.12116
9 70 1.14903
9 71 1.17638
9 72 1.19044
9 73 1.07365
9 74 1.07365
9 75 1.07365
9 76 1.07365
9 77 1.07365
9 78 1.14853
9 79 1.19454
9 80 1.24229
9 81 1.26794
9 82 1.07194
9 83 1.07194
9 84 1.07194
9 85 1.07194
9 86 1.07194
9 87 1.14048
9 88 1.18003
9 89 1.22002
9 90 1.24075
9 91 1.06983
9 92 1.06983
9 93 1.06983
9 94 1.06983
9 95 1.06983
9 96 1.12675
9 97 1.15764
9 98 1.18825
9 99 1.20401
9 100 1.0673
9 101 1.0673
9 102 1.0673
9 103 1.0673
9 104 1.0673
9 105 1.11198
9 106 1.13539
9 107 1.15813
9 108 1.16975
9 109 1.0709
9 110 1.0709
9 111 1.0709
9 112 1.0709
9 113 1.0709
9 114 1.1228
9 115 1.15432
9 116 1.18508
9 117 1.2008
9 118 1.06929
9 119 1.06929
9 120 1.06929
9 121 1.06929
9 122 1.06929
9 123 1.11881
9 124 1.14731
9 125 1.17476
9 126 1.18854
9 127 1.06737
9 128 1.06737
9 129 1.06737
9 130 1.06737
9 131 1.06737
9 132 1.11096
9 133 1.13437
9 134 1.15713
9 135 1.1687
9 136 1.0651
9 137 1.0651
9 138 1.0651
9 139 1.0651
9 140 1.0651
9 141 1.10108
9 142 1.11979
9 143 1.13782
9 144 1.147
10 1 1.14685
10 2 1.14685
10 3 1.14685
10 4 1.14685
10 5 1.14685
10 6 1.10655
10 7 1.09163
10 8 1.07964
10 9 1.07398
10 10 1.30418
10 11 1.30418
10 12 1.30418
10 13 1.30418
10 14 1.30418
10 15 1.11749
10 16 1.09627
10 17 1.08145
10 18 1.07471
10 19 1.16162
10 20 1.16162
10 21 1.16162
10 22 1.16162
10 23 1.16162
10 24 1.11
10 25 1.09319
10 26 1.0801
10 27 1.07395
10 28 1.12578
10 29 1.12578
10 30 1.12578
10 31 1.12578
10 32 1.12578
10 33 1.09877
10 34 1.08714
10 35 1.07713
10 36 1.07226
10 37 1.12925
10 38 1.12925
10 39 1.12925
10 40 1.12925
10 41 1.12925
10 42 1.10049
10 43 1.08853
10 44 1.0784
10 45 1.07364
10 46 1.14704
10 47 1.14704
10 48 1.14704
10 49 1.14704
10 50 1.14704
10 51 1.10673
10 52 1.09184
10 53 1.07987
10 54 1.07423
10 55 1.13513
10 56 1.13513
10 57 1.13513
10 58 1.13513
10 59 1.13513
10 60 1.10288
10 61 1.08976
10 62 1.07878
10 63 1.0735
10 64 1.11695
10 65 1.11695
10 66 1.11695
10 67 1.11695
10 68 1.11695
10 69 1.09501
10 70 1.08504
10 71 1.07624
10 72 1.07191
10 73 1.1117
10 74 1.1117
10 75 1.1117
10 76 1.1117
10 77 1.1117
10 78 1.09214
10 79 1.0834
10 80 1.07553
10 81 1.0719
10 82 1.11851
10 83 1.11851
10 84 1.11851
10 85 1.11851
10 86 1.11851
10 87 1.09568
10 88 1.08545
10 89 1.07657
10 90 1.07231
10 91 1.11422
10 92 1.11422
10 93 1.11422
10 94 1.11422
10 95 1.11422
10 96 1.09358
10 97 1.08413
10 98 1.07575
10 99 1.07164
10 100 1.10496
10 101 1.10496
10 102 1.10496
10 103 1.10496
10 104 1.10496
10 105 1.08862
10 106 1.08083
10 107 1.07374
10 108 1.07022
10 109 1.09744
10 110 1.09744
10 111 1.09744
10 112 1.09744
10 113 1.09744
10 114 1.0841
10 115 1.07772
10 116 1.07178
10 117 1.06922
10 118 1.10073
10 119 1.10073
10 120 1.10073
10 121 1.10073
10 122 1.10073
10 123 1.08604
10 124 1.07888
10 125 1.07248
10 126 1.06945
10 127 1.09864
10 128 1.09864
10 129 1.09864
10 130 1.09864
10 131 1.09864
10 132 1.08472
10 133 1.078
10 134 1.07186
10 135 1.06884
10 136 1.0935
10 137 1.0935
10 138 1.0935
10 139 1.0935
10 140 1.0935
10 141 1.08158
10 142 1.07573
10 143 1.07032
10 144 1.06761
11 1 1.14685
11 2 1.14685
11 3 1.14685
11 4 1.14685
11 5 1.14685
11 6 1.10655
11 7 1.09163
11 8 1.07964
11 9 1.07398
11 10 1.30418
11 11 1.30418
11 12 1.30418
11 13 1.30418
11 14 1.30418
11 15 1.11749
11 16 1.09627
11 17 1.08145
11 18 1.07471
11 19 1.16162
11 20 1.16162
11 21 1.16162
11 22 1.16162
11 23 1.16162
11 24 1.11
11 25 1.09319
11 26 1.0801
11 27 1.07395
11 28 1.12578
11 29 1.12578
11 30 1.12578
11 31 1.12578
11 32 1.12578
11 33 1.09877
11 34 1.08714
11 35 1.07713
11 36 1.07226
11 37 1.12925
11 38 1.12925
11 39 1.12925
11 40 1.12925
11 41 1.12925
11 42 1.10049
11 43 1.08853
11 44 1.0784
11 45 1.07364
11 46 1.14704
11 47 1.14704
11 48 1.14704
11 49 1.14704
11 50 1.14704
11 51 1.10673
11 52 1.09184
11 53 1.07987
11 54 1.07423
11 55 1.13513
11 56 1.13513
11 57 1.13513
11 58 1.13513
11 59 1.13513
11 60 1.10288
11 61 1.08976
11 62 1.07878
11 63 1.0735
11 64 1.11695
11 65 1.11695
11 66 1.11695
11 67 1.11695
11 68 1.11695
11 69 1.09501
11 70 1.08504
11 71 1.07624
11 72 1.07191
11 73 1.1117
11 74 1.1117
11 75 1.1117
11 76 1.1117
11 77 1.1117
11 78 1.09214
11 79 1.0834
11 80 1.07553
11 81 1.0719
11 82 1.11851
11 83 1.11851
11 84 1.11851
11 85 1.11851
11 86 1.11851
11 87 1.09568
11 88 1.08545
11 89 1.07657
11 90 1.07231
11 91 1.11422
11 92 1.11422
11 93 1.11422
11 94 1.11422
11 95 1.11422
11 96 1.09358
11 97 1.08413
11 98 1.07575
11 99 1.07164
11 100 1.10496
11 101 1.10496
11 102 1.10496
11 103 1.10496
11 104 1.10496
11 105 1.08862
11 106 1.08083
11 107 1.07374
11 108 1.07022
11 109 1.09744
11 110 1.09744
11 111 1.09744
11 112 1.09744
11 113 1.09744
11 114 1.0841
11 115 1.07772
11 116 1.07178
11 117 1.06922
11 118 1.10073
11 119 1.10073
11 120 1.10073
11 121 1.10073
11 122 1.10073
11 123 1.08604
11 124 1.07888
11 125 1.07248
11 126 1.06945
11 127 1.09864
11 128 1.09864
11 129 1.09864
11 130 1.09864
11 131 1.09864
11 132 1.08472
11 133 1.078
11 134 1.07186
11 135 1.06884
11 136 1.0935
11 137 1.0935
11 138 1.0935
11 139 1.0935
11 140 1.0935
11 141 1.08158
11 142 1.07573
11 143 1.07032
11 144 1.06761
12 1 1.14685
12 2 1.14685
12 3 1.14685
12 4 1.14685
12 5 1.14685
12 6 1.10655
12 7 1.09163
12 8 1.07964
12 9 1.07398
12 10 1.30418
12 11 1.30418
12 12 1.30418
12 13 1.30418
12 14 1.30418
12 15 1.11749
12 16 1.09627
12 17 1.08145
12 18 1.07471
12 19 1.16162
12 20 1.16162
12 21 1.16162
12 22 1.16162
12 23 1.16162
12 24 1.11
12 25 1.09319
12 26 1.0801
12 27 1.07395
12 28 1.12578
12 29 1.12578
12 30 1.12578
12 31 1.12578
12 32 1.12578
12 33 1.09877
12 34 1.08714
12 35 1.07713
12 36 1.07226
12 37 1.12925
12 38 1.12925
12 39 1.12925
12 40 1.12925
12 41 1.12925
12 42 1.10049
12 43 1.08853
12 44 1.0784
12 45 1.07364
12 46 1.14704
12 47 1.14704
12 48 1.14704
12 49 1.14704
12 50 1.14704
12 51 1.10673
12 52 1.09184
12 53 1.07987
12 54 1.07423
12 55 1.13513
12 56 1.13513
12 57 1.13513
12 58 1.13513
12 59 1.13513
12 60 1.10288
12 61 1.08976
12 62 1.07878
12 63 1.0735
12 64 1.11695
12 65 1.11695
12 66 1.11695
12 67 1.11695
12 68 1.11695
12 69 1.09501
12 70 1.08504
12 71 1.07624
12 72 1.07191
12 73 1.1117
12 74 1.1117
12 75 1.1117
12 76 1.1117
12 77 1.1117
12 78 1.09214
12 79 1.0834
12 80 1.07553
12 81 1.0719
12 82 1.11851
12 83 1.11851
12 84 1.11851
12 85 1.11851
12 86 1.11851
12 87 1.09568
12 88 1.08545
12 89 1.07657
12 90 1.07231
12 91 1.11422
12 92 1.11422
12 93 1.11422
12 94 1.11422
12 95 1.11422
12 96 1.09358
12 97 1.08413
12 98 1.07575
12 99 1.07164
12 100 1.10496
12 101 1.10496
12 102 1.10496
12 103 1.10496
12 104 1.10496
12 105 1.08862
12 106 1.08083
12 107 1.07374
12 108 1.07022
12 109 1.09744
12 110 1.09744
12 111 1.09744
12 112 1.09744
12 113 1.09744
12 114 1.0841
12 115 1.07772
12 116 1.07178
12 117 1.06922
12 118 1.10073
12 119 1.10073
12 120 1.10073
12 121 1.10073
12 122 1.10073
12 123 1.08604
12 124 1.07888
12 125 1.07248
12 126 1.06945
12 127 1.09864
12 128 1.09864
12 129 1.09864
12 130 1.09864
12 131 1.09864
12 132 1.08472
12 133 1.078
12 134 1.07186
12 135 1.06884
12 136 1.0935
12 137 1.0935
12 138 1.0935
12 139 1.0935
12 140 1.0935
12 141 1.08158
12 142 1.07573
12 143 1.07032
12 144 1.06761
13 1 1.14685
13 2 1.14685
13 3 1.14685
13 4 1.14685
13 5 1.14685
13 6 1.10655
13 7 1.09163
13 8 1.07964
13 9 1.07398
13 10 1.30418
13 11 1.30418
13 12 1.30418
13 13 1.30418
13 14 1.30418
13 15 1.11749
13 16 1.09627
13 17 1.08145
13 18 1.07471
13 19 1.16162
13 20 1.16162
13 21 1.16162
13 22 1.16162
13 23 1.16162
13 24 1.11
13 25 1.09319
13 26 1.0801
13 27 1.07395
13 28 1.12578
13 29 1.12578
13 30 1.12578
13 31 1.12578
13 32 1.12578
13 33 1.09877
13 34 1.08714
13 35 1.07713
13 36 1.07226
13 37 1.12925
13 38 1.12925
13 39 1.12925
13 40 1.12925
13 41 1.12925
13 42 1.10049
13 43 1.08853
13 44 1.0784
13 45 1.07364
13 46 1.14704
13 47 1.14704
13 48 1.14704
13 49 1.14704
13 50 1.14704
13 51 1.10673
13 52 1.09184
13 53 1.07987
13 54 1.07423
13 55 1.13513
13 56 1.13513
13 57 1.13513
13 58 1.13513
13 59 1.13513
13 60 1.10288
13 61 1.08976
13 62 1.07878
13 63 1.0735
13 64 1.11695
13 65 1.11695
13 66 1.11695
13 67 1.11695
13 68 1.11695
13 69 1.09501
13 70 1.08504
13 71 1.07624
13 72 1.07191
13 73 1.1117
13 74 1.1117
13 75 1.1117
13 76 1.1117
13 77 1.1117
13 78 1.09214
13 79 1.0834
13 80 1.07553
13 81 1.0719
13 82 1.11851
13 83 1.11851
13 84 1.11851
13 85 1.11851
13 86 1.11851
13 87 1.09568
13 88 1.08545
13 89 1.07657
13 90 1.07231
13 91 1.11422
13 92 1.11422
13 93 1.11422
13 94 1.11422
13 95 1.11422
13 96 1.09358
13 97 1.08413
13 98 1.07575
13 99 1.07164
13 100 1.10496
13 101 1.10496
13 102 1.10496
13 103 1.10496
13 104 1.10496
13 105 1.08862
13 106 1.08083
13 107 1.07374
13 108 1.07022
13 109 1.09744
13 110 1.09744
13 111 1.09744
13 112 1.09744
13 113 1.09744
13 114 1.0841
13 115 1.07772
13 116 1.07178
13 117 1.06922
13 118 1.10073
13 119 1.10073
13 120 1.10073
13 121 1.10073
13 122 1.10073
13 123 1.08604
13 124 1.07888
13 125 1.07248
13 126 1.06945
13 127 1.09864
13 128 1.09864
13 129 1.09864
13 130 1.09864
13 131 1.09864
13 132 1.08472
13 133 1.078
13 134 1.07186
13 135 1.06884
13 136 1.0935
13 137 1.0935
13 138 1.0935
13 139 1.0935
13 140 1.0935
13 141 1.08158
13 142 1.07573
13 143 1.07032
13 144 1.06761
14 1 1.14685
14 2 1.14685
14 3 1.14685
14 4 1.14685
14 5 1.14685
14 6 1.10655
14 7 1.09163
14 8 1.07964
14 9 1.07398
14 10 1.30418
14 11 1.30418
14 12 1.30418
14 13 1.30418
14 14 1.30418
14 15 1.11749
14 16 1.09627
14 17 1.08145
14 18 1.07471
14 19 1.16162
14 20 1.16162
14 21 1.16162
14 22 1.16162
14 23 1.16162
14 24 1.11
14 25 1.09319
14 26 1.0801
14 27 1.07395
14 28 1.12578
14 29 1.12578
14 30 1.12578
14 31 1.12578
14 32 1.12578
14 33 1.09877
14 34 1.08714
14 35 1.07713
14 36 1.07226
14 37 1.12925
14 38 1.12925
14 39 1.12925
14 40 1.12925
14 41 1.12925
14 42 1.10049
14 43 1.08853
14 44 1.0784
14 45 1.07364
14 46 1.14704
14 47 1.14704
14 48 1.14704
14 49 1.14704
14 50 1.14704
14 51 1.10673
14 52 1.09184
14 53 1.07987
14 54 1.07423
14 55 1.13513
14 56 1.13513
14 57 1.13513
14 58 1.13513
14 59 1.13513
14 60 1.10288
14 61 1.08976
14 62 1.07878
14 63 1.0735
14 64 1.11695
14 65 1.11695
14 66 1.11695
14 67 1.11695
14 68 1.11695
14 69 1.09501
14 70 1.08504
14 71 1.07624
14 72 1.07191
14 73 1.1117
14 74 1.1117
14 75 1.1117
14 76 1.1117
14 77 1.1117
14 78 1.09214
14 79 1.0834
14 80 1.07553
14 81 1.0719
14 82 1.11851
14 83 1.11851
14 84 1.11851
14 85 1.11851
14 86 1.11851
14 87 1.09568
14 88 1.08545
14 89 1.07657
14 90 1.07231
14 91 1.11422
14 92 1.11422
14 93 1.11422
14 94 1.11422
14 95 1.11422
14 96 1.09358
14 97 1.08413
14 98 1.07575
14 99 1.07164
14 100 1.10496
14 101 1.10496
14 102 1.10496
14 103 1.10496
14 104 1.10496
14 105 1.08862
14 106 1.08083
14 107 1.07374
14 108 1.07022
14 109 1.09744
14 110 1.09744
14 111 1.09744
14 112 1.09744
14 113 1.09744
14 114 1.0841
14 115 1.07772
14 116 1.07178
14 117 1.06922
14 118 1.10073
14 119 1.10073
14 120 1.10073
14 121 1.10073
14 122 1.10073
14 123 1.08604
14 124 1.07888
14 125 1.07248
14 126 1.06945
14 127 1.09864
14 128 1.09864
14 129 1.09864
14 130 1.09864
14 131 1.09864
14 132 1.08472
14 133 1.078
14 134 1.07186
14 135 1.06884
14 136 1.0935
14 137 1.0935
14 138 1.0935
14 139 1.0935
14 140 1.0935
14 141 1.08158
14 142 1.07573
14 143 1.07032
14 144 1.06761
15 1 1.10662
15 2 1.10662
15 3 1.10662
15 4 1.10662
15 5 1.10662
15 6 1.4451
15 7 1.36581
15 8 1.24256
15 9 1.17965
15 10 1.11749
15 11 1.11749
15 12 1.11749
15 13 1.11749
15 14 1.11749
15 15 6.91978
15 16 2.14501
15 17 1.39394
15 18 1.20446
15 19 1.10997
15 20 1.10997
15 21 1.10997
15 22 1.10997
15 23 1.10997
15 24 1.68137
15 25 1.48483
15 26 1.2814
15 27 1.18856
15 28 1.09872
15 29 1.09872
15 30 1.09872
15 31 1.09872
15 32 1.09872
15 33 1.24185
15 34 1.2318
15 35 1.18737
15 36 1.15997
15 37 1.10093
15 38 1.10093
15 39 1.10093
15 40 1.10093
15 41 1.10093
15 42 1.254
15 43 1.24204
15 44 1.19271
15 45 1.16368
15 46 1.10686
15 47 1.10686
15 48 1.10686
15 49 1.10686
15 50 1.10686
15 51 1.44458
15 52 1.36563
15 53 1.24245
15 54 1.17958
15 55 1.1029
15 56 1.1029
15 57 1.1029
15 58 1.1029
15 59 1.1029
15 60 1.3105
15 61 1.28339
15 62 1.21127
15 63 1.16977
15 64 1.09498
15 65 1.09498
15 66 1.09498
15 67 1.09498
15 68 1.09498
15 69 1.18445
15 70 1.18574
15 71 1.16402
15 72 1.14907
15 73 1.09275
15 74 1.09275
15 75 1.09275
15 76 1.09275
15 77 1.09275
15 78 1.15414
15 79 1.15999
15 80 1.14915
15 81 1.14152
15 82 1.09589
15 83 1.09589
15 84 1.09589
15 85 1.09589
15 86 1.09589
15 87 1.19137
15 88 1.19138
15 89 1.16668
15 90 1.15061
15 91 1.09365
15 92 1.09365
15 93 1.09365
15 94 1.09365
15 95 1.09365
15 96 1.17119
15 97 1.17411
15 98 1.15721
15 99 1.14519
15 100 1.08862
15 101 1.08862
15 102 1.08862
15 103 1.08862
15 104 1.08862
15 105 1.13566
15 106 1.14175
15 107 1.13687
15 108 1.13228
15 109 1.08457
15 110 1.08457
15 111 1.08457
15 112 1.08457
15 113 1.08457
15 114 1.11123
15 115 1.11873
15 116 1.12033
15 117 1.12059
15 118 1.08626
15 119 1.08626
15 120 1.08626
15 121 1.08626
15 122 1.08626
15 123 1.12199
15 124 1.12895
15 125 1.12764
15 126 1.12574
15 127 1.08486
15 128 1.08486
15 129 1.08486
15 130 1.08486
15 131 1.08486
15 132 1.11789
15 133 1.12448
15 134 1.1242
15 135 1.12277
15 136 1.08162
15 137 1.08162
15 138 1.08162
15 139 1.08162
15 140 1.08162
15 141 1.10654
15 142 1.11292
15 143 1.11491
15 144 1.11506
16 1 1.09172
16 2 1.09172
16 3 1.09172
16 4 1.09172
16 5 1.09172
16 6 1.36608
16 7 1.46708
16 8 1.33996
16 9 1.24929
16 10 1.09627
16 11 1.09627
16 12 1.09627
16 13 1.09627
16 14 1.09627
16 15 2.14501
16 16 6.92502
16 17 1.99696
16 18 1.31254
16 19 1.09315
16 20 1.09315
16 21 1.09315
16 22 1.09315
16 23 1.09315
16 24 1.48473
16 25 1.69981
16 26 1.43043
16 27 1.26901
16 28 1.08708
16 29 1.08708
16 30 1.08708
16 31 1.08708
16 32 1.08708
16 33 1.23177
16 34 1.26841
16 35 1.23979
16 36 1.21227
16 37 1.0889
16 38 1.0889
16 39 1.0889
16 40 1.0889
16 41 1.0889
16 42 1.24124
16 43 1.28098
16 44 1.24803
16 45 1.21801
16 46 1.09198
16 47 1.09198
16 48 1.09198
16 49 1.09198
16 50 1.09198
16 51 1.36554
16 52 1.46686
16 53 1.33973
16 54 1.24908
16 55 1.08977
16 56 1.08977
16 57 1.08977
16 58 1.08977
16 59 1.08977
16 60 1.28326
16 61 1.33579
16 62 1.27853
16 63 1.22973
16 64 1.08501
16 65 1.08501
16 66 1.08501
16 67 1.08501
16 68 1.08501
16 69 1.1857
16 70 1.21108
16 71 1.20395
16 72 1.19308
16 73 1.08389
16 74 1.08389
16 75 1.08389
16 76 1.08389
16 77 1.08389
16 78 1.15814
16 79 1.18112
16 80 1.18306
16 81 1.18025
16 82 1.08571
16 83 1.08571
16 84 1.08571
16 85 1.08571
16 86 1.08571
16 87 1.19062
16 88 1.21836
16 89 1.20833
16 90 1.19568
16 91 1.0842
16 92 1.0842
16 93 1.0842
16 94 1.0842
16 95 1.0842
16 96 1.17389
16 97 1.1975
16 98 1.1943
16 99 1.18672
16 100 1.08083
16 101 1.08083
16 102 1.08083
16 103 1.08083
16 104 1.08083
16 105 1.14171
16 106 1.16009
16 107 1.16589
16 108 1.16603
16 109 1.07822
16 110 1.07822
16 111 1.07822
16 112 1.07822
16 113 1.07822
16 114 1.11693
16 115 1.13339
16 116 1.14349
16 117 1.14779
16 118 1.07924
16 119 1.07924
16 120 1.07924
16 121 1.07924
16 122 1.07924
16 123 1.12785
16 124 1.1454
16 125 1.15352
16 126 1.15597
16 127 1.07815
16 128 1.07815
16 129 1.07815
16 130 1.07815
16 131 1.07815
16 132 1.12417
16 133 1.14023
16 134 1.14878
16 135 1.15157
16 136 1.07578
16 137 1.07578
16 138 1.07578
16 139 1.07578
16 140 1.07578
16 141 1.11285
16 142 1.12683
16 143 1.13621
16 144 1.14003
17 1 1.07969
17 2 1.07969
17 3 1.07969
17 4 1.07969
17 5 1.07969
17 6 1.24291
17 7 1.34052
17 8 1.39848
17 9 1.33547
17 10 1.08145
17 11 1.08145
17 12 1.08145
17 13 1.08145
17 14 1.08145
17 15 1.39394
17 16 1.99696
17 17 6.26733
17 18 1.54508
17 19 1.08007
17 20 1.08007
17 21 1.08007
17 22 1.08007
17 23 1.08007
17 24 1.2812
17 25 1.43008
17 26 1.55476
17 27 1.37865
17 28 1.07709
17 29 1.07709
17 30 1.07709
17 31 1.07709
17 32 1.07709
17 33 1.18729
17 34 1.23968
17 35 1.27068
17 36 1.26947
17 37 1.07865
17 38 1.07865
17 39 1.07865
17 40 1.07865
17 41 1.07865
17 42 1.19211
17 43 1.24828
17 44 1.28016
17 45 1.27798
17 46 1.07997
17 47 1.07997
17 48 1.07997
17 49 1.07997
17 50 1.07997
17 51 1.24238
17 52 1.34
17 53 1.39801
17 54 1.33512
17 55 1.0788
17 56 1.0788
17 57 1.0788
17 58 1.0788
17 59 1.0788
17 60 1.21107
17 61 1.27834
17 62 1.31418
17 63 1.2985
17 64 1.07622
17 65 1.07622
17 66 1.07622
17 67 1.07622
17 68 1.07622
17 69 1.16395
17 70 1.20386
17 71 1.23119
17 72 1.23902
17 73 1.07595
17 74 1.07595
17 75 1.07595
17 76 1.07595
17 77 1.07595
17 78 1.14688
17 79 1.18231
17 80 1.20883
17 81 1.21964
17 82 1.07678
17 83 1.07678
17 84 1.07678
17 85 1.07678
17 86 1.07678
17 87 1.16577
17 88 1.20821
17 89 1.23626
17 90 1.24312
17 91 1.07582
17 92 1.07582
17 93 1.07582
17 94 1.07582
17 95 1.07582
17 96 1.15683
17 97 1.19406
17 98 1.22071
17 99 1.22961
17 100 1.07375
17 101 1.07375
17 102 1.07375
17 103 1.07375
17 104 1.07375
17 105 1.13676
17 106 1.16579
17 107 1.18933
17 108 1.19972
17 109 1.07236
17 110 1.07236
17 111 1.07236
17 112 1.07236
17 113 1.07236
17 114 1.11737
17 115 1.1422
17 116 1.16376
17 117 1.17428
17 118 1.07282
17 119 1.07282
17 120 1.07282
17 121 1.07282
17 122 1.07282
17 123 1.12592
17 124 1.15297
17 125 1.17532
17 126 1.18581
17 127 1.072
17 128 1.072
17 129 1.072
17 130 1.072
17 131 1.072
17 132 1.12356
17 133 1.14841
17 134 1.16977
17 135 1.17988
17 136 1.07036
17 137 1.07036
17 138 1.07036
17 139 1.07036
17 140 1.07036
17 141 1.11473
17 142 1.13605
17 143 1.15504
17 144 1.16429
18 1 1.07398
18 2 1.07398
18 3 1.07398
18 4 1.07398
18 5 1.07398
18 6 1.17954
18 7 1.24932
18 8 1.33533
18 9 1.38891
18 10 1.07471
18 11 1.07471
18 12 1.07471
18 13 1.07471
18 14 1.07471
18 15 1.20446
18 16 1.31254
18 17 1.54508
18 18 2.14688
18 19 1.07395
18 20 1.07395
18 21 1.07395
18 22 1.07395
18 23 1.07395
18 24 1.1886
18 25 1.269
18 26 1.37878
18 27 1.4568
18 28 1.07224
18 29 1.07224
18 30 1.07224
18 31 1.07224
18 32 1.07224
18 33 1.16001
18 34 1.21227
18 35 1.26955
18 36 1.30118
18 37 1.07369
18 38 1.07369
18 39 1.07369
18 40 1.07369
18 41 1.07369
18 42 1.16219
18 43 1.21709
18 44 1.27721
18 45 1.31092
18 46 1.07427
18 47 1.07427
18 48 1.07427
18 49 1.07427
18 50 1.07427
18 51 1.17912
18 52 1.24882
18 53 1.33485
18 54 1.38865
18 55 1.07353
18 56 1.07353
18 57 1.07353
18 58 1.07353
18 59 1.07353
18 60 1.16963
18 61 1.22958
18 62 1.29847
18 63 1.33793
18 64 1.07191
18 65 1.07191
18 66 1.07191
18 67 1.07191
18 68 1.07191
18 69 1.14905
18 70 1.19303
18 71 1.23903
18 72 1.26355
18 73 1.07202
18 74 1.07202
18 75 1.07202
18 76 1.07202
18 77 1.07202
18 78 1.13832
18 79 1.17827
18 80 1.21857
18 81 1.24009
18 82 1.0724
18 83 1.0724
18 84 1.0724
18 85 1.0724
18 86 1.0724
18 87 1.14921
18 88 1.19497
18 89 1.24266
18 90 1.26844
18 91 1.07169
18 92 1.07169
18 93 1.07169
18 94 1.07169
18 95 1.07169
18 96 1.14473
18 97 1.18633
18 98 1.22944
18 99 1.25229
18 100 1.07025
18 101 1.07025
18 102 1.07025
18 103 1.07025
18 104 1.07025
18 105 1.13217
18 106 1.16589
18 107 1.19967
18 108 1.21722
18 109 1.06942
18 110 1.06942
18 111 1.06942
18 112 1.06942
18 113 1.06942
18 114 1.11651
18 115 1.14535
18 116 1.17334
18 117 1.18773
18 118 1.06961
18 119 1.06961
18 120 1.06961
18 121 1.06961
18 122 1.06961
18 123 1.1234
18 124 1.15482
18 125 1.18529
18 126 1.20112
18 127 1.06893
18 128 1.06893
18 129 1.06893
18 130 1.06893
18 131 1.06893
18 132 1.1219
18 133 1.15092
18 134 1.17958
18 135 1.19441
18 136 1.06766
18 137 1.06766
18 138 1.06766
18 139 1.06766
18 140 1.06766
18 141 1.11482
18 142 1.13978
18 143 1.16418
18 144 1.1767
19 1 1.11808
19 2 1.11808
19 3 1.11808
19 4 1.11808
19 5 1.11808
19 6 1.0952
19 7 1.08493
19 8 1.07597
19 9 1.07161
19 10 1.16162
19 11 1.16162
19 12 1.16162
19 13 1.16162
19 14 1.16162
19 15 1.10997
19 16 1.09315
19 17 1.08007
19 18 1.07395
19 19 1.30421
19 20 1.30421
19 21 1.30421
19 22 1.30421
19 23 1.30421
19 24 1.11752
19 25 1.09629
19 26 1.08143
19 27 1.07464
19 28 1.16195
19 29 1.16195
19 30 1.16195
19 31 1.16195
19 32 1.16195
19 33 1.11032
19 34 1.09349
19 35 1.08038
19 36 1.07422
19 37 1.11147
19 38 1.11147
19 39 1.11147
19 40 1.11147
19 41 1.11147
19 42 1.09192
19 43 1.08303
19 44 1.07514
19 45 1.07138
19 46 1.13512
19 47 1.13512
19 48 1.13512
19 49 1.13512
19 50 1.13512
19 51 1.10277
19 52 1.08964
19 53 1.07871
19 54 1.0735
19 55 1.14709
19 56 1.14709
19 57 1.14709
19 58 1.14709
19 59 1.14709
19 60 1.1068
19 61 1.0919
19 62 1.07985
19 63 1.07412
19 64 1.13548
19 65 1.13548
19 66 1.13548
19 67 1.13548
19 68 1.13548
19 69 1.10321
19 70 1.09006
19 71 1.07904
19 72 1.07373
19 73 1.10149
19 74 1.10149
19 75 1.10149
19 76 1.10149
19 77 1.10149
19 78 1.08622
19 79 1.07923
19 80 1.07281
19 81 1.06983
19 82 1.11419
19 83 1.11419
19 84 1.11419
19 85 1.11419
19 86 1.11419
19 87 1.09343
19 88 1.08396
19 89 1.07563
19 90 1.07164
19 91 1.11858
19 92 1.11858
19 93 1.11858
19 94 1.11858
19 95 1.11858
19 96 1.09572
19 97 1.0855
19 98 1.07654
19 99 1.07216
19 100 1.11458
19 101 1.11458
19 102 1.11458
19 103 1.11458
19 104 1.11458
19 105 1.0939
19 106 1.08442
19 107 1.07599
19 108 1.07184
19 109 1.09128
19 110 1.09128
19 111 1.09128
19 112 1.09128
19 113 1.09128
19 114 1.07997
19 115 1.0746
19 116 1.06955
19 117 1.06739
19 118 1.09859
19 119 1.09859
19 120 1.09859
19 121 1.09859
19 122 1.09859
19 123 1.08459
19 124 1.07781
19 125 1.07172
19 126 1.06886
19 127 1.10081
19 128 1.10081
19 129 1.10081
19 130 1.10081
19 131 1.10081
19 132 1.08596
19 133 1.07888
19 134 1.07243
19 135 1.06926
19 136 1.099
19 137 1.099
19 138 1.099
19 139 1.099
19 140 1.099
19 141 1.08503
19 142 1.07828
19 143 1.07209
19 144 1.069
20 1 1.11808
20 2 1.11808
20 3 1.11808
20 4 1.11808
20 5 1.11808
20 6 1.0952
20 7 1.08493
20 8 1.07597
20 9 1.07161
20 10 1.16162
20 11 1.16162
20 12 1.16162
20 13 1.16162
20 14 1.16162
20 15 1.10997
20 16 1.09315
20 17 1.08007
20 18 1.07395
20 19 1.30421
20 20 1.30421
20 21 1.30421
20 22 1.30421
20 23 1.30421
20 24 1.11752
20 25 1.09629
20 26 1.08143
20 27 1.07464
20 28 1.16195
20 29 1.16195
20 30 1.16195
20 31 1.16195
20 32 1.16195
20 33 1.11032
20 34 1.09349
20 35 1.08038
20 36 1.07422
20 37 1.11147
20 38 1.11147
20 39 1.11147
20 40 1.11147
20 41 1.11147
20 42 1.09192
20 43 1.08303
20 44 1.07514
20 45 1.07138
20 46 1.13512
20 47 1.13512
20 48 1.13512
20 49 1.13512
20 50 1.13512
20 51 1.10277
20 52 1.08964
20 53 1.07871
20 54 1.0735
20 55 1.14709
20 56 1.14709
20 57 1.14709
20 58 1.14709
20 59 1.14709
20 60 1.1068
20 61 1.0919
20 62 1.07985
20 63 1.07412
20 64 1.13548
20 65 1.13548
20 66 1.13548
20 67 1.13548
20 68 1.13548
20 69 1.10321
20 70 1.09006
20 71 1.07904
20 72 1.07373
20 73 1.10149
20 74 1.10149
20 75 1.10149
20 76 1.10149
20 77 1.10149
20 78 1.08622
20 79 1.07923
20 80 1.07281
20 81 1.06983
20 82 1.11419
20 83 1.11419
20 84 1.11419
20 85 1.11419
20 86 1.11419
20 87 1.09343
20 88 1.08396
20 89 1.07563
20 90 1.07164
20 91 1.11858
20 92 1.11858
20 93 1.11858
20 94 1.11858
20 95 1.11858
20 96 1.09572
20 97 1.0855
20 98 1.07654
20 99 1.07216
20 100 1.11458
20 101 1.11458
20 102 1.11458
20 103 1.11458
20 104 1.11458
20 105 1.0939
20 106 1.08442
20 107 1.07599
20 108 1.07184
20 109 1.09128
20 110 1.09128
20 111 1.09128
20 112 1.09128
20 113 1.09128
20 114 1.07997
20 115 1.0746
20 116 1.06955
20 117 1.06739
20 118 1.09859
20 119 1.09859
20 120 1.09859
20 121 1.09859
20 122 1.09859
20 123 1.08459
20 124 1.07781
20 125 1.07172
20 126 1.06886
20 127 1.10081
20 128 1.10081
20 129 1.10081
20 130 1.10081
20 131 1.10081
20 132 1.08596
20 133 1.07888
20 134 1.07243
20 135 1.06926
20 136 1.099
20 137 1.099
20 138 1.099
20 139 1.099
20 140 1.099
20 141 1.08503
20 142 1.07828
20 143 1.07209
20 144 1.069
21 1 1.11808
21 2 1.11808
21 3 1.11808
21 4 1.11808
21 5 1.11808
21 6 1.0952
21 7 1.08493
21 8 1.07597
21 9 1.07161
21 10 1.16162
21 11 1.16162
21 12 1.16162
21 13 1.16162
21 14 1.16162
21 15 1.10997
21 16 1.09315
21 17 1.08007
21 18 1.07395
21 19 1.30421
21 20 1.30421
21 21 1.30421
21 22 1.30421
21 23 1.30421
21 24 1.11752
21 25 1.09629
21 26 1.08143
21 27 1.07464
21 28 1.16195
21 29 1.16195
21 30 1.16195
21 31 1.16195
21 32 1.16195
21 33 1.11032
21 34 1.09349
21 35 1.08038
21 36 1.07422
21 37 1.11147
21 38 1.11147
21 39 1.11147
