injected_el measured_el potential
1 1 1.30455
1 2 1.30455
1 3 1.30455
1 4 1.30455
1 5 1.30455
1 6 1.1182
1 7 1.09762
1 8 1.08342
1 9 1.07696
1 10 1.14643
1 11 1.14643
1 12 1.14643
1 13 1.14643
1 14 1.14643
1 15 1.10689
1 16 1.09191
1 17 1.0804
1 18 1.07517
1 19 1.11777
1 20 1.11777
1 21 1.11777
1 22 1.11777
1 23 1.11777
1 24 1.09551
1 25 1.08549
1 26 1.07683
1 27 1.07258
1 28 1.10029
1 29 1.10029
1 30 1.10029
1 31 1.10029
1 32 1.10029
1 33 1.086
1 34 1.07907
1 35 1.07271
1 36 1.06954
1 37 1.14728
1 38 1.14728
1 39 1.14728
1 40 1.14728
1 41 1.14728
1 42 1.10688
1 43 1.09361
1 44 1.08237
1 45 1.07713
1 46 1.12871
1 47 1.12871
1 48 1.12871
1 49 1.12871
1 50 1.12871
1 51 1.1016
1 52 1.08927
1 53 1.07949
1 54 1.0753
1 55 1.11114
1 56 1.11114
1 57 1.11114
1 58 1.11114
1 59 1.11114
1 60 1.09275
1 61 1.08418
1 62 1.07646
1 63 1.07265
1 64 1.09722
1 65 1.09722
1 66 1.09722
1 67 1.09722
1 68 1.09722
1 69 1.08467
1 70 1.07839
1 71 1.07254
1 72 1.06961
1 73 1.11889
1 74 1.11889
1 75 1.11889
1 76 1.11889
1 77 1.11889
1 78 1.09632
1 79 1.0876
1 80 1.07932
1 81 1.07544
1 82 1.11122
1 83 1.11122
1 84 1.11122
1 85 1.11122
1 86 1.11122
1 87 1.09366
1 88 1.08501
1 89 1.07706
1 90 1.07372
1 91 1.10121
1 92 1.10121
1 93 1.10121
1 94 1.10121
1 95 1.10121
1 96 1.08796
1 97 1.08104
1 98 1.07446
1 99 1.07124
1 100 1.09136
1 101 1.09136
1 102 1.09136
1 103 1.09136
1 104 1.09136
1 105 1.08126
1 106 1.07594
1 107 1.07091
1 108 1.06837
1 109 1.10133
1 110 1.10133
1 111 1.10133
1 112 1.10133
1 113 1.10133
1 114 1.08709
1 115 1.08108
1 116 1.07549
1 117 1.07247
1 118 1.09713
1 119 1.09713
1 120 1.09713
1 121 1.09713
1 122 1.09713
1 123 1.08587
1 124 1.07946
1 125 1.07359
1 126 1.071
1 127 1.09112
1 128 1.09112
1 129 1.09112
1 130 1.09112
1 131 1.09112
1 132 1.08183
1 133 1.07645
1 134 1.07138
1 135 1.06881
1 136 1.08435
1 137 1.08435
1 138 1.08435
1 139 1.08435
1 140 1.08435
1 141 1.07656
1 142 1.07235
1 143 1.06827
1 144 1.06619
2 1 1.30455
2 2 1.30455
2 3 1.30455
2 4 1.30455
2 5 1.30455
2 6 1.1182
2 7 1.09762
2 8 1.08342
2 9 1.07696
2 10 1.14643
2 11 1.14643
2 12 1.14643
2 13 1.14643
2 14 1.14643
2 15 1.10689
2 16 1.09191
2 17 1.0804
2 18 1.07517
2 19 1.11777
2 20 1.11777
2 21 1.11777
2 22 1.11777
2 23 1.11777
2 24 1.09551
2 25 1.08549
2 26 1.07683
2 27 1.07258
2 28 1.10029
2 29 1.10029
2 30 1.10029
2 31 1.10029
2 32 1.10029
2 33 1.086
2 34 1.07907
2 35 1.07271
2 36 1.06954
2 37 1.14728
2 38 1.14728
2 39 1.14728
2 40 1.14728
2 41 1.14728
2 42 1.10688
2 43 1.09361
2 44 1.08237
2 45 1.07713
2 46 1.12871
2 47 1.12871
2 48 1.12871
2 49 1.12871
2 50 1.12871
2 51 1.1016
2 52 1.08927
2 53 1.07949
2 54 1.0753
2 55 1.11114
2 56 1.11114
2 57 1.11114
2 58 1.11114
2 59 1.11114
2 60 1.09275
2 61 1.08418
2 62 1.07646
2 63 1.07265
2 64 1.09722
2 65 1.09722
2 66 1.09722
2 67 1.09722
2 68 1.09722
2 69 1.08467
2 70 1.07839
2 71 1.07254
2 72 1.06961
2 73 1.11889
2 74 1.11889
2 75 1.11889
2 76 1.11889
2 77 1.11889
2 78 1.09632
2 79 1.0876
2 80 1.07932
2 81 1.07544
2 82 1.11122
2 83 1.11122
2 84 1.11122
2 85 1.11122
2 86 1.11122
2 87 1.09366
2 88 1.08501
2 89 1.07706
2 90 1.07372
2 91 1.10121
2 92 1.10121
2 93 1.10121
2 94 1.10121
2 95 1.10121
2 96 1.08796
2 97 1.08104
2 98 1.07446
2 99 1.07124
2 100 1.09136
2 101 1.09136
2 102 1.09136
2 103 1.09136
2 104 1.09136
2 105 1.08126
2 106 1.07594
2 107 1.07091
2 108 1.06837
2 109 1.10133
2 110 1.10133
2 111 1.10133
2 112 1.10133
2 113 1.10133
2 114 1.08709
2 115 1.08108
2 116 1.07549
2 117 1.07247
2 118 1.09713
2 119 1.09713
2 120 1.09713
2 121 1.09713
2 122 1.09713
2 123 1.08587
2 124 1.07946
2 125 1.07359
2 126 1.071
2 127 1.09112
2 128 1.09112
2 129 1.09112
2 130 1.09112
2 131 1.09112
2 132 1.08183
2 133 1.07645
2 134 1.07138
2 135 1.06881
2 136 1.08435
2 137 1.08435
2 138 1.08435
2 139 1.08435
2 140 1.08435
2 141 1.07656
2 142 1.07235
2 143 1.06827
2 144 1.06619
3 1 1.30455
3 2 1.30455
3 3 1.30455
3 4 1.30455
3 5 1.30455
3 6 1.1182
3 7 1.09762
3 8 1.08342
3 9 1.07696
3 10 1.14643
3 11 1.14643
3 12 1.14643
3 13 1.14643
3 14 1.14643
3 15 1.10689
3 16 1.09191
3 17 1.0804
3 18 1.07517
3 19 1.11777
3 20 1.11777
3 21 1.11777
3 22 1.11777
3 23 1.11777
3 24 1.09551
3 25 1.08549
3 26 1.07683
3 27 1.07258
3 28 1.10029
3 29 1.10029
3 30 1.10029
3 31 1.10029
3 32 1.10029
3 33 1.086
3 34 1.07907
3 35 1.07271
3 36 1.06954
3 37 1.14728
3 38 1.14728
3 39 1.14728
3 40 1.14728
3 41 1.14728
3 42 1.10688
3 43 1.09361
3 44 1.08237
3 45 1.07713
3 46 1.12871
3 47 1.12871
3 48 1.12871
3 49 1.12871
3 50 1.12871
3 51 1.1016
3 52 1.08927
3 53 1.07949
3 54 1.0753
3 55 1.11114
3 56 1.11114
3 57 1.11114
3 58 1.11114
3 59 1.11114
3 60 1.09275
3 61 1.08418
3 62 1.07646
3 63 1.07265
3 64 1.09722
3 65 1.09722
3 66 1.09722
3 67 1.09722
3 68 1.09722
3 69 1.08467
3 70 1.07839
3 71 1.07254
3 72 1.06961
3 73 1.11889
3 74 1.11889
3 75 1.11889
3 76 1.11889
3 77 1.11889
3 78 1.09632
3 79 1.0876
3 80 1.07932
3 81 1.07544
3 82 1.11122
3 83 1.11122
3 84 1.11122
3 85 1.11122
3 86 1.11122
3 87 1.09366
3 88 1.08501
3 89 1.07706
3 90 1.07372
3 91 1.10121
3 92 1.10121
3 93 1.10121
3 94 1.10121
3 95 1.10121
3 96 1.08796
3 97 1.08104
3 98 1.07446
3 99 1.07124
3 100 1.09136
3 101 1.09136
3 102 1.09136
3 103 1.09136
3 104 1.09136
3 105 1.08126
3 106 1.07594
3 107 1.07091
3 108 1.06837
3 109 1.10133
3 110 1.10133
3 111 1.10133
3 112 1.10133
3 113 1.10133
3 114 1.08709
3 115 1.08108
3 116 1.07549
3 117 1.07247
3 118 1.09713
3 119 1.09713
3 120 1.09713
3 121 1.09713
3 122 1.09713
3 123 1.08587
3 124 1.07946
3 125 1.07359
3 126 1.071
3 127 1.09112
3 128 1.09112
3 129 1.09112
3 130 1.09112
3 131 1.09112
3 132 1.08183
3 133 1.07645
3 134 1.07138
3 135 1.06881
3 136 1.08435
3 137 1.08435
3 138 1.08435
3 139 1.08435
3 140 1.08435
3 141 1.07656
3 142 1.07235
3 143 1.06827
3 144 1.06619
4 1 1.30455
4 2 1.30455
4 3 1.30455
4 4 1.30455
4 5 1.30455
4 6 1.1182
4 7 1.09762
4 8 1.08342
4 9 1.07696
4 10 1.14643
4 11 1.14643
4 12 1.14643
4 13 1.14643
4 14 1.14643
4 15 1.10689
4 16 1.09191
4 17 1.0804
4 18 1.07517
4 19 1.11777
4 20 1.11777
4 21 1.11777
4 22 1.11777
4 23 1.11777
4 24 1.09551
4 25 1.08549
4 26 1.07683
4 27 1.07258
4 28 1.10029
4 29 1.10029
4 30 1.10029
4 31 1.10029
4 32 1.10029
4 33 1.086
4 34 1.07907
4 35 1.07271
4 36 1.06954
4 37 1.14728
4 38 1.14728
4 39 1.14728
4 40 1.14728
4 41 1.14728
4 42 1.10688
4 43 1.09361
4 44 1.08237
4 45 1.07713
4 46 1.12871
4 47 1.12871
4 48 1.12871
4 49 1.12871
4 50 1.12871
4 51 1.1016
4 52 1.08927
4 53 1.07949
4 54 1.0753
4 55 1.11114
4 56 1.11114
4 57 1.11114
4 58 1.11114
4 59 1.11114
4 60 1.09275
4 61 1.08418
4 62 1.07646
4 63 1.07265
4 64 1.09722
4 65 1.09722
4 66 1.09722
4 67 1.09722
4 68 1.09722
4 69 1.08467
4 70 1.07839
4 71 1.07254
4 72 1.06961
4 73 1.11889
4 74 1.11889
4 75 1.11889
4 76 1.11889
4 77 1.11889
4 78 1.09632
4 79 1.0876
4 80 1.07932
4 81 1.07544
4 82 1.11122
4 83 1.11122
4 84 1.11122
4 85 1.11122
4 86 1.11122
4 87 1.09366
4 88 1.08501
4 89 1.07706
4 90 1.07372
4 91 1.10121
4 92 1.10121
4 93 1.10121
4 94 1.10121
4 95 1.10121
4 96 1.08796
4 97 1.08104
4 98 1.07446
4 99 1.07124
4 100 1.09136
4 101 1.09136
4 102 1.09136
4 103 1.09136
4 104 1.09136
4 105 1.08126
4 106 1.07594
4 107 1.07091
4 108 1.06837
4 109 1.10133
4 110 1.10133
4 111 1.10133
4 112 1.10133
4 113 1.10133
4 114 1.08709
4 115 1.08108
4 116 1.07549
4 117 1.07247
4 118 1.09713
4 119 1.09713
4 120 1.09713
4 121 1.09713
4 122 1.09713
4 123 1.08587
4 124 1.07946
4 125 1.07359
4 126 1.071
4 127 1.09112
4 128 1.09112
4 129 1.09112
4 130 1.09112
4 131 1.09112
4 132 1.08183
4 133 1.07645
4 134 1.07138
4 135 1.06881
4 136 1.08435
4 137 1.08435
4 138 1.08435
4 139 1.08435
4 140 1.08435
4 141 1.07656
4 142 1.07235
4 143 1.06827
4 144 1.06619
5 1 1.30455
5 2 1.30455
5 3 1.30455
5 4 1.30455
5 5 1.30455
5 6 1.1182
5 7 1.09762
5 8 1.08342
5 9 1.07696
5 10 1.14643
5 11 1.14643
5 12 1.14643
5 13 1.14643
5 14 1.14643
5 15 1.10689
5 16 1.09191
5 17 1.0804
5 18 1.07517
5 19 1.11777
5 20 1.11777
5 21 1.11777
5 22 1.11777
5 23 1.11777
5 24 1.09551
5 25 1.08549
5 26 1.07683
5 27 1.07258
5 28 1.10029
5 29 1.10029
5 30 1.10029
5 31 1.10029
5 32 1.10029
5 33 1.086
5 34 1.07907
5 35 1.07271
5 36 1.06954
5 37 1.14728
5 38 1.14728
5 39 1.14728
5 40 1.14728
5 41 1.14728
5 42 1.10688
5 43 1.09361
5 44 1.08237
5 45 1.07713
5 46 1.12871
5 47 1.12871
5 48 1.12871
5 49 1.12871
5 50 1.12871
5 51 1.1016
5 52 1.08927
5 53 1.07949
5 54 1.0753
5 55 1.11114
5 56 1.11114
5 57 1.11114
5 58 1.11114
5 59 1.11114
5 60 1.09275
5 61 1.08418
5 62 1.07646
5 63 1.07265
5 64 1.09722
5 65 1.09722
5 66 1.09722
5 67 1.09722
5 68 1.09722
5 69 1.08467
5 70 1.07839
5 71 1.07254
5 72 1.06961
5 73 1.11889
5 74 1.11889
5 75 1.11889
5 76 1.11889
5 77 1.11889
5 78 1.09632
5 79 1.0876
5 80 1.07932
5 81 1.07544
5 82 1.11122
5 83 1.11122
5 84 1.11122
5 85 1.11122
5 86 1.11122
5 87 1.09366
5 88 1.08501
5 89 1.07706
5 90 1.07372
5 91 1.10121
5 92 1.10121
5 93 1.10121
5 94 1.10121
5 95 1.10121
5 96 1.08796
5 97 1.08104
5 98 1.07446
5 99 1.07124
5 100 1.09136
5 101 1.09136
5 102 1.09136
5 103 1.09136
5 104 1.09136
5 105 1.08126
5 106 1.07594
5 107 1.07091
5 108 1.06837
5 109 1.10133
5 110 1.10133
5 111 1.10133
5 112 1.10133
5 113 1.10133
5 114 1.08709
5 115 1.08108
5 116 1.07549
5 117 1.07247
5 118 1.09713
5 119 1.09713
5 120 1.09713
5 121 1.09713
5 122 1.09713
5 123 1.08587
5 124 1.07946
5 125 1.07359
5 126 1.071
5 127 1.09112
5 128 1.09112
5 129 1.09112
5 130 1.09112
5 131 1.09112
5 132 1.08183
5 133 1.07645
5 134 1.07138
5 135 1.06881
5 136 1.08435
5 137 1.08435
5 138 1.08435
5 139 1.08435
5 140 1.08435
5 141 1.07656
5 142 1.07235
5 143 1.06827
5 144 1.06619
6 1 1.1182
6 2 1.1182
6 3 1.1182
6 4 1.1182
6 5 1.1182
6 6 6.54925
6 7 2.05466
6 8 1.37164
6 9 1.2023
6 10 1.10647
6 11 1.10647
6 12 1.10647
6 13 1.10647
6 14 1.10647
6 15 1.41497
6 16 1.34068
6 17 1.23146
6 18 1.17757
6 19 1.09517
6 20 1.09517
6 21 1.09517
6 22 1.09517
6 23 1.09517
6 24 1.18428
6 25 1.18444
6 26 1.16344
6 27 1.14872
6 28 1.08567
6 29 1.08567
6 30 1.08567
6 31 1.08567
6 32 1.08567
6 33 1.12159
6 34 1.12788
6 35 1.12674
6 36 1.12469
6 37 1.10932
6 38 1.10932
6 39 1.10932
6 40 1.10932
6 41 1.10932
6 42 1.38902
6 43 1.32842
6 44 1.23061
6 45 1.18121
6 46 1.10211
6 47 1.10211
6 48 1.10211
6 49 1.10211
6 50 1.10211
6 51 1.23495
6 52 1.22586
6 53 1.18653
6 54 1.16379
6 55 1.09296
6 56 1.09296
6 57 1.09296
6 58 1.09296
6 59 1.09296
6 60 1.15153
6 61 1.15689
6 62 1.14877
6 63 1.14104
6 64 1.08457
6 65 1.08457
6 66 1.08457
6 67 1.08457
6 68 1.08457
6 69 1.11379
6 70 1.12007
6 71 1.12111
6 72 1.12054
6 73 1.09867
6 74 1.09867
6 75 1.09867
6 76 1.09867
6 77 1.09867
6 78 1.18502
6 79 1.18535
6 80 1.16575
6 81 1.15336
6 82 1.09445
6 83 1.09445
6 84 1.09445
6 85 1.09445
6 86 1.09445
6 87 1.14795
6 88 1.15511
6 89 1.14861
6 90 1.14254
6 91 1.08793
6 92 1.08793
6 93 1.08793
6 94 1.08793
6 95 1.08793
6 96 1.12264
6 97 1.12887
6 98 1.12923
6 99 1.12739
6 100 1.08123
6 101 1.08123
6 102 1.08123
6 103 1.08123
6 104 1.08123
6 105 1.10268
6 106 1.10844
6 107 1.11129
6 108 1.1121
6 109 1.08889
6 110 1.08889
6 111 1.08889
6 112 1.08889
6 113 1.08889
6 114 1.12739
6 115 1.13127
6 116 1.13099
6 117 1.12869
6 118 1.08621
6 119 1.08621
6 120 1.08621
6 121 1.08621
6 122 1.08621
6 123 1.11525
6 124 1.12022
6 125 1.12261
6 126 1.12216
6 127 1.08173
6 128 1.08173
6 129 1.08173
6 130 1.08173
6 131 1.08173
6 132 1.10378
6 133 1.10866
6 134 1.11204
6 135 1.11257
6 136 1.07665
6 137 1.07665
6 138 1.07665
6 139 1.07665
6 140 1.07665
6 141 1.09197
6 142 1.09699
6 143 1.10044
6 144 1.10186
7 1 1.09762
7 2 1.09762
7 3 1.09762
7 4 1.09762
7 5 1.09762
7 6 2.05466
7 7 6.45779
7 8 1.92896
7 9 1.30691
7 10 1.09203
7 11 1.09203
7 12 1.09203
7 13 1.09203
7 14 1.09203
7 15 1.34212
7 16 1.43689
7 17 1.32479
7 18 1.24556
7 19 1.08525
7 20 1.08525
7 21 1.08525
7 22 1.08525
7 23 1.08525
7 24 1.18439
7 25 1.21103
7 26 1.20461
7 27 1.19295
7 28 1.07877
7 29 1.07877
7 30 1.07877
7 31 1.07877
7 32 1.07877
7 33 1.12794
7 34 1.14436
7 35 1.15242
7 36 1.15461
7 37 1.09472
7 38 1.09472
7 39 1.09472
7 40 1.09472
7 41 1.09472
7 42 1.32551
7 43 1.40741
7 44 1.31501
7 45 1.24775
7 46 1.09031
7 47 1.09031
7 48 1.09031
7 49 1.09031
7 50 1.09031
7 51 1.22242
7 52 1.26176
7 53 1.23984
7 54 1.21627
7 55 1.08426
7 56 1.08426
7 57 1.08426
7 58 1.08426
7 59 1.08426
7 60 1.15551
7 61 1.17745
7 62 1.18235
7 63 1.17885
7 64 1.07827
7 65 1.07827
7 66 1.07827
7 67 1.07827
7 68 1.07827
7 69 1.12001
7 70 1.13486
7 71 1.1441
7 72 1.14747
7 73 1.08878
7 74 1.08878
7 75 1.08878
7 76 1.08878
7 77 1.08878
7 78 1.18447
7 79 1.20805
7 80 1.20346
7 81 1.19551
7 82 1.08582
7 83 1.08582
7 84 1.08582
7 85 1.08582
7 86 1.08582
7 87 1.15024
7 88 1.17392
7 89 1.18118
7 90 1.17927
7 91 1.08102
7 92 1.08102
7 93 1.08102
7 94 1.08102
7 95 1.08102
7 96 1.12791
7 97 1.14412
7 98 1.15439
7 99 1.15672
7 100 1.07591
7 101 1.07591
7 102 1.07591
7 103 1.07591
7 104 1.07591
7 105 1.10841
7 106 1.12088
7 107 1.13039
7 108 1.13452
7 109 1.08213
7 110 1.08213
7 111 1.08213
7 112 1.08213
7 113 1.08213
7 114 1.13341
7 115 1.14601
7 116 1.15479
7 117 1.15659
7 118 1.08008
7 119 1.08008
7 120 1.08008
7 121 1.08008
7 122 1.08008
7 123 1.12001
7 124 1.13342
7 125 1.14462
7 126 1.14762
7 127 1.0765
7 128 1.0765
7 129 1.0765
7 130 1.0765
7 131 1.0765
7 132 1.10901
7 133 1.12039
7 134 1.13071
7 135 1.13438
7 136 1.07239
7 137 1.07239
7 138 1.07239
7 139 1.07239
7 140 1.07239
7 141 1.09695
7 142 1.10708
7 143 1.11562
7 144 1.11961
8 1 1.08342
8 2 1.08342
8 3 1.08342
8 4 1.08342
8 5 1.08342
8 6 1.37164
8 7 1.92896
8 8 5.90014
8 9 1.53399
8 10 1.08059
8 11 1.08059
8 12 1.08059
8 13 1.08059
8 14 1.08059
8 15 1.23445
8 16 1.33038
8 17 1.3888
8 18 1.33026
8 19 1.07678
8 20 1.07678
8 21 1.07678
8 22 1.07678
8 23 1.07678
8 24 1.16419
8 25 1.20574
8 26 1.23462
8 27 1.24025
8 28 1.07266
8 29 1.07266
8 30 1.07266
8 31 1.07266
8 32 1.07266
8 33 1.12753
8 34 1.15322
8 35 1.17491
8 36 1.18478
8 37 1.0829
8 38 1.0829
8 39 1.0829
8 40 1.0829
8 41 1.0829
8 42 1.2273
8 43 1.3104
8 44 1.36848
8 45 1.32832
8 46 1.08036
8 47 1.08036
8 48 1.08036
8 49 1.08036
8 50 1.08036
8 51 1.18336
8 52 1.24148
8 53 1.27657
8 54 1.27361
8 55 1.07663
8 56 1.07663
8 57 1.07663
8 58 1.07663
8 59 1.07663
8 60 1.14711
8 61 1.18165
8 62 1.20927
8 63 1.21757
8 64 1.07261
8 65 1.07261
8 66 1.07261
8 67 1.07261
8 68 1.07261
8 69 1.12143
8 70 1.14443
8 71 1.16465
8 72 1.17414
8 73 1.07996
8 74 1.07996
8 75 1.07996
8 76 1.07996
8 77 1.07996
8 78 1.16388
8 79 1.20073
8 80 1.22882
8 81 1.23769
8 82 1.07804
8 83 1.07804
8 84 1.07804
8 85 1.07804
8 86 1.07804
8 87 1.14145
8 88 1.17782
8 89 1.20721
8 90 1.21571
8 91 1.07473
8 92 1.07473
8 93 1.07473
8 94 1.07473
8 95 1.07473
8 96 1.12699
8 97 1.15243
8 98 1.17608
8 99 1.18544
8 100 1.07104
8 101 1.07104
8 102 1.07104
8 103 1.07104
8 104 1.07104
8 105 1.11129
8 106 1.13029
8 107 1.14776
8 108 1.15623
8 109 1.07578
8 110 1.07578
8 111 1.07578
8 112 1.07578
8 113 1.07578
8 114 1.13151
8 115 1.15223
8 116 1.17357
8 117 1.18248
8 118 1.07432
8 119 1.07432
8 120 1.07432
8 121 1.07432
8 122 1.07432
8 123 1.11971
8 124 1.14139
8 125 1.16344
8 126 1.17153
8 127 1.0716
8 128 1.0716
8 129 1.0716
8 130 1.0716
8 131 1.0716
8 132 1.11114
8 133 1.12896
8 134 1.14728
8 135 1.155
8 136 1.06842
8 137 1.06842
8 138 1.06842
8 139 1.06842
8 140 1.06842
8 141 1.10035
8 142 1.11543
8 143 1.1295
8 144 1.13644
9 1 1.07696
9 2 1.07696
9 3 1.07696
9 4 1.07696
9 5 1.07696
9 6 1.2023
9 7 1.30691
9 8 1.53399
9 9 2.13562
9 10 1.07513
9 11 1.07513
9 12 1.07513
9 13 1.07513
9 14 1.07513
9 15 1.17818
9 16 1.24892
9 17 1.33243
9 18 1.38026
9 19 1.07257
9 20 1.07257
9 21 1.07257
9 22 1.07257
9 23 1.07257
9 24 1.14946
9 25 1.19415
9 26 1.24065
9 27 1.26387
9 28 1.06954
9 29 1.06954
9 30 1.06954
9 31 1.06954
9 32 1.06954
9 33 1.12527
9 34 1.15501
9 35 1.18428
9 36 1.19923
9 37 1.07723
9 38 1.07723
9 39 1.07723
9 40 1.07723
9 41 1.07723
9 42 1.17607
9 43 1.23881
9 44 1.32
9 45 1.37545
9 46 1.07543
9 47 1.07543
9 48 1.07543
9 49 1.07543
9 50 1.07543
9 51 1.15829
9 52 1.21587
9 53 1.27434
9 54 1.30127
9 55 1.07275
9 56 1.07275
9 57 1.07275
9 58 1.07275
9 59 1.07275
9 60 1.13922
9 61 1.17781
9 62 1.21739
9 63 1.23538
9 64 1.06966
9 65 1.06966
9 66 1.06966
9 67 1.06966
9 68 1.06966
9 69 1.1203
9 70 1.14692
9 71 1.17306
9 72 1.18629
9 73 1.07553
9 74 1.07553
9 75 1.07553
9 76 1.07553
9 77 1.07553
9 78 1.1495
9 79 1.18946
9 80 1.23362
9 81 1.25779
9 82 1.07406
9 83 1.07406
9 84 1.07406
9 85 1.07406
9 86 1.07406
9 87 1.13393
9 88 1.17446
9 89 1.21519
9 90 1.23199
9 91 1.07145
9 92 1.07145
9 93 1.07145
9 94 1.07145
9 95 1.07145
9 96 1.1243
9 97 1.1536
9 98 1.18429
9 99 1.19815
9 100 1.06846
9 101 1.06846
9 102 1.06846
9 103 1.06846
9 104 1.06846
9 105 1.11141
9 106 1.1334
9 107 1.15498
9 108 1.16586
9 109 1.07249
9 110 1.07249
9 111 1.07249
9 112 1.07249
9 113 1.07249
9 114 1.12844
9 115 1.15275
9 116 1.18075
9 117 1.19418
9 118 1.07128
9 119 1.07128
9 120 1.07128
9 121 1.07128
9 122 1.07128
9 123 1.11785
9 124 1.14325
9 125 1.17084
9 126 1.18194
9 127 1.06898
9 128 1.06898
9 129 1.06898
9 130 1.06898
9 131 1.06898
9 132 1.11089
9 133 1.13166
9 134 1.15401
9 135 1.16395
9 136 1.06627
9 137 1.06627
9 138 1.06627
9 139 1.06627
9 140 1.06627
9 141 1.10114
9 142 1.11851
9 143 1.13532
9 144 1.14377
10 1 1.14643
10 2 1.14643
10 3 1.14643
10 4 1.14643
10 5 1.14643
10 6 1.10647
10 7 1.09203
10 8 1.08059
10 9 1.07513
10 10 1.30372
10 11 1.30372
10 12 1.30372
10 13 1.30372
10 14 1.30372
10 15 1.11737
10 16 1.09608
10 17 1.0819
10 18 1.07582
10 19 1.16126
10 20 1.16126
10 21 1.16126
10 22 1.16126
10 23 1.16126
10 24 1.10996
10 25 1.09341
10 26 1.08073
10 27 1.07484
10 28 1.12551
10 29 1.12551
10 30 1.12551
10 31 1.12551
10 32 1.12551
10 33 1.0989
10 34 1.08749
10 35 1.0777
10 36 1.07294
10 37 1.12871
10 38 1.12871
10 39 1.12871
10 40 1.12871
10 41 1.12871
10 42 1.10049
10 43 1.08941
10 44 1.07991
10 45 1.07535
10 46 1.14642
10 47 1.14642
10 48 1.14642
10 49 1.14642
10 50 1.14642
10 51 1.1067
10 52 1.09179
10 53 1.08048
10 54 1.07583
10 55 1.13469
10 56 1.13469
10 57 1.13469
10 58 1.13469
10 59 1.13469
10 60 1.10281
10 61 1.09027
10 62 1.07969
10 63 1.07471
10 64 1.11665
10 65 1.11665
10 66 1.11665
10 67 1.11665
10 68 1.11665
10 69 1.0953
10 70 1.08561
10 71 1.07702
10 72 1.0728
10 73 1.11126
10 74 1.11126
10 75 1.11126
10 76 1.11126
10 77 1.11126
10 78 1.09277
10 79 1.08472
10 80 1.07734
10 81 1.07382
10 82 1.11792
10 83 1.11792
10 84 1.11792
10 85 1.11792
10 86 1.11792
10 87 1.0962
10 88 1.08649
10 89 1.07767
10 90 1.07412
10 91 1.11379
10 92 1.11379
10 93 1.11379
10 94 1.11379
10 95 1.11379
10 96 1.09419
10 97 1.08528
10 98 1.07695
10 99 1.07302
10 100 1.10468
10 101 1.10468
10 102 1.10468
10 103 1.10468
10 104 1.10468
10 105 1.08913
10 106 1.0816
10 107 1.07467
10 108 1.07123
10 109 1.09718
10 110 1.09718
10 111 1.09718
10 112 1.09718
10 113 1.09718
10 114 1.08491
10 115 1.07909
10 116 1.07392
10 117 1.07105
10 118 1.10034
10 119 1.10034
10 120 1.10034
10 121 1.10034
10 122 1.10034
10 123 1.08727
10 124 1.08032
10 125 1.07399
10 126 1.0713
10 127 1.09832
10 128 1.09832
10 129 1.09832
10 130 1.09832
10 131 1.09832
10 132 1.08574
10 133 1.07931
10 134 1.07325
10 135 1.0703
10 136 1.09328
10 137 1.09328
10 138 1.09328
10 139 1.09328
10 140 1.09328
10 141 1.0822
10 142 1.07661
10 143 1.07133
10 144 1.06867
11 1 1.14643
11 2 1.14643
11 3 1.14643
11 4 1.14643
11 5 1.14643
11 6 1.10647
11 7 1.09203
11 8 1.08059
11 9 1.07513
11 10 1.30372
11 11 1.30372
11 12 1.30372
11 13 1.30372
11 14 1.30372
11 15 1.11737
11 16 1.09608
11 17 1.0819
11 18 1.07582
11 19 1.16126
11 20 1.16126
11 21 1.16126
11 22 1.16126
11 23 1.16126
11 24 1.10996
11 25 1.09341
11 26 1.08073
11 27 1.07484
11 28 1.12551
11 29 1.12551
11 30 1.12551
11 31 1.12551
11 32 1.12551
11 33 1.0989
11 34 1.08749
11 35 1.0777
11 36 1.07294
11 37 1.12871
11 38 1.12871
11 39 1.12871
11 40 1.12871
11 41 1.12871
11 42 1.10049
11 43 1.08941
11 44 1.07991
11 45 1.07535
11 46 1.14642
11 47 1.14642
11 48 1.14642
11 49 1.14642
11 50 1.14642
11 51 1.1067
11 52 1.09179
11 53 1.08048
11 54 1.07583
11 55 1.13469
11 56 1.13469
11 57 1.13469
11 58 1.13469
11 59 1.13469
11 60 1.10281
11 61 1.09027
11 62 1.07969
11 63 1.07471
11 64 1.11665
11 65 1.11665
11 66 1.11665
11 67 1.11665
11 68 1.11665
11 69 1.0953
11 70 1.08561
11 71 1.07702
11 72 1.0728
11 73 1.11126
11 74 1.11126
11 75 1.11126
11 76 1.11126
11 77 1.11126
11 78 1.09277
11 79 1.08472
11 80 1.07734
11 81 1.07382
11 82 1.11792
11 83 1.11792
11 84 1.11792
11 85 1.11792
11 86 1.11792
11 87 1.0962
11 88 1.08649
11 89 1.07767
11 90 1.07412
11 91 1.11379
11 92 1.11379
11 93 1.11379
11 94 1.11379
11 95 1.11379
11 96 1.09419
11 97 1.08528
11 98 1.07695
11 99 1.07302
11 100 1.10468
11 101 1.10468
11 102 1.10468
11 103 1.10468
11 104 1.10468
11 105 1.08913
11 106 1.0816
11 107 1.07467
11 108 1.07123
11 109 1.09718
11 110 1.09718
11 111 1.09718
11 112 1.09718
11 113 1.09718
11 114 1.08491
11 115 1.07909
11 116 1.07392
11 117 1.07105
11 118 1.10034
11 119 1.10034
11 120 1.10034
11 121 1.10034
11 122 1.10034
11 123 1.08727
11 124 1.08032
11 125 1.07399
11 126 1.0713
11 127 1.09832
11 128 1.09832
11 129 1.09832
11 130 1.09832
11 131 1.09832
11 132 1.08574
11 133 1.07931
11 134 1.07325
11 135 1.0703
11 136 1.09328
11 137 1.09328
11 138 1.09328
11 139 1.09328
11 140 1.09328
11 141 1.0822
11 142 1.07661
11 143 1.07133
11 144 1.06867
12 1 1.14643
12 2 1.14643
12 3 1.14643
12 4 1.14643
12 5 1.14643
12 6 1.10647
12 7 1.09203
12 8 1.08059
12 9 1.07513
12 10 1.30372
12 11 1.30372
12 12 1.30372
12 13 1.30372
12 14 1.30372
12 15 1.11737
12 16 1.09608
12 17 1.0819
12 18 1.07582
12 19 1.16126
12 20 1.16126
12 21 1.16126
12 22 1.16126
12 23 1.16126
12 24 1.10996
12 25 1.09341
12 26 1.08073
12 27 1.07484
12 28 1.12551
12 29 1.12551
12 30 1.12551
12 31 1.12551
12 32 1.12551
12 33 1.0989
12 34 1.08749
12 35 1.0777
12 36 1.07294
12 37 1.12871
12 38 1.12871
12 39 1.12871
12 40 1.12871
12 41 1.12871
12 42 1.10049
12 43 1.08941
12 44 1.07991
12 45 1.07535
12 46 1.14642
12 47 1.14642
12 48 1.14642
12 49 1.14642
12 50 1.14642
12 51 1.1067
12 52 1.09179
12 53 1.08048
12 54 1.07583
12 55 1.13469
12 56 1.13469
12 57 1.13469
12 58 1.13469
12 59 1.13469
12 60 1.10281
12 61 1.09027
12 62 1.07969
12 63 1.07471
12 64 1.11665
12 65 1.11665
12 66 1.11665
12 67 1.11665
12 68 1.11665
12 69 1.0953
12 70 1.08561
12 71 1.07702
12 72 1.0728
12 73 1.11126
12 74 1.11126
12 75 1.11126
12 76 1.11126
12 77 1.11126
12 78 1.09277
12 79 1.08472
12 80 1.07734
12 81 1.07382
12 82 1.11792
12 83 1.11792
12 84 1.11792
12 85 1.11792
12 86 1.11792
12 87 1.0962
12 88 1.08649
12 89 1.07767
12 90 1.07412
12 91 1.11379
12 92 1.11379
12 93 1.11379
12 94 1.11379
12 95 1.11379
12 96 1.09419
12 97 1.08528
12 98 1.07695
12 99 1.07302
12 100 1.10468
12 101 1.10468
12 102 1.10468
12 103 1.10468
12 104 1.10468
12 105 1.08913
12 106 1.0816
12 107 1.07467
12 108 1.07123
12 109 1.09718
12 110 1.09718
12 111 1.09718
12 112 1.09718
12 113 1.09718
12 114 1.08491
12 115 1.07909
12 116 1.07392
12 117 1.07105
12 118 1.10034
12 119 1.10034
12 120 1.10034
12 121 1.10034
12 122 1.10034
12 123 1.08727
12 124 1.08032
12 125 1.07399
12 126 1.0713
12 127 1.09832
12 128 1.09832
12 129 1.09832
12 130 1.09832
12 131 1.09832
12 132 1.08574
12 133 1.07931
12 134 1.07325
12 135 1.0703
12 136 1.09328
12 137 1.09328
12 138 1.09328
12 139 1.09328
12 140 1.09328
12 141 1.0822
12 142 1.07661
12 143 1.07133
12 144 1.06867
13 1 1.14643
13 2 1.14643
13 3 1.14643
13 4 1.14643
13 5 1.14643
13 6 1.10647
13 7 1.09203
13 8 1.08059
13 9 1.07513
13 10 1.30372
13 11 1.30372
13 12 1.30372
13 13 1.30372
13 14 1.30372
13 15 1.11737
13 16 1.09608
13 17 1.0819
13 18 1.07582
13 19 1.16126
13 20 1.16126
13 21 1.16126
13 22 1.16126
13 23 1.16126
13 24 1.10996
13 25 1.09341
13 26 1.08073
13 27 1.07484
13 28 1.12551
13 29 1.12551
13 30 1.12551
13 31 1.12551
13 32 1.12551
13 33 1.0989
13 34 1.08749
13 35 1.0777
13 36 1.07294
13 37 1.12871
13 38 1.12871
13 39 1.12871
13 40 1.12871
13 41 1.12871
13 42 1.10049
13 43 1.08941
13 44 1.07991
13 45 1.07535
13 46 1.14642
13 47 1.14642
13 48 1.14642
13 49 1.14642
13 50 1.14642
13 51 1.1067
13 52 1.09179
13 53 1.08048
13 54 1.07583
13 55 1.13469
13 56 1.13469
13 57 1.13469
13 58 1.13469
13 59 1.13469
13 60 1.10281
13 61 1.09027
13 62 1.07969
13 63 1.07471
13 64 1.11665
13 65 1.11665
13 66 1.11665
13 67 1.11665
13 68 1.11665
13 69 1.0953
13 70 1.08561
13 71 1.07702
13 72 1.0728
13 73 1.11126
13 74 1.11126
13 75 1.11126
13 76 1.11126
13 77 1.11126
13 78 1.09277
13 79 1.08472
13 80 1.07734
13 81 1.07382
13 82 1.11792
13 83 1.11792
13 84 1.11792
13 85 1.11792
13 86 1.11792
13 87 1.0962
13 88 1.08649
13 89 1.07767
13 90 1.07412
13 91 1.11379
13 92 1.11379
13 93 1.11379
13 94 1.11379
13 95 1.11379
13 96 1.09419
13 97 1.08528
13 98 1.07695
13 99 1.07302
13 100 1.10468
13 101 1.10468
13 102 1.10468
13 103 1.10468
13 104 1.10468
13 105 1.08913
13 106 1.0816
13 107 1.07467
13 108 1.07123
13 109 1.09718
13 110 1.09718
13 111 1.09718
13 112 1.09718
13 113 1.09718
13 114 1.08491
13 115 1.07909
13 116 1.07392
13 117 1.07105
13 118 1.10034
13 119 1.10034
13 120 1.10034
13 121 1.10034
13 122 1.10034
13 123 1.08727
13 124 1.08032
13 125 1.07399
13 126 1.0713
13 127 1.09832
13 128 1.09832
13 129 1.09832
13 130 1.09832
13 131 1.09832
13 132 1.08574
13 133 1.07931
13 134 1.07325
13 135 1.0703
13 136 1.09328
13 137 1.09328
13 138 1.09328
13 139 1.09328
13 140 1.09328
13 141 1.0822
13 142 1.07661
13 143 1.07133
13 144 1.06867
14 1 1.14643
14 2 1.14643
14 3 1.14643
14 4 1.14643
14 5 1.14643
14 6 1.10647
14 7 1.09203
14 8 1.08059
14 9 1.07513
14 10 1.30372
14 11 1.30372
14 12 1.30372
14 13 1.30372
14 14 1.30372
14 15 1.11737
14 16 1.09608
14 17 1.0819
14 18 1.07582
14 19 1.16126
14 20 1.16126
14 21 1.16126
14 22 1.16126
14 23 1.16126
14 24 1.10996
14 25 1.09341
14 26 1.08073
14 27 1.07484
14 28 1.12551
14 29 1.12551
14 30 1.12551
14 31 1.12551
14 32 1.12551
14 33 1.0989
14 34 1.08749
14 35 1.0777
14 36 1.07294
14 37 1.12871
14 38 1.12871
14 39 1.12871
14 40 1.12871
14 41 1.12871
14 42 1.10049
14 43 1.08941
14 44 1.07991
14 45 1.07535
14 46 1.14642
14 47 1.14642
14 48 1.14642
14 49 1.14642
14 50 1.14642
14 51 1.1067
14 52 1.09179
14 53 1.08048
14 54 1.07583
14 55 1.13469
14 56 1.13469
14 57 1.13469
14 58 1.13469
14 59 1.13469
14 60 1.10281
14 61 1.09027
14 62 1.07969
14 63 1.07471
14 64 1.11665
14 65 1.11665
14 66 1.11665
14 67 1.11665
14 68 1.11665
14 69 1.0953
14 70 1.08561
14 71 1.07702
14 72 1.0728
14 73 1.11126
14 74 1.11126
14 75 1.11126
14 76 1.11126
14 77 1.11126
14 78 1.09277
14 79 1.08472
14 80 1.07734
14 81 1.07382
14 82 1.11792
14 83 1.11792
14 84 1.11792
14 85 1.11792
14 86 1.11792
14 87 1.0962
14 88 1.08649
14 89 1.07767
14 90 1.07412
14 91 1.11379
14 92 1.11379
14 93 1.11379
14 94 1.11379
14 95 1.11379
14 96 1.09419
14 97 1.08528
14 98 1.07695
14 99 1.07302
14 100 1.10468
14 101 1.10468
14 102 1.10468
14 103 1.10468
14 104 1.10468
14 105 1.08913
14 106 1.0816
14 107 1.07467
14 108 1.07123
14 109 1.09718
14 110 1.09718
14 111 1.09718
14 112 1.09718
14 113 1.09718
14 114 1.08491
14 115 1.07909
14 116 1.07392
14 117 1.07105
14 118 1.10034
14 119 1.10034
14 120 1.10034
14 121 1.10034
14 122 1.10034
14 123 1.08727
14 124 1.08032
14 125 1.07399
14 126 1.0713
14 127 1.09832
14 128 1.09832
14 129 1.09832
14 130 1.09832
14 131 1.09832
14 132 1.08574
14 133 1.07931
14 134 1.07325
14 135 1.0703
14 136 1.09328
14 137 1.09328
14 138 1.09328
14 139 1.09328
14 140 1.09328
14 141 1.0822
14 142 1.07661
14 143 1.07133
14 144 1.06867
15 1 1.10689
15 2 1.10689
15 3 1.10689
15 4 1.10689
15 5 1.10689
15 6 1.41497
15 7 1.34212
15 8 1.23445
15 9 1.17818
15 10 1.11737
15 11 1.11737
15 12 1.11737
15 13 1.11737
15 14 1.11737
15 15 6.84551
15 16 2.09588
15 17 1.36991
15 18 1.20311
15 19 1.10964
15 20 1.10964
15 21 1.10964
15 22 1.10964
15 23 1.10964
15 24 1.65914
15 25 1.46584
15 26 1.27259
15 27 1.186
15 28 1.09841
15 29 1.09841
15 30 1.09841
15 31 1.09841
15 32 1.09841
15 33 1.23581
15 34 1.22568
15 35 1.1834
15 36 1.15756
15 37 1.10217
15 38 1.10217
15 39 1.10217
15 40 1.10217
15 41 1.10217
15 42 1.23084
15 43 1.21938
15 44 1.18519
15 45 1.16337
15 46 1.10777
15 47 1.10777
15 48 1.10777
15 49 1.10777
15 50 1.10777
15 51 1.39185
15 52 1.32681
15 53 1.22514
15 54 1.1789
15 55 1.10316
15 56 1.10316
15 57 1.10316
15 58 1.10316
15 59 1.10316
15 60 1.28746
15 61 1.26551
15 62 1.20352
15 63 1.16775
15 64 1.09503
15 65 1.09503
15 66 1.09503
15 67 1.09503
15 68 1.09503
15 69 1.17894
15 70 1.18003
15 71 1.16042
15 72 1.147
15 73 1.09415
15 74 1.09415
15 75 1.09415
15 76 1.09415
15 77 1.09415
15 78 1.15109
15 79 1.15351
15 80 1.14721
15 81 1.14168
15 82 1.09729
15 83 1.09729
15 84 1.09729
15 85 1.09729
15 86 1.09729
15 87 1.16744
15 88 1.17394
15 89 1.15925
15 90 1.14976
15 91 1.09441
15 92 1.09441
15 93 1.09441
15 94 1.09441
15 95 1.09441
15 96 1.1599
15 97 1.16443
15 98 1.15257
15 99 1.14368
15 100 1.08897
15 101 1.08897
15 102 1.08897
15 103 1.08897
15 104 1.08897
15 105 1.13262
15 106 1.13824
15 107 1.13447
15 108 1.13076
15 109 1.08581
15 110 1.08581
15 111 1.08581
15 112 1.08581
15 113 1.08581
15 114 1.11627
15 115 1.1195
15 116 1.12186
15 117 1.12117
15 118 1.08762
15 119 1.08762
15 120 1.08762
15 121 1.08762
15 122 1.08762
15 123 1.11921
15 124 1.12431
15 125 1.12595
15 126 1.12537
15 127 1.08579
15 128 1.08579
15 129 1.08579
15 130 1.08579
15 131 1.08579
15 132 1.11598
15 133 1.12123
15 134 1.12258
15 135 1.122
15 136 1.08216
15 137 1.08216
15 138 1.08216
15 139 1.08216
15 140 1.08216
15 141 1.10574
15 142 1.11159
15 143 1.1138
15 144 1.1142
16 1 1.09191
16 2 1.09191
16 3 1.09191
16 4 1.09191
16 5 1.09191
16 6 1.34068
16 7 1.43689
16 8 1.33038
16 9 1.24892
16 10 1.09608
16 11 1.09608
16 12 1.09608
16 13 1.09608
16 14 1.09608
16 15 2.09588
16 16 6.78406
16 17 1.92909
16 18 1.31406
16 19 1.09281
16 20 1.09281
16 21 1.09281
16 22 1.09281
16 23 1.09281
16 24 1.46294
16 25 1.67214
16 26 1.41829
16 27 1.26724
16 28 1.08677
16 29 1.08677
16 30 1.08677
16 31 1.08677
16 32 1.08677
16 33 1.22505
16 34 1.26102
16 35 1.23533
16 36 1.21007
16 37 1.09001
16 38 1.09001
16 39 1.09001
16 40 1.09001
16 41 1.09001
16 42 1.2202
16 43 1.2524
16 44 1.23812
16 45 1.21797
16 46 1.09277
16 47 1.09277
16 48 1.09277
16 49 1.09277
16 50 1.09277
16 51 1.31947
16 52 1.41951
16 53 1.31831
16 54 1.24988
16 55 1.09003
16 56 1.09003
16 57 1.09003
16 58 1.09003
16 59 1.09003
16 60 1.26148
16 61 1.31461
16 62 1.27009
16 63 1.22833
16 64 1.08506
16 65 1.08506
16 66 1.08506
16 67 1.08506
16 68 1.08506
16 69 1.17973
16 70 1.20452
16 71 1.20005
16 72 1.19116
16 73 1.08527
16 74 1.08527
16 75 1.08527
16 76 1.08527
16 77 1.08527
16 78 1.15517
16 79 1.17288
16 80 1.18022
16 81 1.17988
16 82 1.08712
16 83 1.08712
16 84 1.08712
16 85 1.08712
16 86 1.08712
16 87 1.16662
16 88 1.19832
16 89 1.20021
16 90 1.19459
16 91 1.085
16 92 1.085
16 93 1.085
16 94 1.085
16 95 1.085
16 96 1.16201
16 97 1.18605
16 98 1.18911
16 99 1.18511
16 100 1.0812
16 101 1.0812
16 102 1.0812
16 103 1.0812
16 104 1.0812
16 105 1.13828
16 106 1.15601
16 107 1.16321
16 108 1.16444
16 109 1.07949
16 110 1.07949
16 111 1.07949
16 112 1.07949
16 113 1.07949
16 114 1.12283
16 115 1.13373
16 116 1.14459
16 117 1.14776
16 118 1.0807
16 119 1.0807
16 120 1.0807
16 121 1.0807
16 122 1.0807
16 123 1.1241
16 124 1.13933
16 125 1.15133
16 126 1.15486
16 127 1.07916
16 128 1.07916
16 129 1.07916
16 130 1.07916
16 131 1.07916
16 132 1.12159
16 133 1.13592
16 134 1.14665
16 135 1.15035
16 136 1.07635
16 137 1.07635
16 138 1.07635
16 139 1.07635
16 140 1.07635
16 141 1.1118
16 142 1.12513
16 143 1.13481
16 144 1.13895
17 1 1.0804
17 2 1.0804
17 3 1.0804
17 4 1.0804
17 5 1.0804
17 6 1.23146
17 7 1.32479
17 8 1.3888
17 9 1.33243
17 10 1.0819
17 11 1.0819
17 12 1.0819
17 13 1.0819
17 14 1.0819
17 15 1.36991
17 16 1.92909
17 17 5.56481
17 18 1.54
17 19 1.08033
17 20 1.08033
17 21 1.08033
17 22 1.08033
17 23 1.08033
17 24 1.26802
17 25 1.40896
17 26 1.5298
17 27 1.37209
17 28 1.07724
17 29 1.07724
17 30 1.07724
17 31 1.07724
17 32 1.07724
17 33 1.18215
17 34 1.23276
17 35 1.26422
17 36 1.26469
17 37 1.08016
17 38 1.08016
17 39 1.08016
17 40 1.08016
17 41 1.08016
17 42 1.18355
17 43 1.23295
17 44 1.27208
17 45 1.27524
17 46 1.08128
17 47 1.08128
17 48 1.08128
17 49 1.08128
17 50 1.08128
17 51 1.2212
17 52 1.32135
17 53 1.38341
17 54 1.33335
17 55 1.07962
17 56 1.07962
17 57 1.07962
17 58 1.07962
17 59 1.07962
17 60 1.19992
17 61 1.2667
17 62 1.30782
17 63 1.29491
17 64 1.07673
17 65 1.07673
17 66 1.07673
17 67 1.07673
17 68 1.07673
17 69 1.16007
17 70 1.1988
17 71 1.2268
17 72 1.23542
17 73 1.07769
17 74 1.07769
17 75 1.07769
17 76 1.07769
17 77 1.07769
17 78 1.14762
17 79 1.17754
17 80 1.2058
17 81 1.21666
17 82 1.07863
17 83 1.07863
17 84 1.07863
17 85 1.07863
17 86 1.07863
17 87 1.15136
17 88 1.19676
17 89 1.231
17 90 1.23958
17 91 1.07708
17 92 1.07708
17 93 1.07708
17 94 1.07708
17 95 1.07708
17 96 1.14951
17 97 1.1862
17 98 1.21622
17 99 1.2263
17 100 1.07453
17 101 1.07453
17 102 1.07453
17 103 1.07453
17 104 1.07453
17 105 1.1345
17 106 1.16243
17 107 1.18619
17 108 1.19687
17 109 1.07394
17 110 1.07394
17 111 1.07394
17 112 1.07394
17 113 1.07394
17 114 1.12439
17 115 1.14274
17 116 1.16375
17 117 1.17232
17 118 1.07467
17 119 1.07467
17 120 1.07467
17 121 1.07467
17 122 1.07467
17 123 1.12344
17 124 1.148
17 125 1.1729
17 126 1.18264
17 127 1.07339
17 128 1.07339
17 129 1.07339
17 130 1.07339
17 131 1.07339
17 132 1.12185
17 133 1.14455
17 134 1.16711
17 135 1.17715
17 136 1.07128
17 137 1.07128
17 138 1.07128
17 139 1.07128
17 140 1.07128
17 141 1.11406
17 142 1.13436
17 143 1.15301
17 144 1.16216
18 1 1.07517
18 2 1.07517
18 3 1.07517
18 4 1.07517
18 5 1.07517
18 6 1.17757
18 7 1.24556
18 8 1.33026
18 9 1.38026
18 10 1.07582
18 11 1.07582
18 12 1.07582
18 13 1.07582
18 14 1.07582
18 15 1.20311
18 16 1.31406
18 17 1.54
18 18 2.13396
18 19 1.07486
18 20 1.07486
18 21 1.07486
18 22 1.07486
18 23 1.07486
18 24 1.18711
18 25 1.26684
18 26 1.37456
18 27 1.44899
18 28 1.07295
18 29 1.07295
18 30 1.07295
18 31 1.07295
18 32 1.07295
18 33 1.15866
18 34 1.20963
18 35 1.26537
18 36 1.29597
18 37 1.07548
18 38 1.07548
18 39 1.07548
18 40 1.07548
18 41 1.07548
18 42 1.16004
18 43 1.20904
18 44 1.26788
18 45 1.30047
18 46 1.07601
18 47 1.07601
18 48 1.07601
18 49 1.07601
18 50 1.07601
18 51 1.17196
18 52 1.24617
18 53 1.32953
18 54 1.3765
18 55 1.07485
18 56 1.07485
18 57 1.07485
18 58 1.07485
18 59 1.07485
18 60 1.1658
18 61 1.22519
18 62 1.2933
18 63 1.32957
18 64 1.07287
18 65 1.07287
18 66 1.07287
18 67 1.07287
18 68 1.07287
18 69 1.14732
18 70 1.18976
18 71 1.23436
18 72 1.25796
18 73 1.07393
18 74 1.07393
18 75 1.07393
18 76 1.07393
18 77 1.07393
18 78 1.14006
18 79 1.17383
18 80 1.21211
18 81 1.23119
18 82 1.07452
18 83 1.07452
18 84 1.07452
18 85 1.07452
18 86 1.07452
18 87 1.13992
18 88 1.18724
18 89 1.2358
18 90 1.25849
18 91 1.07327
18 92 1.07327
18 93 1.07327
18 94 1.07327
18 95 1.07327
18 96 1.13987
18 97 1.17987
18 98 1.22319
18 99 1.24487
18 100 1.07133
18 101 1.07133
18 102 1.07133
18 103 1.07133
18 104 1.07133
18 105 1.1305
18 106 1.16255
18 107 1.19518
18 108 1.21208
18 109 1.07107
18 110 1.07107
18 111 1.07107
18 112 1.07107
18 113 1.07107
18 114 1.12286
18 115 1.14429
18 116 1.1701
18 117 1.18171
18 118 1.07162
18 119 1.07162
18 120 1.07162
18 121 1.07162
18 122 1.07162
18 123 1.12089
18 124 1.14914
18 125 1.18025
18 126 1.19375
18 127 1.07051
18 128 1.07051
18 129 1.07051
18 130 1.07051
18 131 1.07051
18 132 1.12005
18 133 1.14624
18 134 1.17473
18 135 1.18851
18 136 1.06876
18 137 1.06876
18 138 1.06876
18 139 1.06876
18 140 1.06876
18 141 1.11391
18 142 1.13732
18 143 1.16055
18 144 1.17247
19 1 1.11777
19 2 1.11777
19 3 1.11777
19 4 1.11777
19 5 1.11777
19 6 1.09517
19 7 1.08525
19 8 1.07678
19 9 1.07257
19 10 1.16126
19 11 1.16126
19 12 1.16126
19 13 1.16126
19 14 1.16126
19 15 1.10964
19 16 1.09281
19 17 1.08033
19 18 1.07486
19 19 1.3039
19 20 1.3039
19 21 1.3039
19 22 1.3039
19 23 1.3039
19 24 1.11733
19 25 1.09633
19 26 1.08185
19 27 1.07535
19 28 1.1617
19 29 1.1617
19 30 1.1617
19 31 1.1617
19 32 1.1617
19 33 1.11033
19 34 1.09371
19 35 1.0808
19 36 1.07475
19 37 1.11107
19 38 1.11107
19 39 1.11107
19 40 1.11107
19 41 1.11107
19 42 1.09208
19 43 1.08374
19 44 1.07643
19 45 1.07282
19 46 1.1346
19 47 1.1346
19 48 1.1346
19 49 1.1346
19 50 1.1346
19 51 1.10225
19 52 1.08926
19 53 1.07902
19 54 1.07483
19 55 1.14668
19 56 1.14668
19 57 1.14668
19 58 1.14668
19 59 1.14668
19 60 1.10631
19 61 1.09208
19 62 1.08044
19 63 1.07509
19 64 1.13519
19 65 1.13519
19 66 1.13519
19 67 1.13519
19 68 1.13519
19 69 1.10322
19 70 1.09039
19 71 1.07961
19 72 1.07444
19 73 1.10114
19 74 1.10114
19 75 1.10114
19 76 1.10114
19 77 1.10114
19 78 1.08707
19 79 1.08043
19 80 1.07442
19 81 1.0715
19 82 1.11366
19 83 1.11366
19 84 1.11366
19 85 1.11366
19 86 1.11366
19 87 1.09347
19 88 1.08458
19 89 1.0764
19 90 1.07317
19 91 1.11816
19 92 1.11816
19 93 1.11816
19 94 1.11816
19 95 1.11816
19 96 1.09565
19 97 1.08621
19 98 1.07738
19 99 1.0733
19 100 1.1143
19 101 1.1143
19 102 1.1143
19 103 1.1143
19 104 1.1143
19 105 1.09405
19 106 1.08489
19 107 1.07668
19 108 1.07265
19 109 1.09108
19 110 1.09108
19 111 1.09108
19 112 1.09108
19 113 1.09108
19 114 1.08105
19 115 1.07594
19 116 1.07152
19 117 1.06901
19 118 1.09822
19 119 1.09822
19 120 1.09822
19 121 1.09822
19 122 1.09822
19 123 1.08541
19 124 1.07889
19 125 1.07293
19 126 1.07045
19 127 1.1005
19 128 1.1005
19 129 1.1005
19 130 1.1005
19 131 1.1005
19 132 1.08638
19 133 1.07975
19 134 1.07347
19 135 1.07049
19 136 1.09878
19 137 1.09878
19 138 1.09878
19 139 1.09878
19 140 1.09878
19 141 1.08531
19 142 1.07885
19 143 1.07286
19 144 1.06987
20 1 1.11777
20 2 1.11777
20 3 1.11777
20 4 1.11777
20 5 1.11777
20 6 1.09517
20 7 1.08525
20 8 1.07678
20 9 1.07257
20 10 1.16126
20 11 1.16126
20 12 1.16126
20 13 1.16126
20 14 1.16126
20 15 1.10964
20 16 1.09281
20 17 1.08033
20 18 1.07486
20 19 1.3039
20 20 1.3039
20 21 1.3039
20 22 1.3039
20 23 1.3039
20 24 1.11733
20 25 1.09633
20 26 1.08185
20 27 1.07535
20 28 1.1617
20 29 1.1617
20 30 1.1617
20 31 1.1617
20 32 1.1617
20 33 1.11033
20 34 1.09371
20 35 1.0808
20 36 1.07475
20 37 1.11107
20 38 1.11107
20 39 1.11107
20 40 1.11107
20 41 1.11107
20 42 1.09208
20 43 1.08374
20 44 1.07643
20 45 1.07282
20 46 1.1346
20 47 1.1346
20 48 1.1346
20 49 1.1346
20 50 1.1346
20 51 1.10225
20 52 1.08926
20 53 1.07902
20 54 1.07483
20 55 1.14668
20 56 1.14668
20 57 1.14668
20 58 1.14668
20 59 1.14668
20 60 1.10631
20 61 1.09208
20 62 1.08044
20 63 1.07509
20 64 1.13519
20 65 1.13519
20 66 1.13519
20 67 1.13519
20 68 1.13519
20 69 1.10322
20 70 1.09039
20 71 1.07961
20 72 1.07444
20 73 1.10114
20 74 1.10114
20 75 1.10114
20 76 1.10114
20 77 1.10114
20 78 1.08707
20 79 1.08043
20 80 1.07442
20 81 1.0715
20 82 1.11366
20 83 1.11366
20 84 1.11366
20 85 1.11366
20 86 1.11366
20 87 1.09347
20 88 1.08458
20 89 1.0764
20 90 1.07317
20 91 1.11816
20 92 1.11816
20 93 1.11816
20 94 1.11816
20 95 1.11816
20 96 1.09565
20 97 1.08621
20 98 1.07738
20 99 1.0733
20 100 1.1143
20 101 1.1143
20 102 1.1143
20 103 1.1143
20 104 1.1143
20 105 1.09405
20 106 1.08489
20 107 1.07668
20 108 1.07265
20 109 1.09108
20 110 1.09108
20 111 1.09108
20 112 1.09108
20 113 1.09108
20 114 1.08105
20 115 1.07594
20 116 1.07152
20 117 1.06901
20 118 1.09822
20 119 1.09822
20 120 1.09822
20 121 1.09822
20 122 1.09822
20 123 1.08541
20 124 1.07889
20 125 1.07293
20 126 1.07045
20 127 1.1005
20 128 1.1005
20 129 1.1005
20 130 1.1005
20 131 1.1005
20 132 1.08638
20 133 1.07975
20 134 1.07347
20 135 1.07049
20 136 1.09878
20 137 1.09878
20 138 1.09878
20 139 1.09878
20 140 1.09878
20 141 1.08531
20 142 1.07885
20 143 1.07286
20 144 1.06987
21 1 1.11777
21 2 1.11777
21 3 1.11777
21 4 1.11777
21 5 1.11777
21 6 1.09517
21 7 1.08525
21 8 1.07678
21 9 1.07257
21 10 1.16126
21 11 1.16126
21 12 1.16126
21 13 1.16126
21 14 1.16126
21 15 1.10964
21 16 1.09281
21 17 1.08033
21 18 1.07486
21 19 1.3039
21 20 1.3039
21 21 1.3039
21 22 1.3039
21 23 1.3039
21 24 1.11733
21 25 1.09633
21 26 1.08185
21 27 1.07535
21 28 1.1617
21 29 1.1617
21 30 1.1617
21 31 1.1617
21 32 1.1617
21 33 1.11033
21 34 1.09371
21 35 1.0808
21 36 1.07475
