injected_el measured_el potential
1 1 1.305
1 2 1.305
1 3 1.305
1 4 1.305
1 5 1.305
1 6 1.11832
1 7 1.09716
1 8 1.08253
1 9 1.07593
1 10 1.14679
1 11 1.14679
1 12 1.14679
1 13 1.14679
1 14 1.14679
1 15 1.10661
1 16 1.09173
1 17 1.07978
1 18 1.07411
1 19 1.11803
1 20 1.11803
1 21 1.11803
1 22 1.11803
1 23 1.11803
1 24 1.09529
1 25 1.08508
1 26 1.07612
1 27 1.07172
1 28 1.10047
1 29 1.10047
1 30 1.10047
1 31 1.10047
1 32 1.10047
1 33 1.08574
1 34 1.07863
1 35 1.07212
1 36 1.06887
1 37 1.14781
1 38 1.14781
1 39 1.14781
1 40 1.14781
1 41 1.14781
1 42 1.10735
1 43 1.09275
1 44 1.08098
1 45 1.07563
1 46 1.12919
1 47 1.12919
1 48 1.12919
1 49 1.12919
1 50 1.12919
1 51 1.10084
1 52 1.08878
1 53 1.07865
1 54 1.07381
1 55 1.11144
1 56 1.11144
1 57 1.11144
1 58 1.11144
1 59 1.11144
1 60 1.09228
1 61 1.08338
1 62 1.07543
1 63 1.0715
1 64 1.09741
1 65 1.09741
1 66 1.09741
1 67 1.09741
1 68 1.09741
1 69 1.08416
1 70 1.07769
1 71 1.07173
1 72 1.06875
1 73 1.11927
1 74 1.11927
1 75 1.11927
1 76 1.11927
1 77 1.11927
1 78 1.09657
1 79 1.08663
1 80 1.07777
1 81 1.07382
1 82 1.11165
1 83 1.11165
1 84 1.11165
1 85 1.11165
1 86 1.11165
1 87 1.09271
1 88 1.08371
1 89 1.07584
1 90 1.07209
1 91 1.10149
1 92 1.10149
1 93 1.10149
1 94 1.10149
1 95 1.10149
1 96 1.0868
1 97 1.07968
1 98 1.07318
1 99 1.06996
1 100 1.09153
1 101 1.09153
1 102 1.09153
1 103 1.09153
1 104 1.09153
1 105 1.08051
1 106 1.07505
1 107 1.06997
1 108 1.06742
1 109 1.10152
1 110 1.10152
1 111 1.10152
1 112 1.10152
1 113 1.10152
1 114 1.0873
1 115 1.08032
1 116 1.07376
1 117 1.07103
1 118 1.09741
1 119 1.09741
1 120 1.09741
1 121 1.09741
1 122 1.09741
1 123 1.08471
1 124 1.07804
1 125 1.07215
1 126 1.06942
1 127 1.09131
1 128 1.09131
1 129 1.09131
1 130 1.09131
1 131 1.09131
1 132 1.08048
1 133 1.07502
1 134 1.06999
1 135 1.0675
1 136 1.08447
1 137 1.08447
1 138 1.08447
1 139 1.08447
1 140 1.08447
1 141 1.07577
1 142 1.07139
1 143 1.06728
1 144 1.06522
2 1 1.305
2 2 1.305
2 3 1.305
2 4 1.305
2 5 1.305
2 6 1.11832
2 7 1.09716
2 8 1.08253
2 9 1.07593
2 10 1.14679
2 11 1.14679
2 12 1.14679
2 13 1.14679
2 14 1.14679
2 15 1.10661
2 16 1.09173
2 17 1.07978
2 18 1.07411
2 19 1.11803
2 20 1.11803
2 21 1.11803
2 22 1.11803
2 23 1.11803
2 24 1.09529
2 25 1.08508
2 26 1.07612
2 27 1.07172
2 28 1.10047
2 29 1.10047
2 30 1.10047
2 31 1.10047
2 32 1.10047
2 33 1.08574
2 34 1.07863
2 35 1.07212
2 36 1.06887
2 37 1.14781
2 38 1.14781
2 39 1.14781
2 40 1.14781
2 41 1.14781
2 42 1.10735
2 43 1.09275
2 44 1.08098
2 45 1.07563
2 46 1.12919
2 47 1.12919
2 48 1.12919
2 49 1.12919
2 50 1.12919
2 51 1.10084
2 52 1.08878
2 53 1.07865
2 54 1.07381
2 55 1.11144
2 56 1.11144
2 57 1.11144
2 58 1.11144
2 59 1.11144
2 60 1.09228
2 61 1.08338
2 62 1.07543
2 63 1.0715
2 64 1.09741
2 65 1.09741
2 66 1.09741
2 67 1.09741
2 68 1.09741
2 69 1.08416
2 70 1.07769
2 71 1.07173
2 72 1.06875
2 73 1.11927
2 74 1.11927
2 75 1.11927
2 76 1.11927
2 77 1.11927
2 78 1.09657
2 79 1.08663
2 80 1.07777
2 81 1.07382
2 82 1.11165
2 83 1.11165
2 84 1.11165
2 85 1.11165
2 86 1.11165
2 87 1.09271
2 88 1.08371
2 89 1.07584
2 90 1.07209
2 91 1.10149
2 92 1.10149
2 93 1.10149
2 94 1.10149
2 95 1.10149
2 96 1.0868
2 97 1.07968
2 98 1.07318
2 99 1.06996
2 100 1.09153
2 101 1.09153
2 102 1.09153
2 103 1.09153
2 104 1.09153
2 105 1.08051
2 106 1.07505
2 107 1.06997
2 108 1.06742
2 109 1.10152
2 110 1.10152
2 111 1.10152
2 112 1.10152
2 113 1.10152
2 114 1.0873
2 115 1.08032
2 116 1.07376
2 117 1.07103
2 118 1.09741
2 119 1.09741
2 120 1.09741
2 121 1.09741
2 122 1.09741
2 123 1.08471
2 124 1.07804
2 125 1.07215
2 126 1.06942
2 127 1.09131
2 128 1.09131
2 129 1.09131
2 130 1.09131
2 131 1.09131
2 132 1.08048
2 133 1.07502
2 134 1.06999
2 135 1.0675
2 136 1.08447
2 137 1.08447
2 138 1.08447
2 139 1.08447
2 140 1.08447
2 141 1.07577
2 142 1.07139
2 143 1.06728
2 144 1.06522
3 1 1.305
3 2 1.305
3 3 1.305
3 4 1.305
3 5 1.305
3 6 1.11832
3 7 1.09716
3 8 1.08253
3 9 1.07593
3 10 1.14679
3 11 1.14679
3 12 1.14679
3 13 1.14679
3 14 1.14679
3 15 1.10661
3 16 1.09173
3 17 1.07978
3 18 1.07411
3 19 1.11803
3 20 1.11803
3 21 1.11803
3 22 1.11803
3 23 1.11803
3 24 1.09529
3 25 1.08508
3 26 1.07612
3 27 1.07172
3 28 1.10047
3 29 1.10047
3 30 1.10047
3 31 1.10047
3 32 1.10047
3 33 1.08574
3 34 1.07863
3 35 1.07212
3 36 1.06887
3 37 1.14781
3 38 1.14781
3 39 1.14781
3 40 1.14781
3 41 1.14781
3 42 1.10735
3 43 1.09275
3 44 1.08098
3 45 1.07563
3 46 1.12919
3 47 1.12919
3 48 1.12919
3 49 1.12919
3 50 1.12919
3 51 1.10084
3 52 1.08878
3 53 1.07865
3 54 1.07381
3 55 1.11144
3 56 1.11144
3 57 1.11144
3 58 1.11144
3 59 1.11144
3 60 1.09228
3 61 1.08338
3 62 1.07543
3 63 1.0715
3 64 1.09741
3 65 1.09741
3 66 1.09741
3 67 1.09741
3 68 1.09741
3 69 1.08416
3 70 1.07769
3 71 1.07173
3 72 1.06875
3 73 1.11927
3 74 1.11927
3 75 1.11927
3 76 1.11927
3 77 1.11927
3 78 1.09657
3 79 1.08663
3 80 1.07777
3 81 1.07382
3 82 1.11165
3 83 1.11165
3 84 1.11165
3 85 1.11165
3 86 1.11165
3 87 1.09271
3 88 1.08371
3 89 1.07584
3 90 1.07209
3 91 1.10149
3 92 1.10149
3 93 1.10149
3 94 1.10149
3 95 1.10149
3 96 1.0868
3 97 1.07968
3 98 1.07318
3 99 1.06996
3 100 1.09153
3 101 1.09153
3 102 1.09153
3 103 1.09153
3 104 1.09153
3 105 1.08051
3 106 1.07505
3 107 1.06997
3 108 1.06742
3 109 1.10152
3 110 1.10152
3 111 1.10152
3 112 1.10152
3 113 1.10152
3 114 1.0873
3 115 1.08032
3 116 1.07376
3 117 1.07103
3 118 1.09741
3 119 1.09741
3 120 1.09741
3 121 1.09741
3 122 1.09741
3 123 1.08471
3 124 1.07804
3 125 1.07215
3 126 1.06942
3 127 1.09131
3 128 1.09131
3 129 1.09131
3 130 1.09131
3 131 1.09131
3 132 1.08048
3 133 1.07502
3 134 1.06999
3 135 1.0675
3 136 1.08447
3 137 1.08447
3 138 1.08447
3 139 1.08447
3 140 1.08447
3 141 1.07577
3 142 1.07139
3 143 1.06728
3 144 1.06522
4 1 1.305
4 2 1.305
4 3 1.305
4 4 1.305
4 5 1.305
4 6 1.11832
4 7 1.09716
4 8 1.08253
4 9 1.07593
4 10 1.14679
4 11 1.14679
4 12 1.14679
4 13 1.14679
4 14 1.14679
4 15 1.10661
4 16 1.09173
4 17 1.07978
4 18 1.07411
4 19 1.11803
4 20 1.11803
4 21 1.11803
4 22 1.11803
4 23 1.11803
4 24 1.09529
4 25 1.08508
4 26 1.07612
4 27 1.07172
4 28 1.10047
4 29 1.10047
4 30 1.10047
4 31 1.10047
4 32 1.10047
4 33 1.08574
4 34 1.07863
4 35 1.07212
4 36 1.06887
4 37 1.14781
4 38 1.14781
4 39 1.14781
4 40 1.14781
4 41 1.14781
4 42 1.10735
4 43 1.09275
4 44 1.08098
4 45 1.07563
4 46 1.12919
4 47 1.12919
4 48 1.12919
4 49 1.12919
4 50 1.12919
4 51 1.10084
4 52 1.08878
4 53 1.07865
4 54 1.07381
4 55 1.11144
4 56 1.11144
4 57 1.11144
4 58 1.11144
4 59 1.11144
4 60 1.09228
4 61 1.08338
4 62 1.07543
4 63 1.0715
4 64 1.09741
4 65 1.09741
4 66 1.09741
4 67 1.09741
4 68 1.09741
4 69 1.08416
4 70 1.07769
4 71 1.07173
4 72 1.06875
4 73 1.11927
4 74 1.11927
4 75 1.11927
4 76 1.11927
4 77 1.11927
4 78 1.09657
4 79 1.08663
4 80 1.07777
4 81 1.07382
4 82 1.11165
4 83 1.11165
4 84 1.11165
4 85 1.11165
4 86 1.11165
4 87 1.09271
4 88 1.08371
4 89 1.07584
4 90 1.07209
4 91 1.10149
4 92 1.10149
4 93 1.10149
4 94 1.10149
4 95 1.10149
4 96 1.0868
4 97 1.07968
4 98 1.07318
4 99 1.06996
4 100 1.09153
4 101 1.09153
4 102 1.09153
4 103 1.09153
4 104 1.09153
4 105 1.08051
4 106 1.07505
4 107 1.06997
4 108 1.06742
4 109 1.10152
4 110 1.10152
4 111 1.10152
4 112 1.10152
4 113 1.10152
4 114 1.0873
4 115 1.08032
4 116 1.07376
4 117 1.07103
4 118 1.09741
4 119 1.09741
4 120 1.09741
4 121 1.09741
4 122 1.09741
4 123 1.08471
4 124 1.07804
4 125 1.07215
4 126 1.06942
4 127 1.09131
4 128 1.09131
4 129 1.09131
4 130 1.09131
4 131 1.09131
4 132 1.08048
4 133 1.07502
4 134 1.06999
4 135 1.0675
4 136 1.08447
4 137 1.08447
4 138 1.08447
4 139 1.08447
4 140 1.08447
4 141 1.07577
4 142 1.07139
4 143 1.06728
4 144 1.06522
5 1 1.305
5 2 1.305
5 3 1.305
5 4 1.305
5 5 1.305
5 6 1.11832
5 7 1.09716
5 8 1.08253
5 9 1.07593
5 10 1.14679
5 11 1.14679
5 12 1.14679
5 13 1.14679
5 14 1.14679
5 15 1.10661
5 16 1.09173
5 17 1.07978
5 18 1.07411
5 19 1.11803
5 20 1.11803
5 21 1.11803
5 22 1.11803
5 23 1.11803
5 24 1.09529
5 25 1.08508
5 26 1.07612
5 27 1.07172
5 28 1.10047
5 29 1.10047
5 30 1.10047
5 31 1.10047
5 32 1.10047
5 33 1.08574
5 34 1.07863
5 35 1.07212
5 36 1.06887
5 37 1.14781
5 38 1.14781
5 39 1.14781
5 40 1.14781
5 41 1.14781
5 42 1.10735
5 43 1.09275
5 44 1.08098
5 45 1.07563
5 46 1.12919
5 47 1.12919
5 48 1.12919
5 49 1.12919
5 50 1.12919
5 51 1.10084
5 52 1.08878
5 53 1.07865
5 54 1.07381
5 55 1.11144
5 56 1.11144
5 57 1.11144
5 58 1.11144
5 59 1.11144
5 60 1.09228
5 61 1.08338
5 62 1.07543
5 63 1.0715
5 64 1.09741
5 65 1.09741
5 66 1.09741
5 67 1.09741
5 68 1.09741
5 69 1.08416
5 70 1.07769
5 71 1.07173
5 72 1.06875
5 73 1.11927
5 74 1.11927
5 75 1.11927
5 76 1.11927
5 77 1.11927
5 78 1.09657
5 79 1.08663
5 80 1.07777
5 81 1.07382
5 82 1.11165
5 83 1.11165
5 84 1.11165
5 85 1.11165
5 86 1.11165
5 87 1.09271
5 88 1.08371
5 89 1.07584
5 90 1.07209
5 91 1.10149
5 92 1.10149
5 93 1.10149
5 94 1.10149
5 95 1.10149
5 96 1.0868
5 97 1.07968
5 98 1.07318
5 99 1.06996
5 100 1.09153
5 101 1.09153
5 102 1.09153
5 103 1.09153
5 104 1.09153
5 105 1.08051
5 106 1.07505
5 107 1.06997
5 108 1.06742
5 109 1.10152
5 110 1.10152
5 111 1.10152
5 112 1.10152
5 113 1.10152
5 114 1.0873
5 115 1.08032
5 116 1.07376
5 117 1.07103
5 118 1.09741
5 119 1.09741
5 120 1.09741
5 121 1.09741
5 122 1.09741
5 123 1.08471
5 124 1.07804
5 125 1.07215
5 126 1.06942
5 127 1.09131
5 128 1.09131
5 129 1.09131
5 130 1.09131
5 131 1.09131
5 132 1.08048
5 133 1.07502
5 134 1.06999
5 135 1.0675
5 136 1.08447
5 137 1.08447
5 138 1.08447
5 139 1.08447
5 140 1.08447
5 141 1.07577
5 142 1.07139
5 143 1.06728
5 144 1.06522
6 1 1.11832
6 2 1.11832
6 3 1.11832
6 4 1.11832
6 5 1.11832
6 6 6.90802
6 7 2.13585
6 8 1.39005
6 9 1.20494
6 10 1.10649
6 11 1.10649
6 12 1.10649
6 13 1.10649
6 14 1.10649
6 15 1.44303
6 16 1.36402
6 17 1.24186
6 18 1.17917
6 19 1.09516
6 20 1.09516
6 21 1.09516
6 22 1.09516
6 23 1.09516
6 24 1.1926
6 25 1.19205
6 26 1.16698
6 27 1.15022
6 28 1.08562
6 29 1.08562
6 30 1.08562
6 31 1.08562
6 32 1.08562
6 33 1.124
6 34 1.13039
6 35 1.12845
6 36 1.12585
6 37 1.10801
6 38 1.10801
6 39 1.10801
6 40 1.10801
6 41 1.10801
6 42 1.4266
6 43 1.35417
6 44 1.23806
6 45 1.18051
6 46 1.10091
6 47 1.10091
6 48 1.10091
6 49 1.10091
6 50 1.10091
6 51 1.25465
6 52 1.24183
6 53 1.19292
6 54 1.16341
6 55 1.09225
6 56 1.09225
6 57 1.09225
6 58 1.09225
6 59 1.09225
6 60 1.15815
6 61 1.1625
6 62 1.15046
6 63 1.14132
6 64 1.08409
6 65 1.08409
6 66 1.08409
6 67 1.08409
6 68 1.08409
6 69 1.11502
6 70 1.12153
6 71 1.12194
6 72 1.12094
6 73 1.09726
6 74 1.09726
6 75 1.09726
6 76 1.09726
6 77 1.09726
6 78 1.1849
6 79 1.18672
6 80 1.16492
6 81 1.15158
6 82 1.09283
6 83 1.09283
6 84 1.09283
6 85 1.09283
6 86 1.09283
6 87 1.15536
6 88 1.16057
6 89 1.14971
6 90 1.14148
6 91 1.08682
6 92 1.08682
6 93 1.08682
6 94 1.08682
6 95 1.08682
6 96 1.12419
6 97 1.13078
6 98 1.12929
6 99 1.12692
6 100 1.08049
6 101 1.08049
6 102 1.08049
6 103 1.08049
6 104 1.08049
6 105 1.10236
6 106 1.10854
6 107 1.11123
6 108 1.1119
6 109 1.08769
6 110 1.08769
6 111 1.08769
6 112 1.08769
6 113 1.08769
6 114 1.12095
6 115 1.12787
6 116 1.12769
6 117 1.12676
6 118 1.08471
6 119 1.08471
6 120 1.08471
6 121 1.08471
6 122 1.08471
6 123 1.11248
6 124 1.11964
6 125 1.1211
6 126 1.12073
6 127 1.08053
6 128 1.08053
6 129 1.08053
6 130 1.08053
6 131 1.08053
6 132 1.10144
6 133 1.10771
6 134 1.11073
6 135 1.11157
6 136 1.07579
6 137 1.07579
6 138 1.07579
6 139 1.07579
6 140 1.07579
6 141 1.0906
6 142 1.09596
6 143 1.09964
6 144 1.10118
7 1 1.09716
7 2 1.09716
7 3 1.09716
7 4 1.09716
7 5 1.09716
7 6 2.13585
7 7 6.89578
7 8 1.98499
7 9 1.31323
7 10 1.09161
7 11 1.09161
7 12 1.09161
7 13 1.09161
7 14 1.09161
7 15 1.36369
7 16 1.4645
7 17 1.33924
7 18 1.24889
7 19 1.08491
7 20 1.08491
7 21 1.08491
7 22 1.08491
7 23 1.08491
7 24 1.19191
7 25 1.21912
7 26 1.20898
7 27 1.19569
7 28 1.07848
7 29 1.07848
7 30 1.07848
7 31 1.07848
7 32 1.07848
7 33 1.13037
7 34 1.14725
7 35 1.15484
7 36 1.15666
7 37 1.09318
7 38 1.09318
7 39 1.09318
7 40 1.09318
7 41 1.09318
7 42 1.35108
7 43 1.45089
7 44 1.33298
7 45 1.24999
7 46 1.08889
7 47 1.08889
7 48 1.08889
7 49 1.08889
7 50 1.08889
7 51 1.2414
7 52 1.28068
7 53 1.24856
7 54 1.21786
7 55 1.08331
7 56 1.08331
7 57 1.08331
7 58 1.08331
7 59 1.08331
7 60 1.1623
7 61 1.18404
7 62 1.1849
7 63 1.1805
7 64 1.0776
7 65 1.0776
7 66 1.0776
7 67 1.0776
7 68 1.0776
7 69 1.12151
7 70 1.13692
7 71 1.14576
7 72 1.14886
7 73 1.08715
7 74 1.08715
7 75 1.08715
7 76 1.08715
7 77 1.08715
7 78 1.1839
7 79 1.2123
7 80 1.20573
7 81 1.19622
7 82 1.08397
7 83 1.08397
7 84 1.08397
7 85 1.08397
7 86 1.08397
7 87 1.15918
7 88 1.18185
7 89 1.18389
7 90 1.18028
7 91 1.07969
7 92 1.07969
7 93 1.07969
7 94 1.07969
7 95 1.07969
7 96 1.13045
7 97 1.14749
7 98 1.15561
7 99 1.1577
7 100 1.07501
7 101 1.07501
7 102 1.07501
7 103 1.07501
7 104 1.07501
7 105 1.1085
7 106 1.12169
7 107 1.13121
7 108 1.13532
7 109 1.08077
7 110 1.08077
7 111 1.08077
7 112 1.08077
7 113 1.08077
7 114 1.1262
7 115 1.14353
7 116 1.15313
7 117 1.15644
7 118 1.07836
7 119 1.07836
7 120 1.07836
7 121 1.07836
7 122 1.07836
7 123 1.11815
7 124 1.1345
7 125 1.14446
7 126 1.14796
7 127 1.07512
7 128 1.07512
7 129 1.07512
7 130 1.07512
7 131 1.07512
7 132 1.10731
7 133 1.1206
7 134 1.13046
7 135 1.13469
7 136 1.07139
7 137 1.07139
7 138 1.07139
7 139 1.07139
7 140 1.07139
7 141 1.09591
7 142 1.10666
7 143 1.11562
7 144 1.11985
8 1 1.08253
8 2 1.08253
8 3 1.08253
8 4 1.08253
8 5 1.08253
8 6 1.39005
8 7 1.98499
8 8 6.13761
8 9 1.54449
8 10 1.07971
8 11 1.07971
8 12 1.07971
8 13 1.07971
8 14 1.07971
8 15 1.24153
8 16 1.33866
8 17 1.39739
8 18 1.33464
8 19 1.07603
8 20 1.07603
8 21 1.07603
8 22 1.07603
8 23 1.07603
8 24 1.16693
8 25 1.20883
8 26 1.2369
8 27 1.24333
8 28 1.07204
8 29 1.07204
8 30 1.07204
8 31 1.07204
8 32 1.07204
8 33 1.1285
8 34 1.1548
8 35 1.17686
8 36 1.18699
8 37 1.08131
8 38 1.08131
8 39 1.08131
8 40 1.08131
8 41 1.08131
8 42 1.23665
8 43 1.33362
8 44 1.39283
8 45 1.33518
8 46 1.07875
8 47 1.07875
8 48 1.07875
8 49 1.07875
8 50 1.07875
8 51 1.19254
8 52 1.24864
8 53 1.28108
8 54 1.27777
8 55 1.07542
8 56 1.07542
8 57 1.07542
8 58 1.07542
8 59 1.07542
8 60 1.15032
8 61 1.18478
8 62 1.21068
8 63 1.22034
8 64 1.0717
8 65 1.0717
8 66 1.0717
8 67 1.0717
8 68 1.0717
8 69 1.12198
8 70 1.14573
8 71 1.16631
8 72 1.1761
8 73 1.07833
8 74 1.07833
8 75 1.07833
8 76 1.07833
8 77 1.07833
8 78 1.162
8 79 1.20491
8 80 1.23435
8 81 1.24259
8 82 1.07611
8 83 1.07611
8 84 1.07611
8 85 1.07611
8 86 1.07611
8 87 1.14797
8 88 1.18349
8 89 1.20992
8 90 1.21962
8 91 1.07325
8 92 1.07325
8 93 1.07325
8 94 1.07325
8 95 1.07325
8 96 1.12881
8 97 1.15532
8 98 1.17774
8 99 1.18799
8 100 1.06998
8 101 1.06998
8 102 1.06998
8 103 1.06998
8 104 1.06998
8 105 1.11119
8 106 1.13113
8 107 1.1491
8 108 1.15791
8 109 1.07445
8 110 1.07445
8 111 1.07445
8 112 1.07445
8 113 1.07445
8 114 1.1246
8 115 1.15144
8 116 1.17479
8 117 1.18528
8 118 1.07256
8 119 1.07256
8 120 1.07256
8 121 1.07256
8 122 1.07256
8 123 1.11859
8 124 1.14353
8 125 1.16481
8 126 1.17439
8 127 1.07013
8 128 1.07013
8 129 1.07013
8 130 1.07013
8 131 1.07013
8 132 1.10992
8 133 1.12996
8 134 1.14816
8 135 1.15694
8 136 1.06733
8 137 1.06733
8 138 1.06733
8 139 1.06733
8 140 1.06733
8 141 1.0995
8 142 1.11547
8 143 1.13028
8 144 1.13766
9 1 1.07593
9 2 1.07593
9 3 1.07593
9 4 1.07593
9 5 1.07593
9 6 1.20494
9 7 1.31323
9 8 1.54449
9 9 2.1449
9 10 1.07411
9 11 1.07411
9 12 1.07411
9 13 1.07411
9 14 1.07411
9 15 1.17939
9 16 1.24898
9 17 1.33487
9 18 1.38779
9 19 1.07172
9 20 1.07172
9 21 1.07172
9 22 1.07172
9 23 1.07172
9 24 1.15039
9 25 1.19561
9 26 1.24322
9 27 1.26867
9 28 1.06885
9 29 1.06885
9 30 1.06885
9 31 1.06885
9 32 1.06885
9 33 1.12596
9 34 1.15657
9 35 1.18686
9 36 1.2025
9 37 1.0757
9 38 1.0757
9 39 1.0757
9 40 1.0757
9 41 1.0757
9 42 1.17781
9 43 1.24773
9 44 1.33303
9 45 1.38608
9 46 1.07387
9 47 1.07387
9 48 1.07387
9 49 1.07387
9 50 1.07387
9 51 1.16273
9 52 1.2175
9 53 1.27745
9 54 1.30991
9 55 1.07154
9 56 1.07154
9 57 1.07154
9 58 1.07154
9 59 1.07154
9 60 1.14113
9 61 1.18014
9 62 1.21995
9 63 1.2407
9 64 1.06876
9 65 1.06876
9 66 1.06876
9 67 1.06876
9 68 1.06876
9 69 1.12092
9 70 1.14862
9 71 1.1758
9 72 1.18976
9 73 1.074
9 74 1.074
9 75 1.074
9 76 1.074
9 77 1.074
9 78 1.14705
9 79 1.19309
9 80 1.24062
9 81 1.26602
9 82 1.07223
9 83 1.07223
9 84 1.07223
9 85 1.07223
9 86 1.07223
9 87 1.1392
9 88 1.17923
9 89 1.21909
9 90 1.2393
9 91 1.07004
9 92 1.07004
9 93 1.07004
9 94 1.07004
9 95 1.07004
9 96 1.1262
9 97 1.15697
9 98 1.18744
9 99 1.20301
9 100 1.06745
9 101 1.06745
9 102 1.06745
9 103 1.06745
9 104 1.06745
9 105 1.11171
9 106 1.13495
9 107 1.15752
9 108 1.16906
9 109 1.07127
9 110 1.07127
9 111 1.07127
9 112 1.07127
9 113 1.07127
9 114 1.12215
9 115 1.15324
9 116 1.18411
9 117 1.19924
9 118 1.06963
9 119 1.06963
9 120 1.06963
9 121 1.06963
9 122 1.06963
9 123 1.11749
9 124 1.14641
9 125 1.17391
9 126 1.18723
9 127 1.06761
9 128 1.06761
9 129 1.06761
9 130 1.06761
9 131 1.06761
9 132 1.11037
9 133 1.13369
9 134 1.15637
9 135 1.16777
9 136 1.06527
9 137 1.06527
9 138 1.06527
9 139 1.06527
9 140 1.06527
9 141 1.10084
9 142 1.11937
9 143 1.13725
9 144 1.14635
10 1 1.14679
10 2 1.14679
10 3 1.14679
10 4 1.14679
10 5 1.14679
10 6 1.10649
10 7 1.09161
10 8 1.07971
10 9 1.07411
10 10 1.30412
10 11 1.30412
10 12 1.30412
10 13 1.30412
10 14 1.30412
10 15 1.11746
10 16 1.09625
10 17 1.08151
10 18 1.07482
10 19 1.16157
10 20 1.16157
10 21 1.16157
10 22 1.16157
10 23 1.16157
10 24 1.10999
10 25 1.09321
10 26 1.08017
10 27 1.07404
10 28 1.12574
10 29 1.12574
10 30 1.12574
10 31 1.12574
10 32 1.12574
10 33 1.09877
10 34 1.08717
10 35 1.07719
10 36 1.07233
10 37 1.12916
10 38 1.12916
10 39 1.12916
10 40 1.12916
10 41 1.12916
10 42 1.10034
10 43 1.0885
10 44 1.07849
10 45 1.07386
10 46 1.14696
10 47 1.14696
10 48 1.14696
10 49 1.14696
10 50 1.14696
10 51 1.10666
10 52 1.09179
10 53 1.07992
10 54 1.0744
10 55 1.13507
10 56 1.13507
10 57 1.13507
10 58 1.13507
10 59 1.13507
10 60 1.10286
10 61 1.08979
10 62 1.07887
10 63 1.07363
10 64 1.11691
10 65 1.11691
10 66 1.11691
10 67 1.11691
10 68 1.11691
10 69 1.09502
10 70 1.08509
10 71 1.07632
10 72 1.07201
10 73 1.1116
10 74 1.1116
10 75 1.1116
10 76 1.1116
10 77 1.1116
10 78 1.09212
10 79 1.08348
10 80 1.07567
10 81 1.07218
10 82 1.11841
10 83 1.11841
10 84 1.11841
10 85 1.11841
10 86 1.11841
10 87 1.09569
10 88 1.08546
10 89 1.07664
10 90 1.07253
10 91 1.11415
10 92 1.11415
10 93 1.11415
10 94 1.11415
10 95 1.11415
10 96 1.09359
10 97 1.0842
10 98 1.07587
10 99 1.0718
10 100 1.10491
10 101 1.10491
10 102 1.10491
10 103 1.10491
10 104 1.10491
10 105 1.08864
10 106 1.08089
10 107 1.07384
10 108 1.07034
10 109 1.09736
10 110 1.09736
10 111 1.09736
10 112 1.09736
10 113 1.09736
10 114 1.0843
10 115 1.07796
10 116 1.07201
10 117 1.06953
10 118 1.10064
10 119 1.10064
10 120 1.10064
10 121 1.10064
10 122 1.10064
10 123 1.08621
10 124 1.07898
10 125 1.0726
10 126 1.06971
10 127 1.09857
10 128 1.09857
10 129 1.09857
10 130 1.09857
10 131 1.09857
10 132 1.08479
10 133 1.0781
10 134 1.072
10 135 1.06903
10 136 1.09345
10 137 1.09345
10 138 1.09345
10 139 1.09345
10 140 1.09345
10 141 1.08162
10 142 1.07582
10 143 1.07044
10 144 1.06775
11 1 1.14679
11 2 1.14679
11 3 1.14679
11 4 1.14679
11 5 1.14679
11 6 1.10649
11 7 1.09161
11 8 1.07971
11 9 1.07411
11 10 1.30412
11 11 1.30412
11 12 1.30412
11 13 1.30412
11 14 1.30412
11 15 1.11746
11 16 1.09625
11 17 1.08151
11 18 1.07482
11 19 1.16157
11 20 1.16157
11 21 1.16157
11 22 1.16157
11 23 1.16157
11 24 1.10999
11 25 1.09321
11 26 1.08017
11 27 1.07404
11 28 1.12574
11 29 1.12574
11 30 1.12574
11 31 1.12574
11 32 1.12574
11 33 1.09877
11 34 1.08717
11 35 1.07719
11 36 1.07233
11 37 1.12916
11 38 1.12916
11 39 1.12916
11 40 1.12916
11 41 1.12916
11 42 1.10034
11 43 1.0885
11 44 1.07849
11 45 1.07386
11 46 1.14696
11 47 1.14696
11 48 1.14696
11 49 1.14696
11 50 1.14696
11 51 1.10666
11 52 1.09179
11 53 1.07992
11 54 1.0744
11 55 1.13507
11 56 1.13507
11 57 1.13507
11 58 1.13507
11 59 1.13507
11 60 1.10286
11 61 1.08979
11 62 1.07887
11 63 1.07363
11 64 1.11691
11 65 1.11691
11 66 1.11691
11 67 1.11691
11 68 1.11691
11 69 1.09502
11 70 1.08509
11 71 1.07632
11 72 1.07201
11 73 1.1116
11 74 1.1116
11 75 1.1116
11 76 1.1116
11 77 1.1116
11 78 1.09212
11 79 1.08348
11 80 1.07567
11 81 1.07218
11 82 1.11841
11 83 1.11841
11 84 1.11841
11 85 1.11841
11 86 1.11841
11 87 1.09569
11 88 1.08546
11 89 1.07664
11 90 1.07253
11 91 1.11415
11 92 1.11415
11 93 1.11415
11 94 1.11415
11 95 1.11415
11 96 1.09359
11 97 1.0842
11 98 1.07587
11 99 1.0718
11 100 1.10491
11 101 1.10491
11 102 1.10491
11 103 1.10491
11 104 1.10491
11 105 1.08864
11 106 1.08089
11 107 1.07384
11 108 1.07034
11 109 1.09736
11 110 1.09736
11 111 1.09736
11 112 1.09736
11 113 1.09736
11 114 1.0843
11 115 1.07796
11 116 1.07201
11 117 1.06953
11 118 1.10064
11 119 1.10064
11 120 1.10064
11 121 1.10064
11 122 1.10064
11 123 1.08621
11 124 1.07898
11 125 1.0726
11 126 1.06971
11 127 1.09857
11 128 1.09857
11 129 1.09857
11 130 1.09857
11 131 1.09857
11 132 1.08479
11 133 1.0781
11 134 1.072
11 135 1.06903
11 136 1.09345
11 137 1.09345
11 138 1.09345
11 139 1.09345
11 140 1.09345
11 141 1.08162
11 142 1.07582
11 143 1.07044
11 144 1.06775
12 1 1.14679
12 2 1.14679
12 3 1.14679
12 4 1.14679
12 5 1.14679
12 6 1.10649
12 7 1.09161
12 8 1.07971
12 9 1.07411
12 10 1.30412
12 11 1.30412
12 12 1.30412
12 13 1.30412
12 14 1.30412
12 15 1.11746
12 16 1.09625
12 17 1.08151
12 18 1.07482
12 19 1.16157
12 20 1.16157
12 21 1.16157
12 22 1.16157
12 23 1.16157
12 24 1.10999
12 25 1.09321
12 26 1.08017
12 27 1.07404
12 28 1.12574
12 29 1.12574
12 30 1.12574
12 31 1.12574
12 32 1.12574
12 33 1.09877
12 34 1.08717
12 35 1.07719
12 36 1.07233
12 37 1.12916
12 38 1.12916
12 39 1.12916
12 40 1.12916
12 41 1.12916
12 42 1.10034
12 43 1.0885
12 44 1.07849
12 45 1.07386
12 46 1.14696
12 47 1.14696
12 48 1.14696
12 49 1.14696
12 50 1.14696
12 51 1.10666
12 52 1.09179
12 53 1.07992
12 54 1.0744
12 55 1.13507
12 56 1.13507
12 57 1.13507
12 58 1.13507
12 59 1.13507
12 60 1.10286
12 61 1.08979
12 62 1.07887
12 63 1.07363
12 64 1.11691
12 65 1.11691
12 66 1.11691
12 67 1.11691
12 68 1.11691
12 69 1.09502
12 70 1.08509
12 71 1.07632
12 72 1.07201
12 73 1.1116
12 74 1.1116
12 75 1.1116
12 76 1.1116
12 77 1.1116
12 78 1.09212
12 79 1.08348
12 80 1.07567
12 81 1.07218
12 82 1.11841
12 83 1.11841
12 84 1.11841
12 85 1.11841
12 86 1.11841
12 87 1.09569
12 88 1.08546
12 89 1.07664
12 90 1.07253
12 91 1.11415
12 92 1.11415
12 93 1.11415
12 94 1.11415
12 95 1.11415
12 96 1.09359
12 97 1.0842
12 98 1.07587
12 99 1.0718
12 100 1.10491
12 101 1.10491
12 102 1.10491
12 103 1.10491
12 104 1.10491
12 105 1.08864
12 106 1.08089
12 107 1.07384
12 108 1.07034
12 109 1.09736
12 110 1.09736
12 111 1.09736
12 112 1.09736
12 113 1.09736
12 114 1.0843
12 115 1.07796
12 116 1.07201
12 117 1.06953
12 118 1.10064
12 119 1.10064
12 120 1.10064
12 121 1.10064
12 122 1.10064
12 123 1.08621
12 124 1.07898
12 125 1.0726
12 126 1.06971
12 127 1.09857
12 128 1.09857
12 129 1.09857
12 130 1.09857
12 131 1.09857
12 132 1.08479
12 133 1.0781
12 134 1.072
12 135 1.06903
12 136 1.09345
12 137 1.09345
12 138 1.09345
12 139 1.09345
12 140 1.09345
12 141 1.08162
12 142 1.07582
12 143 1.07044
12 144 1.06775
13 1 1.14679
13 2 1.14679
13 3 1.14679
13 4 1.14679
13 5 1.14679
13 6 1.10649
13 7 1.09161
13 8 1.07971
13 9 1.07411
13 10 1.30412
13 11 1.30412
13 12 1.30412
13 13 1.30412
13 14 1.30412
13 15 1.11746
13 16 1.09625
13 17 1.08151
13 18 1.07482
13 19 1.16157
13 20 1.16157
13 21 1.16157
13 22 1.16157
13 23 1.16157
13 24 1.10999
13 25 1.09321
13 26 1.08017
13 27 1.07404
13 28 1.12574
13 29 1.12574
13 30 1.12574
13 31 1.12574
13 32 1.12574
13 33 1.09877
13 34 1.08717
13 35 1.07719
13 36 1.07233
13 37 1.12916
13 38 1.12916
13 39 1.12916
13 40 1.12916
13 41 1.12916
13 42 1.10034
13 43 1.0885
13 44 1.07849
13 45 1.07386
13 46 1.14696
13 47 1.14696
13 48 1.14696
13 49 1.14696
13 50 1.14696
13 51 1.10666
13 52 1.09179
13 53 1.07992
13 54 1.0744
13 55 1.13507
13 56 1.13507
13 57 1.13507
13 58 1.13507
13 59 1.13507
13 60 1.10286
13 61 1.08979
13 62 1.07887
13 63 1.07363
13 64 1.11691
13 65 1.11691
13 66 1.11691
13 67 1.11691
13 68 1.11691
13 69 1.09502
13 70 1.08509
13 71 1.07632
13 72 1.07201
13 73 1.1116
13 74 1.1116
13 75 1.1116
13 76 1.1116
13 77 1.1116
13 78 1.09212
13 79 1.08348
13 80 1.07567
13 81 1.07218
13 82 1.11841
13 83 1.11841
13 84 1.11841
13 85 1.11841
13 86 1.11841
13 87 1.09569
13 88 1.08546
13 89 1.07664
13 90 1.07253
13 91 1.11415
13 92 1.11415
13 93 1.11415
13 94 1.11415
13 95 1.11415
13 96 1.09359
13 97 1.0842
13 98 1.07587
13 99 1.0718
13 100 1.10491
13 101 1.10491
13 102 1.10491
13 103 1.10491
13 104 1.10491
13 105 1.08864
13 106 1.08089
13 107 1.07384
13 108 1.07034
13 109 1.09736
13 110 1.09736
13 111 1.09736
13 112 1.09736
13 113 1.09736
13 114 1.0843
13 115 1.07796
13 116 1.07201
13 117 1.06953
13 118 1.10064
13 119 1.10064
13 120 1.10064
13 121 1.10064
13 122 1.10064
13 123 1.08621
13 124 1.07898
13 125 1.0726
13 126 1.06971
13 127 1.09857
13 128 1.09857
13 129 1.09857
13 130 1.09857
13 131 1.09857
13 132 1.08479
13 133 1.0781
13 134 1.072
13 135 1.06903
13 136 1.09345
13 137 1.09345
13 138 1.09345
13 139 1.09345
13 140 1.09345
13 141 1.08162
13 142 1.07582
13 143 1.07044
13 144 1.06775
14 1 1.14679
14 2 1.14679
14 3 1.14679
14 4 1.14679
14 5 1.14679
14 6 1.10649
14 7 1.09161
14 8 1.07971
14 9 1.07411
14 10 1.30412
14 11 1.30412
14 12 1.30412
14 13 1.30412
14 14 1.30412
14 15 1.11746
14 16 1.09625
14 17 1.08151
14 18 1.07482
14 19 1.16157
14 20 1.16157
14 21 1.16157
14 22 1.16157
14 23 1.16157
14 24 1.10999
14 25 1.09321
14 26 1.08017
14 27 1.07404
14 28 1.12574
14 29 1.12574
14 30 1.12574
14 31 1.12574
14 32 1.12574
14 33 1.09877
14 34 1.08717
14 35 1.07719
14 36 1.07233
14 37 1.12916
14 38 1.12916
14 39 1.12916
14 40 1.12916
14 41 1.12916
14 42 1.10034
14 43 1.0885
14 44 1.07849
14 45 1.07386
14 46 1.14696
14 47 1.14696
14 48 1.14696
14 49 1.14696
14 50 1.14696
14 51 1.10666
14 52 1.09179
14 53 1.07992
14 54 1.0744
14 55 1.13507
14 56 1.13507
14 57 1.13507
14 58 1.13507
14 59 1.13507
14 60 1.10286
14 61 1.08979
14 62 1.07887
14 63 1.07363
14 64 1.11691
14 65 1.11691
14 66 1.11691
14 67 1.11691
14 68 1.11691
14 69 1.09502
14 70 1.08509
14 71 1.07632
14 72 1.07201
14 73 1.1116
14 74 1.1116
14 75 1.1116
14 76 1.1116
14 77 1.1116
14 78 1.09212
14 79 1.08348
14 80 1.07567
14 81 1.07218
14 82 1.11841
14 83 1.11841
14 84 1.11841
14 85 1.11841
14 86 1.11841
14 87 1.09569
14 88 1.08546
14 89 1.07664
14 90 1.07253
14 91 1.11415
14 92 1.11415
14 93 1.11415
14 94 1.11415
14 95 1.11415
14 96 1.09359
14 97 1.0842
14 98 1.07587
14 99 1.0718
14 100 1.10491
14 101 1.10491
14 102 1.10491
14 103 1.10491
14 104 1.10491
14 105 1.08864
14 106 1.08089
14 107 1.07384
14 108 1.07034
14 109 1.09736
14 110 1.09736
14 111 1.09736
14 112 1.09736
14 113 1.09736
14 114 1.0843
14 115 1.07796
14 116 1.07201
14 117 1.06953
14 118 1.10064
14 119 1.10064
14 120 1.10064
14 121 1.10064
14 122 1.10064
14 123 1.08621
14 124 1.07898
14 125 1.0726
14 126 1.06971
14 127 1.09857
14 128 1.09857
14 129 1.09857
14 130 1.09857
14 131 1.09857
14 132 1.08479
14 133 1.0781
14 134 1.072
14 135 1.06903
14 136 1.09345
14 137 1.09345
14 138 1.09345
14 139 1.09345
14 140 1.09345
14 141 1.08162
14 142 1.07582
14 143 1.07044
14 144 1.06775
15 1 1.10661
15 2 1.10661
15 3 1.10661
15 4 1.10661
15 5 1.10661
15 6 1.44303
15 7 1.36369
15 8 1.24153
15 9 1.17939
15 10 1.11746
15 11 1.11746
15 12 1.11746
15 13 1.11746
15 14 1.11746
15 15 6.91794
15 16 2.14282
15 17 1.39251
15 18 1.20416
15 19 1.10993
15 20 1.10993
15 21 1.10993
15 22 1.10993
15 23 1.10993
15 24 1.68049
15 25 1.48392
15 26 1.28082
15 27 1.18823
15 28 1.09868
15 29 1.09868
15 30 1.09868
15 31 1.09868
15 32 1.09868
15 33 1.24149
15 34 1.23141
15 35 1.18703
15 36 1.15969
15 37 1.10102
15 38 1.10102
15 39 1.10102
15 40 1.10102
15 41 1.10102
15 42 1.24886
15 43 1.23806
15 44 1.19095
15 45 1.16343
15 46 1.10687
15 47 1.10687
15 48 1.10687
15 49 1.10687
15 50 1.10687
15 51 1.44146
15 52 1.36272
15 53 1.24071
15 54 1.17925
15 55 1.10289
15 56 1.10289
15 57 1.10289
15 58 1.10289
15 59 1.10289
15 60 1.30919
15 61 1.28218
15 62 1.21055
15 63 1.1694
15 64 1.09497
15 65 1.09497
15 66 1.09497
15 67 1.09497
15 68 1.09497
15 69 1.18399
15 70 1.18525
15 71 1.16363
15 72 1.14876
15 73 1.09291
15 74 1.09291
15 75 1.09291
15 76 1.09291
15 77 1.09291
15 78 1.15109
15 79 1.15749
15 80 1.14793
15 81 1.14125
15 82 1.09598
15 83 1.09598
15 84 1.09598
15 85 1.09598
15 86 1.09598
15 87 1.18822
15 88 1.18909
15 89 1.16532
15 90 1.15024
15 91 1.09369
15 92 1.09369
15 93 1.09369
15 94 1.09369
15 95 1.09369
15 96 1.16994
15 97 1.17303
15 98 1.15653
15 99 1.14482
15 100 1.08864
15 101 1.08864
15 102 1.08864
15 103 1.08864
15 104 1.08864
15 105 1.13524
15 106 1.14129
15 107 1.1365
15 108 1.13199
15 109 1.08475
15 110 1.08475
15 111 1.08475
15 112 1.08475
15 113 1.08475
15 114 1.11056
15 115 1.11775
15 116 1.11993
15 117 1.12037
15 118 1.0864
15 119 1.0864
15 120 1.0864
15 121 1.0864
15 122 1.0864
15 123 1.12028
15 124 1.12762
15 125 1.12686
15 126 1.12541
15 127 1.08494
15 128 1.08494
15 129 1.08494
15 130 1.08494
15 131 1.08494
15 132 1.11707
15 133 1.12371
15 134 1.12368
15 135 1.12246
15 136 1.08166
15 137 1.08166
15 138 1.08166
15 139 1.08166
15 140 1.08166
15 141 1.10624
15 142 1.11257
15 143 1.11461
15 144 1.11481
16 1 1.09173
16 2 1.09173
16 3 1.09173
16 4 1.09173
16 5 1.09173
16 6 1.36402
16 7 1.4645
16 8 1.33866
16 9 1.24898
16 10 1.09625
16 11 1.09625
16 12 1.09625
16 13 1.09625
16 14 1.09625
16 15 2.14282
16 16 6.92044
16 17 1.99351
16 18 1.3122
16 19 1.09312
16 20 1.09312
16 21 1.09312
16 22 1.09312
16 23 1.09312
16 24 1.48367
16 25 1.69848
16 26 1.42957
16 27 1.26858
16 28 1.08706
16 29 1.08706
16 30 1.08706
16 31 1.08706
16 32 1.08706
16 33 1.23132
16 34 1.26789
16 35 1.23934
16 36 1.21189
16 37 1.08903
16 38 1.08903
16 39 1.08903
16 40 1.08903
16 41 1.08903
16 42 1.23649
16 43 1.27633
16 44 1.24581
16 45 1.21757
16 46 1.09203
16 47 1.09203
16 48 1.09203
16 49 1.09203
16 50 1.09203
16 51 1.36246
16 52 1.46345
16 53 1.33743
16 54 1.24863
16 55 1.0898
16 56 1.0898
16 57 1.0898
16 58 1.0898
16 59 1.0898
16 60 1.28187
16 61 1.33434
16 62 1.27761
16 63 1.22923
16 64 1.08502
16 65 1.08502
16 66 1.08502
16 67 1.08502
16 68 1.08502
16 69 1.18518
16 70 1.21048
16 71 1.20344
16 72 1.19267
16 73 1.08411
16 74 1.08411
16 75 1.08411
16 76 1.08411
16 77 1.08411
16 78 1.15499
16 79 1.17824
16 80 1.18155
16 81 1.17968
16 82 1.08585
16 83 1.08585
16 84 1.08585
16 85 1.08585
16 86 1.08585
16 87 1.18739
16 88 1.21587
16 89 1.2067
16 90 1.19507
16 91 1.08428
16 92 1.08428
16 93 1.08428
16 94 1.08428
16 95 1.08428
16 96 1.17255
16 97 1.19624
16 98 1.19344
16 99 1.18618
16 100 1.08087
16 101 1.08087
16 102 1.08087
16 103 1.08087
16 104 1.08087
16 105 1.14122
16 106 1.15953
16 107 1.1654
16 108 1.16561
16 109 1.07847
16 110 1.07847
16 111 1.07847
16 112 1.07847
16 113 1.07847
16 114 1.11608
16 115 1.13213
16 116 1.14292
16 117 1.14726
16 118 1.07945
16 119 1.07945
16 120 1.07945
16 121 1.07945
16 122 1.07945
16 123 1.12583
16 124 1.14387
16 125 1.15254
16 126 1.15536
16 127 1.07828
16 128 1.07828
16 129 1.07828
16 130 1.07828
16 131 1.07828
16 132 1.12319
16 133 1.13929
16 134 1.14809
16 135 1.15106
16 136 1.07585
16 137 1.07585
16 138 1.07585
16 139 1.07585
16 140 1.07585
16 141 1.11248
16 142 1.12638
16 143 1.13578
16 144 1.13965
17 1 1.07978
17 2 1.07978
17 3 1.07978
17 4 1.07978
17 5 1.07978
17 6 1.24186
17 7 1.33924
17 8 1.39739
17 9 1.33487
17 10 1.08151
17 11 1.08151
17 12 1.08151
17 13 1.08151
17 14 1.08151
17 15 1.39251
17 16 1.99351
17 17 6.23965
17 18 1.54419
17 19 1.08011
17 20 1.08011
17 21 1.08011
17 22 1.08011
17 23 1.08011
17 24 1.28033
17 25 1.42871
17 26 1.55309
17 27 1.37781
17 28 1.07711
17 29 1.07711
17 30 1.07711
17 31 1.07711
17 32 1.07711
17 33 1.18684
17 34 1.23906
17 35 1.27
17 36 1.26885
17 37 1.07885
17 38 1.07885
17 39 1.07885
17 40 1.07885
17 41 1.07885
17 42 1.18951
17 43 1.24559
17 44 1.27838
17 45 1.2771
17 46 1.0801
17 47 1.0801
17 48 1.0801
17 49 1.0801
17 50 1.0801
17 51 1.24065
17 52 1.33821
17 53 1.39589
17 54 1.33427
17 55 1.07889
17 56 1.07889
17 57 1.07889
17 58 1.07889
17 59 1.07889
17 60 1.21013
17 61 1.27722
17 62 1.31316
17 63 1.29769
17 64 1.07628
17 65 1.07628
17 66 1.07628
17 67 1.07628
17 68 1.07628
17 69 1.16349
17 70 1.20324
17 71 1.23053
17 72 1.23837
17 73 1.07623
17 74 1.07623
17 75 1.07623
17 76 1.07623
17 77 1.07623
17 78 1.14469
17 79 1.18024
17 80 1.20742
17 81 1.21857
17 82 1.077
17 83 1.077
17 84 1.077
17 85 1.077
17 86 1.077
17 87 1.16351
17 88 1.2066
17 89 1.23483
17 90 1.2421
17 91 1.07596
17 92 1.07596
17 93 1.07596
17 94 1.07596
17 95 1.07596
17 96 1.15581
17 97 1.19301
17 98 1.21978
17 99 1.22879
17 100 1.07385
17 101 1.07385
17 102 1.07385
17 103 1.07385
17 104 1.07385
17 105 1.13633
17 106 1.1652
17 107 1.1887
17 108 1.19909
17 109 1.07267
17 110 1.07267
17 111 1.07267
17 112 1.07267
17 113 1.07267
17 114 1.11664
17 115 1.14103
17 116 1.16308
17 117 1.17331
17 118 1.07309
17 119 1.07309
17 120 1.07309
17 121 1.07309
17 122 1.07309
17 123 1.12409
17 124 1.15168
17 125 1.1743
17 126 1.18481
17 127 1.07218
17 128 1.07218
17 129 1.07218
17 130 1.07218
17 131 1.07218
17 132 1.12267
17 133 1.14749
17 134 1.16894
17 135 1.17909
17 136 1.07048
17 137 1.07048
17 138 1.07048
17 139 1.07048
17 140 1.07048
17 141 1.11437
17 142 1.13554
17 143 1.15448
17 144 1.16371
18 1 1.07411
18 2 1.07411
18 3 1.07411
18 4 1.07411
18 5 1.07411
18 6 1.17917
18 7 1.24889
18 8 1.33464
18 9 1.38779
18 10 1.07482
18 11 1.07482
18 12 1.07482
18 13 1.07482
18 14 1.07482
18 15 1.20416
18 16 1.3122
18 17 1.54419
18 18 2.14569
18 19 1.07404
18 20 1.07404
18 21 1.07404
18 22 1.07404
18 23 1.07404
18 24 1.18831
18 25 1.26855
18 26 1.3781
18 27 1.45595
18 28 1.07231
18 29 1.07231
18 30 1.07231
18 31 1.07231
18 32 1.07231
18 33 1.15977
18 34 1.21188
18 35 1.269
18 36 1.30055
18 37 1.07392
18 38 1.07392
18 39 1.07392
18 40 1.07392
18 41 1.07392
18 42 1.16082
18 43 1.2156
18 44 1.2757
18 45 1.30932
18 46 1.07445
18 47 1.07445
18 48 1.07445
18 49 1.07445
18 50 1.07445
18 51 1.17831
18 52 1.24819
18 53 1.33371
18 54 1.38718
18 55 1.07366
18 56 1.07366
18 57 1.07366
18 58 1.07366
18 59 1.07366
18 60 1.16913
18 61 1.22891
18 62 1.2976
18 63 1.33688
18 64 1.07202
18 65 1.07202
18 66 1.07202
18 67 1.07202
18 68 1.07202
18 69 1.14874
18 70 1.19253
18 71 1.23837
18 72 1.2628
18 73 1.07234
18 74 1.07234
18 75 1.07234
18 76 1.07234
18 77 1.07234
18 78 1.13671
18 79 1.17668
18 80 1.21709
18 81 1.23842
18 82 1.07266
18 83 1.07266
18 84 1.07266
18 85 1.07266
18 86 1.07266
18 87 1.14758
18 88 1.19389
18 89 1.24131
18 90 1.26693
18 91 1.07188
18 92 1.07188
18 93 1.07188
18 94 1.07188
18 95 1.07188
18 96 1.14396
18 97 1.18545
18 98 1.22843
18 99 1.2512
18 100 1.07037
18 101 1.07037
18 102 1.07037
18 103 1.07037
18 104 1.07037
18 105 1.13181
18 106 1.16533
18 107 1.19897
18 108 1.21645
18 109 1.06976
18 110 1.06976
18 111 1.06976
18 112 1.06976
18 113 1.06976
18 114 1.11583
18 115 1.14419
18 116 1.17246
18 117 1.18631
18 118 1.06992
18 119 1.06992
18 120 1.06992
18 121 1.06992
18 122 1.06992
18 123 1.12171
18 124 1.15365
18 125 1.18414
18 126 1.19973
18 127 1.06915
18 128 1.06915
18 129 1.06915
18 130 1.06915
18 131 1.06915
18 132 1.12107
18 133 1.15001
18 134 1.17862
18 135 1.19337
18 136 1.06781
18 137 1.06781
18 138 1.06781
18 139 1.06781
18 140 1.06781
18 141 1.11446
18 142 1.13924
18 143 1.16351
18 144 1.17597
19 1 1.11803
19 2 1.11803
19 3 1.11803
19 4 1.11803
19 5 1.11803
19 6 1.09516
19 7 1.08491
19 8 1.07603
19 9 1.07172
19 10 1.16157
19 11 1.16157
19 12 1.16157
19 13 1.16157
19 14 1.16157
19 15 1.10993
19 16 1.09312
19 17 1.08011
19 18 1.07404
19 19 1.30417
19 20 1.30417
19 21 1.30417
19 22 1.30417
19 23 1.30417
19 24 1.1175
19 25 1.09629
19 26 1.08147
19 27 1.07471
19 28 1.16191
19 29 1.16191
19 30 1.16191
19 31 1.16191
19 32 1.16191
19 33 1.11032
19 34 1.09351
19 35 1.08042
19 36 1.07427
19 37 1.1114
19 38 1.1114
19 39 1.1114
19 40 1.1114
19 41 1.1114
19 42 1.09178
19 43 1.08299
19 44 1.07521
19 45 1.07156
19 46 1.13505
19 47 1.13505
19 48 1.13505
19 49 1.13505
19 50 1.13505
19 51 1.10268
19 52 1.08957
19 53 1.07873
19 54 1.07364
19 55 1.14703
19 56 1.14703
19 57 1.14703
19 58 1.14703
19 59 1.14703
19 60 1.10676
19 61 1.0919
19 62 1.07991
19 63 1.07422
19 64 1.13543
19 65 1.13543
19 66 1.13543
19 67 1.13543
19 68 1.13543
19 69 1.1032
19 70 1.09009
19 71 1.0791
19 72 1.07381
19 73 1.10141
19 74 1.10141
19 75 1.10141
19 76 1.10141
19 77 1.10141
19 78 1.08619
19 79 1.07928
19 80 1.07292
19 81 1.07007
19 82 1.1141
19 83 1.1141
19 84 1.1141
19 85 1.1141
19 86 1.1141
19 87 1.09338
19 88 1.08393
19 89 1.07566
19 90 1.07182
19 91 1.11851
19 92 1.11851
19 93 1.11851
19 94 1.11851
19 95 1.11851
19 96 1.09568
19 97 1.08553
19 98 1.07661
19 99 1.07229
19 100 1.11453
19 101 1.11453
19 102 1.11453
19 103 1.11453
19 104 1.11453
19 105 1.0939
19 106 1.08446
19 107 1.07606
19 108 1.07193
19 109 1.09121
19 110 1.09121
19 111 1.09121
19 112 1.09121
19 113 1.09121
19 114 1.08017
19 115 1.07479
19 116 1.06975
19 117 1.06766
19 118 1.0985
19 119 1.0985
19 120 1.0985
19 121 1.0985
19 122 1.0985
19 123 1.08467
19 124 1.07786
19 125 1.07179
19 126 1.06907
19 127 1.10075
19 128 1.10075
19 129 1.10075
19 130 1.10075
19 131 1.10075
19 132 1.08596
19 133 1.07892
19 134 1.07252
19 135 1.06942
19 136 1.09896
19 137 1.09896
19 138 1.09896
19 139 1.09896
19 140 1.09896
19 141 1.08504
19 142 1.07833
19 143 1.07217
19 144 1.06911
20 1 1.11803
20 2 1.11803
20 3 1.11803
20 4 1.11803
20 5 1.11803
20 6 1.09516
20 7 1.08491
20 8 1.07603
20 9 1.07172
20 10 1.16157
20 11 1.16157
20 12 1.16157
20 13 1.16157
20 14 1.16157
20 15 1.10993
20 16 1.09312
20 17 1.08011
20 18 1.07404
20 19 1.30417
20 20 1.30417
20 21 1.30417
20 22 1.30417
20 23 1.30417
20 24 1.1175
20 25 1.09629
20 26 1.08147
20 27 1.07471
20 28 1.16191
20 29 1.16191
20 30 1.16191
20 31 1.16191
20 32 1.16191
20 33 1.11032
20 34 1.09351
20 35 1.08042
20 36 1.07427
20 37 1.1114
20 38 1.1114
20 39 1.1114
20 40 1.1114
20 41 1.1114
20 42 1.09178
20 43 1.08299
20 44 1.07521
20 45 1.07156
20 46 1.13505
20 47 1.13505
20 48 1.13505
20 49 1.13505
20 50 1.13505
20 51 1.10268
20 52 1.08957
20 53 1.07873
20 54 1.07364
20 55 1.14703
20 56 1.14703
20 57 1.14703
20 58 1.14703
20 59 1.14703
20 60 1.10676
20 61 1.0919
20 62 1.07991
20 63 1.07422
20 64 1.13543
20 65 1.13543
20 66 1.13543
20 67 1.13543
20 68 1.13543
20 69 1.1032
20 70 1.09009
20 71 1.0791
20 72 1.07381
20 73 1.10141
20 74 1.10141
20 75 1.10141
20 76 1.10141
20 77 1.10141
20 78 1.08619
20 79 1.07928
20 80 1.07292
20 81 1.07007
20 82 1.1141
20 83 1.1141
20 84 1.1141
20 85 1.1141
20 86 1.1141
20 87 1.09338
20 88 1.08393
20 89 1.07566
20 90 1.07182
20 91 1.11851
20 92 1.11851
20 93 1.11851
20 94 1.11851
20 95 1.11851
20 96 1.09568
20 97 1.08553
20 98 1.07661
20 99 1.07229
20 100 1.11453
20 101 1.11453
20 102 1.11453
20 103 1.11453
20 104 1.11453
20 105 1.0939
20 106 1.08446
20 107 1.07606
20 108 1.07193
20 109 1.09121
20 110 1.09121
20 111 1.09121
20 112 1.09121
20 113 1.09121
20 114 1.08017
20 115 1.07479
20 116 1.06975
20 117 1.06766
20 118 1.0985
20 119 1.0985
20 120 1.0985
20 121 1.0985
20 122 1.0985
20 123 1.08467
20 124 1.07786
20 125 1.07179
20 126 1.06907
20 127 1.10075
20 128 1.10075
20 129 1.10075
20 130 1.10075
20 131 1.10075
20 132 1.08596
20 133 1.07892
20 134 1.07252
20 135 1.06942
20 136 1.09896
20 137 1.09896
20 138 1.09896
20 139 1.09896
20 140 1.09896
20 141 1.08504
20 142 1.07833
20 143 1.07217
20 144 1.06911
21 1 1.11803
21 2 1.11803
21 3 1.11803
21 4 1.11803
21 5 1.11803
21 6 1.09516
21 7 1.08491
21 8 1.07603
21 9 1.07172
21 10 1.16157
21 11 1.16157
21 12 1.16157
21 13 1.16157
21 14 1.16157
21 15 1.10993
21 16 1.09312
21 17 1.08011
21 18 1.07404
21 19 1.30417
21 20 1.30417
21 21 1.30417
21 22 1.30417
21 23 1.30417
21 24 1.1175
21 25 1.09629
21 26 1.08147
21 27 1.07471
21 28 1.16191
21 29 1.16191
21 30 1.16191
21 31 1.16191
21 32 1.16191
21 33 1.11032
21 34 1.09351
21 35 1.08042
21 36 1.07427
21 37 1.1114
