injected_el measured_el potential
1 1 1.304
1 2 1.304
1 3 1.304
1 4 1.304
1 5 1.304
1 6 1.11577
1 7 1.099
1 8 1.08565
1 9 1.07858
1 10 1.14558
1 11 1.14558
1 12 1.14558
1 13 1.14558
1 14 1.14558
1 15 1.10793
1 16 1.09445
1 17 1.0828
1 18 1.07782
1 19 1.11723
1 20 1.11723
1 21 1.11723
1 22 1.11723
1 23 1.11723
1 24 1.09701
1 25 1.08781
1 26 1.07951
1 27 1.07502
1 28 1.1
1 29 1.1
1 30 1.1
1 31 1.1
1 32 1.1
1 33 1.08803
1 34 1.08133
1 35 1.07473
1 36 1.07136
1 37 1.14707
1 38 1.14707
1 39 1.14707
1 40 1.14707
1 41 1.14707
1 42 1.10504
1 43 1.09367
1 44 1.08417
1 45 1.07855
1 46 1.12809
1 47 1.12809
1 48 1.12809
1 49 1.12809
1 50 1.12809
1 51 1.10014
1 52 1.09196
1 53 1.08333
1 54 1.07809
1 55 1.11067
1 56 1.11067
1 57 1.11067
1 58 1.11067
1 59 1.11067
1 60 1.09531
1 61 1.08832
1 62 1.08016
1 63 1.07523
1 64 1.09699
1 65 1.09699
1 66 1.09699
1 67 1.09699
1 68 1.09699
1 69 1.0868
1 70 1.08094
1 71 1.07475
1 72 1.0715
1 73 1.11888
1 74 1.11888
1 75 1.11888
1 76 1.11888
1 77 1.11888
1 78 1.09545
1 79 1.08779
1 80 1.08101
1 81 1.07634
1 82 1.11106
1 83 1.11106
1 84 1.11106
1 85 1.11106
1 86 1.11106
1 87 1.09255
1 88 1.08692
1 89 1.08072
1 90 1.07583
1 91 1.10101
1 92 1.10101
1 93 1.10101
1 94 1.10101
1 95 1.10101
1 96 1.08975
1 97 1.08444
1 98 1.07772
1 99 1.07334
1 100 1.09123
1 101 1.09123
1 102 1.09123
1 103 1.09123
1 104 1.09123
1 105 1.08263
1 106 1.07789
1 107 1.07275
1 108 1.06999
1 109 1.1014
1 110 1.1014
1 111 1.1014
1 112 1.1014
1 113 1.1014
1 114 1.08716
1 115 1.08217
1 116 1.07654
1 117 1.07289
1 118 1.09717
1 119 1.09717
1 120 1.09717
1 121 1.09717
1 122 1.09717
1 123 1.08495
1 124 1.08158
1 125 1.07633
1 126 1.07224
1 127 1.09108
1 128 1.09108
1 129 1.09108
1 130 1.09108
1 131 1.09108
1 132 1.08252
1 133 1.07918
1 134 1.07375
1 135 1.0702
1 136 1.0843
1 137 1.0843
1 138 1.0843
1 139 1.0843
1 140 1.0843
1 141 1.07731
1 142 1.07366
1 143 1.06958
1 144 1.06737
2 1 1.304
2 2 1.304
2 3 1.304
2 4 1.304
2 5 1.304
2 6 1.11577
2 7 1.099
2 8 1.08565
2 9 1.07858
2 10 1.14558
2 11 1.14558
2 12 1.14558
2 13 1.14558
2 14 1.14558
2 15 1.10793
2 16 1.09445
2 17 1.0828
2 18 1.07782
2 19 1.11723
2 20 1.11723
2 21 1.11723
2 22 1.11723
2 23 1.11723
2 24 1.09701
2 25 1.08781
2 26 1.07951
2 27 1.07502
2 28 1.1
2 29 1.1
2 30 1.1
2 31 1.1
2 32 1.1
2 33 1.08803
2 34 1.08133
2 35 1.07473
2 36 1.07136
2 37 1.14707
2 38 1.14707
2 39 1.14707
2 40 1.14707
2 41 1.14707
2 42 1.10504
2 43 1.09367
2 44 1.08417
2 45 1.07855
2 46 1.12809
2 47 1.12809
2 48 1.12809
2 49 1.12809
2 50 1.12809
2 51 1.10014
2 52 1.09196
2 53 1.08333
2 54 1.07809
2 55 1.11067
2 56 1.11067
2 57 1.11067
2 58 1.11067
2 59 1.11067
2 60 1.09531
2 61 1.08832
2 62 1.08016
2 63 1.07523
2 64 1.09699
2 65 1.09699
2 66 1.09699
2 67 1.09699
2 68 1.09699
2 69 1.0868
2 70 1.08094
2 71 1.07475
2 72 1.0715
2 73 1.11888
2 74 1.11888
2 75 1.11888
2 76 1.11888
2 77 1.11888
2 78 1.09545
2 79 1.08779
2 80 1.08101
2 81 1.07634
2 82 1.11106
2 83 1.11106
2 84 1.11106
2 85 1.11106
2 86 1.11106
2 87 1.09255
2 88 1.08692
2 89 1.08072
2 90 1.07583
2 91 1.10101
2 92 1.10101
2 93 1.10101
2 94 1.10101
2 95 1.10101
2 96 1.08975
2 97 1.08444
2 98 1.07772
2 99 1.07334
2 100 1.09123
2 101 1.09123
2 102 1.09123
2 103 1.09123
2 104 1.09123
2 105 1.08263
2 106 1.07789
2 107 1.07275
2 108 1.06999
2 109 1.1014
2 110 1.1014
2 111 1.1014
2 112 1.1014
2 113 1.1014
2 114 1.08716
2 115 1.08217
2 116 1.07654
2 117 1.07289
2 118 1.09717
2 119 1.09717
2 120 1.09717
2 121 1.09717
2 122 1.09717
2 123 1.08495
2 124 1.08158
2 125 1.07633
2 126 1.07224
2 127 1.09108
2 128 1.09108
2 129 1.09108
2 130 1.09108
2 131 1.09108
2 132 1.08252
2 133 1.07918
2 134 1.07375
2 135 1.0702
2 136 1.0843
2 137 1.0843
2 138 1.0843
2 139 1.0843
2 140 1.0843
2 141 1.07731
2 142 1.07366
2 143 1.06958
2 144 1.06737
3 1 1.304
3 2 1.304
3 3 1.304
3 4 1.304
3 5 1.304
3 6 1.11577
3 7 1.099
3 8 1.08565
3 9 1.07858
3 10 1.14558
3 11 1.14558
3 12 1.14558
3 13 1.14558
3 14 1.14558
3 15 1.10793
3 16 1.09445
3 17 1.0828
3 18 1.07782
3 19 1.11723
3 20 1.11723
3 21 1.11723
3 22 1.11723
3 23 1.11723
3 24 1.09701
3 25 1.08781
3 26 1.07951
3 27 1.07502
3 28 1.1
3 29 1.1
3 30 1.1
3 31 1.1
3 32 1.1
3 33 1.08803
3 34 1.08133
3 35 1.07473
3 36 1.07136
3 37 1.14707
3 38 1.14707
3 39 1.14707
3 40 1.14707
3 41 1.14707
3 42 1.10504
3 43 1.09367
3 44 1.08417
3 45 1.07855
3 46 1.12809
3 47 1.12809
3 48 1.12809
3 49 1.12809
3 50 1.12809
3 51 1.10014
3 52 1.09196
3 53 1.08333
3 54 1.07809
3 55 1.11067
3 56 1.11067
3 57 1.11067
3 58 1.11067
3 59 1.11067
3 60 1.09531
3 61 1.08832
3 62 1.08016
3 63 1.07523
3 64 1.09699
3 65 1.09699
3 66 1.09699
3 67 1.09699
3 68 1.09699
3 69 1.0868
3 70 1.08094
3 71 1.07475
3 72 1.0715
3 73 1.11888
3 74 1.11888
3 75 1.11888
3 76 1.11888
3 77 1.11888
3 78 1.09545
3 79 1.08779
3 80 1.08101
3 81 1.07634
3 82 1.11106
3 83 1.11106
3 84 1.11106
3 85 1.11106
3 86 1.11106
3 87 1.09255
3 88 1.08692
3 89 1.08072
3 90 1.07583
3 91 1.10101
3 92 1.10101
3 93 1.10101
3 94 1.10101
3 95 1.10101
3 96 1.08975
3 97 1.08444
3 98 1.07772
3 99 1.07334
3 100 1.09123
3 101 1.09123
3 102 1.09123
3 103 1.09123
3 104 1.09123
3 105 1.08263
3 106 1.07789
3 107 1.07275
3 108 1.06999
3 109 1.1014
3 110 1.1014
3 111 1.1014
3 112 1.1014
3 113 1.1014
3 114 1.08716
3 115 1.08217
3 116 1.07654
3 117 1.07289
3 118 1.09717
3 119 1.09717
3 120 1.09717
3 121 1.09717
3 122 1.09717
3 123 1.08495
3 124 1.08158
3 125 1.07633
3 126 1.07224
3 127 1.09108
3 128 1.09108
3 129 1.09108
3 130 1.09108
3 131 1.09108
3 132 1.08252
3 133 1.07918
3 134 1.07375
3 135 1.0702
3 136 1.0843
3 137 1.0843
3 138 1.0843
3 139 1.0843
3 140 1.0843
3 141 1.07731
3 142 1.07366
3 143 1.06958
3 144 1.06737
4 1 1.304
4 2 1.304
4 3 1.304
4 4 1.304
4 5 1.304
4 6 1.11577
4 7 1.099
4 8 1.08565
4 9 1.07858
4 10 1.14558
4 11 1.14558
4 12 1.14558
4 13 1.14558
4 14 1.14558
4 15 1.10793
4 16 1.09445
4 17 1.0828
4 18 1.07782
4 19 1.11723
4 20 1.11723
4 21 1.11723
4 22 1.11723
4 23 1.11723
4 24 1.09701
4 25 1.08781
4 26 1.07951
4 27 1.07502
4 28 1.1
4 29 1.1
4 30 1.1
4 31 1.1
4 32 1.1
4 33 1.08803
4 34 1.08133
4 35 1.07473
4 36 1.07136
4 37 1.14707
4 38 1.14707
4 39 1.14707
4 40 1.14707
4 41 1.14707
4 42 1.10504
4 43 1.09367
4 44 1.08417
4 45 1.07855
4 46 1.12809
4 47 1.12809
4 48 1.12809
4 49 1.12809
4 50 1.12809
4 51 1.10014
4 52 1.09196
4 53 1.08333
4 54 1.07809
4 55 1.11067
4 56 1.11067
4 57 1.11067
4 58 1.11067
4 59 1.11067
4 60 1.09531
4 61 1.08832
4 62 1.08016
4 63 1.07523
4 64 1.09699
4 65 1.09699
4 66 1.09699
4 67 1.09699
4 68 1.09699
4 69 1.0868
4 70 1.08094
4 71 1.07475
4 72 1.0715
4 73 1.11888
4 74 1.11888
4 75 1.11888
4 76 1.11888
4 77 1.11888
4 78 1.09545
4 79 1.08779
4 80 1.08101
4 81 1.07634
4 82 1.11106
4 83 1.11106
4 84 1.11106
4 85 1.11106
4 86 1.11106
4 87 1.09255
4 88 1.08692
4 89 1.08072
4 90 1.07583
4 91 1.10101
4 92 1.10101
4 93 1.10101
4 94 1.10101
4 95 1.10101
4 96 1.08975
4 97 1.08444
4 98 1.07772
4 99 1.07334
4 100 1.09123
4 101 1.09123
4 102 1.09123
4 103 1.09123
4 104 1.09123
4 105 1.08263
4 106 1.07789
4 107 1.07275
4 108 1.06999
4 109 1.1014
4 110 1.1014
4 111 1.1014
4 112 1.1014
4 113 1.1014
4 114 1.08716
4 115 1.08217
4 116 1.07654
4 117 1.07289
4 118 1.09717
4 119 1.09717
4 120 1.09717
4 121 1.09717
4 122 1.09717
4 123 1.08495
4 124 1.08158
4 125 1.07633
4 126 1.07224
4 127 1.09108
4 128 1.09108
4 129 1.09108
4 130 1.09108
4 131 1.09108
4 132 1.08252
4 133 1.07918
4 134 1.07375
4 135 1.0702
4 136 1.0843
4 137 1.0843
4 138 1.0843
4 139 1.0843
4 140 1.0843
4 141 1.07731
4 142 1.07366
4 143 1.06958
4 144 1.06737
5 1 1.304
5 2 1.304
5 3 1.304
5 4 1.304
5 5 1.304
5 6 1.11577
5 7 1.099
5 8 1.08565
5 9 1.07858
5 10 1.14558
5 11 1.14558
5 12 1.14558
5 13 1.14558
5 14 1.14558
5 15 1.10793
5 16 1.09445
5 17 1.0828
5 18 1.07782
5 19 1.11723
5 20 1.11723
5 21 1.11723
5 22 1.11723
5 23 1.11723
5 24 1.09701
5 25 1.08781
5 26 1.07951
5 27 1.07502
5 28 1.1
5 29 1.1
5 30 1.1
5 31 1.1
5 32 1.1
5 33 1.08803
5 34 1.08133
5 35 1.07473
5 36 1.07136
5 37 1.14707
5 38 1.14707
5 39 1.14707
5 40 1.14707
5 41 1.14707
5 42 1.10504
5 43 1.09367
5 44 1.08417
5 45 1.07855
5 46 1.12809
5 47 1.12809
5 48 1.12809
5 49 1.12809
5 50 1.12809
5 51 1.10014
5 52 1.09196
5 53 1.08333
5 54 1.07809
5 55 1.11067
5 56 1.11067
5 57 1.11067
5 58 1.11067
5 59 1.11067
5 60 1.09531
5 61 1.08832
5 62 1.08016
5 63 1.07523
5 64 1.09699
5 65 1.09699
5 66 1.09699
5 67 1.09699
5 68 1.09699
5 69 1.0868
5 70 1.08094
5 71 1.07475
5 72 1.0715
5 73 1.11888
5 74 1.11888
5 75 1.11888
5 76 1.11888
5 77 1.11888
5 78 1.09545
5 79 1.08779
5 80 1.08101
5 81 1.07634
5 82 1.11106
5 83 1.11106
5 84 1.11106
5 85 1.11106
5 86 1.11106
5 87 1.09255
5 88 1.08692
5 89 1.08072
5 90 1.07583
5 91 1.10101
5 92 1.10101
5 93 1.10101
5 94 1.10101
5 95 1.10101
5 96 1.08975
5 97 1.08444
5 98 1.07772
5 99 1.07334
5 100 1.09123
5 101 1.09123
5 102 1.09123
5 103 1.09123
5 104 1.09123
5 105 1.08263
5 106 1.07789
5 107 1.07275
5 108 1.06999
5 109 1.1014
5 110 1.1014
5 111 1.1014
5 112 1.1014
5 113 1.1014
5 114 1.08716
5 115 1.08217
5 116 1.07654
5 117 1.07289
5 118 1.09717
5 119 1.09717
5 120 1.09717
5 121 1.09717
5 122 1.09717
5 123 1.08495
5 124 1.08158
5 125 1.07633
5 126 1.07224
5 127 1.09108
5 128 1.09108
5 129 1.09108
5 130 1.09108
5 131 1.09108
5 132 1.08252
5 133 1.07918
5 134 1.07375
5 135 1.0702
5 136 1.0843
5 137 1.0843
5 138 1.0843
5 139 1.0843
5 140 1.0843
5 141 1.07731
5 142 1.07366
5 143 1.06958
5 144 1.06737
6 1 1.11577
6 2 1.11577
6 3 1.11577
6 4 1.11577
6 5 1.11577
6 6 4.91491
6 7 1.86753
6 8 1.35568
6 9 1.20029
6 10 1.10877
6 11 1.10877
6 12 1.10877
6 13 1.10877
6 14 1.10877
6 15 1.39046
6 16 1.3359
6 17 1.22956
6 18 1.18537
6 19 1.09784
6 20 1.09784
6 21 1.09784
6 22 1.09784
6 23 1.09784
6 24 1.18581
6 25 1.18915
6 26 1.17456
6 27 1.1574
6 28 1.08795
6 29 1.08795
6 30 1.08795
6 31 1.08795
6 32 1.08795
6 33 1.13266
6 34 1.13773
6 35 1.13497
6 36 1.13174
6 37 1.10701
6 38 1.10701
6 39 1.10701
6 40 1.10701
6 41 1.10701
6 42 1.36602
6 43 1.31436
6 44 1.23246
6 45 1.18224
6 46 1.10418
6 47 1.10418
6 48 1.10418
6 49 1.10418
6 50 1.10418
6 51 1.24206
6 52 1.23472
6 53 1.20026
6 54 1.17398
6 55 1.09605
6 56 1.09605
6 57 1.09605
6 58 1.09605
6 59 1.09605
6 60 1.17557
6 61 1.17829
6 62 1.16511
6 63 1.15156
6 64 1.08709
6 65 1.08709
6 66 1.08709
6 67 1.08709
6 68 1.08709
6 69 1.12937
6 70 1.1347
6 71 1.13193
6 72 1.12901
6 73 1.09705
6 74 1.09705
6 75 1.09705
6 76 1.09705
6 77 1.09705
6 78 1.18888
6 79 1.19078
6 80 1.17253
6 81 1.15616
6 82 1.09527
6 83 1.09527
6 84 1.09527
6 85 1.09527
6 86 1.09527
6 87 1.1767
6 88 1.17673
6 89 1.1652
6 90 1.1519
6 91 1.09002
6 92 1.09002
6 93 1.09002
6 94 1.09002
6 95 1.09002
6 96 1.15044
6 97 1.15387
6 98 1.14523
6 99 1.13726
6 100 1.08336
6 101 1.08336
6 102 1.08336
6 103 1.08336
6 104 1.08336
6 105 1.11586
6 106 1.1221
6 107 1.12168
6 108 1.12034
6 109 1.08786
6 110 1.08786
6 111 1.08786
6 112 1.08786
6 113 1.08786
6 114 1.13315
6 115 1.14327
6 116 1.13744
6 117 1.13245
6 118 1.08652
6 119 1.08652
6 120 1.08652
6 121 1.08652
6 122 1.08652
6 123 1.13448
6 124 1.14131
6 125 1.13572
6 126 1.12998
6 127 1.08299
6 128 1.08299
6 129 1.08299
6 130 1.08299
6 131 1.08299
6 132 1.12213
6 133 1.12935
6 134 1.12463
6 135 1.12089
6 136 1.07825
6 137 1.07825
6 138 1.07825
6 139 1.07825
6 140 1.07825
6 141 1.1013
6 142 1.1076
6 143 1.10908
6 144 1.10907
7 1 1.099
7 2 1.099
7 3 1.099
7 4 1.099
7 5 1.099
7 6 1.86753
7 7 4.97726
7 8 1.81063
7 9 1.28325
7 10 1.09666
7 11 1.09666
7 12 1.09666
7 13 1.09666
7 14 1.09666
7 15 1.33335
7 16 1.40772
7 17 1.29617
7 18 1.23925
7 19 1.08961
7 20 1.08961
7 21 1.08961
7 22 1.08961
7 23 1.08961
7 24 1.18558
7 25 1.20939
7 26 1.20863
7 27 1.19259
7 28 1.08226
7 29 1.08226
7 30 1.08226
7 31 1.08226
7 32 1.08226
7 33 1.13737
7 34 1.15052
7 35 1.15539
7 36 1.15555
7 37 1.09564
7 38 1.09564
7 39 1.09564
7 40 1.09564
7 41 1.09564
7 42 1.32662
7 43 1.39285
7 44 1.30482
7 45 1.236
7 46 1.09484
7 47 1.09484
7 48 1.09484
7 49 1.09484
7 50 1.09484
7 51 1.23937
7 52 1.26202
7 53 1.24049
7 54 1.21564
7 55 1.08911
7 56 1.08911
7 57 1.08911
7 58 1.08911
7 59 1.08911
7 60 1.17965
7 61 1.19412
7 62 1.19173
7 63 1.18164
7 64 1.08203
7 65 1.08203
7 66 1.08203
7 67 1.08203
7 68 1.08203
7 69 1.13459
7 70 1.14666
7 71 1.1504
7 72 1.15059
7 73 1.08942
7 74 1.08942
7 75 1.08942
7 76 1.08942
7 77 1.08942
7 78 1.19589
7 79 1.21482
7 80 1.20489
7 81 1.19118
7 82 1.08859
7 83 1.08859
7 84 1.08859
7 85 1.08859
7 86 1.08859
7 87 1.18518
7 88 1.19467
7 89 1.19109
7 90 1.18171
7 91 1.08463
7 92 1.08463
7 93 1.08463
7 94 1.08463
7 95 1.08463
7 96 1.15772
7 97 1.16778
7 98 1.16559
7 99 1.16099
7 100 1.07918
7 101 1.07918
7 102 1.07918
7 103 1.07918
7 104 1.07918
7 105 1.12137
7 106 1.13284
7 107 1.13738
7 108 1.13855
7 109 1.08264
7 110 1.08264
7 111 1.08264
7 112 1.08264
7 113 1.08264
7 114 1.14166
7 115 1.15876
7 116 1.15816
7 117 1.15633
7 118 1.08179
7 119 1.08179
7 120 1.08179
7 121 1.08179
7 122 1.08179
7 123 1.1437
7 124 1.15518
7 125 1.15402
7 126 1.15141
7 127 1.07895
7 128 1.07895
7 129 1.07895
7 130 1.07895
7 131 1.07895
7 132 1.12964
7 133 1.14128
7 134 1.14036
7 135 1.13906
7 136 1.07495
7 137 1.07495
7 138 1.07495
7 139 1.07495
7 140 1.07495
7 141 1.10638
7 142 1.11674
7 143 1.1219
7 144 1.12379
8 1 1.08565
8 2 1.08565
8 3 1.08565
8 4 1.08565
8 5 1.08565
8 6 1.35568
8 7 1.81063
8 8 5.95679
8 9 1.51019
8 10 1.08463
8 11 1.08463
8 12 1.08463
8 13 1.08463
8 14 1.08463
8 15 1.23279
8 16 1.31045
8 17 1.34283
8 18 1.31402
8 19 1.08041
8 20 1.08041
8 21 1.08041
8 22 1.08041
8 23 1.08041
8 24 1.16415
8 25 1.20164
8 26 1.23347
8 27 1.232
8 28 1.07544
8 29 1.07544
8 30 1.07544
8 31 1.07544
8 32 1.07544
8 33 1.13263
8 34 1.15442
8 35 1.17261
8 36 1.18021
8 37 1.08448
8 38 1.08448
8 39 1.08448
8 40 1.08448
8 41 1.08448
8 42 1.23468
8 43 1.3007
8 44 1.35159
8 45 1.31287
8 46 1.08423
8 47 1.08423
8 48 1.08423
8 49 1.08423
8 50 1.08423
8 51 1.19552
8 52 1.22945
8 53 1.2576
8 54 1.26112
8 55 1.08051
8 56 1.08051
8 57 1.08051
8 58 1.08051
8 59 1.08051
8 60 1.16145
8 61 1.18564
8 62 1.20692
8 63 1.21089
8 64 1.07549
8 65 1.07549
8 66 1.07549
8 67 1.07549
8 68 1.07549
8 69 1.12976
8 70 1.14902
8 71 1.16405
8 72 1.17075
8 73 1.08089
8 74 1.08089
8 75 1.08089
8 76 1.08089
8 77 1.08089
8 78 1.17402
8 79 1.20215
8 80 1.22324
8 81 1.23061
8 82 1.08032
8 83 1.08032
8 84 1.08032
8 85 1.08032
8 86 1.08032
8 87 1.16803
8 88 1.18529
8 89 1.20269
8 90 1.20973
8 91 1.07751
8 92 1.07751
8 93 1.07751
8 94 1.07751
8 95 1.07751
8 96 1.14807
8 97 1.16462
8 98 1.17678
8 99 1.18192
8 100 1.07345
8 101 1.07345
8 102 1.07345
8 103 1.07345
8 104 1.07345
8 105 1.11909
8 106 1.13593
8 107 1.1485
8 108 1.15438
8 109 1.07628
8 110 1.07628
8 111 1.07628
8 112 1.07628
8 113 1.07628
8 114 1.13785
8 115 1.16007
8 116 1.17262
8 117 1.18019
8 118 1.07553
8 119 1.07553
8 120 1.07553
8 121 1.07553
8 122 1.07553
8 123 1.13967
8 124 1.15476
8 125 1.16409
8 126 1.17015
8 127 1.07333
8 128 1.07333
8 129 1.07333
8 130 1.07333
8 131 1.07333
8 132 1.12722
8 133 1.14262
8 134 1.14977
8 135 1.15419
8 136 1.0702
8 137 1.0702
8 138 1.0702
8 139 1.0702
8 140 1.0702
8 141 1.10622
8 142 1.12051
8 143 1.13098
8 144 1.13596
9 1 1.07858
9 2 1.07858
9 3 1.07858
9 4 1.07858
9 5 1.07858
9 6 1.20029
9 7 1.28325
9 8 1.51019
9 9 2.12557
9 10 1.07802
9 11 1.07802
9 12 1.07802
9 13 1.07802
9 14 1.07802
9 15 1.17671
9 16 1.23787
9 17 1.31045
9 18 1.3644
9 19 1.07518
9 20 1.07518
9 21 1.07518
9 22 1.07518
9 23 1.07518
9 24 1.14905
9 25 1.19085
9 26 1.23954
9 27 1.25426
9 28 1.07149
9 29 1.07149
9 30 1.07149
9 31 1.07149
9 32 1.07149
9 33 1.12825
9 34 1.1545
9 35 1.18085
9 36 1.19376
9 37 1.07832
9 38 1.07832
9 39 1.07832
9 40 1.07832
9 41 1.07832
9 42 1.18124
9 43 1.23077
9 44 1.30814
9 45 1.3682
9 46 1.07823
9 47 1.07823
9 48 1.07823
9 49 1.07823
9 50 1.07823
9 51 1.16698
9 52 1.20219
9 53 1.25436
9 54 1.288
9 55 1.07555
9 56 1.07555
9 57 1.07555
9 58 1.07555
9 59 1.07555
9 60 1.14827
9 61 1.17658
9 62 1.2117
9 63 1.22682
9 64 1.07166
9 65 1.07166
9 66 1.07166
9 67 1.07166
9 68 1.07166
9 69 1.12547
9 70 1.14854
9 71 1.17049
9 72 1.18154
9 73 1.07603
9 74 1.07603
9 75 1.07603
9 76 1.07603
9 77 1.07603
9 78 1.15786
9 79 1.18883
9 80 1.2281
9 81 1.25506
9 82 1.07554
9 83 1.07554
9 84 1.07554
9 85 1.07554
9 86 1.07554
9 87 1.15504
9 88 1.17573
9 89 1.20598
9 90 1.22551
9 91 1.07335
9 92 1.07335
9 93 1.07335
9 94 1.07335
9 95 1.07335
9 96 1.14028
9 97 1.16014
9 98 1.18132
9 99 1.19318
9 100 1.07007
9 101 1.07007
9 102 1.07007
9 103 1.07007
9 104 1.07007
9 105 1.11664
9 106 1.13639
9 107 1.15387
9 108 1.16277
9 109 1.07259
9 110 1.07259
9 111 1.07259
9 112 1.07259
9 113 1.07259
9 114 1.1339
9 115 1.15858
9 116 1.17989
9 117 1.19428
9 118 1.07187
9 119 1.07187
9 120 1.07187
9 121 1.07187
9 122 1.07187
9 123 1.13551
9 124 1.15237
9 125 1.16856
9 126 1.18054
9 127 1.07001
9 128 1.07001
9 129 1.07001
9 130 1.07001
9 131 1.07001
9 132 1.12443
9 133 1.14177
9 134 1.15412
9 135 1.1623
9 136 1.06737
9 137 1.06737
9 138 1.06737
9 139 1.06737
9 140 1.06737
9 141 1.10536
9 142 1.12181
9 143 1.13549
9 144 1.14238
10 1 1.14558
10 2 1.14558
10 3 1.14558
10 4 1.14558
10 5 1.14558
10 6 1.10877
10 7 1.09666
10 8 1.08463
10 9 1.07802
10 10 1.30178
10 11 1.30178
10 12 1.30178
10 13 1.30178
10 14 1.30178
10 15 1.12015
10 16 1.10018
10 17 1.08592
10 18 1.07984
10 19 1.16001
10 20 1.16001
10 21 1.16001
10 22 1.16001
10 23 1.16001
10 24 1.11225
10 25 1.09679
10 26 1.08434
10 27 1.07838
10 28 1.1248
10 29 1.1248
10 30 1.1248
10 31 1.1248
10 32 1.1248
10 33 1.10138
10 34 1.09048
10 35 1.0805
10 36 1.07557
10 37 1.12819
10 38 1.12819
10 39 1.12819
10 40 1.12819
10 41 1.12819
10 42 1.10239
10 43 1.09322
10 44 1.08392
10 45 1.0782
10 46 1.14526
10 47 1.14526
10 48 1.14526
10 49 1.14526
10 50 1.14526
10 51 1.10767
10 52 1.09679
10 53 1.08635
10 54 1.08013
10 55 1.13368
10 56 1.13368
10 57 1.13368
10 58 1.13368
10 59 1.13368
10 60 1.10605
10 61 1.09567
10 62 1.08473
10 63 1.0785
10 64 1.11605
10 65 1.11605
10 66 1.11605
10 67 1.11605
10 68 1.11605
10 69 1.09784
10 70 1.08887
10 71 1.08007
10 72 1.07556
10 73 1.11104
10 74 1.11104
10 75 1.11104
10 76 1.11104
10 77 1.11104
10 78 1.09397
10 79 1.08778
10 80 1.08084
10 81 1.07602
10 82 1.11752
10 83 1.11752
10 84 1.11752
10 85 1.11752
10 86 1.11752
10 87 1.09728
10 88 1.09037
10 89 1.08321
10 90 1.07758
10 91 1.11331
10 92 1.11331
10 93 1.11331
10 94 1.11331
10 95 1.11331
10 96 1.09684
10 97 1.0896
10 98 1.08144
10 99 1.07621
10 100 1.1043
10 101 1.1043
10 102 1.1043
10 103 1.1043
10 104 1.1043
10 105 1.09092
10 106 1.08414
10 107 1.07728
10 108 1.07366
10 109 1.09712
10 110 1.09712
10 111 1.09712
10 112 1.09712
10 113 1.09712
10 114 1.08591
10 115 1.08196
10 116 1.07623
10 117 1.0725
10 118 1.10024
10 119 1.10024
10 120 1.10024
10 121 1.10024
10 122 1.10024
10 123 1.0877
10 124 1.08396
10 125 1.07815
10 126 1.07361
10 127 1.09814
10 128 1.09814
10 129 1.09814
10 130 1.09814
10 131 1.09814
10 132 1.08707
10 133 1.08277
10 134 1.07663
10 135 1.0726
10 136 1.09308
10 137 1.09308
10 138 1.09308
10 139 1.09308
10 140 1.09308
10 141 1.08336
10 142 1.07845
10 143 1.07331
10 144 1.07057
11 1 1.14558
11 2 1.14558
11 3 1.14558
11 4 1.14558
11 5 1.14558
11 6 1.10877
11 7 1.09666
11 8 1.08463
11 9 1.07802
11 10 1.30178
11 11 1.30178
11 12 1.30178
11 13 1.30178
11 14 1.30178
11 15 1.12015
11 16 1.10018
11 17 1.08592
11 18 1.07984
11 19 1.16001
11 20 1.16001
11 21 1.16001
11 22 1.16001
11 23 1.16001
11 24 1.11225
11 25 1.09679
11 26 1.08434
11 27 1.07838
11 28 1.1248
11 29 1.1248
11 30 1.1248
11 31 1.1248
11 32 1.1248
11 33 1.10138
11 34 1.09048
11 35 1.0805
11 36 1.07557
11 37 1.12819
11 38 1.12819
11 39 1.12819
11 40 1.12819
11 41 1.12819
11 42 1.10239
11 43 1.09322
11 44 1.08392
11 45 1.0782
11 46 1.14526
11 47 1.14526
11 48 1.14526
11 49 1.14526
11 50 1.14526
11 51 1.10767
11 52 1.09679
11 53 1.08635
11 54 1.08013
11 55 1.13368
11 56 1.13368
11 57 1.13368
11 58 1.13368
11 59 1.13368
11 60 1.10605
11 61 1.09567
11 62 1.08473
11 63 1.0785
11 64 1.11605
11 65 1.11605
11 66 1.11605
11 67 1.11605
11 68 1.11605
11 69 1.09784
11 70 1.08887
11 71 1.08007
11 72 1.07556
11 73 1.11104
11 74 1.11104
11 75 1.11104
11 76 1.11104
11 77 1.11104
11 78 1.09397
11 79 1.08778
11 80 1.08084
11 81 1.07602
11 82 1.11752
11 83 1.11752
11 84 1.11752
11 85 1.11752
11 86 1.11752
11 87 1.09728
11 88 1.09037
11 89 1.08321
11 90 1.07758
11 91 1.11331
11 92 1.11331
11 93 1.11331
11 94 1.11331
11 95 1.11331
11 96 1.09684
11 97 1.0896
11 98 1.08144
11 99 1.07621
11 100 1.1043
11 101 1.1043
11 102 1.1043
11 103 1.1043
11 104 1.1043
11 105 1.09092
11 106 1.08414
11 107 1.07728
11 108 1.07366
11 109 1.09712
11 110 1.09712
11 111 1.09712
11 112 1.09712
11 113 1.09712
11 114 1.08591
11 115 1.08196
11 116 1.07623
11 117 1.0725
11 118 1.10024
11 119 1.10024
11 120 1.10024
11 121 1.10024
11 122 1.10024
11 123 1.0877
11 124 1.08396
11 125 1.07815
11 126 1.07361
11 127 1.09814
11 128 1.09814
11 129 1.09814
11 130 1.09814
11 131 1.09814
11 132 1.08707
11 133 1.08277
11 134 1.07663
11 135 1.0726
11 136 1.09308
11 137 1.09308
11 138 1.09308
11 139 1.09308
11 140 1.09308
11 141 1.08336
11 142 1.07845
11 143 1.07331
11 144 1.07057
12 1 1.14558
12 2 1.14558
12 3 1.14558
12 4 1.14558
12 5 1.14558
12 6 1.10877
12 7 1.09666
12 8 1.08463
12 9 1.07802
12 10 1.30178
12 11 1.30178
12 12 1.30178
12 13 1.30178
12 14 1.30178
12 15 1.12015
12 16 1.10018
12 17 1.08592
12 18 1.07984
12 19 1.16001
12 20 1.16001
12 21 1.16001
12 22 1.16001
12 23 1.16001
12 24 1.11225
12 25 1.09679
12 26 1.08434
12 27 1.07838
12 28 1.1248
12 29 1.1248
12 30 1.1248
12 31 1.1248
12 32 1.1248
12 33 1.10138
12 34 1.09048
12 35 1.0805
12 36 1.07557
12 37 1.12819
12 38 1.12819
12 39 1.12819
12 40 1.12819
12 41 1.12819
12 42 1.10239
12 43 1.09322
12 44 1.08392
12 45 1.0782
12 46 1.14526
12 47 1.14526
12 48 1.14526
12 49 1.14526
12 50 1.14526
12 51 1.10767
12 52 1.09679
12 53 1.08635
12 54 1.08013
12 55 1.13368
12 56 1.13368
12 57 1.13368
12 58 1.13368
12 59 1.13368
12 60 1.10605
12 61 1.09567
12 62 1.08473
12 63 1.0785
12 64 1.11605
12 65 1.11605
12 66 1.11605
12 67 1.11605
12 68 1.11605
12 69 1.09784
12 70 1.08887
12 71 1.08007
12 72 1.07556
12 73 1.11104
12 74 1.11104
12 75 1.11104
12 76 1.11104
12 77 1.11104
12 78 1.09397
12 79 1.08778
12 80 1.08084
12 81 1.07602
12 82 1.11752
12 83 1.11752
12 84 1.11752
12 85 1.11752
12 86 1.11752
12 87 1.09728
12 88 1.09037
12 89 1.08321
12 90 1.07758
12 91 1.11331
12 92 1.11331
12 93 1.11331
12 94 1.11331
12 95 1.11331
12 96 1.09684
12 97 1.0896
12 98 1.08144
12 99 1.07621
12 100 1.1043
12 101 1.1043
12 102 1.1043
12 103 1.1043
12 104 1.1043
12 105 1.09092
12 106 1.08414
12 107 1.07728
12 108 1.07366
12 109 1.09712
12 110 1.09712
12 111 1.09712
12 112 1.09712
12 113 1.09712
12 114 1.08591
12 115 1.08196
12 116 1.07623
12 117 1.0725
12 118 1.10024
12 119 1.10024
12 120 1.10024
12 121 1.10024
12 122 1.10024
12 123 1.0877
12 124 1.08396
12 125 1.07815
12 126 1.07361
12 127 1.09814
12 128 1.09814
12 129 1.09814
12 130 1.09814
12 131 1.09814
12 132 1.08707
12 133 1.08277
12 134 1.07663
12 135 1.0726
12 136 1.09308
12 137 1.09308
12 138 1.09308
12 139 1.09308
12 140 1.09308
12 141 1.08336
12 142 1.07845
12 143 1.07331
12 144 1.07057
13 1 1.14558
13 2 1.14558
13 3 1.14558
13 4 1.14558
13 5 1.14558
13 6 1.10877
13 7 1.09666
13 8 1.08463
13 9 1.07802
13 10 1.30178
13 11 1.30178
13 12 1.30178
13 13 1.30178
13 14 1.30178
13 15 1.12015
13 16 1.10018
13 17 1.08592
13 18 1.07984
13 19 1.16001
13 20 1.16001
13 21 1.16001
13 22 1.16001
13 23 1.16001
13 24 1.11225
13 25 1.09679
13 26 1.08434
13 27 1.07838
13 28 1.1248
13 29 1.1248
13 30 1.1248
13 31 1.1248
13 32 1.1248
13 33 1.10138
13 34 1.09048
13 35 1.0805
13 36 1.07557
13 37 1.12819
13 38 1.12819
13 39 1.12819
13 40 1.12819
13 41 1.12819
13 42 1.10239
13 43 1.09322
13 44 1.08392
13 45 1.0782
13 46 1.14526
13 47 1.14526
13 48 1.14526
13 49 1.14526
13 50 1.14526
13 51 1.10767
13 52 1.09679
13 53 1.08635
13 54 1.08013
13 55 1.13368
13 56 1.13368
13 57 1.13368
13 58 1.13368
13 59 1.13368
13 60 1.10605
13 61 1.09567
13 62 1.08473
13 63 1.0785
13 64 1.11605
13 65 1.11605
13 66 1.11605
13 67 1.11605
13 68 1.11605
13 69 1.09784
13 70 1.08887
13 71 1.08007
13 72 1.07556
13 73 1.11104
13 74 1.11104
13 75 1.11104
13 76 1.11104
13 77 1.11104
13 78 1.09397
13 79 1.08778
13 80 1.08084
13 81 1.07602
13 82 1.11752
13 83 1.11752
13 84 1.11752
13 85 1.11752
13 86 1.11752
13 87 1.09728
13 88 1.09037
13 89 1.08321
13 90 1.07758
13 91 1.11331
13 92 1.11331
13 93 1.11331
13 94 1.11331
13 95 1.11331
13 96 1.09684
13 97 1.0896
13 98 1.08144
13 99 1.07621
13 100 1.1043
13 101 1.1043
13 102 1.1043
13 103 1.1043
13 104 1.1043
13 105 1.09092
13 106 1.08414
13 107 1.07728
13 108 1.07366
13 109 1.09712
13 110 1.09712
13 111 1.09712
13 112 1.09712
13 113 1.09712
13 114 1.08591
13 115 1.08196
13 116 1.07623
13 117 1.0725
13 118 1.10024
13 119 1.10024
13 120 1.10024
13 121 1.10024
13 122 1.10024
13 123 1.0877
13 124 1.08396
13 125 1.07815
13 126 1.07361
13 127 1.09814
13 128 1.09814
13 129 1.09814
13 130 1.09814
13 131 1.09814
13 132 1.08707
13 133 1.08277
13 134 1.07663
13 135 1.0726
13 136 1.09308
13 137 1.09308
13 138 1.09308
13 139 1.09308
13 140 1.09308
13 141 1.08336
13 142 1.07845
13 143 1.07331
13 144 1.07057
14 1 1.14558
14 2 1.14558
14 3 1.14558
14 4 1.14558
14 5 1.14558
14 6 1.10877
14 7 1.09666
14 8 1.08463
14 9 1.07802
14 10 1.30178
14 11 1.30178
14 12 1.30178
14 13 1.30178
14 14 1.30178
14 15 1.12015
14 16 1.10018
14 17 1.08592
14 18 1.07984
14 19 1.16001
14 20 1.16001
14 21 1.16001
14 22 1.16001
14 23 1.16001
14 24 1.11225
14 25 1.09679
14 26 1.08434
14 27 1.07838
14 28 1.1248
14 29 1.1248
14 30 1.1248
14 31 1.1248
14 32 1.1248
14 33 1.10138
14 34 1.09048
14 35 1.0805
14 36 1.07557
14 37 1.12819
14 38 1.12819
14 39 1.12819
14 40 1.12819
14 41 1.12819
14 42 1.10239
14 43 1.09322
14 44 1.08392
14 45 1.0782
14 46 1.14526
14 47 1.14526
14 48 1.14526
14 49 1.14526
14 50 1.14526
14 51 1.10767
14 52 1.09679
14 53 1.08635
14 54 1.08013
14 55 1.13368
14 56 1.13368
14 57 1.13368
14 58 1.13368
14 59 1.13368
14 60 1.10605
14 61 1.09567
14 62 1.08473
14 63 1.0785
14 64 1.11605
14 65 1.11605
14 66 1.11605
14 67 1.11605
14 68 1.11605
14 69 1.09784
14 70 1.08887
14 71 1.08007
14 72 1.07556
14 73 1.11104
14 74 1.11104
14 75 1.11104
14 76 1.11104
14 77 1.11104
14 78 1.09397
14 79 1.08778
14 80 1.08084
14 81 1.07602
14 82 1.11752
14 83 1.11752
14 84 1.11752
14 85 1.11752
14 86 1.11752
14 87 1.09728
14 88 1.09037
14 89 1.08321
14 90 1.07758
14 91 1.11331
14 92 1.11331
14 93 1.11331
14 94 1.11331
14 95 1.11331
14 96 1.09684
14 97 1.0896
14 98 1.08144
14 99 1.07621
14 100 1.1043
14 101 1.1043
14 102 1.1043
14 103 1.1043
14 104 1.1043
14 105 1.09092
14 106 1.08414
14 107 1.07728
14 108 1.07366
14 109 1.09712
14 110 1.09712
14 111 1.09712
14 112 1.09712
14 113 1.09712
14 114 1.08591
14 115 1.08196
14 116 1.07623
14 117 1.0725
14 118 1.10024
14 119 1.10024
14 120 1.10024
14 121 1.10024
14 122 1.10024
14 123 1.0877
14 124 1.08396
14 125 1.07815
14 126 1.07361
14 127 1.09814
14 128 1.09814
14 129 1.09814
14 130 1.09814
14 131 1.09814
14 132 1.08707
14 133 1.08277
14 134 1.07663
14 135 1.0726
14 136 1.09308
14 137 1.09308
14 138 1.09308
14 139 1.09308
14 140 1.09308
14 141 1.08336
14 142 1.07845
14 143 1.07331
14 144 1.07057
15 1 1.10793
15 2 1.10793
15 3 1.10793
15 4 1.10793
15 5 1.10793
15 6 1.39046
15 7 1.33335
15 8 1.23279
15 9 1.17671
15 10 1.12015
15 11 1.12015
15 12 1.12015
15 13 1.12015
15 14 1.12015
15 15 4.24829
15 16 1.71825
15 17 1.29643
15 18 1.20016
15 19 1.11065
15 20 1.11065
15 21 1.11065
15 22 1.11065
15 23 1.11065
15 24 1.41636
15 25 1.32647
15 26 1.23123
15 27 1.18035
15 28 1.09854
15 29 1.09854
15 30 1.09854
15 31 1.09854
15 32 1.09854
15 33 1.20289
15 34 1.19546
15 35 1.16848
15 36 1.15177
15 37 1.10383
15 38 1.10383
15 39 1.10383
15 40 1.10383
15 41 1.10383
15 42 1.25794
15 43 1.24718
15 44 1.20058
15 45 1.16851
15 46 1.11209
15 47 1.11209
15 48 1.11209
15 49 1.11209
15 50 1.11209
15 51 1.33261
15 52 1.28712
15 53 1.22558
15 54 1.18469
15 55 1.10669
15 56 1.10669
15 57 1.10669
15 58 1.10669
15 59 1.10669
15 60 1.25716
15 61 1.24194
15 62 1.20046
15 63 1.16997
15 64 1.09667
15 65 1.09667
15 66 1.09667
15 67 1.09667
15 68 1.09667
15 69 1.17445
15 70 1.1745
15 71 1.15783
15 72 1.14662
15 73 1.09586
15 74 1.09586
15 75 1.09586
15 76 1.09586
15 77 1.09586
15 78 1.17592
15 79 1.18174
15 80 1.1641
15 81 1.14922
15 82 1.10017
15 83 1.10017
15 84 1.10017
15 85 1.10017
15 86 1.10017
15 87 1.20594
15 88 1.19771
15 89 1.17863
15 90 1.15892
15 91 1.09736
15 92 1.09736
15 93 1.09736
15 94 1.09736
15 95 1.09736
15 96 1.1851
15 97 1.18256
15 98 1.16441
15 99 1.14986
15 100 1.09095
15 101 1.09095
15 102 1.09095
15 103 1.09095
15 104 1.09095
15 105 1.13945
15 106 1.14456
15 107 1.13869
15 108 1.13379
15 109 1.08744
15 110 1.08744
15 111 1.08744
15 112 1.08744
15 113 1.08744
15 114 1.13159
15 115 1.14247
15 116 1.13484
15 117 1.12892
15 118 1.08974
15 119 1.08974
15 120 1.08974
15 121 1.08974
15 122 1.08974
15 123 1.14607
15 124 1.15205
15 125 1.14309
15 126 1.13451
15 127 1.08802
15 128 1.08802
15 129 1.08802
15 130 1.08802
15 131 1.08802
15 132 1.13671
15 133 1.14332
15 134 1.13543
15 135 1.12925
15 136 1.08401
15 137 1.08401
15 138 1.08401
15 139 1.08401
15 140 1.08401
15 141 1.11375
15 142 1.12023
15 143 1.12002
15 144 1.11878
16 1 1.09445
16 2 1.09445
16 3 1.09445
16 4 1.09445
16 5 1.09445
16 6 1.3359
16 7 1.40772
16 8 1.31045
16 9 1.23787
16 10 1.10018
16 11 1.10018
16 12 1.10018
16 13 1.10018
16 14 1.10018
16 15 1.71825
16 16 4.81088
16 17 1.663
16 18 1.30298
16 19 1.09553
16 20 1.09553
16 21 1.09553
16 22 1.09553
16 23 1.09553
16 24 1.32757
16 25 1.4689
16 26 1.35102
16 27 1.25499
16 28 1.0883
16 29 1.0883
16 30 1.0883
16 31 1.0883
16 32 1.0883
16 33 1.20048
16 34 1.22623
16 35 1.2141
16 36 1.19905
16 37 1.09264
16 38 1.09264
16 39 1.09264
16 40 1.09264
16 41 1.09264
16 42 1.24829
16 43 1.27594
16 44 1.24438
16 45 1.2148
16 46 1.09778
16 47 1.09778
16 48 1.09778
16 49 1.09778
16 50 1.09778
16 51 1.28904
16 52 1.32821
16 53 1.2904
16 54 1.24468
16 55 1.09432
16 56 1.09432
16 57 1.09432
16 58 1.09432
16 59 1.09432
16 60 1.23992
16 61 1.26942
16 62 1.25217
16 63 1.22225
16 64 1.08755
16 65 1.08755
16 66 1.08755
16 67 1.08755
16 68 1.08755
16 69 1.17517
16 70 1.19372
16 71 1.1912
16 72 1.18511
16 73 1.08749
16 74 1.08749
16 75 1.08749
16 76 1.08749
16 77 1.08749
16 78 1.18044
16 79 1.19861
16 80 1.19112
16 81 1.18172
16 82 1.0905
16 83 1.0905
16 84 1.0905
16 85 1.0905
16 86 1.0905
16 87 1.20543
16 88 1.21367
16 89 1.20906
16 90 1.1961
16 91 1.08843
16 92 1.08843
16 93 1.08843
16 94 1.08843
16 95 1.08843
16 96 1.18564
16 97 1.19709
16 98 1.19262
16 99 1.18466
16 100 1.08368
16 101 1.08368
16 102 1.08368
16 103 1.08368
16 104 1.08368
16 105 1.14359
16 106 1.1587
16 107 1.1627
16 108 1.1626
16 109 1.08132
16 110 1.08132
16 111 1.08132
16 112 1.08132
16 113 1.08132
16 114 1.13805
16 115 1.15546
16 116 1.15384
16 117 1.15184
16 118 1.08303
16 119 1.08303
16 120 1.08303
16 121 1.08303
16 122 1.08303
16 123 1.15284
16 124 1.1648
16 125 1.16289
16 126 1.15938
16 127 1.08165
16 128 1.08165
16 129 1.08165
16 130 1.08165
16 131 1.08165
16 132 1.14254
16 133 1.15554
16 134 1.15478
16 135 1.15315
16 136 1.07848
16 137 1.07848
16 138 1.07848
16 139 1.07848
16 140 1.07848
16 141 1.11874
16 142 1.13153
16 143 1.13774
16 144 1.13987
17 1 1.0828
17 2 1.0828
17 3 1.0828
17 4 1.0828
17 5 1.0828
17 6 1.22956
17 7 1.29617
17 8 1.34283
17 9 1.31045
17 10 1.08592
17 11 1.08592
17 12 1.08592
17 13 1.08592
17 14 1.08592
17 15 1.29643
17 16 1.663
17 17 3.67469
17 18 1.52223
17 19 1.08376
17 20 1.08376
17 21 1.08376
17 22 1.08376
17 23 1.08376
17 24 1.23304
17 25 1.35191
17 26 1.49578
17 27 1.36602
17 28 1.07973
17 29 1.07973
17 30 1.07973
17 31 1.07973
17 32 1.07973
17 33 1.17893
17 34 1.22325
17 35 1.25619
17 36 1.25881
17 37 1.08231
17 38 1.08231
17 39 1.08231
17 40 1.08231
17 41 1.08231
17 42 1.19942
17 43 1.23847
17 44 1.26153
17 45 1.26173
17 46 1.08562
17 47 1.08562
17 48 1.08562
17 49 1.08562
17 50 1.08562
17 51 1.21918
17 52 1.27081
17 53 1.33604
17 54 1.31772
17 55 1.08374
17 56 1.08374
17 57 1.08374
17 58 1.08374
17 59 1.08374
17 60 1.19957
17 61 1.24625
17 62 1.29398
17 63 1.2866
17 64 1.07956
17 65 1.07956
17 66 1.07956
17 67 1.07956
17 68 1.07956
17 69 1.16316
17 70 1.19663
17 71 1.22218
17 72 1.23048
17 73 1.07926
17 74 1.07926
17 75 1.07926
17 76 1.07926
17 77 1.07926
17 78 1.16455
17 79 1.1903
17 80 1.20483
17 81 1.21117
17 82 1.0814
17 83 1.0814
17 84 1.0814
17 85 1.0814
17 86 1.0814
17 87 1.18254
17 88 1.20206
17 89 1.22596
17 90 1.23297
17 91 1.08017
17 92 1.08017
17 93 1.08017
17 94 1.08017
17 95 1.08017
17 96 1.16984
17 97 1.19234
17 98 1.2133
17 99 1.22149
17 100 1.07702
17 101 1.07702
17 102 1.07702
17 103 1.07702
17 104 1.07702
17 105 1.14041
17 106 1.16527
17 107 1.18491
17 108 1.19383
17 109 1.07501
17 110 1.07501
17 111 1.07501
17 112 1.07501
17 113 1.07501
17 114 1.13471
17 115 1.15654
17 116 1.16565
17 117 1.17134
17 118 1.07634
17 119 1.07634
17 120 1.07634
17 121 1.07634
17 122 1.07634
17 123 1.14803
17 124 1.16446
17 125 1.17511
17 126 1.18178
17 127 1.07543
17 128 1.07543
17 129 1.07543
17 130 1.07543
17 131 1.07543
17 132 1.13961
17 133 1.15802
17 134 1.16932
17 135 1.17612
17 136 1.07321
17 137 1.07321
17 138 1.07321
17 139 1.07321
17 140 1.07321
17 141 1.11979
17 142 1.13887
17 143 1.15389
17 144 1.16115
18 1 1.07782
18 2 1.07782
18 3 1.07782
18 4 1.07782
18 5 1.07782
18 6 1.18537
18 7 1.23925
18 8 1.31402
18 9 1.3644
18 10 1.07984
18 11 1.07984
18 12 1.07984
18 13 1.07984
18 14 1.07984
18 15 1.20016
18 16 1.30298
18 17 1.52223
18 18 2.09412
18 19 1.07839
18 20 1.07839
18 21 1.07839
18 22 1.07839
18 23 1.07839
18 24 1.18475
18 25 1.26164
18 26 1.3743
18 27 1.42673
18 28 1.07553
18 29 1.07553
18 30 1.07553
18 31 1.07553
18 32 1.07553
18 33 1.16053
18 34 1.20608
18 35 1.25709
18 36 1.2837
18 37 1.07772
18 38 1.07772
18 39 1.07772
18 40 1.07772
18 41 1.07772
18 42 1.17473
18 43 1.21449
18 44 1.26109
18 45 1.28927
18 46 1.08006
18 47 1.08006
18 48 1.08006
18 49 1.08006
18 50 1.08006
18 51 1.18358
18 52 1.22808
18 53 1.30467
18 54 1.35467
18 55 1.07869
18 56 1.07869
18 57 1.07869
18 58 1.07869
18 59 1.07869
18 60 1.17308
18 61 1.21683
18 62 1.28112
18 63 1.31258
18 64 1.07556
18 65 1.07556
18 66 1.07556
18 67 1.07556
18 68 1.07556
18 69 1.15117
18 70 1.18804
18 71 1.22699
18 72 1.24748
18 73 1.07546
18 74 1.07546
18 75 1.07546
18 76 1.07546
18 77 1.07546
18 78 1.15446
18 79 1.18253
18 80 1.20904
18 81 1.22594
18 82 1.07705
18 83 1.07705
18 84 1.07705
18 85 1.07705
18 86 1.07705
18 87 1.16691
18 88 1.18957
18 89 1.22601
18 90 1.2481
18 91 1.07607
18 92 1.07607
18 93 1.07607
18 94 1.07607
18 95 1.07607
18 96 1.15713
18 97 1.18276
18 98 1.21566
18 99 1.23517
18 100 1.07358
18 101 1.07358
18 102 1.07358
18 103 1.07358
18 104 1.07358
18 105 1.13505
18 106 1.16325
18 107 1.19062
18 108 1.20501
18 109 1.07202
18 110 1.07202
18 111 1.07202
18 112 1.07202
18 113 1.07202
18 114 1.13141
18 115 1.15482
18 116 1.17
18 117 1.18024
18 118 1.07303
18 119 1.07303
18 120 1.07303
18 121 1.07303
18 122 1.07303
18 123 1.14268
18 124 1.16063
18 125 1.17791
18 126 1.19046
18 127 1.07225
18 128 1.07225
18 129 1.07225
18 130 1.07225
18 131 1.07225
18 132 1.13518
18 133 1.15548
18 134 1.17292
18 135 1.18438
18 136 1.07042
18 137 1.07042
18 138 1.07042
18 139 1.07042
18 140 1.07042
18 141 1.118
18 142 1.13948
18 143 1.15869
18 144 1.16859
19 1 1.11723
19 2 1.11723
19 3 1.11723
19 4 1.11723
19 5 1.11723
19 6 1.09784
19 7 1.08961
19 8 1.08041
19 9 1.07518
19 10 1.16001
19 11 1.16001
19 12 1.16001
19 13 1.16001
19 14 1.16001
19 15 1.11065
19 16 1.09553
19 17 1.08376
19 18 1.07839
19 19 1.30258
19 20 1.30258
19 21 1.30258
19 22 1.30258
19 23 1.30258
19 24 1.11809
19 25 1.0987
19 26 1.08455
19 27 1.0784
19 28 1.16091
19 29 1.16091
19 30 1.16091
19 31 1.16091
19 32 1.16091
19 33 1.1115
19 34 1.09581
19 35 1.08303
19 36 1.07696
19 37 1.11074
19 38 1.11074
19 39 1.11074
19 40 1.11074
19 41 1.11074
19 42 1.0947
19 43 1.08799
19 44 1.08033
19 45 1.07548
19 46 1.13367
19 47 1.13367
19 48 1.13367
19 49 1.13367
19 50 1.13367
19 51 1.10326
19 52 1.09359
19 53 1.08427
19 54 1.07868
19 55 1.14564
19 56 1.14564
19 57 1.14564
19 58 1.14564
19 59 1.14564
19 60 1.1073
19 61 1.09591
19 62 1.08461
19 63 1.0784
19 64 1.13452
19 65 1.13452
19 66 1.13452
19 67 1.13452
19 68 1.13452
19 69 1.10439
19 70 1.09259
19 71 1.08203
19 72 1.07678
19 73 1.10101
19 74 1.10101
19 75 1.10101
19 76 1.10101
19 77 1.10101
19 78 1.08872
19 79 1.08399
19 80 1.07787
19 81 1.0736
19 82 1.11334
19 83 1.11334
19 84 1.11334
19 85 1.11334
19 86 1.11334
19 87 1.09471
19 88 1.08816
19 89 1.08154
19 90 1.07633
19 91 1.11769
19 92 1.11769
19 93 1.11769
19 94 1.11769
19 95 1.11769
19 96 1.09711
19 97 1.08928
19 98 1.08122
19 99 1.07612
19 100 1.11388
19 101 1.11388
19 102 1.11388
19 103 1.11388
19 104 1.11388
19 105 1.09511
19 106 1.0867
19 107 1.0788
19 108 1.07473
19 109 1.09107
19 110 1.09107
19 111 1.09107
19 112 1.09107
19 113 1.09107
19 114 1.08217
19 115 1.07903
19 116 1.07381
19 117 1.07042
19 118 1.09817
19 119 1.09817
19 120 1.09817
19 121 1.09817
19 122 1.09817
19 123 1.08605
19 124 1.08238
19 125 1.07688
19 126 1.07258
19 127 1.10033
19 128 1.10033
19 129 1.10033
19 130 1.10033
19 131 1.10033
19 132 1.08728
19 133 1.08248
19 134 1.0765
19 135 1.07255
19 136 1.09857
19 137 1.09857
19 138 1.09857
19 139 1.09857
19 140 1.09857
19 141 1.08619
19 142 1.0803
19 143 1.07454
19 144 1.07151
20 1 1.11723
20 2 1.11723
20 3 1.11723
20 4 1.11723
20 5 1.11723
20 6 1.09784
20 7 1.08961
20 8 1.08041
20 9 1.07518
20 10 1.16001
20 11 1.16001
20 12 1.16001
20 13 1.16001
20 14 1.16001
20 15 1.11065
20 16 1.09553
20 17 1.08376
20 18 1.07839
20 19 1.30258
20 20 1.30258
20 21 1.30258
20 22 1.30258
20 23 1.30258
20 24 1.11809
20 25 1.0987
20 26 1.08455
20 27 1.0784
20 28 1.16091
20 29 1.16091
20 30 1.16091
20 31 1.16091
20 32 1.16091
20 33 1.1115
20 34 1.09581
20 35 1.08303
20 36 1.07696
20 37 1.11074
20 38 1.11074
20 39 1.11074
20 40 1.11074
20 41 1.11074
20 42 1.0947
20 43 1.08799
20 44 1.08033
20 45 1.07548
20 46 1.13367
20 47 1.13367
20 48 1.13367
20 49 1.13367
20 50 1.13367
20 51 1.10326
20 52 1.09359
20 53 1.08427
20 54 1.07868
20 55 1.14564
20 56 1.14564
20 57 1.14564
20 58 1.14564
20 59 1.14564
20 60 1.1073
20 61 1.09591
20 62 1.08461
20 63 1.0784
20 64 1.13452
20 65 1.13452
20 66 1.13452
20 67 1.13452
20 68 1.13452
20 69 1.10439
20 70 1.09259
20 71 1.08203
20 72 1.07678
20 73 1.10101
20 74 1.10101
20 75 1.10101
20 76 1.10101
20 77 1.10101
20 78 1.08872
20 79 1.08399
20 80 1.07787
20 81 1.0736
20 82 1.11334
20 83 1.11334
20 84 1.11334
20 85 1.11334
20 86 1.11334
20 87 1.09471
20 88 1.08816
20 89 1.08154
20 90 1.07633
20 91 1.11769
20 92 1.11769
20 93 1.11769
20 94 1.11769
20 95 1.11769
20 96 1.09711
20 97 1.08928
20 98 1.08122
20 99 1.07612
20 100 1.11388
20 101 1.11388
20 102 1.11388
20 103 1.11388
20 104 1.11388
20 105 1.09511
20 106 1.0867
20 107 1.0788
20 108 1.07473
20 109 1.09107
20 110 1.09107
20 111 1.09107
20 112 1.09107
20 113 1.09107
20 114 1.08217
20 115 1.07903
20 116 1.07381
20 117 1.07042
20 118 1.09817
20 119 1.09817
20 120 1.09817
20 121 1.09817
20 122 1.09817
20 123 1.08605
20 124 1.08238
20 125 1.07688
20 126 1.07258
20 127 1.10033
20 128 1.10033
20 129 1.10033
20 130 1.10033
20 131 1.10033
20 132 1.08728
20 133 1.08248
20 134 1.0765
20 135 1.07255
20 136 1.09857
20 137 1.09857
20 138 1.09857
20 139 1.09857
20 140 1.09857
20 141 1.08619
20 142 1.0803
20 143 1.07454
20 144 1.07151
21 1 1.11723
21 2 1.11723
21 3 1.11723
21 4 1.11723
21 5 1.11723
21 6 1.09784
21 7 1.08961
21 8 1.08041
21 9 1.07518
21 10 1.16001
21 11 1.16001
21 12 1.16001
21 13 1.16001
21 14 1.16001
21 15 1.11065
21 16 1.09553
21 17 1.08376
21 18 1.07839
21 19 1.30258
21 20 1.30258
21 21 1.30258
21 22 1.30258
21 23 1.30258
21 24 1.11809
21 25 1.0987
21 26 1.08455
21 27 1.0784
21 28 1.16091
21 29 1.16091
21 30 1.16091
21 31 1.16091
21 32 1.16091
21 33 1.1115
21 34 1.09581
21 35 1.08303
21 36 1.07696
21 37 1.11074
21 38 1.11074
21 39 1.11074
21 40 1.11074
21 41 1.11074
21 42 1.0947
21 43 1.08799
21 44 1.08033
21 45 1.07548
21 46 1.13367
21 47 1.13367
